Time,Vmax,Rmax_IBT,R34,fcor,u_trans,v_trans
2021-05-20 06:00:00.000039936,18.004,129.64,46.3,7.620224e-05,9.7736,40.0
2021-05-20 09:00:00.000039936,19.5472,129.64,57.875,7.793102e-05,10.288,40.0
2021-05-20 12:00:00.000039936,20.576,129.64,69.45,7.943125e-05,7.716,15.0
2021-05-20 15:00:00.000039936,22.1192,148.16,111.119995,8.0919635e-05,7.2016,330.0
2021-05-20 18:00:00.000039936,23.148,166.68,152.79001,8.197536e-05,6.6872,315.0
2021-05-20 21:00:00.000039936,24.6912,166.68,173.625,8.2605824e-05,6.1728,300.0
2021-05-21 00:00:00.000039936,25.720001,166.68,194.45999,8.3234e-05,7.716,295.0
2021-05-21 03:00:00.000039936,25.720001,166.68,208.35,8.4068044e-05,9.2592,295.0
2021-05-21 06:00:00.000039936,25.720001,166.68,222.23999,8.469088e-05,9.7736,285.0
2021-05-21 09:00:00.000039936,24.6912,166.68,229.185,8.510482e-05,9.7736,275.0
2021-05-21 12:00:00.000039936,23.148,166.68,236.12999,8.510482e-05,9.2592,260.0
2021-05-21 15:00:00.000039936,23.148,157.42,215.29498,8.448353e-05,8.2304,245.0
2021-05-21 18:00:00.000039936,23.148,148.16,194.45999,8.365155e-05,6.1728,235.0
2021-05-21 21:00:00.000039936,22.1192,138.9,166.68001,8.302487e-05,4.1152,230.0
2021-05-22 00:00:00.000039936,20.576,129.64,138.9,8.2605824e-05,2.572,220.0
2021-05-22 03:00:00.000039936,19.5472,120.38,118.065,8.2185776e-05,2.0576,220.0
2021-05-22 06:00:00.000039936,18.004,111.12,97.229996,8.197536e-05,2.0576,260.0
2021-05-22 09:00:00.000039936,18.004,92.6,83.34,8.197536e-05,2.572,280.0
2021-05-22 12:00:00.000039936,18.004,74.08,69.45,8.2185776e-05,1.0288,265.0
2021-05-22 15:00:00.000039936,18.004,55.56,43.985,8.197536e-05,1.5432,110.0
2021-05-22 18:00:00.000039936,18.004,37.04,18.52,8.197536e-05,2.572,70.0
2021-05-22 21:00:00.000039936,19.5472,33.336,18.52,8.239592e-05,3.6008,45.0
2021-05-23 00:00:00.000039936,20.576,27.78,18.52,8.302487e-05,4.1152,40.0
2021-05-23 03:00:00.000039936,20.576,27.78,18.52,8.365155e-05,4.6296,40.0
2021-05-23 06:00:00.000039936,20.576,27.78,18.52,8.448353e-05,4.6296,40.0
2021-05-23 09:00:00.000039936,19.5472,27.78,16.205,8.510482e-05,5.144,45.0
2021-05-23 12:00:00.000039936,18.004,27.78,13.89,8.592957e-05,6.1728,55.0
2021-05-23 15:00:00.000039936,18.004,33.336,13.89,8.6545406e-05,7.716,60.0
2021-05-23 18:00:00.000039936,18.004,37.04,13.89,8.7362794e-05,8.744801,65.0
2021-05-23 21:00:00.000039936,18.004,37.04,13.89,8.8175955e-05,9.2592,65.0
