Time,Vmax,Rmax_IBT,R34,fcor,u_trans,v_trans
2012-05-19 12:00:00.000039936,20.576,74.08,41.670002,7.8360856e-05,1.5432,220.0
2012-05-19 15:00:00.000039936,22.1192,64.82,46.300003,7.814606e-05,1.5432,230.0
2012-05-19 18:00:00.000039936,23.148,55.56,50.93,7.793102e-05,2.0576,240.0
2012-05-19 21:00:00.000039936,24.6912,42.596,50.93,7.771575e-05,2.572,245.0
2012-05-20 00:00:00.000039936,25.720001,27.78,50.93,7.750023e-05,2.572,250.0
2012-05-20 03:00:00.000039936,24.6912,33.336,48.614998,7.728449e-05,2.572,250.0
2012-05-20 06:00:00.000039936,23.148,37.04,46.300003,7.70685e-05,3.6008,245.0
2012-05-20 09:00:00.000039936,22.1192,37.04,46.300003,7.663584e-05,4.1152,240.0
2012-05-20 12:00:00.000039936,20.576,37.04,46.300003,7.620224e-05,3.6008,230.0
2012-05-20 15:00:00.000039936,20.576,27.78,57.875,7.576771e-05,2.572,220.0
2012-05-20 18:00:00.000039936,20.576,18.52,69.450005,7.533226e-05,2.572,215.0
2012-05-20 21:00:00.000039936,19.5472,18.52,69.450005,7.4895885e-05,2.0576,205.0
2012-05-21 00:00:00.000039936,18.004,18.52,69.450005,7.4458614e-05,2.0576,175.0
2012-05-21 03:00:00.000039936,18.004,18.52,67.135,7.402041e-05,2.0576,140.0
2012-05-21 06:00:00.000039936,18.004,18.52,64.82,7.380098e-05,2.572,110.0
2012-05-21 09:00:00.000039936,18.004,18.52,64.82,7.380098e-05,3.0864,90.0
2012-05-21 12:00:00.000039936,18.004,18.52,64.82,7.380098e-05,3.0864,85.0
2012-05-21 15:00:00.000039936,18.004,27.78,62.505,7.380098e-05,3.6008,80.0
2012-05-21 18:00:00.000039936,18.004,37.04,60.19,7.402041e-05,4.6296,85.0
2012-05-21 21:00:00.000039936,18.004,55.56,46.3,7.402041e-05,5.6584,80.0
2012-05-22 00:00:00.000039936,18.004,74.08,32.41,7.4458614e-05,5.6584,65.0
2012-05-22 03:00:00.000039936,18.004,74.08,32.41,7.511419e-05,6.1728,45.0
