Time,Vmax,Rmax_IBT,R34,fcor,u_trans,v_trans
2011-06-28 18:00:00.000039936,18.004,138.9,64.82,5.155148e-05,2.572,315.0
2011-06-28 21:00:00.000039936,18.004,138.9,64.82,5.2027382e-05,2.572,310.0
2011-06-29 00:00:00.000039936,18.004,138.9,64.82,5.22651e-05,2.572,300.0
2011-06-29 03:00:00.000039936,18.004,138.9,64.82,5.250265e-05,3.0864,290.0
2011-06-29 06:00:00.000039936,18.004,138.9,64.82,5.2740055e-05,3.6008,280.0
2011-06-29 09:00:00.000039936,20.576,153.716,92.600006,5.2977284e-05,4.1152,280.0
2011-06-29 12:00:00.000039936,23.148,166.68,120.380005,5.2977284e-05,2.572,280.0
2011-06-29 15:00:00.000039936,24.6912,148.16,131.955,5.2977284e-05,1.5432,290.0
2011-06-29 18:00:00.000039936,25.720001,129.64,143.53,5.321436e-05,2.0576,300.0
2011-06-29 21:00:00.000039936,25.720001,111.12,152.79,5.345127e-05,2.572,295.0
2011-06-30 00:00:00.000039936,25.720001,92.6,162.05,5.3688025e-05,3.6008,280.0
2011-06-30 03:00:00.000039936,27.2632,92.6,162.05,5.3688025e-05,4.1152,270.0
2011-06-30 06:00:00.000039936,28.292,92.6,162.05002,5.3688025e-05,2.572,270.0
2011-06-30 09:00:00.000039936,28.292,83.34,155.10501,5.3688025e-05,1.5432,270.0
