Time,Vmax,Rmax_IBT,R34,fcor,u_trans,v_trans
2015-05-07 06:00:00.000039936,18.004,185.2,46.3,7.4458614e-05,1.0288,185.0
2015-05-07 09:00:00.000039936,19.5472,185.2,104.175,7.423962e-05,1.5432,110.0
2015-05-07 12:00:00.000039936,20.576,185.2,162.04999,7.423962e-05,1.5432,30.0
2015-05-07 15:00:00.000039936,20.576,175.94,182.88501,7.4895885e-05,3.0864,0.0
2015-05-07 18:00:00.000039936,20.576,166.68,203.72,7.5550095e-05,2.572,350.0
2015-05-07 21:00:00.000039936,20.576,157.42,199.09,7.576771e-05,1.0288,335.0
2015-05-08 00:00:00.000039936,20.576,148.16,194.45999,7.5985095e-05,0.5144,340.0
2015-05-08 03:00:00.000039936,20.576,138.9,194.45999,7.620224e-05,0.5144,0.0
2015-05-08 06:00:00.000039936,20.576,129.64,194.45999,7.620224e-05,0.5144,60.0
2015-05-08 09:00:00.000039936,20.576,129.64,192.14499,7.620224e-05,0.5144,90.0
2015-05-08 12:00:00.000039936,20.576,129.64,189.83,7.620224e-05,0.5144,70.0
2015-05-08 15:00:00.000039936,22.1192,120.38,182.885,7.620224e-05,0.5144,40.0
2015-05-08 18:00:00.000039936,23.148,111.12,175.94,7.641916e-05,1.0288,30.0
2015-05-08 21:00:00.000039936,24.6912,111.12,180.56999,7.663584e-05,1.5432,15.0
2015-05-09 00:00:00.000039936,25.720001,111.12,185.2,7.70685e-05,1.5432,355.0
2015-05-09 03:00:00.000039936,25.720001,101.86,180.56999,7.728449e-05,1.5432,330.0
2015-05-09 06:00:00.000039936,25.720001,92.6,175.93999,7.771575e-05,2.0576,320.0
2015-05-09 09:00:00.000039936,25.720001,83.34,175.93999,7.814606e-05,2.0576,320.0
2015-05-09 12:00:00.000039936,25.720001,74.08,175.93999,7.8360856e-05,1.5432,320.0
2015-05-09 15:00:00.000039936,24.6912,74.08,173.62498,7.85754e-05,1.5432,320.0
2015-05-09 18:00:00.000039936,23.148,74.08,171.31,7.878973e-05,2.0576,325.0
2015-05-09 21:00:00.000039936,23.148,74.08,157.42,7.921766e-05,2.572,330.0
2015-05-10 00:00:00.000039936,23.148,74.08,143.53,7.9644604e-05,2.572,330.0
2015-05-10 03:00:00.000039936,22.1192,74.08,138.9,8.007058e-05,2.572,330.0
2015-05-10 06:00:00.000039936,20.576,74.08,134.27,8.049559e-05,2.572,330.0
2015-05-10 09:00:00.000039936,20.576,74.08,131.029,8.0919635e-05,2.572,330.0
