Time,Vmax,Rmax_IBT,R34,fcor,u_trans,v_trans
2003-04-21 00:00:00.000040448,25.720001,111.12,111.12,7.5985095e-05,4.1152,135.0
2003-04-21 03:00:00.000040448,25.720001,101.86,111.12,7.511419e-05,5.144,145.0
2003-04-21 06:00:00.000040448,25.720001,92.6,111.12,7.423962e-05,5.144,140.0
2003-04-21 09:00:00.000040448,25.720001,92.6,111.12,7.3581316e-05,5.6584,125.0
2003-04-21 12:00:00.000040448,25.720001,92.6,111.12,7.2921e-05,7.2016,120.0
2003-04-21 15:00:00.000040448,25.720001,92.6,107.879,7.2258685e-05,8.2304,110.0
2003-04-21 18:00:00.000040448,25.720001,92.6,104.175,7.159438e-05,7.716,100.0
2003-04-21 21:00:00.000040448,25.720001,92.6,116.213,7.137252e-05,7.2016,90.0
2003-04-22 00:00:00.000040448,25.720001,92.6,127.325,7.159438e-05,6.6872,85.0
2003-04-22 03:00:00.000040448,25.720001,92.6,126.399,7.159438e-05,6.1728,85.0
2003-04-22 06:00:00.000040448,25.720001,92.6,125.009995,7.181604e-05,6.6872,85.0
2003-04-22 09:00:00.000040448,24.6912,92.6,155.568,7.181604e-05,7.2016,85.0
2003-04-22 12:00:00.000040448,23.148,92.6,185.20001,7.2037474e-05,7.716,85.0
2003-04-22 15:00:00.000040448,23.148,92.6,220.388,7.2037474e-05,8.744801,85.0
2003-04-22 18:00:00.000040448,23.148,92.6,254.65,7.2258685e-05,8.744801,85.0
2003-04-22 21:00:00.000040448,22.1192,92.6,243.538,7.247968e-05,8.744801,80.0
2003-04-23 00:00:00.000040448,20.576,92.6,231.5,7.2921e-05,8.2304,75.0
2003-04-23 03:00:00.000040448,20.576,92.6,231.5,7.3581316e-05,8.2304,70.0
2003-04-23 06:00:00.000040448,20.576,92.6,231.5,7.423962e-05,8.2304,60.0
2003-04-23 09:00:00.000040448,20.576,116.676,197.238,7.511419e-05,7.716,60.0
2003-04-23 12:00:00.000040448,20.576,138.9,162.04999,7.5985095e-05,6.1728,55.0
2003-04-23 15:00:00.000040448,19.5472,125.936,162.04999,7.663584e-05,4.6296,55.0
2003-04-23 18:00:00.000040448,18.004,111.12,162.04999,7.70685e-05,4.1152,65.0
2003-04-23 21:00:00.000040448,18.004,111.12,162.04999,7.728449e-05,4.6296,75.0
