Time,Vmax,Rmax_IBT,R34,fcor,u_trans,v_trans
2007-05-08 12:00:00.000039936,25.720001,212.98,356.51,7.380098e-05,4.6296,260.0
2007-05-08 15:00:00.000039936,25.720001,200.016,303.265,7.380098e-05,3.0864,270.0
2007-05-08 18:00:00.000039936,25.720001,185.2,250.01999,7.380098e-05,2.572,285.0
2007-05-08 21:00:00.000039936,25.720001,166.68,245.38998,7.402041e-05,2.0576,300.0
2007-05-09 00:00:00.000039936,25.720001,148.16,240.76001,7.423962e-05,2.0576,305.0
2007-05-09 03:00:00.000039936,25.720001,144.456,242.14902,7.4458614e-05,2.0576,300.0
2007-05-09 06:00:00.000039936,25.720001,138.9,243.07501,7.467736e-05,2.0576,290.0
2007-05-09 09:00:00.000039936,24.6912,125.936,207.424,7.4895885e-05,2.0576,285.0
2007-05-09 12:00:00.000039936,23.148,111.12,171.31,7.4895885e-05,2.0576,280.0
2007-05-09 15:00:00.000039936,22.1192,111.12,131.955,7.4895885e-05,1.5432,270.0
2007-05-09 18:00:00.000039936,20.576,111.12,92.6,7.4895885e-05,1.5432,245.0
2007-05-09 21:00:00.000039936,20.576,111.12,87.97,7.467736e-05,1.5432,220.0
2007-05-10 00:00:00.000039936,20.576,111.12,83.34,7.4458614e-05,1.0288,215.0
2007-05-10 03:00:00.000039936,19.5472,111.12,83.34,7.423962e-05,1.0288,205.0
