Time,Vmax,Rmax_IBT,R34,fcor,u_trans,v_trans
2018-05-26 18:00:00.000039936,18.004,166.68,101.86,5.6046403e-05,6.1728,20.0
2018-05-26 21:00:00.000039936,18.004,166.68,101.86,5.721923e-05,5.6584,25.0
2018-05-27 00:00:00.000039936,18.004,166.68,101.86,5.83877e-05,6.1728,25.0
2018-05-27 03:00:00.000039936,18.004,166.68,101.86,5.9784e-05,7.2016,20.0
2018-05-27 06:00:00.000039936,18.004,166.68,101.86,6.14047e-05,8.2304,10.0
2018-05-27 09:00:00.000039936,19.5472,138.9,111.119995,6.3474974e-05,8.744801,355.0
2018-05-27 12:00:00.000039936,20.576,111.12,120.38,6.530208e-05,7.716,345.0
2018-05-27 15:00:00.000039936,22.1192,101.86,127.325005,6.666408e-05,5.6584,330.0
2018-05-27 18:00:00.000039936,23.148,92.6,134.27,6.756802e-05,5.144,320.0
2018-05-27 21:00:00.000039936,25.720001,83.34,134.26999,6.8243826e-05,4.6296,310.0
2018-05-28 00:00:00.000039936,28.292,74.08,134.26999,6.8917754e-05,3.6008,315.0
2018-05-28 03:00:00.000039936,28.292,74.08,136.585,6.936598e-05,2.0576,335.0
2018-05-28 06:00:00.000039936,28.292,74.08,138.9,6.981338e-05,2.0576,0.0
2018-05-28 09:00:00.000039936,27.2632,74.08,136.585,7.025991e-05,2.572,10.0
2018-05-28 12:00:00.000039936,25.720001,74.08,134.27,7.092813e-05,3.0864,10.0
2018-05-28 15:00:00.000039936,24.6912,74.08,125.009995,7.159438e-05,3.6008,0.0
2018-05-28 18:00:00.000039936,23.148,74.08,115.75,7.247968e-05,4.6296,355.0
