Time,Vmax,Rmax_IBT,R34,fcor,u_trans,v_trans
2023-01-15 00:00:00.000039936,23.148,148.16,166.68,8.6545406e-05,3.6008,55.0
2023-01-15 03:00:00.000039936,23.148,138.9,182.88501,8.695463e-05,3.6008,55.0
2023-01-15 06:00:00.000039936,23.148,129.64,199.09,8.7362794e-05,4.1152,55.0
2023-01-15 09:00:00.000039936,23.148,120.38,208.35,8.776991e-05,4.1152,60.0
2023-01-15 12:00:00.000039936,23.148,111.12,217.60999,8.8175955e-05,4.1152,70.0
2023-01-15 15:00:00.000039936,23.148,101.86,217.60999,8.837856e-05,3.6008,75.0
2023-01-15 18:00:00.000039936,23.148,92.6,217.60999,8.858091e-05,3.0864,75.0
2023-01-15 21:00:00.000039936,23.148,92.6,233.815,8.8782996e-05,2.0576,75.0
2023-01-16 00:00:00.000039936,23.148,92.6,250.01999,8.8782996e-05,2.0576,100.0
2023-01-16 03:00:00.000039936,24.6912,83.34,259.28,8.858091e-05,3.0864,110.0
2023-01-16 06:00:00.000039936,25.720001,74.08,268.54,8.837856e-05,4.6296,110.0
2023-01-16 09:00:00.000039936,25.720001,74.08,300.95,8.7973065e-05,6.1728,100.0
2023-01-16 12:00:00.000039936,25.720001,74.08,333.36002,8.7973065e-05,8.744801,90.0
2023-01-16 15:00:00.000039936,27.2632,64.82,333.36002,8.8175955e-05,10.288,75.0
2023-01-16 18:00:00.000039936,28.292,55.56,333.36002,8.898478e-05,11.8312,55.0
2023-01-16 21:00:00.000039936,29.835201,55.56,347.25,9.078879e-05,13.8888,35.0
2023-01-17 00:00:00.000039936,30.864,55.56,361.13998,9.335488e-05,13.8888,25.0
2023-01-17 03:00:00.000039936,29.835201,55.56,298.635,9.568096e-05,13.8888,15.0
2023-01-17 06:00:00.000039936,28.292,55.56,236.12999,9.834162e-05,14.917601,10.0
2023-01-17 09:00:00.000039936,25.720001,64.82,210.665,0.000101127116,15.9464,10.0
2023-01-17 12:00:00.000039936,23.148,74.08,185.19998,0.00010402188,16.4608,5.0
2023-01-17 12:45:00.000039936,23.148,74.08,185.19998,0.00010473298,15.9464,360.0
2023-01-17 15:00:00.000039936,22.1192,74.08,141.67801,0.00010683552,14.917601,355.0
2023-01-17 18:00:00.000039936,20.576,74.08,83.34,0.00010906038,12.860001,360.0
2023-01-17 21:00:00.000039936,19.5472,74.08,64.82,0.00011089913,10.288,0.0
