Time,Vmax,Rmax_IBT,R34,fcor,u_trans,v_trans
2016-01-07 18:00:00.000039936,28.292,111.12,319.47,7.2921e-05,10.288,45.0
2016-01-07 21:00:00.000039936,28.292,111.12,342.62,7.4458614e-05,11.3168,50.0
2016-01-08 00:00:00.000039936,28.292,111.12,365.77,7.5985095e-05,10.288,55.0
2016-01-08 03:00:00.000039936,28.292,111.12,370.39996,7.728449e-05,9.2592,55.0
2016-01-08 06:00:00.000039936,28.292,111.12,375.02997,7.814606e-05,8.2304,60.0
2016-01-08 09:00:00.000039936,25.720001,101.86,377.34497,7.878973e-05,8.2304,65.0
2016-01-08 12:00:00.000039936,23.148,92.6,379.66,7.943125e-05,8.744801,70.0
2016-01-08 15:00:00.000039936,23.148,92.6,402.81,8.007058e-05,9.2592,75.0
2016-01-08 18:00:00.000039936,23.148,92.6,425.96,8.049559e-05,9.2592,75.0
2016-01-08 21:00:00.000039936,23.148,92.6,435.21997,8.0919635e-05,9.2592,75.0
2016-01-09 00:00:00.000039936,23.148,92.6,444.47998,8.155382e-05,9.7736,75.0
2016-01-09 03:00:00.000039936,24.6912,92.6,446.795,8.197536e-05,10.288,75.0
2016-01-09 06:00:00.000039936,25.720001,92.6,449.11,8.2605824e-05,10.288,75.0
2016-01-09 09:00:00.000039936,27.2632,92.6,449.11,8.3234e-05,9.7736,75.0
2016-01-09 12:00:00.000039936,28.292,92.6,449.11,8.365155e-05,9.2592,80.0
2016-01-09 15:00:00.000039936,29.835201,92.6,446.795,8.3859915e-05,9.2592,85.0
2016-01-09 18:00:00.000039936,30.864,92.6,444.47998,8.3859915e-05,8.744801,100.0
2016-01-09 21:00:00.000039936,32.4072,92.6,458.37,8.3234e-05,8.744801,115.0
2016-01-10 00:00:00.000039936,33.436,92.6,472.25998,8.239592e-05,8.2304,120.0
2016-01-10 03:00:00.000039936,33.436,92.6,479.205,8.176471e-05,7.2016,120.0
2016-01-10 06:00:00.000039936,33.436,92.6,486.15,8.0919635e-05,7.2016,120.0
2016-01-10 09:00:00.000039936,33.436,92.6,493.09497,8.007058e-05,7.716,125.0
2016-01-10 12:00:00.000039936,33.436,92.6,500.03998,7.921766e-05,8.744801,120.0
2016-01-10 15:00:00.000039936,32.4072,92.6,513.93,7.8360856e-05,9.7736,115.0
2016-01-10 18:00:00.000039936,30.864,92.6,527.81995,7.750023e-05,11.3168,110.0
2016-01-10 21:00:00.000039936,29.835201,92.6,560.23,7.6852295e-05,11.8312,105.0
2016-01-11 00:00:00.000039936,28.292,92.6,592.64,7.641916e-05,10.288,95.0
2016-01-11 03:00:00.000039936,28.292,92.6,592.64,7.641916e-05,8.2304,90.0
2016-01-11 06:00:00.000039936,28.292,92.6,592.64,7.641916e-05,6.6872,90.0
2016-01-11 09:00:00.000039936,28.292,92.6,592.64,7.620224e-05,5.6584,105.0
2016-01-11 12:00:00.000039936,28.292,92.6,592.64,7.576771e-05,6.1728,135.0
2016-01-11 15:00:00.000039936,27.2632,92.6,564.86,7.4458614e-05,7.716,150.0
2016-01-11 18:00:00.000039936,25.720001,92.6,537.08,7.2921e-05,8.2304,155.0
2016-01-11 21:00:00.000039936,25.720001,92.6,523.19,7.137252e-05,9.2592,155.0
2016-01-12 00:00:00.000039936,25.720001,92.6,509.3,6.936598e-05,11.3168,155.0
2016-01-12 03:00:00.000039936,25.720001,92.6,481.52002,6.689037e-05,12.860001,150.0
2016-01-12 06:00:00.000039936,25.720001,92.6,453.74,6.461839e-05,12.860001,135.0
2016-01-12 09:00:00.000039936,25.720001,92.6,395.865,6.278661e-05,12.3456,125.0
2016-01-12 12:00:00.000039936,25.720001,92.6,337.99,6.1635496e-05,10.802401,105.0
2016-01-12 15:00:00.000039936,25.720001,92.6,261.595,6.14047e-05,9.7736,85.0
2016-01-12 18:00:00.000039936,25.720001,92.6,185.2,6.186609e-05,7.716,80.0
2016-01-12 21:00:00.000039936,25.720001,92.6,185.2,6.20965e-05,5.6584,75.0
2016-01-13 00:00:00.000039936,25.720001,92.6,185.2,6.255676e-05,5.144,75.0
2016-01-13 03:00:00.000039936,24.6912,92.6,164.36499,6.278661e-05,5.144,80.0
2016-01-13 06:00:00.000039936,23.148,92.6,143.53,6.3016254e-05,5.144,75.0
2016-01-13 09:00:00.000039936,23.148,92.6,134.27,6.3474974e-05,5.6584,70.0
2016-01-13 12:00:00.000039936,23.148,92.6,125.009995,6.393293e-05,5.6584,60.0
2016-01-13 15:00:00.000039936,23.148,83.34,131.955,6.461839e-05,6.1728,55.0
2016-01-13 18:00:00.000039936,23.148,74.08,138.90001,6.552959e-05,7.2016,45.0
2016-01-13 21:00:00.000039936,25.720001,61.116,138.90001,6.666408e-05,7.716,35.0
2016-01-14 00:00:00.000039936,28.292,46.3,138.90001,6.8243826e-05,7.716,30.0
2016-01-14 03:00:00.000039936,30.864,42.596,157.42001,6.981338e-05,8.2304,25.0
2016-01-14 06:00:00.000039936,33.436,37.04,175.94,7.137252e-05,8.2304,25.0
2016-01-14 09:00:00.000039936,36.008,33.336,180.57,7.2921e-05,8.744801,25.0
2016-01-14 12:00:00.000039936,38.58,27.78,185.2,7.467736e-05,9.2592,25.0
2016-01-14 15:00:00.000039936,38.58,27.78,208.35,7.663584e-05,9.2592,20.0
2016-01-14 18:00:00.000039936,38.58,27.78,231.5,7.8360856e-05,8.2304,15.0
2016-01-14 21:00:00.000039936,37.5512,27.78,231.5,7.9857724e-05,7.2016,15.0
2016-01-15 00:00:00.000039936,36.008,27.78,231.5,8.134267e-05,7.2016,15.0
2016-01-15 03:00:00.000039936,34.979202,27.78,259.28,8.2815466e-05,7.716,10.0
2016-01-15 06:00:00.000039936,33.436,27.78,287.06,8.448353e-05,10.288,10.0
2016-01-15 09:00:00.000039936,30.864,42.596,381.975,8.675015e-05,13.3744,5.0
2016-01-15 12:00:00.000039936,28.292,55.56,476.88995,8.9789304e-05,15.9464,360.0
2016-01-15 13:15:00.000053248,28.292,74.08,476.88995,9.1186645e-05,18.004,355.0
2016-01-15 15:00:00.000039936,28.292,107.416,505.596,9.315918e-05,18.5184,350.0
2016-01-15 18:00:00.000039936,28.292,166.68,555.60004,9.6637836e-05,18.5184,350.0
2016-01-15 21:00:00.000039936,28.292,166.68,555.60004,0.00010002111,19.0328,345.0
2016-01-16 00:00:00.000039936,28.292,166.68,555.60004,0.0001033057,19.5472,345.0
2016-01-16 03:00:00.000039936,28.292,166.68,555.60004,0.0001066621,20.0616,345.0
2016-01-16 06:00:00.000039936,28.292,166.68,555.60004,0.00010990119,21.0904,350.0
2016-01-16 09:00:00.000039936,28.292,166.68,578.75,0.00011334053,21.604801,345.0
2016-01-16 12:00:00.000039936,28.292,166.68,601.9,0.000116474606,21.604801,330.0
2016-01-16 15:00:00.000039936,28.292,166.68,606.53,0.00011902714,21.604801,315.0
2016-01-16 18:00:00.000039936,28.292,166.68,611.16003,0.0001209085,18.5184,305.0
2016-01-16 21:00:00.000039936,32.4072,361.14,555.6,0.00012189582,14.917601,290.0
