Time,Vmax,Rmax_IBT,R34,fcor,u_trans,v_trans
2006-06-11 00:00:00.000039936,18.004,111.12,81.024994,5.581132e-05,4.6296,310.0
2006-06-11 03:00:00.000039936,18.004,111.12,81.024994,5.6516048e-05,5.144,310.0
2006-06-11 06:00:00.000039936,18.004,111.12,81.024994,5.721923e-05,4.6296,305.0
2006-06-11 09:00:00.000039936,19.5472,172.236,110.194,5.768715e-05,4.1152,310.0
2006-06-11 12:00:00.000039936,20.576,231.5,138.9,5.83877e-05,3.6008,330.0
2006-06-11 15:00:00.000039936,20.576,255.576,150.475,5.9086666e-05,3.6008,0.0
2006-06-11 18:00:00.000039936,20.576,277.8,162.04999,6.0016075e-05,3.6008,0.0
2006-06-11 21:00:00.000039936,20.576,277.8,162.04999,6.0711227e-05,3.6008,0.0
2006-06-12 00:00:00.000039936,20.576,277.8,162.04999,6.1635496e-05,4.1152,10.0
2006-06-12 03:00:00.000039936,22.1192,277.8,162.04999,6.255676e-05,4.6296,25.0
2006-06-12 06:00:00.000039936,23.148,277.8,162.04999,6.3474974e-05,6.1728,35.0
2006-06-12 09:00:00.000039936,27.2632,222.24,162.04999,6.461839e-05,7.2016,45.0
2006-06-12 12:00:00.000039936,30.864,166.68,162.04999,6.575688e-05,6.6872,50.0
2006-06-12 15:00:00.000039936,30.864,166.68,175.93999,6.666408e-05,5.6584,50.0
2006-06-12 18:00:00.000039936,30.864,166.68,189.82999,6.734234e-05,4.1152,45.0
2006-06-12 21:00:00.000039936,30.864,129.64,173.625,6.7793495e-05,3.0864,35.0
2006-06-13 00:00:00.000039936,30.864,92.6,157.42,6.8468675e-05,4.1152,35.0
2006-06-13 03:00:00.000039936,29.835201,92.6,155.10501,6.936598e-05,5.144,35.0
2006-06-13 06:00:00.000039936,28.292,92.6,152.79,7.025991e-05,4.6296,25.0
2006-06-13 09:00:00.000039936,25.720001,92.6,141.215,7.115043e-05,4.1152,20.0
2006-06-13 12:00:00.000039936,23.148,92.6,129.64,7.181604e-05,3.0864,35.0
2006-06-13 15:00:00.000039936,21.604801,157.42,99.545,7.2258685e-05,3.6008,40.0
