Time,Vmax,Rmax_IBT,R34,fcor,u_trans,v_trans
2014-07-01 12:00:00.000039936,18.004,55.56,37.04,6.734234e-05,0.5144,320.0
2014-07-01 15:00:00.000039936,19.5472,55.56,62.504997,6.756802e-05,1.0288,335.0
2014-07-01 18:00:00.000039936,20.576,55.56,87.97,6.7793495e-05,1.0288,350.0
2014-07-01 21:00:00.000039936,22.1192,55.56,94.91499,6.801876e-05,1.0288,25.0
2014-07-02 00:00:00.000039936,23.148,55.56,101.86,6.8243826e-05,1.5432,25.0
2014-07-02 03:00:00.000039936,24.6912,55.56,101.86,6.8468675e-05,1.5432,15.0
2014-07-02 06:00:00.000039936,25.720001,55.56,101.86,6.8917754e-05,2.0576,15.0
2014-07-02 09:00:00.000039936,27.2632,55.56,101.86,6.936598e-05,2.572,10.0
2014-07-02 12:00:00.000039936,28.292,55.56,101.86,7.003676e-05,3.0864,0.0
2014-07-02 15:00:00.000039936,29.835201,55.56,108.805,7.07056e-05,3.6008,355.0
2014-07-02 18:00:00.000039936,30.864,55.56,115.75,7.159438e-05,3.6008,350.0
2014-07-02 21:00:00.000039936,32.4072,46.3,118.064995,7.2258685e-05,3.6008,355.0
2014-07-03 00:00:00.000039936,33.436,37.04,120.38,7.314133e-05,3.6008,0.0
2014-07-03 03:00:00.000039936,34.979202,46.3,120.38,7.402041e-05,4.1152,5.0
2014-07-03 06:00:00.000039936,36.008,55.56,120.38,7.4895885e-05,4.6296,10.0
2014-07-03 09:00:00.000039936,38.58,46.3,131.95499,7.576771e-05,4.6296,15.0
2014-07-03 12:00:00.000039936,41.152,37.04,143.53,7.6852295e-05,5.6584,20.0
2014-07-03 15:00:00.000039936,41.152,37.04,159.735,7.793102e-05,6.1728,20.0
2014-07-03 18:00:00.000039936,41.152,37.04,175.94,7.921766e-05,6.6872,30.0
2014-07-03 21:00:00.000039936,42.6952,37.04,175.94,8.028322e-05,7.2016,35.0
2014-07-04 00:00:00.000039936,43.724,37.04,175.94,8.155382e-05,8.2304,40.0
2014-07-04 03:00:00.000039936,43.724,37.04,175.94,8.2815466e-05,8.744801,40.0
