Time,Vmax,Rmax_IBT,R34,fcor,u_trans,v_trans
2020-05-17 00:00:00.000039936,18.004,46.3,64.82,7.048288e-05,4.6296,30.0
2020-05-17 03:00:00.000039936,18.004,46.3,64.82,7.137252e-05,4.1152,25.0
2020-05-17 06:00:00.000039936,18.004,46.3,64.82,7.2037474e-05,3.6008,15.0
2020-05-17 09:00:00.000039936,18.004,79.636,74.08,7.270045e-05,3.6008,5.0
2020-05-17 12:00:00.000039936,18.004,111.12,83.34,7.3581316e-05,3.6008,10.0
2020-05-17 15:00:00.000039936,19.5472,111.12,83.34,7.423962e-05,3.6008,15.0
2020-05-17 18:00:00.000039936,20.576,111.12,83.34,7.511419e-05,4.1152,15.0
2020-05-17 21:00:00.000039936,20.576,111.12,83.34,7.5985095e-05,4.6296,15.0
2020-05-18 00:00:00.000039936,20.576,111.12,83.34,7.70685e-05,5.6584,10.0
2020-05-18 03:00:00.000039936,20.576,111.12,83.34,7.8360856e-05,6.1728,10.0
2020-05-18 06:00:00.000039936,20.576,111.12,83.34,7.9644604e-05,7.2016,20.0
2020-05-18 09:00:00.000039936,22.1192,101.86,87.97,8.113127e-05,7.716,25.0
2020-05-18 12:00:00.000039936,23.148,92.6,92.6,8.239592e-05,7.716,35.0
2020-05-18 15:00:00.000039936,23.148,92.6,104.175,8.365155e-05,7.716,40.0
2020-05-18 18:00:00.000039936,23.148,92.6,115.75,8.469088e-05,7.716,50.0
2020-05-18 21:00:00.000039936,24.6912,92.6,150.47499,8.551773e-05,7.716,60.0
2020-05-19 00:00:00.000039936,25.720001,92.6,185.2,8.613512e-05,7.716,65.0
2020-05-19 03:00:00.000039936,25.720001,79.636,210.665,8.675015e-05,7.716,65.0
2020-05-19 06:00:00.000039936,25.720001,64.82,236.12999,8.7362794e-05,7.716,75.0
2020-05-19 09:00:00.000039936,27.2632,70.376,287.06,8.776991e-05,7.716,80.0
2020-05-19 12:00:00.000039936,28.292,74.08,337.99,8.776991e-05,7.716,90.0
2020-05-19 15:00:00.000039936,27.2632,79.636,337.99,8.776991e-05,7.2016,95.0
2020-05-19 18:00:00.000039936,25.720001,83.34,337.99,8.756649e-05,6.1728,110.0
2020-05-19 21:00:00.000039936,25.720001,83.34,300.95,8.695463e-05,5.6584,130.0
2020-05-20 00:00:00.000039936,25.720001,83.34,263.91,8.613512e-05,5.144,135.0
2020-05-20 03:00:00.000039936,25.720001,83.34,250.01999,8.551773e-05,5.144,135.0
2020-05-20 06:00:00.000039936,25.720001,83.34,236.12999,8.469088e-05,4.6296,150.0
2020-05-20 09:00:00.000039936,25.720001,83.34,236.12999,8.3859915e-05,5.144,160.0
2020-05-20 12:00:00.000039936,25.720001,83.34,236.12999,8.2815466e-05,5.144,165.0
2020-05-20 15:00:00.000039936,24.6912,83.34,185.2,8.176471e-05,4.6296,165.0
2020-05-20 18:00:00.000039936,23.148,83.34,134.26999,8.0919635e-05,4.6296,165.0
2020-05-20 21:00:00.000039936,22.1192,83.34,134.26999,8.007058e-05,4.6296,165.0
