Time,Vmax,Rmax_IBT,R34,fcor,u_trans,v_trans
2012-05-25 18:00:00.000039936,18.004,74.08,92.600006,7.533226e-05,6.6872,20.0
2012-05-25 21:00:00.000039936,19.5472,74.08,115.75,7.6852295e-05,6.1728,5.0
2012-05-26 00:00:00.000039936,20.576,74.08,138.9,7.793102e-05,3.6008,350.0
2012-05-26 03:00:00.000039936,20.576,74.08,138.9,7.8360856e-05,1.5432,290.0
2012-05-26 06:00:00.000039936,20.576,74.08,138.90001,7.814606e-05,2.572,240.0
2012-05-26 09:00:00.000039936,20.576,74.08,138.90001,7.771575e-05,3.0864,230.0
2012-05-26 12:00:00.000039936,20.576,74.08,138.90001,7.728449e-05,3.0864,215.0
2012-05-26 15:00:00.000039936,20.576,74.08,143.53,7.663584e-05,3.0864,205.0
2012-05-26 18:00:00.000039936,20.576,74.08,148.16,7.620224e-05,3.0864,225.0
2012-05-26 21:00:00.000039936,22.1192,79.636,134.26999,7.576771e-05,4.1152,240.0
2012-05-27 00:00:00.000039936,23.148,83.34,120.380005,7.533226e-05,4.6296,245.0
2012-05-27 03:00:00.000039936,23.148,83.34,120.380005,7.4895885e-05,4.6296,245.0
2012-05-27 06:00:00.000039936,23.148,83.34,120.380005,7.4458614e-05,4.6296,245.0
2012-05-27 09:00:00.000039936,24.6912,83.34,129.64001,7.402041e-05,4.6296,245.0
2012-05-27 12:00:00.000039936,25.720001,83.34,138.9,7.3581316e-05,4.1152,250.0
2012-05-27 15:00:00.000039936,27.2632,79.636,148.16,7.336144e-05,4.1152,255.0
2012-05-27 18:00:00.000039936,28.292,74.08,157.42,7.314133e-05,3.6008,265.0
2012-05-27 21:00:00.000039936,29.835201,74.08,157.42,7.314133e-05,3.6008,270.0
2012-05-27 23:00:00.000053248,30.864,74.08,157.42,7.314133e-05,4.6296,270.0
2012-05-28 00:00:00.000039936,30.864,74.08,148.16,7.314133e-05,4.6296,275.0
2012-05-28 03:00:00.000039936,28.8064,74.08,141.67801,7.336144e-05,4.6296,280.0
2012-05-28 04:10:00.000031744,28.292,74.08,138.9,7.336144e-05,4.1152,275.0
