Time,Vmax,Rmax_IBT,R34,fcor,u_trans,v_trans
2011-07-18 00:00:00.000039936,18.004,55.56,41.670002,6.734234e-05,2.0576,170.0
2011-07-18 03:00:00.000039936,19.5472,46.3,49.541,6.689037e-05,2.0576,170.0
2011-07-18 06:00:00.000039936,20.576,37.04,55.559998,6.643758e-05,1.5432,105.0
2011-07-18 09:00:00.000039936,22.1192,37.04,62.042,6.666408e-05,2.572,55.0
2011-07-18 12:00:00.000039936,23.148,37.04,67.135,6.711647e-05,3.0864,50.0
2011-07-18 15:00:00.000039936,27.2632,37.04,72.691,6.756802e-05,2.572,40.0
2011-07-18 18:00:00.000039936,30.864,37.04,76.395,6.801876e-05,3.0864,30.0
2011-07-18 21:00:00.000039936,30.864,37.04,76.395,6.869332e-05,3.6008,25.0
2011-07-19 00:00:00.000039936,30.864,37.04,76.395,6.936598e-05,3.6008,20.0
2011-07-19 03:00:00.000039936,28.292,37.04,74.08,7.003676e-05,3.0864,15.0
2011-07-19 06:00:00.000039936,25.720001,37.04,71.765,7.07056e-05,3.0864,25.0
2011-07-19 09:00:00.000039936,24.6912,42.596,73.154,7.137252e-05,3.0864,35.0
2011-07-19 12:00:00.000039936,23.148,46.3,74.08,7.181604e-05,3.0864,35.0
2011-07-19 15:00:00.000039936,23.148,46.3,76.858,7.2258685e-05,3.0864,35.0
2011-07-19 18:00:00.000039936,23.148,46.3,78.71,7.2921e-05,3.0864,35.0
2011-07-19 21:00:00.000039936,23.148,46.3,83.803,7.3581316e-05,3.6008,40.0
2011-07-20 00:00:00.000039936,23.148,46.3,87.97,7.402041e-05,3.6008,45.0
2011-07-20 03:00:00.000039936,23.148,51.856,90.748,7.4458614e-05,3.6008,50.0
2011-07-20 06:00:00.000039936,23.148,55.56,92.600006,7.4895885e-05,3.6008,50.0
2011-07-20 09:00:00.000039936,23.148,55.56,92.600006,7.533226e-05,3.6008,45.0
2011-07-20 12:00:00.000039936,23.148,55.56,92.600006,7.5985095e-05,4.1152,50.0
2011-07-20 15:00:00.000039936,23.148,64.82,92.600006,7.641916e-05,4.1152,50.0
2011-07-20 18:00:00.000039936,23.148,74.08,92.600006,7.70685e-05,4.1152,50.0
2011-07-20 21:00:00.000039936,23.148,74.08,92.600006,7.750023e-05,4.1152,50.0
2011-07-21 00:00:00.000039936,23.148,74.08,92.600006,7.814606e-05,4.1152,45.0
2011-07-21 03:00:00.000039936,22.1192,74.08,89.359,7.878973e-05,4.1152,45.0
2011-07-21 06:00:00.000039936,20.576,74.08,85.655,7.943125e-05,4.1152,50.0
2011-07-21 09:00:00.000039936,19.5472,79.636,79.173,7.9857724e-05,4.1152,55.0
2011-07-21 12:00:00.000039936,18.004,83.34,71.765,8.049559e-05,4.6296,55.0
2011-07-21 15:00:00.000039936,18.004,98.156,55.097,8.113127e-05,5.6584,55.0
