Time,Vmax,Rmax_IBT,R34,fcor,u_trans,v_trans
2008-07-03 12:00:00.000039936,18.004,55.56,41.670002,3.305528e-05,5.6584,280.0
2008-07-03 15:00:00.000039936,18.004,55.56,41.670002,3.330315e-05,6.1728,275.0
2008-07-03 18:00:00.000039936,18.004,55.56,41.670002,3.330315e-05,6.1728,275.0
2008-07-03 21:00:00.000039936,19.5472,55.56,55.559998,3.3550914e-05,6.6872,280.0
2008-07-04 00:00:00.000039936,20.576,55.56,69.450005,3.3798577e-05,6.6872,285.0
2008-07-04 03:00:00.000039936,20.576,55.56,69.450005,3.454095e-05,7.2016,295.0
2008-07-04 06:00:00.000039936,20.576,55.56,69.450005,3.5282377e-05,7.716,300.0
2008-07-04 09:00:00.000039936,22.1192,55.56,76.858,3.626943e-05,8.2304,300.0
2008-07-04 12:00:00.000039936,23.148,55.56,83.34,3.7254722e-05,8.2304,295.0
2008-07-04 15:00:00.000039936,23.148,55.56,83.34,3.7992504e-05,8.744801,290.0
2008-07-04 18:00:00.000039936,23.148,55.56,83.34,3.872924e-05,8.744801,285.0
2008-07-04 21:00:00.000039936,23.148,55.56,83.34,3.9219805e-05,9.2592,285.0
2008-07-05 00:00:00.000039936,23.148,55.56,83.34,3.9709896e-05,9.2592,285.0
2008-07-05 03:00:00.000039936,23.148,55.56,83.34,4.0444127e-05,9.2592,285.0
2008-07-05 06:00:00.000039936,23.148,55.56,83.34,4.093299e-05,9.7736,280.0
2008-07-05 09:00:00.000039936,23.148,55.56,83.34,4.1177245e-05,9.7736,275.0
2008-07-05 12:00:00.000039936,23.148,55.56,83.34,4.1177245e-05,9.7736,275.0
2008-07-05 15:00:00.000039936,23.148,55.56,83.34,4.142137e-05,9.7736,275.0
2008-07-05 18:00:00.000039936,23.148,55.56,83.34,4.1665367e-05,9.7736,275.0
2008-07-05 21:00:00.000039936,23.148,55.56,83.34,4.1909232e-05,9.2592,275.0
2008-07-06 00:00:00.000039936,23.148,55.56,83.34,4.2152973e-05,9.7736,275.0
2008-07-06 03:00:00.000039936,23.148,55.56,83.34,4.239659e-05,9.7736,275.0
2008-07-06 06:00:00.000039936,23.148,55.56,83.34,4.2640077e-05,10.288,280.0
2008-07-06 09:00:00.000039936,23.148,55.56,83.34,4.3369746e-05,10.288,285.0
2008-07-06 12:00:00.000039936,23.148,55.56,83.34,4.409823e-05,10.288,290.0
2008-07-06 15:00:00.000039936,23.148,55.56,83.34,4.506766e-05,10.288,295.0
2008-07-06 18:00:00.000039936,23.148,55.56,83.34,4.6034886e-05,9.2592,290.0
2008-07-06 21:00:00.000039936,25.720001,55.56,83.34,4.651767e-05,8.744801,285.0
2008-07-07 00:00:00.000039936,28.292,55.56,83.34,4.6999867e-05,7.716,280.0
2008-07-07 03:00:00.000039936,30.864,46.3,112.972,4.748151e-05,7.716,280.0
2008-07-07 06:00:00.000039936,33.436,37.04,141.215,4.7722115e-05,7.2016,280.0
2008-07-07 09:00:00.000039936,37.5512,37.04,141.215,4.796257e-05,6.6872,285.0
2008-07-07 12:00:00.000039936,41.152,37.04,141.215,4.844305e-05,5.6584,290.0
2008-07-07 15:00:00.000039936,46.296,33.336,141.215,4.892293e-05,5.144,300.0
2008-07-07 18:00:00.000039936,51.440002,27.78,141.215,4.9641636e-05,5.144,315.0
2008-07-07 21:00:00.000039936,56.584,27.78,141.215,5.059779e-05,4.6296,320.0
2008-07-08 00:00:00.000039936,54.012,27.78,141.215,5.131329e-05,4.1152,310.0
2008-07-08 03:00:00.000039936,54.012,27.78,141.215,5.178951e-05,4.1152,305.0
2008-07-08 06:00:00.000039936,54.012,27.78,141.215,5.250265e-05,4.1152,315.0
2008-07-08 09:00:00.000039936,50.4112,27.78,141.215,5.321436e-05,4.6296,320.0
2008-07-08 12:00:00.000039936,46.296,27.78,141.215,5.4161024e-05,5.144,315.0
2008-07-08 15:00:00.000039936,42.6952,27.78,133.344,5.4869302e-05,5.144,305.0
2008-07-08 18:00:00.000039936,38.58,27.78,125.009995,5.5576067e-05,4.6296,300.0
2008-07-08 21:00:00.000039936,37.5512,27.78,125.009995,5.6046403e-05,4.1152,290.0
2008-07-09 00:00:00.000039936,36.008,27.78,125.009995,5.6281307e-05,4.6296,295.0
2008-07-09 03:00:00.000039936,34.979202,27.78,125.009995,5.6750614e-05,5.144,300.0
2008-07-09 06:00:00.000039936,33.436,27.78,125.009995,5.7453286e-05,5.144,305.0
2008-07-09 09:00:00.000039936,33.436,27.78,135.659,5.8154368e-05,5.144,305.0
2008-07-09 12:00:00.000039936,33.436,27.78,145.845,5.8853857e-05,5.144,310.0
2008-07-09 15:00:00.000039936,38.58,27.78,149.54901,5.9551734e-05,5.144,315.0
2008-07-09 18:00:00.000039936,43.724,27.78,152.79001,6.0479695e-05,5.144,315.0
2008-07-09 21:00:00.000039936,45.2672,27.78,152.79001,6.14047e-05,5.144,315.0
2008-07-10 00:00:00.000039936,46.296,27.78,152.79001,6.20965e-05,4.1152,315.0
2008-07-10 03:00:00.000039936,46.296,27.78,160.198,6.278661e-05,3.6008,320.0
2008-07-10 06:00:00.000039936,46.296,27.78,166.68,6.324571e-05,3.6008,315.0
2008-07-10 09:00:00.000039936,43.724,24.076,166.68,6.393293e-05,4.6296,315.0
2008-07-10 12:00:00.000039936,41.152,18.52,166.68,6.461839e-05,4.6296,315.0
2008-07-10 15:00:00.000039936,40.1232,18.52,166.68,6.530208e-05,4.6296,315.0
2008-07-10 18:00:00.000039936,38.58,18.52,166.68,6.5983986e-05,4.1152,315.0
2008-07-10 21:00:00.000039936,38.58,24.076,176.403,6.666408e-05,3.6008,320.0
2008-07-11 00:00:00.000039936,38.58,27.78,185.2,6.711647e-05,3.0864,315.0
2008-07-11 03:00:00.000039936,38.58,27.78,185.2,6.756802e-05,3.0864,310.0
2008-07-11 06:00:00.000039936,38.58,27.78,185.2,6.801876e-05,3.0864,320.0
2008-07-11 09:00:00.000039936,38.58,27.78,185.2,6.8468675e-05,3.0864,330.0
2008-07-11 12:00:00.000039936,38.58,27.78,185.2,6.914198e-05,3.0864,335.0
2008-07-11 15:00:00.000039936,40.1232,27.78,199.09,6.981338e-05,3.0864,330.0
2008-07-11 18:00:00.000039936,41.152,27.78,212.98,7.025991e-05,3.0864,335.0
2008-07-11 21:00:00.000039936,41.152,27.78,212.98,7.092813e-05,2.572,340.0
2008-07-12 00:00:00.000039936,41.152,27.78,212.98,7.137252e-05,2.0576,335.0
2008-07-12 03:00:00.000039936,41.152,42.596,203.72,7.159438e-05,1.5432,320.0
2008-07-12 06:00:00.000039936,41.152,55.56,194.45999,7.181604e-05,1.0288,335.0
2008-07-12 09:00:00.000039936,40.1232,55.56,229.18501,7.2037474e-05,1.0288,10.0
2008-07-12 12:00:00.000039936,38.58,55.56,263.91,7.2258685e-05,1.0288,5.0
2008-07-12 15:00:00.000039936,36.008,55.56,277.8,7.247968e-05,1.0288,10.0
2008-07-12 18:00:00.000039936,33.436,55.56,291.69,7.270045e-05,0.5144,25.0
2008-07-12 21:00:00.000039936,33.436,55.56,270.855,7.270045e-05,0.5144,90.0
2008-07-13 00:00:00.000039936,33.436,55.56,250.01999,7.270045e-05,0.5144,0.0
2008-07-13 03:00:00.000039936,33.436,55.56,250.01999,7.247968e-05,0.5144,220.0
2008-07-13 06:00:00.000039936,33.436,55.56,250.01999,7.247968e-05,0.5144,265.0
2008-07-13 09:00:00.000039936,32.4072,55.56,250.01999,7.247968e-05,1.0288,300.0
2008-07-13 12:00:00.000039936,30.864,55.56,250.01999,7.270045e-05,1.0288,310.0
2008-07-13 15:00:00.000039936,29.835201,55.56,240.75998,7.2921e-05,1.5432,320.0
2008-07-13 18:00:00.000039936,28.292,55.56,231.5,7.314133e-05,1.5432,335.0
2008-07-13 21:00:00.000039936,28.292,55.56,224.55501,7.3581316e-05,2.0576,335.0
2008-07-14 00:00:00.000039936,28.292,55.56,217.61,7.402041e-05,2.572,330.0
2008-07-14 03:00:00.000039936,28.292,55.56,217.61,7.4458614e-05,3.0864,325.0
2008-07-14 06:00:00.000039936,28.292,55.56,217.61,7.511419e-05,3.0864,330.0
2008-07-14 09:00:00.000039936,28.292,79.636,217.61,7.576771e-05,3.6008,335.0
2008-07-14 12:00:00.000039936,28.292,101.86,217.61,7.641916e-05,4.1152,340.0
2008-07-14 15:00:00.000039936,29.835201,101.86,219.925,7.728449e-05,4.6296,345.0
2008-07-14 18:00:00.000039936,30.864,101.86,222.23999,7.8360856e-05,5.144,360.0
2008-07-14 21:00:00.000039936,30.864,101.86,212.98,7.943125e-05,5.144,15.0
2008-07-15 00:00:00.000039936,30.864,101.86,203.72,8.049559e-05,4.6296,15.0
2008-07-15 03:00:00.000039936,30.864,101.86,203.72002,8.134267e-05,4.1152,15.0
2008-07-15 06:00:00.000039936,30.864,101.86,203.72,8.2185776e-05,5.144,20.0
2008-07-15 09:00:00.000039936,30.864,107.416,199.09001,8.3234e-05,5.6584,20.0
2008-07-15 12:00:00.000039936,30.864,111.12,194.46,8.427592e-05,5.6584,20.0
2008-07-15 15:00:00.000039936,30.864,101.86,194.46,8.5311396e-05,5.144,25.0
2008-07-15 18:00:00.000039936,30.864,92.6,194.46,8.613512e-05,4.6296,35.0
2008-07-15 21:00:00.000039936,30.864,92.6,194.46,8.675015e-05,4.1152,50.0
2008-07-16 00:00:00.000039936,30.864,92.6,194.46,8.7158856e-05,3.0864,60.0
2008-07-16 03:00:00.000039936,30.864,92.6,194.46,8.7362794e-05,2.0576,75.0
2008-07-16 06:00:00.000039936,30.864,92.6,194.46,8.7362794e-05,2.0576,80.0
2008-07-16 09:00:00.000039936,30.864,88.895996,194.46,8.7362794e-05,1.5432,90.0
2008-07-16 12:00:00.000039936,30.864,83.34,194.46,8.7362794e-05,1.5432,140.0
2008-07-16 15:00:00.000039936,30.864,83.34,194.46,8.695463e-05,2.572,160.0
2008-07-16 18:00:00.000039936,30.864,83.34,194.46,8.6340384e-05,3.0864,160.0
2008-07-16 21:00:00.000039936,29.835201,83.34,199.09,8.5723776e-05,3.6008,150.0
2008-07-17 00:00:00.000039936,28.292,83.34,203.72,8.510482e-05,4.1152,150.0
2008-07-17 03:00:00.000039936,27.2632,83.34,203.72,8.427592e-05,4.6296,150.0
2008-07-17 06:00:00.000039936,25.720001,83.34,203.72,8.34429e-05,4.6296,140.0
2008-07-17 09:00:00.000039936,25.720001,88.895996,199.09001,8.2815466e-05,4.6296,130.0
2008-07-17 12:00:00.000039936,25.720001,92.6,194.45999,8.2185776e-05,4.6296,125.0
2008-07-17 15:00:00.000039936,25.720001,92.6,194.45999,8.176471e-05,5.144,115.0
2008-07-17 18:00:00.000039936,25.720001,92.6,194.45999,8.134267e-05,6.6872,105.0
2008-07-17 21:00:00.000039936,25.720001,92.6,194.45999,8.0919635e-05,7.716,100.0
2008-07-18 00:00:00.000039936,25.720001,92.6,194.45999,8.0919635e-05,7.716,80.0
2008-07-18 03:00:00.000039936,27.2632,92.6,194.45999,8.155382e-05,7.716,60.0
2008-07-18 06:00:00.000039936,28.292,92.6,194.45999,8.239592e-05,7.716,50.0
2008-07-18 09:00:00.000039936,28.292,88.895996,200.479,8.34429e-05,8.2304,45.0
2008-07-18 12:00:00.000039936,28.292,83.34,206.035,8.469088e-05,8.744801,40.0
2008-07-18 15:00:00.000039936,30.864,74.08,206.035,8.613512e-05,9.7736,40.0
2008-07-18 18:00:00.000039936,33.436,64.82,206.035,8.756649e-05,10.802401,40.0
2008-07-18 21:00:00.000039936,33.436,64.82,206.035,8.9186324e-05,11.3168,40.0
2008-07-19 00:00:00.000039936,33.436,64.82,206.035,9.098784e-05,11.8312,40.0
2008-07-19 03:00:00.000039936,33.436,64.82,206.035,9.2766924e-05,11.3168,35.0
2008-07-19 06:00:00.000039936,33.436,64.82,206.035,9.452311e-05,11.3168,35.0
2008-07-19 09:00:00.000039936,33.436,64.82,227.33301,9.625596e-05,10.802401,35.0
2008-07-19 12:00:00.000039936,33.436,64.82,247.70502,9.7776356e-05,10.802401,40.0
2008-07-19 15:00:00.000039936,33.436,64.82,253.724,9.92777e-05,11.3168,40.0
2008-07-19 18:00:00.000039936,33.436,64.82,259.28,0.00010075968,10.802401,40.0
2008-07-19 21:00:00.000039936,32.4072,64.82,251.409,0.00010204031,10.802401,40.0
2008-07-20 00:00:00.000039936,30.864,64.82,243.07498,0.00010366442,12.3456,35.0
2008-07-20 03:00:00.000039936,30.864,70.376,243.07498,0.00010561469,14.4032,35.0
2008-07-20 06:00:00.000039936,30.864,74.08,243.07498,0.00010769781,15.432,40.0
2008-07-20 09:00:00.000039936,30.864,83.34,260.669,0.00010956587,15.9464,40.0
