Time,Vmax,Rmax_IBT,R34,fcor,u_trans,v_trans
2024-06-29 00:00:00.000039936,18.004,74.08,37.04,2.3317392e-05,9.2592,285.0
2024-06-29 03:00:00.000039936,19.5472,74.08,37.04,2.4070872e-05,9.7736,285.0
2024-06-29 06:00:00.000039936,20.576,74.08,37.04,2.4572832e-05,11.3168,280.0
2024-06-29 09:00:00.000039936,24.6912,55.56,37.04,2.4823696e-05,11.8312,275.0
2024-06-29 12:00:00.000039936,28.292,37.04,37.04,2.4823696e-05,9.7736,275.0
2024-06-29 15:00:00.000039936,29.835201,33.336,50.93,2.5074483e-05,8.2304,275.0
2024-06-29 18:00:00.000039936,30.864,27.78,64.82001,2.53252e-05,8.2304,275.0
2024-06-29 21:00:00.000039936,33.436,24.076,69.45,2.5575835e-05,9.2592,275.0
2024-06-30 00:00:00.000039936,36.008,18.52,74.08,2.5826394e-05,9.7736,280.0
2024-06-30 03:00:00.000039936,40.1232,18.52,81.024994,2.6327272e-05,9.7736,280.0
2024-06-30 06:00:00.000039936,43.724,18.52,87.97,2.6577594e-05,9.2592,275.0
2024-06-30 09:00:00.000039936,48.868,18.52,120.380005,2.6577594e-05,9.2592,275.0
2024-06-30 12:00:00.000039936,54.012,18.52,152.79001,2.6827835e-05,8.744801,275.0
2024-06-30 15:00:00.000039936,56.584,18.52,152.79001,2.707799e-05,8.744801,280.0
2024-06-30 18:00:00.000039936,59.156002,18.52,152.79001,2.7578055e-05,8.2304,280.0
2024-06-30 21:00:00.000039936,58.1272,14.816,152.79001,2.7827968e-05,8.2304,280.0
2024-07-01 00:00:00.000039936,56.584,9.26,152.79001,2.8327528e-05,8.744801,280.0
2024-07-01 03:00:00.000039936,55.5552,18.52,159.735,2.857718e-05,8.744801,280.0
2024-07-01 06:00:00.000039936,54.012,27.78,166.68001,2.9076216e-05,8.2304,285.0
2024-07-01 09:00:00.000039936,56.584,27.78,168.99501,2.9574905e-05,8.2304,290.0
2024-07-01 12:00:00.000039936,59.156002,27.78,171.31,3.0322259e-05,8.744801,295.0
2024-07-01 15:00:00.000039936,63.271202,24.076,175.94,3.131743e-05,9.7736,295.0
2024-07-01 18:00:00.000039936,66.872,18.52,180.56999,3.231108e-05,9.7736,290.0
2024-07-01 21:00:00.000039936,69.444,14.816,175.94,3.305528e-05,9.2592,290.0
2024-07-02 00:00:00.000039936,72.016,9.26,171.31,3.3798577e-05,9.7736,290.0
2024-07-02 03:00:00.000039936,73.559204,14.816,166.68001,3.47882e-05,10.288,295.0
2024-07-02 06:00:00.000039936,74.588,18.52,162.05,3.577612e-05,10.802401,295.0
2024-07-02 09:00:00.000039936,74.588,18.52,175.94,3.67623e-05,10.802401,290.0
2024-07-02 12:00:00.000039936,74.588,18.52,189.83,3.7746686e-05,10.802401,290.0
2024-07-02 15:00:00.000039936,72.016,18.52,196.775,3.8483773e-05,10.288,285.0
2024-07-02 18:00:00.000039936,69.444,18.52,203.72,3.9219805e-05,10.288,285.0
2024-07-02 21:00:00.000039936,68.4152,18.52,203.72,3.995476e-05,9.7736,285.0
2024-07-03 00:00:00.000039936,66.872,18.52,203.72,4.0444127e-05,8.744801,280.0
2024-07-03 03:00:00.000039936,65.8432,18.52,194.45999,4.0688625e-05,8.2304,275.0
2024-07-03 06:00:00.000039936,64.3,18.52,185.20001,4.093299e-05,8.744801,280.0
2024-07-03 09:00:00.000039936,64.3,18.52,185.20001,4.142137e-05,9.2592,285.0
2024-07-03 12:00:00.000039936,64.3,18.52,185.20001,4.2152973e-05,8.744801,285.0
2024-07-03 15:00:00.000039936,63.271202,18.52,185.20001,4.2640077e-05,7.716,285.0
2024-07-03 18:00:00.000039936,61.728,18.52,185.20001,4.3126656e-05,7.716,290.0
2024-07-03 21:00:00.000039936,60.6992,18.52,185.20001,4.385554e-05,8.2304,295.0
2024-07-04 00:00:00.000039936,59.156002,18.52,185.20001,4.458322e-05,8.744801,290.0
2024-07-04 03:00:00.000039936,58.1272,18.52,182.88501,4.5309676e-05,9.2592,285.0
2024-07-04 06:00:00.000039936,56.584,18.52,180.57,4.5793287e-05,9.2592,285.0
2024-07-04 09:00:00.000039936,54.012,18.52,175.94,4.627635e-05,8.744801,285.0
2024-07-04 12:00:00.000039936,51.440002,18.52,171.31,4.6999867e-05,8.744801,290.0
2024-07-04 15:00:00.000039936,50.4112,18.52,171.31,4.7722115e-05,8.744801,285.0
2024-07-04 18:00:00.000039936,48.868,18.52,171.31,4.8202877e-05,7.2016,280.0
2024-07-04 21:00:00.000039936,50.4112,18.52,150.475,4.844305e-05,6.1728,275.0
2024-07-05 00:00:00.000039936,51.440002,18.52,129.64,4.844305e-05,6.6872,280.0
2024-07-05 03:00:00.000039936,50.4112,18.52,129.64,4.892293e-05,7.2016,285.0
2024-07-05 06:00:00.000039936,48.868,18.52,129.64,4.9402213e-05,7.716,290.0
2024-07-05 09:00:00.000039936,45.2672,18.52,127.325,5.012002e-05,7.716,295.0
