Time,Vmax,Rmax_IBT,R34,fcor,u_trans,v_trans
2019-07-11 06:00:00.000039936,18.004,148.16,46.3,6.7793495e-05,1.5432,265.0
2019-07-11 09:00:00.000039936,18.004,148.16,69.45,6.7793495e-05,2.0576,270.0
2019-07-11 12:00:00.000039936,18.004,148.16,92.6,6.7793495e-05,2.0576,270.0
2019-07-11 15:00:00.000039936,19.5472,138.9,113.435,6.7793495e-05,2.0576,270.0
2019-07-11 18:00:00.000039936,20.576,129.64,134.27,6.7793495e-05,2.0576,280.0
2019-07-11 21:00:00.000039936,22.1192,129.64,138.9,6.7793495e-05,2.0576,285.0
2019-07-12 00:00:00.000039936,23.148,129.64,143.53,6.801876e-05,2.0576,285.0
2019-07-12 03:00:00.000039936,23.148,129.64,148.16,6.801876e-05,2.572,285.0
2019-07-12 06:00:00.000039936,23.148,129.64,152.79001,6.8243826e-05,2.572,290.0
2019-07-12 09:00:00.000039936,24.6912,129.64,155.105,6.8468675e-05,2.572,295.0
2019-07-12 12:00:00.000039936,25.720001,129.64,157.42,6.869332e-05,2.572,300.0
2019-07-12 15:00:00.000039936,27.2632,120.38,180.56999,6.8917754e-05,2.572,305.0
2019-07-12 18:00:00.000039936,28.292,111.12,203.72,6.936598e-05,2.572,300.0
2019-07-12 21:00:00.000039936,29.835201,111.12,203.72,6.958979e-05,2.0576,300.0
2019-07-13 00:00:00.000039936,30.864,111.12,203.72,6.981338e-05,2.0576,305.0
2019-07-13 03:00:00.000039936,30.864,111.12,203.72,7.003676e-05,2.572,310.0
2019-07-13 06:00:00.000039936,30.864,111.12,203.72,7.048288e-05,2.572,315.0
2019-07-13 09:00:00.000039936,32.4072,92.6,203.72,7.092813e-05,2.572,320.0
2019-07-13 12:00:00.000039936,33.436,74.08,203.72,7.137252e-05,3.6008,320.0
