Time,Vmax,Rmax_IBT,R34,fcor,u_trans,v_trans
2013-07-08 00:00:00.000039936,18.004,37.04,32.41,2.4823696e-05,11.8312,275.0
2013-07-08 03:00:00.000039936,18.004,37.04,32.41,2.5074483e-05,11.8312,280.0
2013-07-08 06:00:00.000039936,18.004,37.04,32.41,2.5575835e-05,11.8312,280.0
2013-07-08 09:00:00.000039936,19.5472,37.04,57.875,2.6327272e-05,11.3168,285.0
2013-07-08 12:00:00.000039936,20.576,37.04,83.340004,2.707799e-05,11.8312,285.0
2013-07-08 15:00:00.000039936,22.1192,37.04,83.340004,2.7827968e-05,12.3456,285.0
2013-07-08 18:00:00.000039936,23.148,37.04,83.340004,2.882674e-05,12.3456,285.0
2013-07-08 21:00:00.000039936,24.6912,51.856,92.600006,2.9574905e-05,12.3456,285.0
2013-07-09 00:00:00.000039936,25.720001,64.82,101.86,3.0571195e-05,12.860001,290.0
2013-07-09 03:00:00.000039936,25.720001,64.82,101.86,3.156599e-05,13.3744,290.0
2013-07-09 06:00:00.000039936,25.720001,64.82,101.86,3.280731e-05,13.8888,290.0
2013-07-09 09:00:00.000039936,27.2632,55.56,101.86,3.3798577e-05,13.8888,290.0
2013-07-09 12:00:00.000039936,28.292,46.3,101.86,3.5035337e-05,13.8888,290.0
2013-07-09 15:00:00.000039936,28.292,42.596,101.86,3.626943e-05,13.8888,290.0
2013-07-09 18:00:00.000039936,28.292,37.04,101.86,3.7254722e-05,13.8888,290.0
2013-07-09 21:00:00.000039936,25.720001,37.04,97.229996,3.8238195e-05,13.8888,285.0
2013-07-10 00:00:00.000039936,23.148,37.04,92.6,3.9219805e-05,14.4032,285.0
2013-07-10 03:00:00.000039936,22.1192,55.56,78.71,3.995476e-05,14.4032,285.0
2013-07-10 06:00:00.000039936,20.576,74.08,64.82,4.0688625e-05,14.4032,280.0
2013-07-10 09:00:00.000039936,20.576,74.08,64.82,4.142137e-05,13.8888,280.0
