Time,Vmax,Rmax_IBT,R34,fcor,u_trans,v_trans
2006-07-18 18:00:00.000039936,18.004,74.08,37.04,7.943125e-05,4.1152,355.0
2006-07-18 21:00:00.000039936,18.004,74.08,41.67,8.028322e-05,4.1152,350.0
2006-07-19 00:00:00.000039936,18.004,74.08,46.300003,8.113127e-05,4.1152,345.0
2006-07-19 03:00:00.000039936,18.004,64.82,50.93,8.197536e-05,3.6008,345.0
2006-07-19 06:00:00.000039936,18.004,55.56,55.56,8.2605824e-05,3.6008,355.0
2006-07-19 09:00:00.000039936,19.5472,55.56,84.266,8.3234e-05,3.6008,5.0
2006-07-19 12:00:00.000039936,20.576,55.56,111.12,8.4068044e-05,3.6008,5.0
2006-07-19 15:00:00.000039936,23.148,42.596,113.898,8.469088e-05,3.6008,5.0
2006-07-19 18:00:00.000039936,25.720001,27.78,115.75,8.551773e-05,3.6008,15.0
2006-07-19 21:00:00.000039936,25.720001,27.78,128.71399,8.613512e-05,3.6008,20.0
2006-07-20 00:00:00.000039936,25.720001,27.78,141.215,8.695463e-05,4.1152,10.0
2006-07-20 03:00:00.000039936,25.720001,42.596,144.91899,8.776991e-05,4.1152,0.0
2006-07-20 06:00:00.000039936,25.720001,55.56,148.15999,8.858091e-05,4.6296,5.0
2006-07-20 09:00:00.000039936,25.720001,55.56,148.15999,8.938759e-05,4.6296,10.0
2006-07-20 12:00:00.000039936,25.720001,55.56,148.15999,9.038981e-05,4.6296,20.0
2006-07-20 15:00:00.000039936,24.6912,55.56,148.15999,9.1186645e-05,4.6296,25.0
2006-07-20 18:00:00.000039936,23.148,55.56,148.15999,9.197902e-05,4.1152,35.0
2006-07-20 21:00:00.000039936,23.148,55.56,133.344,9.257037e-05,4.6296,40.0
2006-07-21 00:00:00.000039936,23.148,55.56,118.065,9.335488e-05,5.144,35.0
2006-07-21 03:00:00.000039936,23.148,55.56,105.564,9.413484e-05,8.2304,40.0
2006-07-21 06:00:00.000039936,23.148,55.56,92.6,9.568096e-05,12.3456,45.0
2006-07-21 06:45:00.000039936,23.148,55.56,96.767,9.625596e-05,13.8888,45.0
2006-07-21 09:00:00.000039936,22.1192,55.56,110.19399,9.7398035e-05,9.7736,50.0
