Time,Vmax,Rmax_IBT,R34,fcor,u_trans,v_trans
2011-07-20 12:00:00.000039936,18.004,83.34,90.284996,8.028322e-05,10.802401,70.0
2011-07-20 15:00:00.000039936,19.5472,74.08,90.284996,8.134267e-05,11.3168,60.0
2011-07-20 18:00:00.000039936,20.576,64.82,90.284996,8.2605824e-05,11.3168,55.0
2011-07-20 21:00:00.000039936,22.1192,64.82,90.284996,8.3859915e-05,11.3168,55.0
2011-07-21 00:00:00.000039936,23.148,64.82,90.284996,8.5311396e-05,11.3168,50.0
2011-07-21 03:00:00.000039936,24.6912,64.82,90.284996,8.675015e-05,11.8312,45.0
2011-07-21 06:00:00.000039936,25.720001,64.82,90.284996,8.858091e-05,12.3456,40.0
2011-07-21 09:00:00.000039936,27.2632,64.82,90.284996,9.058944e-05,13.3744,40.0
2011-07-21 12:00:00.000039936,28.292,64.82,90.284996,9.257037e-05,13.3744,40.0
2011-07-21 15:00:00.000039936,29.835201,55.56,90.284996,9.452311e-05,13.3744,45.0
2011-07-21 18:00:00.000039936,30.864,46.3,90.284996,9.625596e-05,12.3456,50.0
2011-07-21 21:00:00.000039936,29.835201,46.3,97.693,9.758735e-05,11.3168,55.0
2011-07-22 00:00:00.000039936,28.292,46.3,104.174995,9.871694e-05,11.3168,55.0
2011-07-22 03:00:00.000039936,27.2632,46.3,104.174995,9.983573e-05,11.3168,55.0
2011-07-22 06:00:00.000039936,25.720001,46.3,104.174995,0.00010094355,11.3168,55.0
2011-07-22 09:00:00.000039936,24.6912,46.3,104.174995,0.00010204031,11.8312,55.0
2011-07-22 12:00:00.000039936,23.148,46.3,104.174995,0.0001033057,12.3456,55.0
2011-07-22 15:00:00.000039936,22.1192,46.3,103.24899,0.00010473298,13.3744,55.0
2011-07-22 18:00:00.000039936,20.576,46.3,101.86,0.00010613984,14.4032,55.0
2011-07-22 21:00:00.000039936,20.576,46.3,99.545,0.00010752601,14.917601,55.0
