Time,Vmax,Rmax_IBT,R34,fcor,u_trans,v_trans
2023-06-19 18:00:00.000039936,18.004,74.08,32.41,2.807779e-05,9.2592,275.0
2023-06-19 21:00:00.000039936,18.004,74.08,41.67,2.8327528e-05,9.2592,275.0
2023-06-20 00:00:00.000039936,18.004,74.08,50.93,2.857718e-05,9.2592,275.0
2023-06-20 03:00:00.000039936,18.004,74.08,50.93,2.882674e-05,9.2592,275.0
2023-06-20 06:00:00.000039936,18.004,74.08,50.93,2.9076216e-05,9.2592,275.0
2023-06-20 09:00:00.000039936,18.004,74.08,57.875,2.9325609e-05,9.2592,275.0
2023-06-20 12:00:00.000039936,18.004,74.08,64.82,2.9574905e-05,9.2592,280.0
2023-06-20 15:00:00.000039936,19.5472,64.82,64.82,2.9824112e-05,8.744801,280.0
2023-06-20 18:00:00.000039936,20.576,55.56,64.82,3.0322259e-05,8.2304,285.0
2023-06-20 21:00:00.000039936,22.1192,55.56,64.82,3.0820032e-05,7.2016,285.0
2023-06-21 00:00:00.000039936,23.148,55.56,64.82,3.131743e-05,6.6872,285.0
2023-06-21 03:00:00.000039936,24.6912,46.3,69.45,3.1814445e-05,6.6872,285.0
2023-06-21 06:00:00.000039936,25.720001,37.04,74.08,3.206281e-05,6.6872,285.0
2023-06-21 09:00:00.000039936,25.720001,37.04,78.71,3.231108e-05,6.6872,285.0
2023-06-21 12:00:00.000039936,25.720001,37.04,83.34,3.280731e-05,6.6872,285.0
2023-06-21 15:00:00.000039936,27.2632,37.04,90.285,3.330315e-05,6.6872,285.0
2023-06-21 18:00:00.000039936,28.292,37.04,97.229996,3.3550914e-05,6.6872,280.0
2023-06-21 21:00:00.000039936,28.292,37.04,99.545,3.3798577e-05,6.6872,275.0
2023-06-22 00:00:00.000039936,28.292,37.04,101.86,3.3798577e-05,6.6872,275.0
2023-06-22 03:00:00.000039936,29.835201,37.04,104.175,3.404614e-05,6.6872,275.0
2023-06-22 06:00:00.000039936,30.864,37.04,106.49,3.404614e-05,6.6872,275.0
2023-06-22 09:00:00.000039936,30.864,37.04,115.75,3.404614e-05,7.2016,270.0
2023-06-22 12:00:00.000039936,30.864,37.04,125.009995,3.404614e-05,7.2016,270.0
2023-06-22 15:00:00.000039936,29.835201,46.3,131.955,3.404614e-05,7.716,265.0
2023-06-22 18:00:00.000039936,28.292,55.56,138.9,3.3798577e-05,7.716,265.0
2023-06-22 21:00:00.000039936,28.292,55.56,138.9,3.3550914e-05,7.716,265.0
2023-06-23 00:00:00.000039936,28.292,55.56,138.9,3.3550914e-05,8.2304,270.0
2023-06-23 03:00:00.000039936,28.292,55.56,138.9,3.3550914e-05,8.2304,270.0
2023-06-23 03:15:00.000066560,28.292,55.56,138.9,3.3550914e-05,8.744801,270.0
2023-06-23 06:00:00.000039936,25.720001,55.56,138.9,3.3550914e-05,8.744801,270.0
2023-06-23 09:00:00.000039936,25.720001,55.56,143.53,3.3550914e-05,9.2592,265.0
2023-06-23 12:00:00.000039936,25.720001,55.56,148.16,3.330315e-05,9.2592,265.0
2023-06-23 15:00:00.000039936,24.6912,55.56,129.64,3.305528e-05,9.2592,265.0
2023-06-23 18:00:00.000039936,23.148,55.56,111.12,3.305528e-05,9.2592,265.0
2023-06-23 21:00:00.000039936,23.148,55.56,97.23,3.280731e-05,9.2592,265.0
2023-06-24 00:00:00.000039936,23.148,55.56,83.34,3.280731e-05,9.2592,270.0
2023-06-24 03:00:00.000039936,22.1192,55.56,76.395,3.280731e-05,9.2592,270.0
2023-06-24 06:00:00.000039936,20.576,55.56,69.45,3.280731e-05,8.744801,270.0
2023-06-24 09:00:00.000039936,20.576,64.82,64.82,3.280731e-05,8.744801,270.0
