Time,Vmax,Rmax_IBT,R34,fcor,u_trans,v_trans
2012-06-17 18:00:00.000039936,18.004,92.6,37.04,7.6852295e-05,8.744801,30.0
2012-06-17 21:00:00.000039936,18.004,92.6,55.56,7.85754e-05,8.744801,20.0
2012-06-18 00:00:00.000039936,18.004,92.6,74.08,8.028322e-05,9.2592,20.0
2012-06-18 03:00:00.000039936,18.004,83.34,60.190002,8.197536e-05,9.2592,20.0
2012-06-18 06:00:00.000039936,18.004,74.08,46.3,8.3859915e-05,9.2592,20.0
2012-06-18 09:00:00.000039936,18.004,64.82,46.3,8.551773e-05,8.744801,20.0
2012-06-18 12:00:00.000039936,18.004,55.56,46.3,8.7158856e-05,8.2304,20.0
2012-06-18 15:00:00.000039936,19.5472,55.56,55.559998,8.858091e-05,7.2016,25.0
2012-06-18 18:00:00.000039936,20.576,55.56,64.82,8.9789304e-05,5.6584,35.0
2012-06-18 21:00:00.000039936,20.576,55.56,69.45,9.058944e-05,4.6296,50.0
2012-06-19 00:00:00.000039936,20.576,55.56,74.08,9.098784e-05,4.1152,55.0
2012-06-19 03:00:00.000039936,20.576,55.56,74.08,9.1583395e-05,4.1152,50.0
2012-06-19 06:00:00.000039936,20.576,55.56,74.08,9.197902e-05,4.1152,60.0
2012-06-19 09:00:00.000039936,20.576,55.56,74.08,9.2373535e-05,4.1152,65.0
2012-06-19 12:00:00.000039936,20.576,55.56,74.08,9.257037e-05,3.0864,70.0
2012-06-19 15:00:00.000039936,20.576,55.56,83.34,9.2766924e-05,2.572,80.0
2012-06-19 18:00:00.000039936,20.576,55.56,92.600006,9.2766924e-05,4.1152,110.0
2012-06-19 21:00:00.000039936,20.576,55.56,94.91501,9.2373535e-05,6.1728,120.0
2012-06-20 00:00:00.000039936,20.576,55.56,97.23001,9.1583395e-05,7.716,120.0
2012-06-20 03:00:00.000039936,20.576,55.56,99.545,9.098784e-05,8.744801,110.0
2012-06-20 06:00:00.000039936,20.576,55.56,101.86,9.038981e-05,8.744801,105.0
2012-06-20 09:00:00.000039936,22.1192,55.56,106.490005,8.998974e-05,8.744801,95.0
2012-06-20 12:00:00.000039936,23.148,55.56,111.119995,8.998974e-05,9.2592,90.0
2012-06-20 15:00:00.000039936,24.6912,55.56,111.119995,8.998974e-05,9.2592,85.0
2012-06-20 18:00:00.000039936,25.720001,55.56,111.119995,9.0189926e-05,10.288,85.0
2012-06-20 21:00:00.000039936,28.292,55.56,111.119995,9.038981e-05,11.3168,80.0
2012-06-21 00:00:00.000039936,30.864,55.56,111.119995,9.098784e-05,10.288,70.0
2012-06-21 03:00:00.000039936,33.436,55.56,111.119995,9.1781345e-05,9.2592,60.0
2012-06-21 06:00:00.000039936,36.008,55.56,111.119995,9.2766924e-05,8.744801,55.0
2012-06-21 09:00:00.000039936,37.5512,46.3,115.75,9.374543e-05,8.2304,50.0
2012-06-21 12:00:00.000039936,38.58,37.04,120.38,9.47168e-05,8.2304,40.0
2012-06-21 15:00:00.000039936,37.5512,37.04,120.38,9.606459e-05,8.2304,30.0
2012-06-21 18:00:00.000039936,36.008,37.04,120.38,9.7398035e-05,7.716,15.0
2012-06-21 21:00:00.000039936,33.436,37.04,118.06499,9.871694e-05,7.2016,5.0
2012-06-22 00:00:00.000039936,30.864,37.04,115.75,0.00010002111,7.2016,345.0
2012-06-22 03:00:00.000039936,28.292,64.82,113.435,0.00010131037,7.2016,325.0
2012-06-22 06:00:00.000039936,25.720001,92.6,111.12001,0.00010222201,7.2016,305.0
2012-06-22 09:00:00.000039936,24.6912,111.12,104.174995,0.00010276526,7.2016,285.0
