Time,Vmax,Rmax_IBT,R34,fcor,u_trans,v_trans
2017-06-19 18:00:00.000039936,18.004,333.36,83.34,5.83877e-05,3.6008,305.0
2017-06-19 21:00:00.000039936,18.004,268.54,83.34,5.8853857e-05,3.6008,305.0
2017-06-20 00:00:00.000039936,18.004,203.72,83.34,5.9319285e-05,3.6008,305.0
2017-06-20 03:00:00.000039936,18.004,203.72,83.34,5.9784e-05,3.6008,305.0
2017-06-20 06:00:00.000039936,18.004,203.72,83.34,6.0247978e-05,3.6008,315.0
2017-06-20 09:00:00.000039936,19.5472,203.72,125.009995,6.0942573e-05,4.1152,325.0
2017-06-20 12:00:00.000039936,20.576,203.72,166.68,6.1635496e-05,3.6008,330.0
2017-06-20 15:00:00.000039936,22.1192,240.76,180.56999,6.2326726e-05,3.6008,335.0
2017-06-20 18:00:00.000039936,23.148,277.8,194.45999,6.3016254e-05,3.0864,340.0
2017-06-20 21:00:00.000039936,24.6912,212.98,219.925,6.370404e-05,3.6008,335.0
2017-06-21 00:00:00.000039936,25.720001,148.16,245.39,6.43901e-05,3.6008,325.0
2017-06-21 03:00:00.000039936,25.720001,148.16,245.39,6.507438e-05,4.1152,320.0
2017-06-21 06:00:00.000039936,25.720001,148.16,245.39,6.575688e-05,4.6296,310.0
2017-06-21 09:00:00.000039936,25.720001,144.456,222.23999,6.643758e-05,4.6296,305.0
2017-06-21 12:00:00.000039936,25.720001,138.9,199.09,6.689037e-05,4.1152,305.0
2017-06-21 15:00:00.000039936,24.6912,138.9,185.2,6.734234e-05,4.1152,310.0
2017-06-21 18:00:00.000039936,23.148,138.9,171.31,6.801876e-05,4.1152,320.0
2017-06-21 21:00:00.000039936,23.148,138.9,166.68,6.869332e-05,4.1152,335.0
2017-06-22 00:00:00.000039936,23.148,138.9,162.05,6.958979e-05,3.0864,345.0
2017-06-22 03:00:00.000039936,23.148,138.9,155.10501,7.003676e-05,4.6296,350.0
2017-06-22 06:00:00.000039936,23.148,138.9,148.16,7.159438e-05,8.2304,350.0
