Time,Vmax,Rmax_IBT,R34,fcor,u_trans,v_trans
2008-07-19 12:00:00.000039936,18.004,64.82,69.45,7.814606e-05,3.0864,60.0
2008-07-19 15:00:00.000039936,20.576,74.08,69.45,7.85754e-05,3.0864,50.0
2008-07-19 18:00:00.000039936,23.148,83.34,69.45,7.900381e-05,3.0864,45.0
2008-07-19 21:00:00.000039936,23.148,83.34,69.45,7.943125e-05,2.572,40.0
2008-07-20 00:00:00.000039936,23.148,83.34,69.45,7.9857724e-05,2.572,35.0
2008-07-20 03:00:00.000039936,23.148,88.895996,69.45,8.028322e-05,3.0864,35.0
2008-07-20 06:00:00.000039936,23.148,92.6,69.45,8.0919635e-05,3.6008,45.0
2008-07-20 09:00:00.000039936,23.148,138.9,58.337997,8.134267e-05,3.6008,55.0
2008-07-20 12:00:00.000039936,23.148,185.2,46.3,8.176471e-05,3.6008,55.0
2008-07-20 15:00:00.000039936,23.148,175.94,46.3,8.2185776e-05,3.0864,50.0
2008-07-20 18:00:00.000039936,23.148,166.68,46.3,8.2605824e-05,3.0864,55.0
2008-07-20 21:00:00.000039936,23.148,166.68,46.3,8.302487e-05,3.6008,55.0
2008-07-21 00:00:00.000039936,23.148,166.68,46.3,8.34429e-05,4.6296,55.0
2008-07-21 03:00:00.000039936,24.6912,166.68,60.190002,8.4068044e-05,5.6584,50.0
2008-07-21 06:00:00.000039936,25.720001,166.68,74.08,8.489798e-05,5.6584,55.0
2008-07-21 09:00:00.000039936,27.2632,120.38,90.285,8.551773e-05,5.6584,55.0
2008-07-21 12:00:00.000039936,28.292,74.08,106.49,8.613512e-05,5.6584,55.0
2008-07-21 15:00:00.000039936,28.292,74.08,106.49,8.675015e-05,5.6584,60.0
2008-07-21 18:00:00.000039936,28.292,74.08,106.49,8.7362794e-05,5.6584,60.0
2008-07-21 21:00:00.000039936,28.292,74.08,102.323,8.7973065e-05,6.1728,60.0
2008-07-22 00:00:00.000039936,28.292,74.08,97.229996,8.858091e-05,6.6872,55.0
2008-07-22 03:00:00.000039936,28.292,74.08,97.229996,8.938759e-05,7.716,50.0
2008-07-22 06:00:00.000039936,28.292,74.08,97.229996,9.058944e-05,9.7736,45.0
2008-07-22 09:00:00.000039936,28.292,74.08,97.229996,9.197902e-05,11.8312,45.0
2008-07-22 12:00:00.000039936,28.292,74.08,97.229996,9.374543e-05,13.3744,50.0
2008-07-22 15:00:00.000039936,27.2632,64.82,93.989,9.529617e-05,13.8888,50.0
2008-07-22 18:00:00.000039936,25.720001,55.56,90.284996,9.701853e-05,14.917601,55.0
2008-07-22 21:00:00.000039936,24.6912,55.56,87.044,9.852942e-05,15.432,60.0
2008-07-23 00:00:00.000039936,23.148,55.56,83.34,0.00010002111,14.4032,60.0
2008-07-23 03:00:00.000039936,22.1192,55.56,87.044,0.000101127116,12.860001,65.0
