Time,Vmax,Rmax_IBT,R34,fcor,u_trans,v_trans
2002-08-07 00:00:00.000040448,20.576,111.12,34.725,7.314133e-05,2.0576,170.0
2002-08-07 03:00:00.000040448,20.576,129.64,40.744,7.270045e-05,2.0576,0.0
2002-08-07 06:00:00.000040448,20.576,148.16,46.3,7.2258685e-05,2.0576,170.0
2002-08-07 09:00:00.000040448,20.576,148.16,74.08,7.181604e-05,1.5432,150.0
2002-08-07 12:00:00.000040448,20.576,148.16,101.86,7.159438e-05,1.0288,80.0
2002-08-07 15:00:00.000040448,20.576,148.16,101.86,7.181604e-05,2.0576,40.0
2002-08-07 18:00:00.000040448,20.576,148.16,101.86,7.2258685e-05,2.0576,60.0
2002-08-07 21:00:00.000040448,22.1192,138.9,119.453995,7.2258685e-05,1.5432,90.0
2002-08-08 00:00:00.000040448,23.148,129.64,136.585,7.2258685e-05,1.5432,95.0
2002-08-08 03:00:00.000040448,23.148,129.64,136.585,7.2258685e-05,1.5432,90.0
2002-08-08 06:00:00.000040448,23.148,129.64,136.585,7.2258685e-05,2.572,85.0
2002-08-08 09:00:00.000040448,23.148,129.64,136.585,7.2258685e-05,4.1152,75.0
2002-08-08 12:00:00.000040448,23.148,129.64,136.585,7.270045e-05,7.2016,65.0
2002-08-08 15:00:00.000040448,23.148,129.64,131.029,7.380098e-05,10.288,55.0
