Time,Vmax,Rmax_IBT,R34,fcor,u_trans,v_trans
2009-08-15 18:00:00.000039936,18.004,46.3,34.725,2.8327528e-05,5.6584,260.0
2009-08-15 21:00:00.000039936,18.004,46.3,45.837,2.8327528e-05,5.144,270.0
2009-08-16 00:00:00.000039936,18.004,46.3,55.56,2.8327528e-05,5.144,280.0
2009-08-16 03:00:00.000039936,19.5472,46.3,87.506996,2.857718e-05,5.144,285.0
2009-08-16 06:00:00.000039936,20.576,46.3,118.064995,2.9076216e-05,6.1728,290.0
2009-08-16 09:00:00.000039936,23.148,79.636,150.012,2.9574905e-05,7.2016,290.0
2009-08-16 12:00:00.000039936,25.720001,111.12,180.57,3.0322259e-05,7.716,290.0
2009-08-16 15:00:00.000039936,27.2632,98.156,180.57,3.1068776e-05,8.744801,290.0
2009-08-16 18:00:00.000039936,28.292,83.34,180.57,3.1814445e-05,9.2592,290.0
2009-08-16 21:00:00.000039936,29.835201,83.34,180.57,3.2559245e-05,9.7736,285.0
2009-08-17 00:00:00.000039936,30.864,83.34,180.57,3.305528e-05,10.288,285.0
2009-08-17 03:00:00.000039936,32.4072,70.376,190.293,3.3550914e-05,9.7736,280.0
2009-08-17 06:00:00.000039936,33.436,55.56,199.09,3.404614e-05,8.744801,285.0
2009-08-17 09:00:00.000039936,36.008,46.3,199.553,3.454095e-05,7.2016,285.0
2009-08-17 12:00:00.000039936,38.58,37.04,199.09,3.5035337e-05,7.2016,290.0
2009-08-17 15:00:00.000039936,40.1232,37.04,199.09,3.5529305e-05,7.2016,290.0
2009-08-17 18:00:00.000039936,41.152,37.04,199.09,3.626943e-05,7.716,290.0
2009-08-17 21:00:00.000039936,42.6952,37.04,218.073,3.67623e-05,7.716,285.0
2009-08-18 00:00:00.000039936,43.724,37.04,236.13,3.7254722e-05,7.716,285.0
2009-08-18 03:00:00.000039936,45.2672,33.336,236.13,3.7746686e-05,7.716,290.0
2009-08-18 06:00:00.000039936,46.296,27.78,236.13,3.8483773e-05,7.2016,290.0
2009-08-18 09:00:00.000039936,47.8392,33.336,245.853,3.897458e-05,6.6872,290.0
2009-08-18 12:00:00.000039936,48.868,37.04,254.65,3.9464914e-05,7.2016,290.0
2009-08-18 15:00:00.000039936,50.4112,42.596,254.65,3.995476e-05,7.2016,290.0
2009-08-18 18:00:00.000039936,51.440002,46.3,254.65,4.0688625e-05,7.2016,295.0
2009-08-18 21:00:00.000039936,52.9832,42.596,254.65,4.142137e-05,7.2016,300.0
2009-08-19 00:00:00.000039936,54.012,37.04,254.65,4.239659e-05,7.2016,300.0
2009-08-19 03:00:00.000039936,56.584,37.04,254.65,4.3126656e-05,7.2016,300.0
2009-08-19 06:00:00.000039936,59.156002,37.04,254.65,4.409823e-05,7.716,300.0
2009-08-19 09:00:00.000039936,59.156002,37.04,254.65,4.4825505e-05,7.716,300.0
2009-08-19 12:00:00.000039936,59.156002,37.04,254.65,4.5793287e-05,8.2304,305.0
2009-08-19 15:00:00.000039936,59.156002,37.04,278.263,4.6999867e-05,8.2304,310.0
2009-08-19 18:00:00.000039936,59.156002,37.04,300.95,4.8202877e-05,8.2304,310.0
2009-08-19 21:00:00.000039936,59.156002,33.336,300.95,4.9402213e-05,7.716,305.0
2009-08-20 00:00:00.000039936,59.156002,27.78,300.95,5.035898e-05,7.716,305.0
2009-08-20 03:00:00.000039936,59.156002,27.78,300.95,5.131329e-05,8.2304,305.0
2009-08-20 06:00:00.000039936,59.156002,27.78,300.95,5.250265e-05,8.2304,305.0
2009-08-20 09:00:00.000039936,56.584,27.78,319.007,5.3688025e-05,8.2304,310.0
2009-08-20 12:00:00.000039936,54.012,27.78,335.675,5.4869302e-05,8.744801,310.0
2009-08-20 15:00:00.000039936,55.5552,27.78,340.305,5.6046403e-05,8.2304,310.0
2009-08-20 18:00:00.000039936,56.584,27.78,344.935,5.721923e-05,8.2304,310.0
2009-08-20 21:00:00.000039936,56.584,27.78,344.935,5.83877e-05,8.2304,310.0
2009-08-21 00:00:00.000039936,56.584,27.78,344.935,5.9551734e-05,8.2304,315.0
2009-08-21 03:00:00.000039936,55.5552,27.78,350.954,6.1173734e-05,9.2592,320.0
2009-08-21 06:00:00.000039936,54.012,27.78,356.51,6.278661e-05,9.7736,325.0
2009-08-21 09:00:00.000039936,52.9832,27.78,356.51,6.461839e-05,9.7736,330.0
2009-08-21 12:00:00.000039936,51.440002,27.78,356.51,6.643758e-05,9.2592,330.0
2009-08-21 15:00:00.000039936,50.4112,27.78,344.009,6.801876e-05,8.744801,330.0
2009-08-21 18:00:00.000039936,48.868,27.78,331.045,6.981338e-05,9.2592,335.0
2009-08-21 21:00:00.000039936,47.8392,33.336,331.045,7.181604e-05,9.7736,340.0
2009-08-22 00:00:00.000039936,46.296,37.04,331.045,7.380098e-05,10.288,340.0
2009-08-22 03:00:00.000039936,46.296,46.3,337.99,7.5985095e-05,10.288,340.0
2009-08-22 06:00:00.000039936,46.296,55.56,344.935,7.793102e-05,9.7736,345.0
2009-08-22 09:00:00.000039936,45.2672,55.56,344.935,7.9857724e-05,9.2592,350.0
2009-08-22 12:00:00.000039936,43.724,55.56,344.935,8.176471e-05,9.2592,355.0
2009-08-22 15:00:00.000039936,42.6952,55.56,344.935,8.365155e-05,9.7736,360.0
2009-08-22 18:00:00.000039936,41.152,55.56,344.935,8.5723776e-05,10.288,5.0
2009-08-22 21:00:00.000039936,41.152,55.56,342.62,8.776991e-05,10.802401,10.0
2009-08-23 00:00:00.000039936,41.152,55.56,340.305,8.998974e-05,10.802401,15.0
2009-08-23 03:00:00.000039936,40.1232,64.82,361.603,9.197902e-05,11.3168,25.0
2009-08-23 06:00:00.000039936,38.58,74.08,381.97498,9.3940274e-05,12.3456,25.0
2009-08-23 09:00:00.000039936,37.5512,74.08,381.97498,9.606459e-05,13.8888,30.0
2009-08-23 12:00:00.000039936,36.008,74.08,381.97498,9.834162e-05,14.4032,40.0
2009-08-23 15:00:00.000039936,34.979202,74.08,381.97498,0.00010020622,14.917601,45.0
2009-08-23 18:00:00.000039936,33.436,74.08,381.97498,0.00010204031,17.489601,55.0
2009-08-23 21:00:00.000039936,33.436,74.08,391.698,0.000103843304,19.0328,60.0
2009-08-24 00:00:00.000039936,33.436,74.08,400.495,0.00010543897,18.5184,65.0
2009-08-24 02:00:00.000053248,30.864,87.044,400.495,0.00010631424,14.917601,65.0
2009-08-24 03:00:00.000039936,30.864,92.6,400.495,0.00010648833,20.0616,65.0
