Time,Vmax,Rmax_IBT,R34,fcor,u_trans,v_trans
2018-07-08 06:00:00.000039936,18.004,74.08,23.15,7.9644604e-05,1.0288,45.0
2018-07-08 09:00:00.000039936,18.004,74.08,34.725,7.9644604e-05,1.5432,90.0
2018-07-08 12:00:00.000039936,18.004,74.08,46.3,7.9644604e-05,1.5432,120.0
2018-07-08 15:00:00.000039936,19.5472,74.08,53.245,7.943125e-05,1.5432,150.0
2018-07-08 18:00:00.000039936,20.576,74.08,60.19,7.900381e-05,1.5432,150.0
2018-07-08 21:00:00.000039936,22.1192,64.82,71.765,7.878973e-05,1.5432,140.0
2018-07-09 00:00:00.000039936,23.148,55.56,83.34,7.85754e-05,1.0288,145.0
2018-07-09 03:00:00.000039936,23.148,55.56,90.285,7.8360856e-05,1.0288,155.0
2018-07-09 06:00:00.000039936,23.148,55.56,97.23,7.814606e-05,1.0288,190.0
2018-07-09 09:00:00.000039936,24.6912,46.3,101.86,7.793102e-05,1.0288,205.0
2018-07-09 12:00:00.000039936,25.720001,37.04,106.49,7.771575e-05,1.0288,170.0
2018-07-09 15:00:00.000039936,27.2632,37.04,108.805,7.750023e-05,1.0288,120.0
2018-07-09 18:00:00.000039936,28.292,37.04,111.12,7.750023e-05,0.5144,90.0
2018-07-09 21:00:00.000039936,29.835201,37.04,111.12,7.750023e-05,0.5144,40.0
2018-07-10 00:00:00.000039936,30.864,37.04,111.12,7.771575e-05,1.0288,35.0
2018-07-10 03:00:00.000039936,30.864,37.04,111.12,7.793102e-05,1.5432,40.0
2018-07-10 06:00:00.000039936,30.864,37.04,111.12,7.814606e-05,2.572,45.0
2018-07-10 09:00:00.000039936,32.4072,37.04,111.12,7.85754e-05,3.6008,45.0
2018-07-10 12:00:00.000039936,33.436,37.04,111.12,7.921766e-05,4.1152,45.0
2018-07-10 15:00:00.000039936,36.008,27.78,120.38,7.9644604e-05,4.1152,50.0
2018-07-10 18:00:00.000039936,38.58,18.52,129.64,8.028322e-05,4.1152,55.0
2018-07-10 21:00:00.000039936,42.6952,18.52,129.64,8.070772e-05,4.6296,55.0
2018-07-11 00:00:00.000039936,46.296,18.52,129.64,8.134267e-05,5.144,55.0
2018-07-11 03:00:00.000039936,46.296,18.52,129.64,8.197536e-05,6.1728,55.0
2018-07-11 06:00:00.000039936,46.296,18.52,129.64,8.2815466e-05,7.2016,55.0
2018-07-11 09:00:00.000039936,45.2672,18.52,148.16,8.365155e-05,8.2304,55.0
2018-07-11 12:00:00.000039936,43.724,18.52,166.68,8.489798e-05,10.288,55.0
2018-07-11 15:00:00.000039936,42.6952,24.076,187.51501,8.6340384e-05,11.8312,55.0
2018-07-11 18:00:00.000039936,41.152,27.78,208.35,8.776991e-05,12.3456,55.0
2018-07-11 21:00:00.000039936,40.1232,27.78,219.925,8.9186324e-05,12.860001,55.0
2018-07-12 00:00:00.000039936,38.58,27.78,231.5,9.078879e-05,14.4032,45.0
2018-07-12 03:00:00.000039936,36.008,27.78,236.12999,9.296319e-05,15.9464,40.0
2018-07-12 06:00:00.000039936,33.436,27.78,240.76,9.548872e-05,15.9464,40.0
2018-07-12 09:00:00.000039936,32.4072,51.856,259.27997,9.7776356e-05,15.432,40.0
2018-07-12 12:00:00.000039936,30.864,74.08,277.8,0.00010002111,15.9464,40.0
2018-07-12 15:00:00.000039936,29.835201,74.08,277.8,0.00010222201,15.9464,40.0
2018-07-12 18:00:00.000039936,28.292,74.08,277.8,0.000104378065,15.9464,40.0
2018-07-12 21:00:00.000039936,25.720001,74.08,268.53998,0.00010648833,15.9464,40.0
2018-07-13 00:00:00.000039936,23.148,74.08,259.28,0.00010838173,15.432,45.0
2018-07-13 03:00:00.000039936,23.148,74.08,259.28,0.00011023518,15.432,50.0
2018-07-13 06:00:00.000039936,23.148,74.08,259.28,0.000111721456,15.9464,60.0
2018-07-13 09:00:00.000039936,22.1192,74.08,273.16998,0.00011269701,16.9752,75.0
2018-07-13 12:00:00.000039936,20.576,74.08,287.06,0.00011334053,19.0328,75.0
2018-07-13 15:00:00.000039936,20.576,74.08,268.54,0.00011413715,20.0616,75.0
2018-07-13 18:00:00.000039936,20.576,74.08,250.01999,0.00011492507,19.5472,70.0
2018-07-13 21:00:00.000039936,20.576,74.08,291.69,0.000115859024,18.5184,65.0
2018-07-14 00:00:00.000039936,20.576,74.08,333.36,0.0001172361,20.0616,60.0
2018-07-14 03:00:00.000039936,22.1192,74.08,333.36,0.00011902714,20.576,50.0
2018-07-14 06:00:00.000039936,23.148,74.08,333.36,0.0001209085,17.489601,45.0
2018-07-14 09:00:00.000039936,23.148,74.08,333.36,0.00012245185,13.3744,40.0
2018-07-14 12:00:00.000039936,23.148,74.08,333.36,0.00012368103,11.3168,40.0
2018-07-14 15:00:00.000039936,23.148,74.08,333.36,0.00012474804,10.288,40.0
2018-07-14 18:00:00.000039936,23.148,74.08,333.36,0.00012566173,8.2304,40.0
2018-07-14 21:00:00.000039936,23.148,74.08,333.36,0.00012642995,6.1728,35.0
2018-07-15 00:00:00.000039936,23.148,74.08,333.36,0.0001269344,3.6008,40.0
2018-07-15 03:00:00.000039936,22.1192,74.08,305.58,0.00012705957,1.0288,65.0
2018-07-15 06:00:00.000039936,20.576,74.08,277.8,0.00012705957,0.5144,75.0
2018-07-15 09:00:00.000039936,19.5472,74.08,250.02,0.00012705957,1.0288,55.0
