Time,Vmax,Rmax_IBT,R34,fcor,u_trans,v_trans
2002-08-29 18:00:00.000040448,18.004,37.04,92.6,2.4572832e-05,4.6296,275.0
2002-08-29 21:00:00.000040448,19.5472,42.596,101.86,2.4572832e-05,4.6296,270.0
2002-08-30 00:00:00.000040448,20.576,46.3,111.12,2.4572832e-05,5.6584,275.0
2002-08-30 03:00:00.000040448,22.1192,46.3,111.12,2.4823696e-05,7.2016,280.0
2002-08-30 06:00:00.000040448,23.148,46.3,111.12,2.53252e-05,8.744801,280.0
2002-08-30 09:00:00.000040448,24.6912,46.3,125.936,2.5575835e-05,9.2592,280.0
2002-08-30 12:00:00.000040448,25.720001,46.3,138.9,2.6076874e-05,8.744801,285.0
2002-08-30 15:00:00.000040448,25.720001,46.3,138.9,2.6577594e-05,7.716,290.0
2002-08-30 18:00:00.000040448,25.720001,46.3,138.9,2.7328068e-05,7.716,295.0
2002-08-30 21:00:00.000040448,24.6912,51.856,138.9,2.807779e-05,7.716,295.0
2002-08-31 00:00:00.000040448,23.148,55.56,138.9,2.9076216e-05,8.744801,295.0
2002-08-31 03:00:00.000040448,22.1192,55.56,138.9,2.9824112e-05,9.7736,290.0
2002-08-31 06:00:00.000040448,20.576,55.56,138.9,3.0571195e-05,10.288,290.0
2002-08-31 09:00:00.000040448,19.5472,55.56,138.9,3.156599e-05,10.802401,290.0
2002-08-31 12:00:00.000040448,18.004,55.56,138.9,3.231108e-05,10.802401,285.0
2002-08-31 15:00:00.000040448,18.004,55.56,105.101,3.280731e-05,10.288,280.0
2002-08-31 18:00:00.000040448,18.004,55.56,69.45,3.330315e-05,10.288,280.0
2002-08-31 21:00:00.000040448,18.004,55.56,69.45,3.3798577e-05,9.7736,280.0
2002-09-01 00:00:00.000040448,18.004,55.56,69.45,3.4293596e-05,9.2592,285.0
2002-09-01 03:00:00.000040448,18.004,55.56,81.025,3.47882e-05,8.2304,290.0
2002-09-01 06:00:00.000040448,18.004,55.56,92.6,3.5529305e-05,8.2304,290.0
2002-09-01 09:00:00.000040448,18.004,55.56,78.71,3.626943e-05,8.2304,295.0
2002-09-01 12:00:00.000040448,18.004,55.56,64.82,3.7254722e-05,8.2304,300.0
2002-09-01 15:00:00.000040448,19.5472,55.56,64.82,3.8238195e-05,7.716,305.0
2002-09-01 18:00:00.000040448,20.576,55.56,64.82,3.9219805e-05,6.6872,310.0
2002-09-01 21:00:00.000040448,20.576,55.56,64.82,4.0199502e-05,5.6584,315.0
2002-09-02 00:00:00.000040448,20.576,55.56,64.82,4.1177245e-05,5.144,320.0
2002-09-02 03:00:00.000040448,20.576,55.56,64.82,4.1909232e-05,4.6296,325.0
2002-09-02 06:00:00.000040448,20.576,55.56,64.82,4.288343e-05,4.6296,330.0
2002-09-02 09:00:00.000040448,22.1192,55.56,69.45,4.385554e-05,4.6296,335.0
2002-09-02 12:00:00.000040448,23.148,55.56,74.08,4.4825505e-05,4.1152,330.0
2002-09-02 15:00:00.000040448,23.148,55.56,74.08,4.5551555e-05,3.6008,330.0
2002-09-02 18:00:00.000040448,23.148,55.56,74.08,4.627635e-05,4.1152,330.0
2002-09-02 21:00:00.000040448,22.1192,55.56,74.08,4.7240763e-05,4.6296,335.0
2002-09-03 00:00:00.000040448,20.576,55.56,74.08,4.8202877e-05,2.572,335.0
2002-09-03 03:00:00.000040448,22.1192,55.56,74.08,4.844305e-05,1.5432,0.0
2002-09-03 06:00:00.000040448,23.148,55.56,74.08,4.892293e-05,4.6296,25.0
2002-09-03 09:00:00.000040448,23.148,55.56,74.08,5.035898e-05,8.2304,30.0
2002-09-03 12:00:00.000040448,23.148,55.56,74.08,5.22651e-05,8.2304,25.0
2002-09-03 15:00:00.000040448,23.148,55.56,74.08,5.3688025e-05,6.6872,20.0
2002-09-03 18:00:00.000040448,23.148,55.56,74.08,5.510506e-05,5.6584,10.0
2002-09-03 21:00:00.000040448,23.148,55.56,71.765,5.6281307e-05,4.6296,0.0
2002-09-04 00:00:00.000040448,23.148,55.56,69.45,5.721923e-05,3.6008,355.0
2002-09-04 03:00:00.000040448,20.576,46.3,55.559998,5.7920843e-05,2.0576,0.0
