Time,Vmax,Rmax_IBT,R34,fcor,u_trans,v_trans
2014-08-24 06:00:00.000039936,18.004,92.6,55.56,5.6046403e-05,3.6008,340.0
2014-08-24 09:00:00.000039936,19.5472,83.34,57.875,5.6750614e-05,3.6008,355.0
2014-08-24 12:00:00.000039936,20.576,74.08,60.190002,5.768715e-05,3.6008,360.0
2014-08-24 15:00:00.000039936,22.1192,74.08,60.190002,5.862087e-05,3.6008,0.0
2014-08-24 18:00:00.000039936,23.148,74.08,60.190002,5.9319285e-05,2.572,0.0
2014-08-24 21:00:00.000039936,23.148,74.08,62.504997,5.9551734e-05,1.0288,10.0
2014-08-25 00:00:00.000039936,23.148,74.08,64.82,5.9784e-05,1.0288,10.0
2014-08-25 03:00:00.000039936,23.148,92.6,74.08,6.0016075e-05,1.0288,25.0
2014-08-25 06:00:00.000039936,23.148,111.12,83.340004,6.0247978e-05,1.5432,30.0
2014-08-25 09:00:00.000039936,24.6912,111.12,83.340004,6.0479695e-05,2.0576,30.0
2014-08-25 12:00:00.000039936,25.720001,111.12,83.340004,6.0942573e-05,1.5432,40.0
2014-08-25 15:00:00.000039936,25.720001,129.64,97.229996,6.1173734e-05,1.5432,55.0
2014-08-25 18:00:00.000039936,25.720001,148.16,111.119995,6.14047e-05,1.5432,60.0
2014-08-25 21:00:00.000039936,29.835201,107.416,131.955,6.1635496e-05,1.5432,55.0
2014-08-26 00:00:00.000039936,33.436,64.82,152.79,6.186609e-05,2.0576,30.0
2014-08-26 03:00:00.000039936,33.436,70.376,157.42,6.2326726e-05,2.572,10.0
2014-08-26 06:00:00.000039936,33.436,74.08,162.05,6.3016254e-05,4.1152,10.0
2014-08-26 09:00:00.000039936,33.436,74.08,162.05,6.416161e-05,5.6584,10.0
2014-08-26 12:00:00.000039936,33.436,74.08,162.05,6.552959e-05,6.6872,15.0
2014-08-26 15:00:00.000039936,33.436,83.34,199.09,6.711647e-05,7.716,15.0
2014-08-26 18:00:00.000039936,33.436,92.6,236.13,6.869332e-05,7.716,5.0
2014-08-26 21:00:00.000039936,34.979202,79.636,245.39001,7.025991e-05,7.2016,355.0
2014-08-27 00:00:00.000039936,36.008,64.82,254.65001,7.181604e-05,6.6872,345.0
2014-08-27 03:00:00.000039936,36.008,64.82,247.705,7.314133e-05,6.1728,340.0
2014-08-27 06:00:00.000039936,36.008,64.82,240.76,7.423962e-05,5.6584,340.0
2014-08-27 09:00:00.000039936,36.008,64.82,240.76,7.533226e-05,5.144,350.0
2014-08-27 12:00:00.000039936,36.008,64.82,240.76,7.641916e-05,4.1152,5.0
2014-08-27 15:00:00.000039936,34.979202,64.82,233.81499,7.70685e-05,4.1152,25.0
2014-08-27 18:00:00.000039936,33.436,64.82,226.87,7.793102e-05,5.6584,35.0
2014-08-27 21:00:00.000039936,33.436,64.82,226.87,7.921766e-05,7.716,40.0
2014-08-28 00:00:00.000039936,33.436,64.82,226.87,8.049559e-05,9.2592,45.0
2014-08-28 03:00:00.000039936,33.436,64.82,226.87,8.176471e-05,9.7736,45.0
2014-08-28 06:00:00.000039936,33.436,64.82,226.87,8.3234e-05,10.288,45.0
2014-08-28 09:00:00.000039936,34.979202,61.116,226.87,8.489798e-05,11.3168,45.0
2014-08-28 12:00:00.000039936,36.008,55.56,226.87,8.6340384e-05,12.860001,60.0
2014-08-28 15:00:00.000039936,37.5512,55.56,245.39,8.756649e-05,15.432,65.0
2014-08-28 18:00:00.000039936,38.58,55.56,263.91,8.8782996e-05,18.5184,70.0
2014-08-28 21:00:00.000039936,38.58,74.08,289.375,9.0189926e-05,21.0904,65.0
2014-08-29 00:00:00.000039936,38.58,92.6,314.84,9.197902e-05,21.604801,65.0
2014-08-29 03:00:00.000039936,37.5512,92.6,324.1,9.374543e-05,22.1192,60.0
2014-08-29 06:00:00.000039936,36.008,92.6,333.36002,9.606459e-05,23.6624,55.0
2014-08-29 09:00:00.000039936,34.979202,111.12,368.08502,9.890416e-05,24.1768,50.0
2014-08-29 12:00:00.000039936,33.436,129.64,402.81,0.000101675956,21.0904,45.0
2014-08-29 15:00:00.000039936,33.436,129.64,412.07,0.00010402188,16.9752,40.0
2014-08-29 18:00:00.000039936,33.436,129.64,421.33002,0.00010613984,15.432,40.0
2014-08-29 21:00:00.000039936,33.436,129.64,428.275,0.00010786928,14.4032,50.0
2014-08-30 00:00:00.000039936,33.436,129.64,435.22,0.000109397704,13.3744,55.0
2014-08-30 03:00:00.000039936,33.436,129.64,435.22,0.00011056783,12.860001,60.0
2014-08-30 06:00:00.000039936,33.436,129.64,435.22,0.000111557674,12.3456,60.0
2014-08-30 09:00:00.000039936,32.4072,129.64,463.0,0.00011253527,12.860001,55.0
2014-08-30 12:00:00.000039936,30.864,129.64,490.78,0.00011381954,15.9464,50.0
2014-08-30 15:00:00.000039936,30.864,129.64,500.04,0.00011570424,19.0328,45.0
2014-08-30 18:00:00.000039936,30.864,129.64,509.3,0.00011798866,21.0904,30.0
2014-08-30 21:00:00.000039936,30.864,129.64,509.3,0.0001209085,22.1192,25.0
2014-08-31 00:00:00.000039936,30.864,129.64,509.3,0.00012368103,20.576,20.0
2014-08-31 03:00:00.000039936,30.864,129.64,465.315,0.00012591934,15.9464,20.0
2014-08-31 06:00:00.000039936,30.864,129.64,421.33002,0.0001275563,10.288,20.0
2014-08-31 09:00:00.000039936,30.864,129.64,421.33002,0.00012828971,5.6584,25.0
2014-08-31 12:00:00.000039936,30.864,129.64,421.33002,0.00012877084,5.144,30.0
2014-08-31 15:00:00.000039936,29.835201,129.64,421.33002,0.00012936343,6.1728,35.0
2014-08-31 18:00:00.000039936,28.292,129.64,421.33002,0.00012994619,7.2016,45.0
2014-08-31 21:00:00.000039936,27.2632,129.64,421.33002,0.00013051902,7.716,50.0
