Time,Vmax,Rmax_IBT,R34,fcor,u_trans,v_trans
2006-08-01 06:00:00.000039936,18.004,55.56,13.89,4.2152973e-05,4.6296,300.0
2006-08-01 09:00:00.000039936,19.5472,55.56,20.835001,4.2640077e-05,5.144,295.0
2006-08-01 12:00:00.000039936,20.576,55.56,27.78,4.3126656e-05,4.6296,300.0
2006-08-01 15:00:00.000039936,23.148,37.04,27.779999,4.3612705e-05,4.6296,305.0
2006-08-01 18:00:00.000039936,25.720001,18.52,27.78,4.4340795e-05,4.6296,300.0
2006-08-01 21:00:00.000039936,25.720001,18.52,42.596,4.4825505e-05,4.6296,300.0
2006-08-02 00:00:00.000039936,25.720001,18.52,55.56,4.5309676e-05,4.6296,295.0
2006-08-02 03:00:00.000039936,27.2632,18.52,68.524,4.5793287e-05,4.6296,300.0
2006-08-02 06:00:00.000039936,28.292,18.52,81.025,4.627635e-05,4.6296,300.0
2006-08-02 09:00:00.000039936,28.292,18.52,81.025,4.675884e-05,4.6296,305.0
2006-08-02 12:00:00.000039936,28.292,18.52,81.025,4.748151e-05,5.144,305.0
2006-08-02 15:00:00.000039936,27.2632,18.52,73.617,4.8202877e-05,5.144,305.0
2006-08-02 18:00:00.000039936,25.720001,18.52,64.82,4.892293e-05,5.144,300.0
2006-08-02 21:00:00.000039936,25.720001,33.336,64.82,4.9402213e-05,4.6296,290.0
2006-08-03 00:00:00.000039936,25.720001,46.3,64.82,4.9641636e-05,4.6296,290.0
2006-08-03 03:00:00.000039936,23.148,46.3,64.82,5.012002e-05,5.144,290.0
2006-08-03 06:00:00.000039936,20.576,46.3,64.82,5.035898e-05,5.144,285.0
2006-08-03 09:00:00.000039936,19.5472,70.376,48.614998,5.059779e-05,5.144,280.0
