Time,Vmax,Rmax_IBT,R34,fcor,u_trans,v_trans
2013-07-24 06:00:00.000039936,18.004,55.56,32.41,3.404614e-05,9.2592,285.0
2013-07-24 09:00:00.000039936,19.5472,46.3,32.41,3.454095e-05,9.7736,280.0
2013-07-24 12:00:00.000039936,20.576,37.04,32.41,3.5035337e-05,9.7736,285.0
2013-07-24 15:00:00.000039936,22.1192,37.04,32.41,3.5529305e-05,9.2592,285.0
2013-07-24 18:00:00.000039936,23.148,37.04,32.41,3.626943e-05,8.744801,285.0
2013-07-24 21:00:00.000039936,23.148,37.04,32.41,3.700857e-05,8.2304,290.0
2013-07-25 00:00:00.000039936,23.148,37.04,32.41,3.7500762e-05,7.716,285.0
2013-07-25 03:00:00.000039936,24.6912,27.78,41.67,3.7992504e-05,7.716,285.0
2013-07-25 06:00:00.000039936,25.720001,18.52,50.93,3.8483773e-05,7.716,285.0
2013-07-25 09:00:00.000039936,25.720001,18.52,57.875,3.897458e-05,8.2304,285.0
2013-07-25 12:00:00.000039936,25.720001,18.52,64.82001,3.9464914e-05,8.2304,280.0
2013-07-25 15:00:00.000039936,25.720001,18.52,64.82001,3.9709896e-05,8.2304,280.0
2013-07-25 18:00:00.000039936,25.720001,18.52,64.82001,4.0199502e-05,7.716,285.0
2013-07-25 21:00:00.000039936,24.6912,27.78,64.82001,4.0688625e-05,8.2304,285.0
2013-07-26 00:00:00.000039936,23.148,37.04,64.82001,4.1177245e-05,9.2592,285.0
2013-07-26 03:00:00.000039936,23.148,37.04,60.190002,4.1665367e-05,10.288,285.0
2013-07-26 06:00:00.000039936,23.148,37.04,55.56,4.239659e-05,10.288,285.0
2013-07-26 09:00:00.000039936,23.148,37.04,50.93,4.288343e-05,10.288,280.0
2013-07-26 12:00:00.000039936,23.148,37.04,46.3,4.3369746e-05,10.802401,280.0
2013-07-26 15:00:00.000039936,22.1192,37.04,46.3,4.385554e-05,10.802401,280.0
2013-07-26 18:00:00.000039936,20.576,37.04,46.3,4.409823e-05,10.802401,275.0
2013-07-26 21:00:00.000039936,19.5472,37.04,46.3,4.4340795e-05,10.288,275.0
2013-07-27 00:00:00.000039936,18.004,37.04,46.3,4.458322e-05,10.288,275.0
2013-07-27 03:00:00.000039936,18.004,37.04,46.3,4.4825505e-05,10.288,275.0
2013-07-27 06:00:00.000039936,18.004,37.04,46.3,4.506766e-05,9.7736,275.0
2013-07-27 09:00:00.000039936,18.004,74.08,50.93,4.5309676e-05,9.2592,280.0
2013-07-27 12:00:00.000039936,18.004,111.12,55.56,4.5793287e-05,9.2592,280.0
2013-07-27 15:00:00.000039936,18.004,111.12,55.56,4.6034886e-05,9.2592,280.0
2013-07-27 18:00:00.000039936,18.004,111.12,55.56,4.651767e-05,9.2592,280.0
2013-07-27 21:00:00.000039936,18.004,111.12,55.56,4.6999867e-05,9.2592,285.0
2013-07-28 00:00:00.000039936,18.004,111.12,55.56,4.748151e-05,9.7736,285.0
2013-07-28 03:00:00.000039936,18.004,111.12,55.56,4.796257e-05,9.2592,285.0
2013-07-28 06:00:00.000039936,18.004,111.12,55.56,4.844305e-05,9.2592,285.0
2013-07-28 09:00:00.000039936,18.004,111.12,55.56,4.892293e-05,8.744801,285.0
