Time,Vmax,Rmax_IBT,R34,fcor,u_trans,v_trans
2005-07-05 12:00:00.000039936,18.004,55.56,64.82,3.280731e-05,8.2304,290.0
2005-07-05 15:00:00.000039936,19.5472,55.56,64.82,3.3550914e-05,7.716,295.0
2005-07-05 18:00:00.000039936,20.576,55.56,64.82,3.4293596e-05,7.2016,300.0
2005-07-05 21:00:00.000039936,22.1192,46.3,69.45,3.5282377e-05,7.2016,300.0
2005-07-06 00:00:00.000039936,23.148,37.04,74.08,3.6022833e-05,6.6872,295.0
2005-07-06 03:00:00.000039936,24.6912,37.04,95.841,3.651592e-05,6.1728,290.0
2005-07-06 06:00:00.000039936,25.720001,37.04,115.74999,3.700857e-05,6.1728,285.0
2005-07-06 09:00:00.000039936,27.2632,37.04,117.13899,3.7500762e-05,6.1728,290.0
2005-07-06 12:00:00.000039936,28.292,37.04,118.064995,3.7992504e-05,5.6584,295.0
2005-07-06 15:00:00.000039936,29.835201,37.04,124.084,3.8483773e-05,5.6584,295.0
2005-07-06 18:00:00.000039936,30.864,37.04,129.64,3.9219805e-05,5.6584,300.0
2005-07-06 21:00:00.000039936,33.436,37.04,142.604,3.995476e-05,6.1728,300.0
2005-07-07 00:00:00.000039936,36.008,37.04,155.105,4.0688625e-05,6.1728,295.0
2005-07-07 03:00:00.000039936,38.58,37.04,157.42,4.1177245e-05,6.1728,295.0
2005-07-07 06:00:00.000039936,41.152,37.04,159.735,4.1909232e-05,5.6584,310.0
2005-07-07 09:00:00.000039936,43.724,33.336,172.699,4.288343e-05,6.1728,320.0
2005-07-07 12:00:00.000039936,46.296,27.78,185.2,4.409823e-05,6.6872,315.0
2005-07-07 15:00:00.000039936,48.868,27.78,186.589,4.5309676e-05,7.716,310.0
2005-07-07 18:00:00.000039936,51.440002,27.78,187.515,4.627635e-05,7.2016,310.0
2005-07-07 21:00:00.000039936,56.584,24.076,187.515,4.7240763e-05,6.6872,315.0
2005-07-08 00:00:00.000039936,61.728,18.52,187.515,4.844305e-05,7.2016,315.0
