Time,Vmax,Rmax_IBT,R34,fcor,u_trans,v_trans
2007-08-14 12:00:00.000039936,18.004,74.08,27.78,2.9824112e-05,9.2592,270.0
2007-08-14 15:00:00.000039936,19.5472,64.82,42.133,2.9824112e-05,9.2592,270.0
2007-08-14 18:00:00.000039936,20.576,55.56,55.559998,2.9824112e-05,8.744801,270.0
2007-08-14 21:00:00.000039936,23.148,55.56,66.209,2.9824112e-05,8.2304,275.0
2007-08-15 00:00:00.000039936,25.720001,55.56,76.395,3.0073232e-05,8.2304,275.0
2007-08-15 03:00:00.000039936,25.720001,55.56,76.395,3.0073232e-05,8.744801,275.0
2007-08-15 06:00:00.000039936,25.720001,55.56,76.395,3.0322259e-05,8.744801,275.0
2007-08-15 09:00:00.000039936,25.720001,46.3,76.395,3.0571195e-05,8.744801,280.0
2007-08-15 12:00:00.000039936,25.720001,37.04,76.395,3.1068776e-05,9.2592,285.0
2007-08-15 15:00:00.000039936,27.2632,37.04,80.099,3.1814445e-05,9.7736,285.0
2007-08-15 18:00:00.000039936,28.292,37.04,83.34,3.231108e-05,10.802401,280.0
2007-08-15 21:00:00.000039936,29.835201,37.04,83.34,3.2559245e-05,11.3168,275.0
2007-08-16 00:00:00.000039936,30.864,37.04,83.34,3.280731e-05,10.802401,275.0
2007-08-16 03:00:00.000039936,33.436,37.04,87.044,3.305528e-05,10.802401,275.0
2007-08-16 06:00:00.000039936,36.008,37.04,90.284996,3.330315e-05,10.288,275.0
2007-08-16 09:00:00.000039936,38.58,33.336,110.194,3.3550914e-05,10.288,280.0
2007-08-16 12:00:00.000039936,41.152,27.78,129.63998,3.404614e-05,10.802401,280.0
2007-08-16 15:00:00.000039936,41.152,27.78,147.23401,3.454095e-05,11.3168,280.0
2007-08-16 18:00:00.000039936,41.152,27.78,164.365,3.47882e-05,11.3168,275.0
2007-08-16 21:00:00.000039936,41.152,18.52,164.365,3.5035337e-05,10.802401,275.0
2007-08-17 00:00:00.000039936,41.152,9.26,164.365,3.5282377e-05,10.802401,275.0
2007-08-17 03:00:00.000039936,41.152,9.26,168.069,3.5529305e-05,10.288,275.0
2007-08-17 06:00:00.000039936,41.152,9.26,171.31,3.577612e-05,10.288,275.0
2007-08-17 09:00:00.000039936,43.724,14.816,185.2,3.6022833e-05,9.7736,275.0
2007-08-17 12:00:00.000039936,46.296,18.52,199.09,3.626943e-05,9.2592,280.0
2007-08-17 15:00:00.000039936,51.440002,24.076,217.61,3.67623e-05,9.2592,285.0
2007-08-17 18:00:00.000039936,56.584,27.78,236.13,3.7254722e-05,8.744801,280.0
2007-08-17 21:00:00.000039936,60.6992,24.076,252.33499,3.7500762e-05,8.2304,275.0
2007-08-18 00:00:00.000039936,64.3,18.52,268.53998,3.7500762e-05,7.716,270.0
2007-08-18 03:00:00.000039936,69.444,18.52,268.53998,3.7500762e-05,7.716,275.0
2007-08-18 06:00:00.000039936,74.588,18.52,268.53998,3.7746686e-05,7.2016,280.0
2007-08-18 09:00:00.000039936,74.588,18.52,273.16998,3.8238195e-05,7.2016,285.0
2007-08-18 12:00:00.000039936,74.588,18.52,277.8,3.872924e-05,7.716,290.0
2007-08-18 15:00:00.000039936,70.9872,18.52,273.17,3.9464914e-05,7.716,290.0
2007-08-18 18:00:00.000039936,66.872,18.52,268.53998,3.995476e-05,7.716,285.0
2007-08-18 21:00:00.000039936,64.3,18.52,261.595,4.0199502e-05,7.716,280.0
2007-08-19 00:00:00.000039936,61.728,18.52,254.65,4.0444127e-05,7.716,280.0
2007-08-19 03:00:00.000039936,61.728,18.52,254.65,4.0688625e-05,8.2304,280.0
2007-08-19 06:00:00.000039936,61.728,18.52,254.65,4.1177245e-05,8.2304,285.0
2007-08-19 09:00:00.000039936,63.271202,24.076,261.595,4.1665367e-05,8.744801,285.0
2007-08-19 12:00:00.000039936,64.3,27.78,268.53998,4.2152973e-05,8.744801,280.0
2007-08-19 15:00:00.000039936,64.3,37.04,256.039,4.239659e-05,8.744801,280.0
2007-08-19 18:00:00.000039936,64.3,46.3,243.07498,4.288343e-05,8.744801,280.0
2007-08-19 21:00:00.000039936,64.3,42.596,243.07498,4.3369746e-05,9.2592,285.0
2007-08-20 00:00:00.000039936,64.3,37.04,243.07498,4.385554e-05,9.7736,280.0
2007-08-20 03:00:00.000039936,65.8432,37.04,243.07498,4.409823e-05,9.7736,275.0
2007-08-20 06:00:00.000039936,66.872,37.04,243.07498,4.409823e-05,9.2592,275.0
2007-08-20 09:00:00.000039936,66.872,37.04,238.445,4.4340795e-05,8.2304,275.0
2007-08-20 12:00:00.000039936,66.872,37.04,233.81499,4.458322e-05,8.744801,275.0
2007-08-20 15:00:00.000039936,68.4152,27.78,233.81499,4.4825505e-05,8.744801,275.0
2007-08-20 18:00:00.000039936,69.444,18.52,233.81499,4.506766e-05,8.744801,275.0
2007-08-20 21:00:00.000039936,72.016,24.076,236.593,4.5309676e-05,8.744801,275.0
2007-08-21 00:00:00.000039936,74.588,27.78,238.44499,4.5551555e-05,8.744801,280.0
2007-08-21 03:00:00.000039936,76.1312,24.076,252.33499,4.6034886e-05,9.2592,285.0
2007-08-21 06:00:00.000039936,77.16,18.52,266.22498,4.651767e-05,9.2592,280.0
