Time,Vmax,Rmax_IBT,R34,fcor,u_trans,v_trans
2010-08-03 06:00:00.000039936,18.004,46.3,27.78,3.454095e-05,12.3456,280.0
2010-08-03 09:00:00.000039936,18.004,46.3,27.78,3.5282377e-05,13.8888,285.0
2010-08-03 12:00:00.000039936,18.004,46.3,27.78,3.6022833e-05,14.917601,285.0
2010-08-03 15:00:00.000039936,18.004,46.3,38.429,3.7254722e-05,15.432,290.0
2010-08-03 18:00:00.000039936,18.004,46.3,48.614998,3.8483773e-05,14.4032,290.0
2010-08-03 21:00:00.000039936,18.004,61.116,59.264,3.9464914e-05,13.3744,290.0
2010-08-04 00:00:00.000039936,18.004,74.08,69.45,4.0444127e-05,12.860001,290.0
2010-08-04 03:00:00.000039936,18.004,74.08,76.395004,4.142137e-05,12.860001,290.0
2010-08-04 06:00:00.000039936,18.004,74.08,83.340004,4.2640077e-05,12.860001,290.0
2010-08-04 09:00:00.000039936,18.004,64.82,87.044,4.385554e-05,12.3456,295.0
2010-08-04 12:00:00.000039936,18.004,55.56,90.284996,4.506766e-05,11.3168,300.0
2010-08-04 15:00:00.000039936,19.5472,55.56,73.154,4.651767e-05,9.7736,310.0
2010-08-04 18:00:00.000039936,20.576,55.56,55.56,4.796257e-05,9.2592,310.0
2010-08-04 21:00:00.000039936,20.576,55.56,55.56,4.9402213e-05,9.2592,310.0
2010-08-05 00:00:00.000039936,20.576,55.56,55.56,5.083645e-05,8.744801,315.0
2010-08-05 03:00:00.000039936,20.576,83.34,55.56,5.22651e-05,8.744801,320.0
2010-08-05 06:00:00.000039936,20.576,111.12,55.56,5.392461e-05,8.744801,320.0
2010-08-05 09:00:00.000039936,20.576,111.12,48.615,5.5340646e-05,8.744801,320.0
2010-08-05 12:00:00.000039936,20.576,111.12,41.67,5.698501e-05,8.744801,325.0
2010-08-05 15:00:00.000039936,22.1192,88.895996,55.559998,5.862087e-05,8.2304,330.0
2010-08-05 18:00:00.000039936,23.148,64.82,69.45,6.0247978e-05,7.2016,335.0
2010-08-05 21:00:00.000039936,25.720001,55.56,69.45,6.1635496e-05,7.2016,330.0
2010-08-06 00:00:00.000039936,25.720001,46.3,69.45,6.3016254e-05,6.6872,325.0
2010-08-06 03:00:00.000039936,23.148,88.895996,76.395,6.416161e-05,5.144,325.0
2010-08-06 06:00:00.000039936,20.576,129.64,83.34,6.4846485e-05,3.6008,345.0
2010-08-06 09:00:00.000039936,20.576,129.64,83.34,6.552959e-05,3.0864,10.0
2010-08-06 12:00:00.000039936,20.576,129.64,83.34,6.621089e-05,3.6008,15.0
2010-08-06 15:00:00.000039936,20.576,129.64,83.34,6.689037e-05,3.6008,15.0
2010-08-06 18:00:00.000039936,20.576,129.64,83.34,6.7793495e-05,4.1152,15.0
2010-08-06 21:00:00.000039936,20.576,129.64,83.34,6.869332e-05,4.1152,20.0
2010-08-07 00:00:00.000039936,20.576,129.64,83.34,6.958979e-05,3.6008,20.0
2010-08-07 03:00:00.000039936,19.5472,138.9,83.34,7.003676e-05,2.0576,25.0
2010-08-07 06:00:00.000039936,18.004,148.16,83.34,7.048288e-05,1.5432,30.0
2010-08-07 09:00:00.000039936,18.004,148.16,83.34,7.07056e-05,1.5432,40.0
2010-08-07 12:00:00.000039936,18.004,148.16,83.34,7.092813e-05,1.5432,55.0
2010-08-07 15:00:00.000039936,18.004,148.16,83.34,7.115043e-05,1.5432,55.0
