Time,Vmax,Rmax_IBT,R34,fcor,u_trans,v_trans
2015-08-18 12:00:00.000039936,18.004,74.08,37.04,2.6577594e-05,5.6584,280.0
2015-08-18 15:00:00.000039936,19.5472,70.376,43.985,2.6827835e-05,6.1728,280.0
2015-08-18 18:00:00.000039936,20.576,64.82,50.93,2.707799e-05,6.6872,280.0
2015-08-18 21:00:00.000039936,22.1192,61.116,53.245,2.7328068e-05,6.6872,280.0
2015-08-19 00:00:00.000039936,23.148,55.56,55.56,2.7578055e-05,6.1728,275.0
2015-08-19 03:00:00.000039936,23.148,51.856,55.56,2.7578055e-05,5.6584,275.0
2015-08-19 06:00:00.000039936,23.148,46.3,55.56,2.7827968e-05,5.6584,275.0
2015-08-19 09:00:00.000039936,23.148,46.3,62.505,2.807779e-05,5.6584,280.0
2015-08-19 12:00:00.000039936,23.148,46.3,69.45,2.8327528e-05,5.144,285.0
2015-08-19 15:00:00.000039936,24.6912,42.596,67.135,2.857718e-05,4.6296,290.0
2015-08-19 18:00:00.000039936,25.720001,37.04,64.82001,2.9076216e-05,5.144,285.0
2015-08-19 21:00:00.000039936,27.2632,37.04,64.82001,2.9325609e-05,5.144,280.0
2015-08-20 00:00:00.000039936,28.292,37.04,64.82001,2.9574905e-05,5.144,280.0
2015-08-20 03:00:00.000039936,29.835201,33.336,64.82001,2.9824112e-05,5.144,280.0
2015-08-20 06:00:00.000039936,30.864,27.78,64.82001,3.0073232e-05,5.144,285.0
2015-08-20 09:00:00.000039936,32.4072,27.78,67.135,3.0571195e-05,5.144,295.0
2015-08-20 12:00:00.000039936,33.436,27.78,69.45,3.1068776e-05,5.144,300.0
2015-08-20 15:00:00.000039936,36.008,24.076,69.45,3.156599e-05,5.144,300.0
2015-08-20 18:00:00.000039936,38.58,18.52,69.45,3.231108e-05,5.144,300.0
2015-08-20 21:00:00.000039936,41.152,18.52,69.45,3.280731e-05,5.144,295.0
2015-08-21 00:00:00.000039936,43.724,18.52,69.45,3.330315e-05,4.6296,290.0
2015-08-21 03:00:00.000039936,46.296,14.816,69.45,3.3798577e-05,4.1152,290.0
2015-08-21 06:00:00.000039936,48.868,9.26,69.45,3.404614e-05,4.1152,290.0
2015-08-21 09:00:00.000039936,52.9832,9.26,71.765,3.4293596e-05,4.1152,290.0
2015-08-21 12:00:00.000039936,56.584,9.26,74.08,3.47882e-05,4.6296,300.0
2015-08-21 15:00:00.000039936,55.5552,9.26,74.08,3.5282377e-05,4.6296,305.0
2015-08-21 18:00:00.000039936,54.012,9.26,74.08,3.6022833e-05,4.6296,300.0
2015-08-21 21:00:00.000039936,51.440002,9.26,74.08,3.651592e-05,4.6296,295.0
2015-08-22 00:00:00.000039936,48.868,9.26,74.08,3.700857e-05,4.6296,295.0
2015-08-22 03:00:00.000039936,46.296,9.26,74.08,3.7500762e-05,4.6296,290.0
2015-08-22 06:00:00.000039936,43.724,9.26,74.08,3.7746686e-05,5.144,285.0
2015-08-22 09:00:00.000039936,41.152,14.816,74.08,3.8238195e-05,5.6584,285.0
2015-08-22 12:00:00.000039936,38.58,18.52,74.08,3.8483773e-05,6.1728,280.0
2015-08-22 15:00:00.000039936,36.008,18.52,74.08,3.872924e-05,6.6872,280.0
2015-08-22 18:00:00.000039936,33.436,18.52,74.08,3.897458e-05,6.6872,275.0
2015-08-22 21:00:00.000039936,30.864,24.076,71.765,3.9219805e-05,6.6872,275.0
2015-08-23 00:00:00.000039936,28.292,27.78,69.450005,3.9219805e-05,6.6872,275.0
2015-08-23 03:00:00.000039936,27.2632,27.78,69.450005,3.9464914e-05,6.6872,275.0
2015-08-23 06:00:00.000039936,25.720001,27.78,69.450005,3.9464914e-05,6.6872,275.0
2015-08-23 09:00:00.000039936,24.6912,27.78,67.135,3.9464914e-05,6.6872,270.0
2015-08-23 12:00:00.000039936,23.148,27.78,64.82001,3.9464914e-05,7.2016,265.0
2015-08-23 15:00:00.000039936,22.1192,27.78,60.190002,3.9464914e-05,7.2016,265.0
2015-08-23 18:00:00.000039936,20.576,27.78,55.56,3.9219805e-05,6.6872,265.0
2015-08-23 21:00:00.000039936,20.576,33.336,46.300003,3.9219805e-05,5.6584,270.0
2015-08-24 00:00:00.000039936,20.576,37.04,37.04,3.9219805e-05,5.6584,275.0
2015-08-24 03:00:00.000039936,19.5472,37.04,37.04,3.9464914e-05,5.6584,280.0
