Time,Vmax,Rmax_IBT,R34,fcor,u_trans,v_trans
2011-07-27 18:00:00.000039936,18.004,46.3,37.04,5.4633376e-05,3.0864,295.0
2011-07-27 21:00:00.000039936,18.004,46.3,37.04,5.4869302e-05,3.6008,295.0
2011-07-28 00:00:00.000039936,18.004,46.3,37.04,5.5340646e-05,4.6296,300.0
2011-07-28 03:00:00.000039936,18.004,37.04,41.67,5.6046403e-05,5.6584,305.0
2011-07-28 06:00:00.000039936,18.004,27.78,46.300003,5.6750614e-05,6.1728,305.0
2011-07-28 09:00:00.000039936,19.5472,27.78,46.300003,5.768715e-05,6.6872,310.0
2011-07-28 12:00:00.000039936,20.576,27.78,46.300003,5.862087e-05,6.6872,300.0
2011-07-28 15:00:00.000039936,20.576,33.336,46.300003,5.9319285e-05,6.1728,295.0
2011-07-28 18:00:00.000039936,20.576,37.04,46.300003,5.9784e-05,6.1728,290.0
2011-07-28 21:00:00.000039936,22.1192,37.04,46.300003,6.0247978e-05,6.1728,290.0
2011-07-29 00:00:00.000039936,23.148,37.04,46.300003,6.0711227e-05,6.1728,290.0
2011-07-29 03:00:00.000039936,23.148,37.04,46.300003,6.1173734e-05,6.1728,295.0
2011-07-29 06:00:00.000039936,23.148,37.04,46.300003,6.186609e-05,6.1728,300.0
2011-07-29 09:00:00.000039936,23.148,37.04,46.300003,6.255676e-05,6.6872,305.0
2011-07-29 12:00:00.000039936,23.148,37.04,46.300003,6.3474974e-05,6.6872,300.0
2011-07-29 15:00:00.000039936,23.148,42.596,46.300003,6.416161e-05,6.1728,300.0
2011-07-29 18:00:00.000039936,23.148,46.3,46.300003,6.4846485e-05,6.6872,295.0
2011-07-29 21:00:00.000039936,20.576,46.3,37.04,6.552959e-05,7.2016,295.0
