Time,Vmax,Rmax_IBT,R34,fcor,u_trans,v_trans
2012-06-23 12:00:00.000039936,18.004,222.24,138.9,6.278661e-05,2.572,10.0
2012-06-23 15:00:00.000039936,19.5472,222.24,138.9,6.3474974e-05,2.572,10.0
2012-06-23 18:00:00.000039936,20.576,222.24,138.9,6.393293e-05,2.572,10.0
2012-06-23 21:00:00.000039936,22.1192,222.24,138.9,6.43901e-05,2.572,10.0
2012-06-24 00:00:00.000039936,23.148,222.24,138.9,6.507438e-05,2.572,15.0
2012-06-24 03:00:00.000039936,24.6912,222.24,157.42,6.552959e-05,2.572,20.0
2012-06-24 06:00:00.000039936,25.720001,222.24,175.94,6.621089e-05,3.0864,25.0
2012-06-24 09:00:00.000039936,27.2632,135.196,212.98001,6.689037e-05,3.6008,30.0
2012-06-24 12:00:00.000039936,28.292,46.3,250.01999,6.756802e-05,3.6008,40.0
2012-06-24 15:00:00.000039936,28.292,46.3,252.33499,6.801876e-05,3.0864,50.0
2012-06-24 18:00:00.000039936,28.292,46.3,254.65,6.8468675e-05,2.572,50.0
2012-06-24 21:00:00.000039936,27.2632,46.3,258.354,6.8917754e-05,2.0576,40.0
2012-06-25 00:00:00.000039936,25.720001,46.3,261.595,6.914198e-05,2.0576,35.0
2012-06-25 03:00:00.000039936,24.6912,92.6,256.039,6.958979e-05,1.5432,30.0
2012-06-25 06:00:00.000039936,23.148,138.9,250.01999,6.981338e-05,1.5432,35.0
2012-06-25 09:00:00.000039936,22.1192,138.9,229.18501,7.003676e-05,1.5432,40.0
2012-06-25 12:00:00.000039936,20.576,138.9,208.34999,7.025991e-05,1.5432,45.0
2012-06-25 15:00:00.000039936,20.576,138.9,199.09,7.048288e-05,1.5432,55.0
2012-06-25 18:00:00.000039936,20.576,138.9,189.83,7.07056e-05,1.5432,70.0
2012-06-25 21:00:00.000039936,22.1192,138.9,185.20001,7.07056e-05,1.5432,90.0
2012-06-26 00:00:00.000039936,23.148,138.9,180.57,7.07056e-05,1.5432,105.0
2012-06-26 03:00:00.000039936,22.1192,138.9,175.94,7.048288e-05,1.5432,110.0
2012-06-26 06:00:00.000039936,20.576,138.9,171.31,7.048288e-05,1.5432,105.0
2012-06-26 09:00:00.000039936,20.576,138.9,157.41998,7.048288e-05,2.0576,90.0
2012-06-26 12:00:00.000039936,20.576,138.9,143.53,7.048288e-05,2.0576,65.0
2012-06-26 15:00:00.000039936,19.5472,138.9,125.009995,7.07056e-05,3.0864,60.0
2012-06-26 18:00:00.000039936,18.004,138.9,106.49,7.115043e-05,4.1152,70.0
