Time,Vmax,Rmax_IBT,R34,fcor,u_trans,v_trans
2023-06-23 00:00:00.000039936,18.004,74.08,41.67,2.9076216e-05,6.6872,280.0
2023-06-23 03:00:00.000039936,19.5472,74.08,41.67,2.9325609e-05,6.6872,285.0
2023-06-23 06:00:00.000039936,20.576,74.08,41.67,2.9824112e-05,7.2016,285.0
2023-06-23 09:00:00.000039936,22.1192,74.08,41.67,3.0322259e-05,7.2016,285.0
2023-06-23 12:00:00.000039936,23.148,74.08,41.67,3.0820032e-05,7.2016,290.0
2023-06-23 15:00:00.000039936,23.148,74.08,41.67,3.156599e-05,7.2016,295.0
2023-06-23 18:00:00.000039936,23.148,74.08,41.67,3.231108e-05,7.2016,300.0
2023-06-23 21:00:00.000039936,23.148,74.08,41.67,3.330315e-05,7.2016,305.0
2023-06-24 00:00:00.000039936,23.148,74.08,41.67,3.4293596e-05,7.716,310.0
2023-06-24 03:00:00.000039936,24.6912,64.82,41.67,3.5529305e-05,7.716,310.0
2023-06-24 06:00:00.000039936,25.720001,55.56,41.67,3.67623e-05,8.2304,310.0
2023-06-24 09:00:00.000039936,25.720001,55.56,50.93,3.7992504e-05,8.744801,310.0
2023-06-24 12:00:00.000039936,25.720001,55.56,60.19,3.9464914e-05,8.744801,310.0
2023-06-24 15:00:00.000039936,25.720001,64.82,53.245003,4.0688625e-05,8.744801,310.0
2023-06-24 18:00:00.000039936,25.720001,74.08,46.300003,4.2152973e-05,9.2592,315.0
2023-06-24 21:00:00.000039936,24.6912,74.08,46.300003,4.385554e-05,9.7736,320.0
2023-06-25 00:00:00.000039936,23.148,74.08,46.300003,4.5551555e-05,9.2592,320.0
2023-06-25 03:00:00.000039936,23.148,74.08,46.300003,4.6999867e-05,8.744801,315.0
2023-06-25 06:00:00.000039936,23.148,74.08,46.300003,4.844305e-05,8.2304,315.0
2023-06-25 09:00:00.000039936,22.1192,83.34,46.300003,4.9880902e-05,8.2304,315.0
2023-06-25 12:00:00.000039936,20.576,92.6,46.300003,5.1074945e-05,8.2304,315.0
2023-06-25 15:00:00.000039936,20.576,101.86,37.04,5.250265e-05,8.2304,315.0
2023-06-25 18:00:00.000039936,20.576,111.12,27.78,5.3688025e-05,7.716,315.0
2023-06-25 21:00:00.000039936,19.5472,111.12,27.78,5.4869302e-05,7.2016,310.0
