Time,Vmax,Rmax_IBT,R34,fcor,u_trans,v_trans
2008-08-03 21:00:00.000039936,19.5472,46.3,23.150002,6.869332e-05,3.0864,270.0
2008-08-04 00:00:00.000039936,23.148,37.04,23.150002,6.869332e-05,4.1152,270.0
2008-08-04 03:00:00.000039936,22.1192,37.04,18.52,6.869332e-05,5.144,270.0
2008-08-04 06:00:00.000039936,20.576,37.04,13.89,6.869332e-05,4.1152,270.0
2008-08-04 09:00:00.000039936,20.576,37.04,13.89,6.869332e-05,3.0864,270.0
2008-08-04 12:00:00.000039936,20.576,37.04,13.89,6.869332e-05,3.0864,280.0
2008-08-04 15:00:00.000039936,20.576,37.04,48.614998,6.8917754e-05,3.0864,290.0
2008-08-04 18:00:00.000039936,20.576,37.04,83.340004,6.914198e-05,3.0864,290.0
2008-08-04 21:00:00.000039936,23.148,46.3,93.989,6.936598e-05,3.0864,290.0
2008-08-05 00:00:00.000039936,25.720001,55.56,104.175,6.958979e-05,4.6296,295.0
2008-08-05 03:00:00.000039936,27.2632,55.56,104.175,7.003676e-05,6.1728,295.0
2008-08-05 06:00:00.000039936,28.292,55.56,104.175,7.07056e-05,6.6872,295.0
2008-08-05 09:00:00.000039936,28.292,46.3,100.934006,7.137252e-05,6.6872,300.0
2008-08-05 12:00:00.000039936,28.292,37.04,97.23,7.2037474e-05,5.144,300.0
