Time,Vmax,Rmax_IBT,R34,fcor,u_trans,v_trans
2021-07-01 00:00:00.000039936,18.004,111.12,41.67,2.3568628e-05,12.3456,270.0
2021-07-01 03:00:00.000039936,18.004,101.86,62.504997,2.3568628e-05,12.3456,270.0
2021-07-01 06:00:00.000039936,18.004,92.6,83.34,2.3819783e-05,12.3456,275.0
2021-07-01 09:00:00.000039936,19.5472,92.6,99.545,2.432189e-05,12.860001,280.0
2021-07-01 12:00:00.000039936,20.576,92.6,115.75,2.5074483e-05,12.860001,285.0
2021-07-01 15:00:00.000039936,22.1192,92.6,118.064995,2.6076874e-05,12.860001,290.0
2021-07-01 18:00:00.000039936,23.148,92.6,120.38,2.707799e-05,12.860001,290.0
2021-07-01 21:00:00.000039936,24.6912,83.34,127.325,2.807779e-05,12.860001,290.0
2021-07-02 00:00:00.000039936,25.720001,74.08,134.27,2.9076216e-05,12.3456,290.0
2021-07-02 03:00:00.000039936,27.2632,64.82,148.16,3.0073232e-05,12.3456,290.0
2021-07-02 06:00:00.000039936,28.292,55.56,162.04999,3.1068776e-05,12.860001,290.0
2021-07-02 09:00:00.000039936,30.864,46.3,164.36499,3.1814445e-05,12.860001,285.0
2021-07-02 12:00:00.000039936,33.436,37.04,166.68,3.280731e-05,13.3744,285.0
2021-07-02 15:00:00.000039936,36.008,33.336,166.68,3.3798577e-05,13.8888,290.0
2021-07-02 18:00:00.000039936,38.58,27.78,166.68,3.47882e-05,13.8888,290.0
2021-07-02 21:00:00.000039936,37.5512,27.78,171.31,3.577612e-05,14.4032,290.0
2021-07-03 00:00:00.000039936,36.008,27.78,175.94,3.700857e-05,14.917601,290.0
2021-07-03 03:00:00.000039936,34.979202,27.78,168.995,3.8238195e-05,14.917601,290.0
2021-07-03 06:00:00.000039936,33.436,27.78,162.04999,3.9464914e-05,13.8888,290.0
2021-07-03 09:00:00.000039936,32.4072,27.78,157.42,4.0688625e-05,12.860001,290.0
2021-07-03 12:00:00.000039936,30.864,27.78,152.79,4.1665367e-05,11.8312,290.0
2021-07-03 15:00:00.000039936,30.864,33.336,148.16,4.239659e-05,11.3168,285.0
2021-07-03 18:00:00.000039936,30.864,37.04,143.53,4.3126656e-05,10.802401,285.0
2021-07-03 21:00:00.000039936,29.835201,37.04,145.845,4.3612705e-05,9.7736,280.0
2021-07-04 00:00:00.000039936,28.292,37.04,148.16,4.409823e-05,7.716,285.0
2021-07-04 03:00:00.000039936,28.292,37.04,143.53,4.458322e-05,5.6584,290.0
2021-07-04 06:00:00.000039936,28.292,37.04,138.9,4.506766e-05,5.144,295.0
2021-07-04 09:00:00.000039936,27.2632,37.04,131.955,4.5551555e-05,5.6584,300.0
2021-07-04 12:00:00.000039936,25.720001,37.04,125.009995,4.627635e-05,6.1728,305.0
2021-07-04 15:00:00.000039936,25.720001,37.04,120.380005,4.7240763e-05,6.6872,310.0
2021-07-04 18:00:00.000039936,25.720001,37.04,115.75,4.8202877e-05,6.6872,310.0
2021-07-04 21:00:00.000039936,27.2632,37.04,108.80499,4.916265e-05,6.1728,310.0
2021-07-05 00:00:00.000039936,28.292,37.04,101.86,5.012002e-05,6.1728,305.0
2021-07-05 03:00:00.000039936,28.292,37.04,92.6,5.083645e-05,5.6584,305.0
2021-07-05 06:00:00.000039936,28.292,37.04,83.340004,5.155148e-05,6.1728,300.0
2021-07-05 09:00:00.000039936,28.292,37.04,81.025,5.22651e-05,6.1728,300.0
2021-07-05 12:00:00.000039936,28.292,37.04,78.71,5.2977284e-05,5.6584,310.0
2021-07-05 15:00:00.000039936,28.292,37.04,78.71,5.3688025e-05,5.6584,315.0
2021-07-05 18:00:00.000039936,28.292,37.04,78.71,5.4869302e-05,6.6872,320.0
