Time,Vmax,Rmax_IBT,R34,fcor,u_trans,v_trans
2003-07-17 00:00:00.000040448,18.004,55.56,97.23,7.8360856e-05,4.6296,335.0
2003-07-17 03:00:00.000040448,20.576,55.56,97.23,7.921766e-05,5.144,340.0
2003-07-17 06:00:00.000040448,23.148,55.56,97.23,8.028322e-05,5.6584,330.0
2003-07-17 09:00:00.000040448,24.6912,55.56,97.23,8.134267e-05,6.1728,325.0
2003-07-17 12:00:00.000040448,25.720001,55.56,97.23,8.239592e-05,5.6584,335.0
2003-07-17 15:00:00.000040448,27.2632,46.3,104.175,8.34429e-05,4.6296,350.0
2003-07-17 18:00:00.000040448,28.292,37.04,111.12,8.427592e-05,4.6296,0.0
2003-07-17 21:00:00.000040448,28.292,37.04,111.12,8.510482e-05,4.6296,10.0
2003-07-18 00:00:00.000040448,28.292,37.04,111.12,8.613512e-05,4.6296,15.0
2003-07-18 03:00:00.000040448,28.292,42.596,125.936,8.695463e-05,5.144,20.0
2003-07-18 06:00:00.000040448,28.292,46.3,138.9,8.7973065e-05,5.6584,30.0
2003-07-18 09:00:00.000040448,29.835201,46.3,138.9,8.898478e-05,6.6872,40.0
2003-07-18 12:00:00.000040448,30.864,46.3,138.9,8.998974e-05,7.716,45.0
2003-07-18 15:00:00.000040448,32.4072,46.3,138.9,9.1186645e-05,8.2304,45.0
2003-07-18 18:00:00.000040448,33.436,46.3,138.9,9.217642e-05,8.2304,50.0
2003-07-18 21:00:00.000040448,33.436,46.3,133.344,9.315918e-05,8.2304,55.0
2003-07-19 00:00:00.000040448,33.436,46.3,127.325,9.3940274e-05,8.2304,55.0
2003-07-19 03:00:00.000040448,33.436,46.3,127.325,9.491022e-05,8.2304,50.0
2003-07-19 06:00:00.000040448,33.436,46.3,127.325,9.587293e-05,9.2592,55.0
2003-07-19 09:00:00.000040448,33.436,46.3,127.325,9.682832e-05,9.7736,60.0
2003-07-19 12:00:00.000040448,33.436,46.3,127.325,9.7776356e-05,9.2592,60.0
2003-07-19 15:00:00.000040448,32.4072,46.3,121.769,9.852942e-05,8.2304,70.0
2003-07-19 18:00:00.000040448,30.864,46.3,115.74999,9.890416e-05,7.2016,80.0
2003-07-19 21:00:00.000040448,29.835201,46.3,116.213,9.909108e-05,6.6872,90.0
2003-07-20 00:00:00.000040448,28.292,46.3,115.75,9.890416e-05,6.1728,95.0
2003-07-20 03:00:00.000040448,25.720001,46.3,111.119995,9.871694e-05,6.1728,100.0
2003-07-20 06:00:00.000040448,23.148,46.3,106.490005,9.852942e-05,6.6872,110.0
2003-07-20 09:00:00.000040448,22.1192,46.3,94.451996,9.815349e-05,7.2016,115.0
2003-07-20 12:00:00.000040448,20.576,46.3,81.024994,9.7398035e-05,7.716,125.0
