Time,Vmax,Rmax_IBT,R34,fcor,u_trans,v_trans
2022-09-01 12:00:00.000039936,18.004,55.56,27.78,8.998974e-05,1.5432,100.0
2022-09-01 15:00:00.000039936,20.576,51.856,37.04,8.998974e-05,1.5432,110.0
2022-09-01 18:00:00.000039936,23.148,46.3,46.3,8.9789304e-05,1.5432,110.0
2022-09-01 21:00:00.000039936,25.720001,42.596,62.505,8.958859e-05,1.5432,115.0
2022-09-02 00:00:00.000039936,28.292,37.04,78.71001,8.958859e-05,1.5432,115.0
2022-09-02 03:00:00.000039936,29.835201,33.336,90.285,8.938759e-05,1.5432,115.0
2022-09-02 06:00:00.000039936,30.864,27.78,101.86,8.938759e-05,1.0288,105.0
2022-09-02 09:00:00.000039936,32.4072,27.78,113.435,8.938759e-05,1.0288,90.0
2022-09-02 12:00:00.000039936,33.436,27.78,125.009995,8.938759e-05,0.5144,65.0
2022-09-02 15:00:00.000039936,33.436,27.78,134.26999,8.938759e-05,0.5144,35.0
2022-09-02 18:00:00.000039936,33.436,27.78,143.53,8.958859e-05,0.5144,0.0
2022-09-02 21:00:00.000039936,33.436,27.78,152.79,8.9789304e-05,0.5144,325.0
2022-09-03 00:00:00.000039936,33.436,27.78,162.04999,8.9789304e-05,0.5144,290.0
2022-09-03 03:00:00.000039936,32.4072,33.336,166.68,8.9789304e-05,1.0288,270.0
2022-09-03 06:00:00.000039936,30.864,37.04,171.31,8.9789304e-05,1.0288,270.0
2022-09-03 09:00:00.000039936,30.864,37.04,171.31,8.9789304e-05,1.5432,270.0
2022-09-03 12:00:00.000039936,30.864,37.04,171.31,8.9789304e-05,1.5432,270.0
2022-09-03 15:00:00.000039936,30.864,42.596,173.625,8.9789304e-05,1.5432,270.0
2022-09-03 18:00:00.000039936,30.864,46.3,175.94,8.9789304e-05,1.5432,260.0
2022-09-03 21:00:00.000039936,32.4072,46.3,178.255,8.9789304e-05,1.5432,250.0
2022-09-04 00:00:00.000039936,33.436,46.3,180.56999,8.958859e-05,1.5432,255.0
2022-09-04 03:00:00.000039936,34.979202,51.856,180.56999,8.958859e-05,1.0288,270.0
2022-09-04 06:00:00.000039936,36.008,55.56,180.56999,8.958859e-05,1.0288,300.0
2022-09-04 09:00:00.000039936,36.008,61.116,180.56999,8.9789304e-05,1.0288,335.0
2022-09-04 12:00:00.000039936,36.008,64.82,180.56999,8.998974e-05,1.5432,10.0
2022-09-04 15:00:00.000039936,37.5512,70.376,180.56999,9.0189926e-05,1.5432,25.0
2022-09-04 18:00:00.000039936,38.58,74.08,180.56999,9.058944e-05,1.5432,30.0
2022-09-04 21:00:00.000039936,38.58,74.08,180.56999,9.078879e-05,1.5432,25.0
2022-09-05 00:00:00.000039936,38.58,74.08,180.56999,9.1186645e-05,2.0576,30.0
2022-09-05 03:00:00.000039936,38.58,74.08,182.885,9.1583395e-05,3.0864,30.0
2022-09-05 06:00:00.000039936,38.58,74.08,185.2,9.217642e-05,3.6008,30.0
2022-09-05 09:00:00.000039936,38.58,74.08,187.515,9.2766924e-05,4.1152,30.0
2022-09-05 12:00:00.000039936,38.58,74.08,189.83,9.35503e-05,4.1152,30.0
2022-09-05 15:00:00.000039936,38.58,74.08,194.46,9.413484e-05,4.1152,30.0
2022-09-05 18:00:00.000039936,38.58,74.08,199.09001,9.491022e-05,4.1152,30.0
2022-09-05 21:00:00.000039936,37.5512,79.636,206.035,9.568096e-05,4.1152,30.0
2022-09-06 00:00:00.000039936,36.008,83.34,212.98,9.625596e-05,3.6008,35.0
2022-09-06 03:00:00.000039936,34.979202,83.34,215.295,9.682832e-05,3.6008,40.0
2022-09-06 06:00:00.000039936,33.436,83.34,217.61,9.720843e-05,3.0864,50.0
2022-09-06 09:00:00.000039936,33.436,88.895996,226.87001,9.758735e-05,3.0864,60.0
2022-09-06 12:00:00.000039936,33.436,92.6,236.13,9.7776356e-05,3.0864,65.0
2022-09-06 15:00:00.000039936,33.436,98.156,243.07501,9.796507e-05,3.0864,70.0
2022-09-06 18:00:00.000039936,33.436,101.86,250.01999,9.815349e-05,3.6008,75.0
2022-09-06 21:00:00.000039936,33.436,107.416,256.965,9.834162e-05,4.1152,75.0
2022-09-07 00:00:00.000039936,33.436,111.12,263.91,9.852942e-05,4.6296,70.0
2022-09-07 03:00:00.000039936,34.979202,111.12,273.17,9.890416e-05,5.144,65.0
2022-09-07 06:00:00.000039936,36.008,111.12,282.43,9.92777e-05,5.6584,65.0
2022-09-07 09:00:00.000039936,36.008,111.12,289.375,9.983573e-05,6.1728,60.0
2022-09-07 12:00:00.000039936,36.008,111.12,296.32,0.000100391015,6.6872,55.0
2022-09-07 15:00:00.000039936,36.008,111.12,300.95,0.000101127116,7.716,50.0
2022-09-07 18:00:00.000039936,36.008,111.12,305.58,0.00010204031,7.716,50.0
2022-09-07 21:00:00.000039936,34.979202,111.12,312.52496,0.00010276526,7.716,55.0
2022-09-08 00:00:00.000039936,33.436,111.12,319.46997,0.00010366442,7.716,55.0
2022-09-08 03:00:00.000039936,32.4072,111.12,324.09998,0.000104378065,7.2016,50.0
2022-09-08 06:00:00.000039936,30.864,111.12,328.72998,0.00010526295,6.6872,40.0
2022-09-08 09:00:00.000039936,29.835201,111.12,335.675,0.00010613984,6.6872,30.0
2022-09-08 12:00:00.000039936,28.292,111.12,342.62,0.000107181426,6.6872,25.0
2022-09-08 15:00:00.000039936,28.292,111.12,344.935,0.00010821125,6.6872,20.0
2022-09-08 18:00:00.000039936,28.292,111.12,347.25,0.00010922921,6.6872,15.0
2022-09-08 21:00:00.000039936,28.292,111.12,344.935,0.00011023518,6.6872,10.0
2022-09-09 00:00:00.000039936,28.292,111.12,342.62,0.00011139354,6.6872,360.0
2022-09-09 03:00:00.000039936,27.2632,111.12,340.305,0.00011253527,6.6872,340.0
2022-09-09 06:00:00.000039936,25.720001,111.12,337.99,0.00011334053,6.1728,310.0
2022-09-09 09:00:00.000039936,25.720001,111.12,333.36,0.000113660215,6.6872,275.0
2022-09-09 12:00:00.000039936,25.720001,111.12,328.72998,0.00011350054,7.716,245.0
2022-09-09 15:00:00.000039936,24.6912,111.12,277.8,0.00011269701,8.2304,220.0
2022-09-09 18:00:00.000039936,23.148,111.12,226.87,0.00011139354,9.2592,190.0
2022-09-09 21:00:00.000039936,23.148,111.12,219.92499,0.0001097337,10.802401,165.0
2022-09-10 00:00:00.000039936,23.148,111.12,212.98,0.000108040425,12.3456,145.0
2022-09-10 03:00:00.000039936,23.148,111.12,173.625,0.00010648833,13.3744,130.0
2022-09-10 06:00:00.000039936,23.148,111.12,134.27,0.00010508662,13.3744,120.0
2022-09-10 09:00:00.000039936,22.1192,111.12,134.27,0.000104200124,12.3456,110.0
2022-09-10 12:00:00.000039936,20.576,111.12,134.27,0.00010348522,9.7736,110.0
2022-09-10 15:00:00.000039936,20.576,111.12,131.955,0.000102945734,7.2016,110.0
2022-09-10 18:00:00.000039936,20.576,111.12,129.64,0.00010258449,6.6872,120.0
2022-09-10 21:00:00.000039936,20.576,111.12,129.64,0.00010204031,6.6872,130.0
2022-09-11 00:00:00.000039936,20.576,111.12,129.64,0.000101127116,7.2016,135.0
2022-09-11 03:00:00.000039936,19.5472,111.12,127.325,0.00010020622,7.716,140.0
2022-09-11 06:00:00.000039936,18.004,111.12,125.009995,9.890416e-05,8.744801,145.0
2022-09-11 09:00:00.000039936,18.004,111.12,97.229996,9.7398035e-05,9.7736,145.0
2022-09-11 12:00:00.000039936,18.004,111.12,69.45,9.606459e-05,8.744801,140.0
2022-09-11 15:00:00.000039936,18.004,101.86,67.135,9.491022e-05,8.2304,135.0
2022-09-11 18:00:00.000039936,18.004,92.6,64.82,9.3940274e-05,8.2304,130.0
2022-09-11 21:00:00.000039936,18.004,92.6,69.45,9.296319e-05,8.2304,130.0
2022-09-12 00:00:00.000039936,18.004,92.6,74.08,9.197902e-05,8.2304,125.0
2022-09-12 03:00:00.000039936,18.004,83.34,71.765,9.1186645e-05,8.2304,115.0
2022-09-12 06:00:00.000039936,18.004,74.08,69.45,9.058944e-05,7.716,100.0
2022-09-12 09:00:00.000039936,18.004,74.08,55.559998,9.058944e-05,8.2304,85.0
2022-09-12 12:00:00.000039936,18.004,74.08,41.67,9.098784e-05,9.2592,75.0
2022-09-12 15:00:00.000039936,18.004,74.08,55.559998,9.1583395e-05,10.288,65.0
2022-09-12 18:00:00.000039936,18.004,74.08,69.45,9.257037e-05,9.7736,55.0
2022-09-12 21:00:00.000039936,18.004,74.08,62.505,9.374543e-05,9.2592,40.0
2022-09-13 00:00:00.000039936,18.004,74.08,55.56,9.529617e-05,9.2592,25.0
2022-09-13 03:00:00.000039936,18.004,74.08,55.56,9.701853e-05,9.2592,15.0
2022-09-13 06:00:00.000039936,18.004,74.08,55.56,9.852942e-05,6.6872,5.0
2022-09-13 09:00:00.000039936,18.004,74.08,55.56,9.9464e-05,4.1152,355.0
2022-09-13 12:00:00.000039936,18.004,74.08,55.56,0.00010002111,3.0864,330.0
2022-09-13 15:00:00.000039936,18.004,74.08,55.56,0.000100391015,2.572,305.0
