Time,Vmax,Rmax_IBT,R34,fcor,u_trans,v_trans
2005-07-12 00:00:00.000039936,18.004,46.3,46.300003,2.7827968e-05,8.2304,270.0
2005-07-12 03:00:00.000039936,19.5472,46.3,46.300003,2.7827968e-05,8.744801,270.0
2005-07-12 06:00:00.000039936,20.576,46.3,46.300003,2.7827968e-05,8.744801,270.0
2005-07-12 09:00:00.000039936,22.1192,46.3,53.708,2.7827968e-05,8.744801,270.0
2005-07-12 12:00:00.000039936,23.148,46.3,60.19,2.7827968e-05,8.744801,270.0
2005-07-12 15:00:00.000039936,23.148,42.596,60.19,2.7827968e-05,9.2592,270.0
2005-07-12 18:00:00.000039936,23.148,37.04,60.19,2.7827968e-05,8.744801,270.0
2005-07-12 21:00:00.000039936,23.148,37.04,71.302,2.7827968e-05,8.744801,270.0
2005-07-13 00:00:00.000039936,23.148,37.04,81.025,2.7827968e-05,8.744801,270.0
2005-07-13 03:00:00.000039936,23.148,37.04,90.748,2.7827968e-05,8.744801,275.0
2005-07-13 06:00:00.000039936,23.148,37.04,99.545006,2.807779e-05,8.744801,275.0
2005-07-13 09:00:00.000039936,24.6912,61.116,106.952995,2.807779e-05,9.2592,275.0
2005-07-13 12:00:00.000039936,25.720001,83.34,113.435005,2.8327528e-05,9.2592,275.0
2005-07-13 15:00:00.000039936,27.2632,88.895996,133.344,2.857718e-05,8.744801,275.0
2005-07-13 18:00:00.000039936,28.292,92.6,152.79001,2.882674e-05,7.716,280.0
2005-07-13 21:00:00.000039936,32.4072,92.6,152.79001,2.9076216e-05,6.6872,280.0
2005-07-14 00:00:00.000039936,36.008,92.6,152.79001,2.9325609e-05,6.1728,280.0
2005-07-14 03:00:00.000039936,37.5512,64.82,152.79001,2.9574905e-05,6.6872,285.0
2005-07-14 06:00:00.000039936,38.58,37.04,152.79001,3.0073232e-05,8.2304,285.0
2005-07-14 07:00:00.000066560,38.58,33.336,151.86401,3.0322259e-05,9.2592,290.0
2005-07-14 09:00:00.000039936,40.6376,27.78,150.475,3.0820032e-05,8.744801,285.0
2005-07-14 12:00:00.000039936,43.724,18.52,148.16,3.131743e-05,8.744801,285.0
2005-07-14 15:00:00.000039936,47.8392,14.816,144.919,3.206281e-05,8.744801,285.0
2005-07-14 18:00:00.000039936,51.440002,9.26,141.215,3.2559245e-05,9.2592,285.0
2005-07-14 21:00:00.000039936,54.012,9.26,148.16,3.305528e-05,9.2592,285.0
2005-07-15 00:00:00.000039936,56.584,9.26,155.10501,3.3550914e-05,9.2592,285.0
2005-07-15 03:00:00.000039936,58.1272,9.26,158.80899,3.404614e-05,8.744801,285.0
2005-07-15 06:00:00.000039936,59.156002,9.26,162.05,3.454095e-05,8.744801,285.0
2005-07-15 09:00:00.000039936,59.156002,9.26,164.365,3.5035337e-05,8.744801,285.0
2005-07-15 12:00:00.000039936,59.156002,9.26,166.68001,3.5529305e-05,8.744801,285.0
2005-07-15 15:00:00.000039936,54.012,9.26,164.36499,3.6022833e-05,8.744801,285.0
2005-07-15 18:00:00.000039936,48.868,9.26,162.05,3.651592e-05,8.2304,285.0
2005-07-15 21:00:00.000039936,52.9832,14.816,162.05,3.700857e-05,8.2304,285.0
2005-07-16 00:00:00.000039936,56.584,18.52,162.05,3.7500762e-05,8.2304,285.0
2005-07-16 03:00:00.000039936,59.156002,18.52,164.365,3.7992504e-05,8.2304,290.0
2005-07-16 06:00:00.000039936,61.728,18.52,166.68,3.872924e-05,8.2304,290.0
2005-07-16 09:00:00.000039936,64.3,18.52,166.68,3.9219805e-05,7.716,290.0
2005-07-16 12:00:00.000039936,66.872,18.52,166.68,3.995476e-05,7.716,290.0
2005-07-16 15:00:00.000039936,68.4152,18.52,168.995,4.0444127e-05,7.716,290.0
2005-07-16 18:00:00.000039936,69.444,18.52,171.31,4.1177245e-05,8.2304,295.0
2005-07-16 21:00:00.000039936,70.9872,18.52,171.31,4.1909232e-05,8.2304,295.0
2005-07-17 00:00:00.000039936,72.016,18.52,171.31,4.288343e-05,8.744801,295.0
2005-07-17 03:00:00.000039936,70.9872,18.52,171.31,4.3612705e-05,8.744801,290.0
2005-07-17 06:00:00.000039936,69.444,18.52,171.31,4.4340795e-05,8.744801,290.0
2005-07-17 09:00:00.000039936,68.4152,18.52,171.31,4.506766e-05,8.2304,290.0
2005-07-17 12:00:00.000039936,66.872,18.52,171.31,4.5793287e-05,8.2304,290.0
2005-07-17 15:00:00.000039936,65.8432,18.52,171.31,4.651767e-05,7.716,295.0
2005-07-17 18:00:00.000039936,64.3,18.52,171.31,4.7240763e-05,7.716,295.0
2005-07-17 21:00:00.000039936,63.271202,18.52,175.94,4.796257e-05,7.716,295.0
2005-07-18 00:00:00.000039936,61.728,18.52,180.57,4.868306e-05,8.744801,300.0
2005-07-18 03:00:00.000039936,60.6992,18.52,186.58899,4.9880902e-05,8.2304,300.0
2005-07-18 06:00:00.000039936,59.156002,18.52,192.14499,5.059779e-05,7.2016,290.0
2005-07-18 06:30:00.000053248,59.156002,18.52,190.756,5.059779e-05,7.716,295.0
