Time,Vmax,Rmax_IBT,R34,fcor,u_trans,v_trans
2012-08-02 12:00:00.000039936,18.004,74.08,69.45,3.280731e-05,9.7736,280.0
2012-08-02 15:00:00.000039936,20.576,107.416,76.395,3.305528e-05,9.7736,275.0
2012-08-02 18:00:00.000039936,23.148,138.9,83.34,3.330315e-05,9.7736,275.0
2012-08-02 21:00:00.000039936,23.148,125.936,90.284996,3.3550914e-05,10.288,275.0
2012-08-03 00:00:00.000039936,23.148,111.12,97.229996,3.3798577e-05,10.802401,275.0
2012-08-03 03:00:00.000039936,22.1192,111.12,101.86,3.404614e-05,11.3168,275.0
2012-08-03 06:00:00.000039936,20.576,111.12,106.49,3.4293596e-05,10.288,275.0
2012-08-03 09:00:00.000039936,20.576,111.12,111.119995,3.454095e-05,9.7736,275.0
2012-08-03 12:00:00.000039936,20.576,111.12,115.75,3.454095e-05,8.744801,275.0
2012-08-03 15:00:00.000039936,20.576,70.376,118.065,3.47882e-05,8.744801,275.0
2012-08-03 18:00:00.000039936,20.576,27.78,120.38,3.47882e-05,7.716,270.0
2012-08-03 21:00:00.000039936,20.576,33.336,113.435,3.47882e-05,7.716,270.0
2012-08-04 00:00:00.000039936,20.576,37.04,106.49,3.47882e-05,7.716,270.0
2012-08-04 03:00:00.000039936,22.1192,37.04,106.49,3.47882e-05,8.2304,275.0
2012-08-04 06:00:00.000039936,23.148,37.04,106.49,3.5035337e-05,7.716,280.0
2012-08-04 09:00:00.000039936,23.148,37.04,106.49,3.5282377e-05,7.716,280.0
2012-08-04 12:00:00.000039936,23.148,37.04,106.49,3.577612e-05,7.716,285.0
2012-08-04 15:00:00.000039936,23.148,37.04,106.49,3.626943e-05,8.2304,285.0
2012-08-04 18:00:00.000039936,23.148,37.04,106.490005,3.67623e-05,9.2592,285.0
2012-08-04 21:00:00.000039936,23.148,42.596,106.490005,3.7254722e-05,10.288,280.0
2012-08-05 00:00:00.000039936,23.148,46.3,106.490005,3.7746686e-05,10.802401,275.0
2012-08-05 03:00:00.000039936,23.148,55.56,104.175,3.7746686e-05,11.3168,270.0
2012-08-05 06:00:00.000039936,23.148,64.82,101.86,3.7746686e-05,11.8312,270.0
2012-08-05 09:00:00.000039936,23.148,88.895996,101.86,3.7746686e-05,11.3168,270.0
2012-08-05 12:00:00.000039936,23.148,111.12,101.86,3.7746686e-05,10.288,270.0
2012-08-05 15:00:00.000039936,23.148,92.6,101.86,3.7746686e-05,8.2304,275.0
2012-08-05 18:00:00.000039936,23.148,74.08,101.86,3.7992504e-05,6.6872,275.0
2012-08-05 21:00:00.000039936,23.148,55.56,101.86,3.7992504e-05,5.6584,275.0
2012-08-06 00:00:00.000039936,23.148,37.04,101.86,3.8238195e-05,4.1152,280.0
2012-08-06 03:00:00.000039936,24.6912,37.04,97.229996,3.8483773e-05,3.6008,285.0
2012-08-06 06:00:00.000039936,25.720001,37.04,92.6,3.872924e-05,3.0864,295.0
2012-08-06 09:00:00.000039936,27.2632,37.04,92.6,3.897458e-05,3.6008,295.0
2012-08-06 12:00:00.000039936,28.292,37.04,92.6,3.9464914e-05,4.6296,300.0
2012-08-06 15:00:00.000039936,28.292,37.04,92.6,3.995476e-05,5.6584,295.0
2012-08-06 18:00:00.000039936,28.292,37.04,92.6,4.0688625e-05,5.6584,295.0
2012-08-06 21:00:00.000039936,28.292,37.04,92.6,4.1177245e-05,5.6584,300.0
2012-08-07 00:00:00.000039936,28.292,37.04,92.6,4.1909232e-05,6.1728,300.0
2012-08-07 03:00:00.000039936,28.292,33.336,106.49,4.2640077e-05,6.1728,300.0
2012-08-07 06:00:00.000039936,28.292,27.78,120.380005,4.3369746e-05,6.1728,300.0
2012-08-07 09:00:00.000039936,30.864,27.78,131.95499,4.385554e-05,6.1728,295.0
2012-08-07 12:00:00.000039936,33.436,27.78,143.53,4.458322e-05,6.6872,295.0
2012-08-07 15:00:00.000039936,36.008,27.78,152.79001,4.5309676e-05,7.2016,295.0
2012-08-07 18:00:00.000039936,38.58,27.78,162.05,4.6034886e-05,7.716,290.0
2012-08-07 21:00:00.000039936,40.1232,24.076,171.31,4.651767e-05,7.2016,285.0
2012-08-08 00:00:00.000039936,41.152,18.52,180.57,4.675884e-05,5.144,280.0
2012-08-08 01:00:00.000066560,41.152,18.52,180.57,4.675884e-05,5.144,280.0
2012-08-08 03:00:00.000039936,43.209602,18.52,180.57,4.6999867e-05,6.6872,280.0
