Time,Vmax,Rmax_IBT,R34,fcor,u_trans,v_trans
2015-08-24 18:00:00.000039936,20.576,111.12,64.82,3.6022833e-05,9.2592,270.0
2015-08-24 21:00:00.000039936,20.576,101.86,64.82,3.6022833e-05,8.744801,275.0
2015-08-25 00:00:00.000039936,20.576,92.6,64.82,3.626943e-05,8.744801,275.0
2015-08-25 03:00:00.000039936,20.576,92.6,64.82,3.651592e-05,8.744801,280.0
2015-08-25 06:00:00.000039936,20.576,92.6,64.82,3.700857e-05,8.2304,280.0
2015-08-25 09:00:00.000039936,20.576,92.6,64.82,3.7254722e-05,8.2304,280.0
2015-08-25 12:00:00.000039936,20.576,92.6,64.82,3.7746686e-05,8.2304,280.0
2015-08-25 15:00:00.000039936,19.5472,92.6,64.82,3.7992504e-05,8.744801,280.0
2015-08-25 18:00:00.000039936,18.004,92.6,64.82,3.8483773e-05,8.744801,280.0
2015-08-25 21:00:00.000039936,18.004,92.6,69.45,3.897458e-05,8.744801,285.0
2015-08-26 00:00:00.000039936,18.004,92.6,74.08,3.9464914e-05,8.2304,280.0
2015-08-26 03:00:00.000039936,18.004,92.6,74.08,3.9709896e-05,8.2304,275.0
2015-08-26 06:00:00.000039936,18.004,92.6,74.08,3.995476e-05,8.2304,280.0
2015-08-26 09:00:00.000039936,19.5472,101.86,78.71,4.0199502e-05,8.2304,280.0
2015-08-26 12:00:00.000039936,20.576,111.12,83.34,4.0688625e-05,7.716,280.0
2015-08-26 15:00:00.000039936,20.576,111.12,83.34,4.093299e-05,7.2016,280.0
2015-08-26 18:00:00.000039936,20.576,111.12,83.34,4.1177245e-05,6.6872,280.0
2015-08-26 21:00:00.000039936,20.576,111.12,83.34,4.142137e-05,6.6872,280.0
2015-08-27 00:00:00.000039936,20.576,111.12,83.34,4.1665367e-05,6.1728,270.0
2015-08-27 03:00:00.000039936,22.1192,83.34,87.97,4.1665367e-05,6.6872,265.0
2015-08-27 06:00:00.000039936,23.148,55.56,92.6,4.142137e-05,6.6872,265.0
2015-08-27 09:00:00.000039936,23.148,55.56,101.86,4.142137e-05,6.6872,270.0
2015-08-27 12:00:00.000039936,23.148,55.56,111.12,4.142137e-05,6.6872,270.0
2015-08-27 15:00:00.000039936,23.148,55.56,111.12,4.142137e-05,6.6872,275.0
2015-08-27 18:00:00.000039936,23.148,55.56,111.12,4.1665367e-05,7.2016,285.0
2015-08-27 21:00:00.000039936,23.148,55.56,111.12,4.239659e-05,8.2304,295.0
2015-08-28 00:00:00.000039936,23.148,55.56,111.12,4.3126656e-05,8.2304,290.0
2015-08-28 03:00:00.000039936,23.148,55.56,115.75,4.3612705e-05,8.744801,280.0
2015-08-28 06:00:00.000039936,23.148,55.56,120.380005,4.385554e-05,8.744801,275.0
2015-08-28 09:00:00.000039936,23.148,74.08,120.380005,4.409823e-05,8.744801,275.0
