Time,Vmax,Rmax_IBT,R34,fcor,u_trans,v_trans
2006-08-23 00:00:00.000039936,18.004,55.56,55.56,3.7500762e-05,7.716,300.0
2006-08-23 03:00:00.000039936,19.5472,55.56,61.579002,3.8483773e-05,8.2304,300.0
2006-08-23 06:00:00.000039936,20.576,55.56,67.134995,3.9464914e-05,8.744801,305.0
2006-08-23 09:00:00.000039936,22.1192,55.56,68.524,4.0688625e-05,9.2592,305.0
2006-08-23 12:00:00.000039936,23.148,55.56,69.45,4.1909232e-05,8.744801,305.0
2006-08-23 15:00:00.000039936,23.148,64.82,64.82,4.3126656e-05,8.2304,305.0
2006-08-23 18:00:00.000039936,23.148,74.08,60.19,4.409823e-05,8.2304,300.0
2006-08-23 21:00:00.000039936,23.148,74.08,60.19,4.506766e-05,8.2304,300.0
2006-08-24 00:00:00.000039936,23.148,74.08,60.19,4.6034886e-05,8.744801,300.0
2006-08-24 03:00:00.000039936,23.148,74.08,60.19,4.6999867e-05,8.744801,300.0
2006-08-24 06:00:00.000039936,23.148,74.08,60.19,4.796257e-05,8.744801,300.0
2006-08-24 09:00:00.000039936,23.148,64.82,60.19,4.892293e-05,9.2592,300.0
2006-08-24 12:00:00.000039936,23.148,55.56,60.19,5.012002e-05,8.744801,300.0
2006-08-24 15:00:00.000039936,23.148,55.56,60.19,5.1074945e-05,8.744801,300.0
2006-08-24 18:00:00.000039936,23.148,55.56,60.19,5.2027382e-05,8.744801,300.0
2006-08-24 21:00:00.000039936,23.148,55.56,61.579,5.2977284e-05,8.2304,300.0
2006-08-25 00:00:00.000039936,23.148,55.56,62.504997,5.392461e-05,8.2304,305.0
2006-08-25 03:00:00.000039936,23.148,55.56,55.56,5.4869302e-05,7.716,305.0
2006-08-25 06:00:00.000039936,23.148,55.56,48.614998,5.6046403e-05,7.716,310.0
2006-08-25 09:00:00.000039936,22.1192,55.56,52.319,5.721923e-05,7.716,310.0
2006-08-25 12:00:00.000039936,20.576,55.56,55.559998,5.83877e-05,7.716,310.0
2006-08-25 15:00:00.000039936,19.5472,55.56,49.078003,5.9319285e-05,7.716,300.0
2006-08-25 18:00:00.000039936,18.004,55.56,41.67,6.0247978e-05,6.6872,300.0
2006-08-25 21:00:00.000039936,18.004,111.12,41.67,6.0711227e-05,5.144,295.0
