Time,Vmax,Rmax_IBT,R34,fcor,u_trans,v_trans
2002-09-02 06:00:00.000040448,18.004,55.56,37.04,7.314133e-05,2.0576,325.0
2002-09-02 09:00:00.000040448,18.004,55.56,41.67,7.3581316e-05,1.5432,15.0
2002-09-02 12:00:00.000040448,18.004,55.56,46.300003,7.380098e-05,2.0576,60.0
2002-09-02 15:00:00.000040448,18.004,55.56,50.930004,7.402041e-05,2.572,80.0
2002-09-02 18:00:00.000040448,18.004,55.56,55.560005,7.402041e-05,2.572,85.0
2002-09-02 21:00:00.000040448,18.004,55.56,60.190002,7.402041e-05,1.5432,90.0
2002-09-03 00:00:00.000040448,18.004,55.56,64.82,7.402041e-05,1.0288,110.0
2002-09-03 03:00:00.000040448,18.004,55.56,76.395,7.380098e-05,0.5144,140.0
2002-09-03 06:00:00.000040448,18.004,55.56,87.97,7.380098e-05,0.5144,105.0
2002-09-03 09:00:00.000040448,23.148,37.04,87.97,7.380098e-05,0.5144,90.0
2002-09-03 12:00:00.000040448,28.292,18.52,87.97,7.380098e-05,1.5432,230.0
2002-09-03 15:00:00.000040448,25.720001,33.336,87.044,7.336144e-05,3.6008,230.0
2002-09-03 18:00:00.000040448,23.148,46.3,85.655,7.2921e-05,2.0576,230.0
2002-09-03 21:00:00.000040448,22.1192,46.3,85.655,7.270045e-05,0.5144,220.0
2002-09-04 00:00:00.000040448,20.576,46.3,85.655,7.270045e-05,1.0288,260.0
2002-09-04 03:00:00.000040448,19.5472,46.3,85.655,7.270045e-05,1.5432,270.0
2002-09-04 06:00:00.000040448,18.004,46.3,85.655,7.270045e-05,1.5432,275.0
2002-09-04 09:00:00.000040448,18.004,42.596,82.414,7.270045e-05,1.5432,270.0
2002-09-04 12:00:00.000040448,18.004,37.04,78.71,7.270045e-05,2.0576,260.0
2002-09-04 15:00:00.000040448,18.004,37.04,80.099,7.247968e-05,3.0864,250.0
2002-09-04 18:00:00.000040448,18.004,37.04,81.025,7.2258685e-05,3.0864,240.0
2002-09-04 21:00:00.000040448,18.004,37.04,81.025,7.181604e-05,2.572,235.0
2002-09-05 00:00:00.000040448,18.004,37.04,81.025,7.159438e-05,3.0864,250.0
