Time,Vmax,Rmax_IBT,R34,fcor,u_trans,v_trans
2009-08-26 12:00:00.000039936,20.576,166.68,166.68001,6.0711227e-05,4.6296,305.0
2009-08-26 15:00:00.000039936,22.1192,194.46,173.625,6.1173734e-05,3.6008,315.0
2009-08-26 18:00:00.000039936,23.148,222.24,180.56999,6.186609e-05,4.1152,325.0
2009-08-26 21:00:00.000039936,24.6912,203.72,184.27399,6.278661e-05,4.6296,330.0
2009-08-27 00:00:00.000039936,25.720001,185.2,187.515,6.370404e-05,5.6584,335.0
2009-08-27 03:00:00.000039936,25.720001,185.2,194.46,6.507438e-05,6.1728,335.0
2009-08-27 06:00:00.000039936,25.720001,185.2,201.405,6.621089e-05,5.6584,320.0
2009-08-27 09:00:00.000039936,25.720001,185.2,208.35,6.689037e-05,4.6296,295.0
2009-08-27 12:00:00.000039936,25.720001,185.2,215.295,6.711647e-05,3.6008,280.0
2009-08-27 15:00:00.000039936,24.6912,185.2,212.05399,6.711647e-05,2.572,270.0
2009-08-27 18:00:00.000039936,23.148,185.2,208.34999,6.711647e-05,2.0576,315.0
2009-08-27 21:00:00.000039936,22.1192,203.72,201.405,6.7793495e-05,3.6008,345.0
2009-08-28 00:00:00.000039936,20.576,222.24,194.45999,6.869332e-05,5.144,335.0
2009-08-28 03:00:00.000039936,19.5472,222.24,166.68,6.981338e-05,6.1728,320.0
2009-08-28 06:00:00.000039936,18.004,222.24,138.9,7.07056e-05,6.1728,310.0
2009-08-28 09:00:00.000039936,18.004,222.24,138.9,7.159438e-05,5.6584,310.0
2009-08-28 12:00:00.000039936,18.004,222.24,138.9,7.2258685e-05,4.1152,310.0
2009-08-28 15:00:00.000039936,18.004,222.24,104.174995,7.270045e-05,2.572,325.0
2009-08-28 18:00:00.000039936,18.004,222.24,69.45,7.314133e-05,3.0864,20.0
2009-08-28 21:00:00.000039936,18.004,222.24,69.45,7.402041e-05,5.6584,35.0
