Time,Vmax,Rmax_IBT,R34,fcor,u_trans,v_trans
2013-08-15 06:00:00.000039936,18.004,129.64,27.78,3.5529305e-05,6.6872,280.0
2013-08-15 09:00:00.000039936,18.004,92.6,27.78,3.577612e-05,6.6872,280.0
2013-08-15 12:00:00.000039936,18.004,55.56,27.78,3.6022833e-05,6.6872,285.0
2013-08-15 15:00:00.000039936,18.004,55.56,27.78,3.651592e-05,6.6872,290.0
2013-08-15 18:00:00.000039936,18.004,55.56,27.78,3.700857e-05,7.2016,290.0
2013-08-15 21:00:00.000039936,18.004,55.56,27.78,3.7746686e-05,7.716,295.0
2013-08-16 00:00:00.000039936,18.004,55.56,27.78,3.8483773e-05,7.716,295.0
2013-08-16 03:00:00.000039936,18.004,55.56,27.78,3.9219805e-05,7.716,295.0
2013-08-16 06:00:00.000039936,18.004,55.56,27.78,3.995476e-05,7.716,295.0
2013-08-16 09:00:00.000039936,18.004,55.56,27.78,4.0688625e-05,7.716,295.0
2013-08-16 12:00:00.000039936,18.004,55.56,27.78,4.142137e-05,7.716,300.0
2013-08-16 15:00:00.000039936,18.004,64.82,27.78,4.239659e-05,7.716,305.0
2013-08-16 18:00:00.000039936,18.004,74.08,27.78,4.3369746e-05,7.2016,305.0
2013-08-16 21:00:00.000039936,19.5472,92.6,53.245,4.409823e-05,6.6872,305.0
2013-08-17 00:00:00.000039936,20.576,111.12,78.71,4.506766e-05,6.1728,310.0
2013-08-17 03:00:00.000039936,20.576,111.12,78.71,4.6034886e-05,6.1728,315.0
2013-08-17 06:00:00.000039936,20.576,111.12,78.71,4.6999867e-05,5.6584,315.0
2013-08-17 09:00:00.000039936,19.5472,111.12,67.135,4.796257e-05,5.6584,315.0
2013-08-17 12:00:00.000039936,18.004,111.12,55.56,4.892293e-05,5.144,320.0
2013-08-17 15:00:00.000039936,18.004,111.12,55.56,4.9880902e-05,5.144,315.0
2013-08-17 18:00:00.000039936,18.004,111.12,55.56,5.059779e-05,5.144,305.0
2013-08-17 21:00:00.000039936,18.004,111.12,41.670002,5.1074945e-05,5.144,290.0
