Time,Vmax,Rmax_IBT,R34,fcor,u_trans,v_trans
2020-07-06 00:00:00.000039936,18.004,74.08,23.15,8.6545406e-05,15.9464,60.0
2020-07-06 03:00:00.000039936,18.004,74.08,32.41,8.8175955e-05,15.9464,55.0
2020-07-06 06:00:00.000039936,18.004,74.08,41.67,8.998974e-05,16.4608,55.0
2020-07-06 09:00:00.000039936,19.5472,74.08,48.615,9.1781345e-05,16.9752,55.0
2020-07-06 12:00:00.000039936,20.576,74.08,55.56,9.35503e-05,17.489601,60.0
2020-07-06 15:00:00.000039936,20.576,74.08,55.56,9.529617e-05,18.004,60.0
2020-07-06 18:00:00.000039936,20.576,74.08,55.56,9.701853e-05,17.489601,55.0
2020-07-06 21:00:00.000039936,20.576,74.08,55.56,9.871694e-05,16.9752,55.0
2020-07-07 00:00:00.000039936,20.576,74.08,55.56,0.00010057548,16.9752,55.0
2020-07-07 03:00:00.000039936,20.576,74.08,55.56,0.00010222201,16.9752,55.0
2020-07-07 06:00:00.000039936,20.576,74.08,55.56,0.00010402188,16.9752,50.0
2020-07-07 09:00:00.000039936,20.576,74.08,55.56,0.000105790044,16.9752,50.0
2020-07-07 12:00:00.000039936,20.576,74.08,55.56,0.00010769781,16.9752,50.0
2020-07-07 15:00:00.000039936,20.576,74.08,55.56,0.000109397704,16.9752,55.0
2020-07-07 18:00:00.000039936,20.576,74.08,55.56,0.00011089913,16.9752,60.0
2020-07-07 21:00:00.000039936,19.5472,74.08,55.56,0.000112210764,16.4608,60.0
