Time,Vmax,Rmax_IBT,R34,fcor,u_trans,v_trans
2018-08-15 12:00:00.000039936,18.004,148.16,120.380005,8.938759e-05,2.572,355.0
2018-08-15 15:00:00.000039936,18.004,148.16,120.380005,8.998974e-05,3.6008,5.0
2018-08-15 18:00:00.000039936,18.004,148.16,120.380005,9.078879e-05,4.1152,15.0
2018-08-15 21:00:00.000039936,18.004,148.16,120.380005,9.1583395e-05,4.6296,20.0
2018-08-16 00:00:00.000039936,18.004,148.16,120.380005,9.2373535e-05,5.144,25.0
2018-08-16 03:00:00.000039936,18.004,148.16,120.380005,9.335488e-05,5.6584,30.0
2018-08-16 06:00:00.000039936,18.004,148.16,120.380005,9.4329116e-05,6.6872,25.0
2018-08-16 09:00:00.000039936,19.5472,148.16,113.435,9.548872e-05,7.2016,30.0
2018-08-16 12:00:00.000039936,20.576,148.16,106.49,9.6637836e-05,7.2016,45.0
2018-08-16 15:00:00.000039936,20.576,129.64,106.49,9.758735e-05,7.716,55.0
2018-08-16 18:00:00.000039936,20.576,111.12,106.49,9.834162e-05,8.744801,55.0
2018-08-16 21:00:00.000039936,20.576,129.64,106.49,9.92777e-05,9.2592,50.0
2018-08-17 00:00:00.000039936,20.576,148.16,106.49,0.000100391015,10.288,50.0
2018-08-17 03:00:00.000039936,20.576,148.16,106.49,0.000101675956,11.3168,50.0
2018-08-17 06:00:00.000039936,20.576,148.16,106.49,0.000102945734,12.3456,50.0
2018-08-17 09:00:00.000039936,20.576,148.16,115.75,0.000104378065,13.3744,50.0
2018-08-17 12:00:00.000039936,20.576,148.16,125.009995,0.000105965104,13.8888,50.0
2018-08-17 15:00:00.000039936,20.576,148.16,122.695,0.00010752601,14.4032,55.0
2018-08-17 18:00:00.000039936,20.576,148.16,120.380005,0.0001088912,14.917601,55.0
2018-08-17 21:00:00.000039936,20.576,157.42,125.009995,0.00011023518,15.9464,60.0
2018-08-18 00:00:00.000039936,20.576,166.68,129.64,0.00011139354,17.489601,65.0
2018-08-18 03:00:00.000039936,19.5472,166.68,129.64,0.00011269701,18.5184,65.0
2018-08-18 06:00:00.000039936,18.004,166.68,129.64,0.00011381954,16.9752,70.0
2018-08-18 09:00:00.000039936,18.004,166.68,129.64,0.00011461094,14.917601,70.0
2018-08-18 12:00:00.000039936,18.004,166.68,129.64,0.00011539363,14.4032,70.0
2018-08-18 15:00:00.000039936,18.004,194.46,129.64,0.00011632124,14.917601,70.0
2018-08-18 18:00:00.000039936,18.004,222.24,129.64,0.00011708451,13.8888,70.0
2018-08-18 21:00:00.000039936,18.004,250.02,106.49,0.00011768871,13.3744,70.0
