Time,Vmax,Rmax_IBT,R34,fcor,u_trans,v_trans
2019-08-24 18:00:00.000039936,18.004,55.56,27.78,2.6827835e-05,6.1728,280.0
2019-08-24 21:00:00.000039936,18.004,55.56,27.78,2.707799e-05,6.1728,280.0
2019-08-25 00:00:00.000039936,18.004,55.56,27.78,2.7328068e-05,5.6584,280.0
2019-08-25 03:00:00.000039936,18.004,55.56,27.78,2.7578055e-05,5.6584,280.0
2019-08-25 06:00:00.000039936,18.004,55.56,27.78,2.7827968e-05,6.1728,280.0
2019-08-25 09:00:00.000039936,19.5472,55.56,27.78,2.807779e-05,6.6872,280.0
2019-08-25 12:00:00.000039936,20.576,55.56,27.78,2.8327528e-05,6.6872,280.0
2019-08-25 15:00:00.000039936,22.1192,55.56,27.78,2.857718e-05,6.1728,280.0
2019-08-25 18:00:00.000039936,23.148,55.56,27.78,2.882674e-05,6.1728,280.0
2019-08-25 21:00:00.000039936,23.148,55.56,46.3,2.9076216e-05,6.1728,280.0
2019-08-26 00:00:00.000039936,23.148,55.56,64.82,2.9325609e-05,6.6872,280.0
2019-08-26 03:00:00.000039936,23.148,55.56,64.82,2.9574905e-05,6.6872,285.0
2019-08-26 06:00:00.000039936,23.148,55.56,64.82,3.0073232e-05,6.6872,285.0
2019-08-26 09:00:00.000039936,23.148,55.56,64.82,3.0322259e-05,6.1728,285.0
2019-08-26 12:00:00.000039936,23.148,55.56,64.82,3.0820032e-05,6.1728,285.0
2019-08-26 15:00:00.000039936,23.148,51.856,64.82,3.131743e-05,5.6584,290.0
2019-08-26 18:00:00.000039936,23.148,46.3,64.82,3.1814445e-05,5.6584,295.0
2019-08-26 21:00:00.000039936,23.148,46.3,64.82,3.231108e-05,5.144,295.0
2019-08-27 00:00:00.000039936,23.148,46.3,64.82,3.280731e-05,4.6296,295.0
2019-08-27 01:30:00.000039936,23.148,46.3,60.19,3.305528e-05,5.144,295.0
2019-08-27 03:00:00.000039936,23.148,46.3,60.19,3.330315e-05,6.1728,295.0
2019-08-27 06:00:00.000039936,23.148,46.3,60.19,3.404614e-05,5.144,300.0
2019-08-27 09:00:00.000039936,23.148,46.3,60.19,3.454095e-05,5.144,305.0
2019-08-27 11:00:00.000053248,23.148,46.3,60.19,3.5282377e-05,8.2304,305.0
2019-08-27 12:00:00.000039936,23.148,46.3,60.19,3.577612e-05,8.2304,310.0
2019-08-27 15:00:00.000039936,23.148,46.3,64.82001,3.700857e-05,5.6584,315.0
2019-08-27 18:00:00.000039936,23.148,46.3,69.45,3.7746686e-05,5.144,315.0
2019-08-27 21:00:00.000039936,24.6912,42.596,69.45,3.872924e-05,5.144,310.0
2019-08-28 00:00:00.000039936,25.720001,37.04,69.45,3.9464914e-05,5.144,315.0
2019-08-28 03:00:00.000039936,27.2632,37.04,71.765,4.0199502e-05,5.144,315.0
2019-08-28 06:00:00.000039936,28.292,37.04,74.08,4.1177245e-05,5.144,320.0
2019-08-28 09:00:00.000039936,29.835201,37.04,74.08,4.2152973e-05,5.6584,325.0
2019-08-28 12:00:00.000039936,30.864,37.04,74.08,4.3369746e-05,5.6584,325.0
2019-08-28 15:00:00.000039936,32.9216,20.372,82.414,4.4340795e-05,5.6584,325.0
2019-08-28 15:30:00.000053248,33.436,18.52,83.340004,4.458322e-05,9.2592,320.0
2019-08-28 18:00:00.000039936,36.008,27.78,83.340004,4.6034886e-05,7.716,320.0
2019-08-28 21:00:00.000039936,37.5512,27.78,83.340004,4.7240763e-05,5.144,325.0
2019-08-29 00:00:00.000039936,38.58,27.78,83.340004,4.796257e-05,4.6296,325.0
2019-08-29 03:00:00.000039936,38.58,27.78,92.59999,4.892293e-05,5.144,325.0
2019-08-29 06:00:00.000039936,38.58,27.78,101.86,4.9880902e-05,5.6584,330.0
2019-08-29 09:00:00.000039936,38.58,27.78,101.86,5.1074945e-05,6.1728,330.0
2019-08-29 12:00:00.000039936,38.58,27.78,101.86,5.22651e-05,6.1728,335.0
2019-08-29 15:00:00.000039936,38.58,27.78,106.49,5.345127e-05,5.6584,335.0
2019-08-29 18:00:00.000039936,38.58,27.78,111.119995,5.4633376e-05,5.144,330.0
2019-08-29 21:00:00.000039936,40.1232,24.076,111.119995,5.5576067e-05,5.144,325.0
2019-08-30 00:00:00.000039936,41.152,18.52,111.119995,5.6516048e-05,5.144,320.0
2019-08-30 03:00:00.000039936,43.724,18.52,120.38,5.7453286e-05,5.144,315.0
2019-08-30 06:00:00.000039936,46.296,18.52,129.64,5.8154368e-05,5.144,320.0
2019-08-30 09:00:00.000039936,47.8392,18.52,131.955,5.9086666e-05,5.144,320.0
2019-08-30 12:00:00.000039936,48.868,18.52,134.27,6.0016075e-05,4.6296,315.0
2019-08-30 15:00:00.000039936,50.4112,18.52,138.9,6.0711227e-05,4.6296,305.0
2019-08-30 18:00:00.000039936,51.440002,18.52,143.53,6.1173734e-05,4.6296,305.0
2019-08-30 21:00:00.000039936,55.5552,18.52,145.845,6.186609e-05,4.6296,305.0
2019-08-31 00:00:00.000039936,59.156002,18.52,148.16,6.2326726e-05,4.6296,295.0
2019-08-31 03:00:00.000039936,60.6992,18.52,148.16,6.278661e-05,5.144,290.0
2019-08-31 06:00:00.000039936,61.728,18.52,148.16,6.3016254e-05,4.6296,290.0
2019-08-31 09:00:00.000039936,63.271202,18.52,155.105,6.3474974e-05,4.6296,290.0
2019-08-31 12:00:00.000039936,64.3,18.52,162.04999,6.370404e-05,4.6296,285.0
2019-08-31 15:00:00.000039936,65.8432,18.52,162.04999,6.393293e-05,4.6296,285.0
2019-08-31 18:00:00.000039936,66.872,18.52,162.04999,6.416161e-05,4.1152,285.0
2019-08-31 21:00:00.000039936,68.4152,18.52,166.68,6.43901e-05,3.6008,290.0
2019-09-01 00:00:00.000039936,69.444,18.52,171.31,6.461839e-05,3.6008,280.0
2019-09-01 03:00:00.000039936,72.016,18.52,173.625,6.4846485e-05,4.1152,275.0
2019-09-01 06:00:00.000039936,74.588,18.52,175.94,6.4846485e-05,4.1152,275.0
2019-09-01 09:00:00.000039936,77.16,14.816,175.94,6.507438e-05,4.1152,275.0
2019-09-01 12:00:00.000039936,79.732,9.26,175.94,6.507438e-05,3.6008,275.0
2019-09-01 15:00:00.000039936,81.2752,9.26,175.94,6.507438e-05,3.0864,270.0
2019-09-01 16:40:00.000045056,82.304,9.26,175.94,6.507438e-05,2.0576,270.0
2019-09-01 18:00:00.000039936,82.304,9.26,185.2,6.507438e-05,2.572,275.0
2019-09-01 21:00:00.000039936,81.2752,14.816,189.83,6.507438e-05,2.572,280.0
2019-09-02 00:00:00.000039936,79.732,18.52,194.46,6.530208e-05,2.0576,280.0
2019-09-02 02:15:00.000039936,79.732,18.52,194.46,6.530208e-05,1.0288,270.0
2019-09-02 03:00:00.000039936,78.7032,18.52,195.386,6.530208e-05,1.5432,270.0
2019-09-02 06:00:00.000039936,74.588,18.52,199.09001,6.530208e-05,1.5432,280.0
2019-09-02 09:00:00.000039936,72.016,24.076,199.09001,6.530208e-05,1.5432,290.0
2019-09-02 12:00:00.000039936,69.444,27.78,199.09001,6.552959e-05,1.0288,300.0
2019-09-02 15:00:00.000039936,66.872,27.78,206.035,6.552959e-05,0.5144,320.0
2019-09-02 18:00:00.000039936,64.3,27.78,212.98,6.575688e-05,0.5144,325.0
2019-09-02 21:00:00.000039936,61.728,33.336,215.295,6.5983986e-05,0.5144,320.0
2019-09-03 00:00:00.000039936,59.156002,37.04,217.60999,6.5983986e-05,0.5144,345.0
2019-09-03 03:00:00.000039936,56.584,37.04,219.92499,6.5983986e-05,0.5144,0.0
2019-09-03 06:00:00.000039936,54.012,37.04,222.23999,6.621089e-05,0.5144,0.0
2019-09-03 09:00:00.000039936,52.9832,42.596,226.87,6.621089e-05,0.5144,0.0
2019-09-03 12:00:00.000039936,51.440002,46.3,231.5,6.643758e-05,1.5432,355.0
2019-09-03 15:00:00.000039936,50.4112,46.3,233.815,6.689037e-05,2.572,350.0
2019-09-03 18:00:00.000039936,48.868,46.3,236.13,6.756802e-05,2.572,345.0
2019-09-03 21:00:00.000039936,47.8392,51.856,238.445,6.801876e-05,2.572,340.0
2019-09-04 00:00:00.000039936,46.296,55.56,240.76001,6.869332e-05,3.6008,335.0
2019-09-04 03:00:00.000039936,46.296,55.56,240.76001,6.936598e-05,4.1152,335.0
2019-09-04 06:00:00.000039936,46.296,55.56,240.76001,7.025991e-05,4.1152,330.0
2019-09-04 09:00:00.000039936,46.296,55.56,240.76001,7.115043e-05,4.1152,335.0
2019-09-04 12:00:00.000039936,46.296,55.56,240.76001,7.181604e-05,3.6008,340.0
2019-09-04 15:00:00.000039936,47.8392,55.56,245.39001,7.247968e-05,3.0864,350.0
2019-09-04 18:00:00.000039936,48.868,55.56,250.01999,7.314133e-05,3.0864,355.0
2019-09-04 21:00:00.000039936,50.4112,51.856,247.705,7.380098e-05,3.0864,0.0
2019-09-05 00:00:00.000039936,51.440002,46.3,245.39,7.4458614e-05,3.6008,5.0
2019-09-05 03:00:00.000039936,51.440002,46.3,240.76001,7.511419e-05,3.6008,5.0
2019-09-05 06:00:00.000039936,51.440002,46.3,236.13,7.5985095e-05,4.1152,20.0
2019-09-05 09:00:00.000039936,51.440002,46.3,236.13,7.6852295e-05,4.1152,25.0
2019-09-05 12:00:00.000039936,51.440002,46.3,236.13,7.750023e-05,3.6008,25.0
2019-09-05 15:00:00.000039936,50.4112,46.3,252.33499,7.814606e-05,3.6008,25.0
2019-09-05 18:00:00.000039936,48.868,46.3,268.53998,7.878973e-05,4.1152,40.0
2019-09-05 21:00:00.000039936,47.8392,46.3,268.54,7.943125e-05,5.6584,50.0
2019-09-06 00:00:00.000039936,46.296,46.3,268.54,8.028322e-05,5.6584,50.0
2019-09-06 03:00:00.000039936,46.296,46.3,270.855,8.0919635e-05,5.6584,50.0
2019-09-06 06:00:00.000039936,46.296,46.3,273.17,8.176471e-05,6.1728,50.0
2019-09-06 09:00:00.000039936,45.2672,46.3,277.80002,8.2815466e-05,7.2016,45.0
2019-09-06 12:00:00.000039936,43.724,46.3,282.43,8.3859915e-05,7.716,40.0
2019-09-06 12:30:00.000053248,43.724,37.04,282.43,8.4068044e-05,9.2592,50.0
2019-09-06 15:00:00.000039936,43.724,40.744,295.39398,8.510482e-05,10.288,55.0
2019-09-06 18:00:00.000039936,43.724,46.3,310.21,8.613512e-05,11.3168,60.0
2019-09-06 21:00:00.000039936,43.724,51.856,321.78497,8.7362794e-05,11.8312,60.0
2019-09-07 00:00:00.000039936,43.724,55.56,333.36,8.858091e-05,12.3456,55.0
2019-09-07 03:00:00.000039936,43.724,70.376,351.88,8.998974e-05,11.8312,50.0
2019-09-07 06:00:00.000039936,43.724,83.34,370.40002,9.1583395e-05,12.3456,45.0
2019-09-07 09:00:00.000039936,43.724,98.156,377.34503,9.335488e-05,12.3456,40.0
2019-09-07 12:00:00.000039936,43.724,111.12,384.28998,9.529617e-05,13.3744,40.0
2019-09-07 15:00:00.000039936,42.6952,129.64,391.235,9.720843e-05,13.3744,40.0
2019-09-07 18:00:00.000039936,41.152,148.16,398.18,9.909108e-05,13.8888,35.0
2019-09-07 21:00:00.000039936,41.152,148.16,405.125,0.00010131037,13.8888,25.0
