Time,Vmax,Rmax_IBT,R34,fcor,u_trans,v_trans
2016-08-02 06:00:00.000039936,20.576,74.08,92.600006,4.093299e-05,8.2304,270.0
2016-08-02 09:00:00.000039936,20.576,74.08,92.600006,4.093299e-05,8.2304,270.0
2016-08-02 12:00:00.000039936,20.576,74.08,92.600006,4.093299e-05,8.2304,270.0
2016-08-02 15:00:00.000039936,22.1192,64.82,87.97,4.093299e-05,7.716,270.0
2016-08-02 18:00:00.000039936,23.148,55.56,83.340004,4.093299e-05,7.716,275.0
2016-08-02 21:00:00.000039936,25.720001,51.856,83.340004,4.1177245e-05,6.6872,275.0
2016-08-03 00:00:00.000039936,28.292,46.3,83.340004,4.1177245e-05,5.6584,260.0
2016-08-03 03:00:00.000039936,28.292,42.596,87.97,4.0688625e-05,5.144,245.0
2016-08-03 06:00:00.000039936,28.292,37.04,92.600006,4.0199502e-05,5.144,265.0
2016-08-03 09:00:00.000039936,29.835201,37.04,106.49,4.0444127e-05,6.1728,285.0
2016-08-03 12:00:00.000039936,30.864,37.04,120.38,4.093299e-05,6.1728,295.0
2016-08-03 15:00:00.000039936,32.4072,37.04,131.955,4.1665367e-05,6.1728,300.0
2016-08-03 18:00:00.000039936,33.436,37.04,143.53,4.239659e-05,7.2016,295.0
2016-08-03 21:00:00.000039936,34.979202,33.336,143.53,4.288343e-05,7.716,285.0
2016-08-04 00:00:00.000039936,36.008,27.78,143.53,4.3369746e-05,7.2016,280.0
2016-08-04 03:00:00.000039936,38.0656,27.78,143.53,4.3612705e-05,6.6872,275.0
2016-08-04 04:00:00.000066560,38.58,27.78,143.53,4.3612705e-05,7.2016,270.0
