Time,Vmax,Rmax_IBT,R34,fcor,u_trans,v_trans
2014-09-12 00:00:00.000039936,18.004,74.08,18.52,4.3126656e-05,8.2304,290.0
2014-09-12 03:00:00.000039936,18.004,74.08,23.15,4.385554e-05,8.2304,290.0
2014-09-12 06:00:00.000039936,18.004,74.08,27.78,4.4340795e-05,8.2304,290.0
2014-09-12 09:00:00.000039936,19.5472,74.08,27.78,4.506766e-05,8.2304,295.0
2014-09-12 12:00:00.000039936,20.576,74.08,27.78,4.5793287e-05,7.716,295.0
2014-09-12 15:00:00.000039936,20.576,74.08,39.355,4.651767e-05,7.2016,295.0
2014-09-12 18:00:00.000039936,20.576,74.08,50.93,4.7240763e-05,7.2016,300.0
2014-09-12 21:00:00.000039936,20.576,74.08,50.93,4.796257e-05,6.6872,300.0
2014-09-13 00:00:00.000039936,20.576,74.08,50.93,4.892293e-05,6.1728,305.0
2014-09-13 03:00:00.000039936,22.1192,74.08,53.245003,4.9880902e-05,6.1728,315.0
2014-09-13 06:00:00.000039936,23.148,74.08,55.56,5.083645e-05,6.1728,320.0
2014-09-13 09:00:00.000039936,23.148,74.08,55.56,5.2027382e-05,6.1728,325.0
2014-09-13 12:00:00.000039936,23.148,74.08,55.56,5.321436e-05,5.6584,330.0
2014-09-13 15:00:00.000039936,24.6912,55.56,55.56,5.439729e-05,5.6584,330.0
2014-09-13 18:00:00.000039936,25.720001,37.04,55.56,5.5340646e-05,5.144,320.0
2014-09-13 21:00:00.000039936,27.2632,37.04,94.91499,5.6281307e-05,5.6584,310.0
2014-09-14 00:00:00.000039936,28.292,37.04,134.26999,5.698501e-05,6.1728,305.0
2014-09-14 03:00:00.000039936,29.835201,33.336,159.735,5.768715e-05,6.1728,305.0
2014-09-14 06:00:00.000039936,30.864,27.78,185.20001,5.862087e-05,6.6872,300.0
2014-09-14 09:00:00.000039936,33.436,24.076,185.20001,5.9551734e-05,7.2016,300.0
2014-09-14 12:00:00.000039936,36.008,18.52,185.20001,6.0247978e-05,7.2016,300.0
2014-09-14 15:00:00.000039936,37.5512,18.52,185.20001,6.0942573e-05,6.6872,305.0
2014-09-14 18:00:00.000039936,38.58,18.52,185.20001,6.186609e-05,6.6872,305.0
2014-09-14 21:00:00.000039936,40.1232,18.52,185.20001,6.255676e-05,6.6872,305.0
2014-09-15 00:00:00.000039936,41.152,18.52,185.20001,6.3474974e-05,6.6872,300.0
2014-09-15 03:00:00.000039936,42.6952,27.78,203.72,6.43901e-05,7.2016,300.0
2014-09-15 06:00:00.000039936,43.724,37.04,222.24,6.507438e-05,6.1728,300.0
2014-09-15 09:00:00.000039936,45.2672,37.04,222.24,6.552959e-05,5.6584,295.0
2014-09-15 12:00:00.000039936,46.296,37.04,222.24,6.621089e-05,5.6584,300.0
2014-09-15 15:00:00.000039936,47.8392,37.04,240.76,6.689037e-05,5.6584,310.0
2014-09-15 18:00:00.000039936,48.868,37.04,259.28,6.7793495e-05,5.144,315.0
2014-09-15 21:00:00.000039936,48.868,37.04,259.28,6.869332e-05,5.144,325.0
2014-09-16 00:00:00.000039936,48.868,37.04,259.28,6.958979e-05,5.144,330.0
2014-09-16 03:00:00.000039936,50.4112,37.04,259.28,7.07056e-05,5.6584,330.0
2014-09-16 06:00:00.000039936,51.440002,37.04,259.28,7.181604e-05,6.1728,335.0
2014-09-16 09:00:00.000039936,52.9832,33.336,259.28,7.2921e-05,6.1728,340.0
2014-09-16 12:00:00.000039936,54.012,27.78,259.28,7.423962e-05,5.6584,350.0
2014-09-16 15:00:00.000039936,51.440002,27.78,259.28,7.533226e-05,5.6584,5.0
2014-09-16 18:00:00.000039936,48.868,27.78,259.28,7.663584e-05,6.1728,20.0
2014-09-16 21:00:00.000039936,46.296,27.78,261.595,7.793102e-05,6.6872,25.0
2014-09-17 00:00:00.000039936,43.724,27.78,263.91,7.921766e-05,7.716,30.0
2014-09-17 03:00:00.000039936,43.724,27.78,261.595,8.070772e-05,8.2304,30.0
2014-09-17 06:00:00.000039936,43.724,27.78,259.27997,8.2185776e-05,8.744801,35.0
2014-09-17 09:00:00.000039936,42.6952,27.78,259.27997,8.365155e-05,9.7736,40.0
2014-09-17 12:00:00.000039936,41.152,27.78,259.27997,8.510482e-05,10.802401,45.0
2014-09-17 15:00:00.000039936,41.152,42.596,266.22498,8.675015e-05,11.8312,50.0
2014-09-17 18:00:00.000039936,41.152,55.56,273.16998,8.8175955e-05,12.3456,55.0
2014-09-17 21:00:00.000039936,40.1232,55.56,273.16998,8.938759e-05,12.860001,65.0
2014-09-18 00:00:00.000039936,38.58,55.56,273.16998,9.038981e-05,12.860001,65.0
2014-09-18 03:00:00.000039936,37.5512,55.56,275.485,9.138516e-05,12.3456,65.0
2014-09-18 06:00:00.000039936,36.008,55.56,277.8,9.2373535e-05,11.8312,70.0
2014-09-18 09:00:00.000039936,36.008,55.56,270.855,9.315918e-05,10.802401,75.0
2014-09-18 12:00:00.000039936,36.008,55.56,263.91,9.35503e-05,9.2592,80.0
2014-09-18 15:00:00.000039936,34.979202,55.56,263.91,9.35503e-05,7.716,90.0
2014-09-18 18:00:00.000039936,33.436,55.56,263.91,9.35503e-05,7.716,90.0
2014-09-18 21:00:00.000039936,32.4072,55.56,263.91,9.35503e-05,7.716,90.0
2014-09-19 00:00:00.000039936,30.864,55.56,263.91,9.35503e-05,6.1728,90.0
2014-09-19 03:00:00.000039936,29.835201,64.82,240.76001,9.35503e-05,4.6296,90.0
2014-09-19 06:00:00.000039936,28.292,74.08,217.61,9.35503e-05,4.1152,105.0
2014-09-19 09:00:00.000039936,25.720001,74.08,150.47499,9.315918e-05,3.6008,125.0
2014-09-19 12:00:00.000039936,23.148,74.08,83.34,9.2766924e-05,3.0864,110.0
2014-09-19 15:00:00.000039936,22.1192,92.6,83.34,9.2766924e-05,2.572,90.0
2014-09-19 18:00:00.000039936,20.576,111.12,83.34,9.2766924e-05,3.0864,90.0
2014-09-19 21:00:00.000039936,19.5472,111.12,83.34,9.2766924e-05,3.0864,100.0
