Time,Vmax,Rmax_IBT,R34,fcor,u_trans,v_trans
2007-09-01 00:00:00.000039936,18.004,64.82,13.89,3.0571195e-05,8.2304,280.0
2007-09-01 03:00:00.000039936,19.5472,61.116,21.298,3.0571195e-05,8.744801,270.0
2007-09-01 06:00:00.000039936,20.576,55.56,27.78,3.0571195e-05,7.716,270.0
2007-09-01 08:45:00.000053248,23.148,46.3,40.281,3.0571195e-05,6.6872,270.0
2007-09-01 09:00:00.000039936,23.148,46.3,41.670002,3.0571195e-05,10.288,275.0
2007-09-01 12:00:00.000039936,25.720001,37.04,55.559998,3.0820032e-05,9.7736,275.0
2007-09-01 15:00:00.000039936,28.292,33.336,90.285,3.1068776e-05,8.744801,275.0
2007-09-01 18:00:00.000039936,30.864,27.78,125.009995,3.131743e-05,8.2304,280.0
2007-09-01 21:00:00.000039936,32.4072,27.78,125.009995,3.156599e-05,8.2304,275.0
2007-09-02 00:00:00.000039936,33.436,27.78,125.009995,3.1814445e-05,8.2304,275.0
2007-09-02 03:00:00.000039936,38.58,27.78,133.344,3.1814445e-05,8.744801,275.0
2007-09-02 06:00:00.000039936,43.724,27.78,141.215,3.206281e-05,8.2304,275.0
2007-09-02 09:00:00.000039936,45.2672,27.78,141.215,3.231108e-05,8.2304,280.0
2007-09-02 12:00:00.000039936,46.296,27.78,141.215,3.280731e-05,8.2304,285.0
2007-09-02 15:00:00.000039936,52.9832,27.78,143.53,3.330315e-05,8.744801,285.0
2007-09-02 18:00:00.000039936,59.156002,27.78,145.845,3.3798577e-05,9.2592,285.0
2007-09-02 21:00:00.000039936,68.4152,24.076,145.845,3.4293596e-05,9.7736,280.0
2007-09-03 00:00:00.000039936,77.16,18.52,145.845,3.47882e-05,10.288,280.0
2007-09-03 03:00:00.000039936,77.16,18.52,142.604,3.5035337e-05,10.288,275.0
2007-09-03 06:00:00.000039936,77.16,18.52,138.90001,3.5282377e-05,9.7736,275.0
2007-09-03 07:00:00.000066560,77.16,18.52,137.511,3.5282377e-05,9.2592,275.0
2007-09-03 09:00:00.000039936,75.1024,18.52,134.27,3.5529305e-05,9.7736,275.0
2007-09-03 12:00:00.000039936,72.016,18.52,129.64001,3.577612e-05,9.2592,275.0
2007-09-03 15:00:00.000039936,65.8432,18.52,129.64001,3.6022833e-05,8.744801,275.0
2007-09-03 18:00:00.000039936,59.156002,18.52,129.64001,3.6022833e-05,8.744801,275.0
2007-09-03 21:00:00.000039936,59.156002,18.52,126.399,3.626943e-05,8.744801,275.0
2007-09-04 00:00:00.000039936,59.156002,18.52,122.695,3.626943e-05,8.2304,270.0
2007-09-04 03:00:00.000039936,64.3,18.52,128.714,3.626943e-05,7.716,265.0
2007-09-04 06:00:00.000039936,69.444,18.52,134.27,3.6022833e-05,7.2016,265.0
2007-09-04 09:00:00.000039936,70.9872,18.52,134.27,3.6022833e-05,6.6872,270.0
