Time,Vmax,Rmax_IBT,R34,fcor,u_trans,v_trans
2009-09-01 18:00:00.000039936,23.148,138.9,90.285,4.1909232e-05,3.6008,285.0
2009-09-01 21:00:00.000039936,23.148,98.156,101.86,4.2152973e-05,3.6008,280.0
2009-09-02 00:00:00.000039936,23.148,55.56,113.435005,4.2152973e-05,4.1152,260.0
2009-09-02 03:00:00.000039936,23.148,55.56,113.435005,4.1909232e-05,4.6296,250.0
2009-09-02 06:00:00.000039936,23.148,55.56,113.435005,4.142137e-05,4.6296,255.0
2009-09-02 09:00:00.000039936,20.576,83.34,106.48999,4.1177245e-05,5.144,265.0
2009-09-02 12:00:00.000039936,18.004,111.12,99.545,4.1177245e-05,3.6008,260.0
2009-09-02 15:00:00.000039936,18.004,125.936,112.509,4.093299e-05,5.6584,265.0
2009-09-02 18:00:00.000039936,18.004,138.9,125.009995,4.093299e-05,10.288,270.0
2009-09-02 18:30:00.000053248,18.004,138.9,128.251,4.093299e-05,9.7736,270.0
2009-09-02 21:00:00.000039936,18.004,138.9,143.53,4.093299e-05,3.0864,270.0
2009-09-03 00:00:00.000039936,18.004,138.9,162.04999,4.093299e-05,1.5432,280.0
2009-09-03 03:00:00.000039936,19.5472,153.716,162.04999,4.093299e-05,4.1152,275.0
2009-09-03 06:00:00.000039936,20.576,166.68,162.04999,4.1177245e-05,4.1152,280.0
2009-09-03 09:00:00.000039936,20.576,194.46,150.475,4.1177245e-05,4.1152,275.0
2009-09-03 12:00:00.000039936,20.576,222.24,138.9,4.142137e-05,4.6296,275.0
