Time,Vmax,Rmax_IBT,R34,fcor,u_trans,v_trans
2012-08-04 06:00:00.000039936,18.004,92.6,32.41,3.5529305e-05,7.2016,295.0
2012-08-04 09:00:00.000039936,19.5472,74.08,43.985,3.626943e-05,7.2016,295.0
2012-08-04 12:00:00.000039936,20.576,55.56,55.56,3.700857e-05,7.2016,295.0
2012-08-04 15:00:00.000039936,22.1192,55.56,62.504997,3.7746686e-05,7.2016,295.0
2012-08-04 18:00:00.000039936,23.148,55.56,69.450005,3.8483773e-05,7.2016,295.0
2012-08-04 21:00:00.000039936,24.6912,55.56,81.025,3.9219805e-05,7.2016,290.0
2012-08-05 00:00:00.000039936,25.720001,55.56,92.6,3.9709896e-05,6.6872,290.0
2012-08-05 03:00:00.000039936,25.720001,55.56,92.6,4.0199502e-05,6.6872,285.0
2012-08-05 06:00:00.000039936,25.720001,55.56,92.6,4.0444127e-05,6.1728,280.0
2012-08-05 09:00:00.000039936,24.6912,55.56,85.655,4.0688625e-05,6.1728,275.0
2012-08-05 12:00:00.000039936,23.148,55.56,78.71001,4.0688625e-05,6.1728,270.0
2012-08-05 15:00:00.000039936,23.148,55.56,71.765,4.0688625e-05,6.1728,270.0
2012-08-05 18:00:00.000039936,23.148,55.56,64.82001,4.0688625e-05,5.6584,270.0
2012-08-05 21:00:00.000039936,20.576,55.56,50.93,4.0688625e-05,5.6584,270.0
