Time,Vmax,Rmax_IBT,R34,fcor,u_trans,v_trans
2022-09-02 18:00:00.000039936,18.004,111.12,27.78,4.4825505e-05,6.1728,290.0
2022-09-02 21:00:00.000039936,19.5472,138.9,83.34,4.5309676e-05,6.1728,290.0
2022-09-03 00:00:00.000039936,20.576,166.68,138.9,4.5793287e-05,6.1728,290.0
2022-09-03 03:00:00.000039936,20.576,166.68,138.9,4.627635e-05,5.6584,285.0
2022-09-03 06:00:00.000039936,20.576,166.68,138.9,4.651767e-05,5.144,285.0
2022-09-03 09:00:00.000039936,20.576,166.68,138.90001,4.675884e-05,5.144,290.0
2022-09-03 12:00:00.000039936,20.576,166.68,138.9,4.7240763e-05,5.144,290.0
2022-09-03 15:00:00.000039936,22.1192,138.9,104.175,4.7722115e-05,5.144,290.0
2022-09-03 18:00:00.000039936,23.148,111.12,69.45,4.796257e-05,4.6296,285.0
2022-09-03 21:00:00.000039936,23.148,92.6,69.45,4.8202877e-05,3.6008,285.0
2022-09-04 00:00:00.000039936,23.148,74.08,69.45,4.844305e-05,3.0864,285.0
2022-09-04 03:00:00.000039936,23.148,74.08,69.45,4.844305e-05,2.572,280.0
2022-09-04 06:00:00.000039936,23.148,74.08,69.45,4.868306e-05,2.572,295.0
2022-09-04 09:00:00.000039936,23.148,74.08,69.45,4.892293e-05,3.0864,305.0
2022-09-04 12:00:00.000039936,23.148,74.08,69.45,4.9402213e-05,2.572,300.0
2022-09-04 15:00:00.000039936,24.6912,74.08,85.655,4.9641636e-05,2.0576,300.0
2022-09-04 18:00:00.000039936,25.720001,74.08,101.86,4.9880902e-05,2.0576,305.0
2022-09-04 21:00:00.000039936,25.720001,83.34,101.86,5.012002e-05,2.0576,315.0
2022-09-05 00:00:00.000039936,25.720001,92.6,101.86,5.059779e-05,2.0576,335.0
2022-09-05 03:00:00.000039936,27.2632,92.6,101.86,5.1074945e-05,2.572,350.0
2022-09-05 06:00:00.000039936,28.292,92.6,101.86,5.178951e-05,3.0864,10.0
2022-09-05 09:00:00.000039936,28.292,92.6,106.49,5.2740055e-05,3.6008,15.0
2022-09-05 12:00:00.000039936,28.292,92.6,111.119995,5.345127e-05,3.0864,10.0
2022-09-05 15:00:00.000039936,29.835201,83.34,113.435,5.4161024e-05,2.572,0.0
2022-09-05 18:00:00.000039936,30.864,74.08,115.75,5.4633376e-05,2.572,355.0
2022-09-05 21:00:00.000039936,30.864,64.82,122.69499,5.510506e-05,2.572,0.0
2022-09-06 00:00:00.000039936,30.864,55.56,129.64,5.581132e-05,3.0864,360.0
2022-09-06 03:00:00.000039936,29.835201,55.56,129.64,5.6516048e-05,3.0864,350.0
2022-09-06 06:00:00.000039936,28.292,55.56,129.64,5.721923e-05,3.0864,330.0
2022-09-06 09:00:00.000039936,28.292,55.56,129.64,5.768715e-05,2.572,320.0
2022-09-06 12:00:00.000039936,28.292,55.56,129.64,5.8154368e-05,2.0576,330.0
2022-09-06 15:00:00.000039936,30.864,55.56,129.64,5.862087e-05,2.0576,0.0
2022-09-06 18:00:00.000039936,33.436,55.56,129.64,5.9086666e-05,2.572,355.0
2022-09-06 21:00:00.000039936,34.979202,55.56,145.845,5.9784e-05,3.0864,350.0
2022-09-07 00:00:00.000039936,36.008,55.56,162.05,6.0479695e-05,3.0864,350.0
2022-09-07 03:00:00.000039936,37.5512,55.56,164.365,6.1173734e-05,2.572,350.0
2022-09-07 06:00:00.000039936,38.58,55.56,166.68,6.1635496e-05,2.0576,355.0
2022-09-07 09:00:00.000039936,38.58,55.56,175.93999,6.20965e-05,2.0576,10.0
2022-09-07 12:00:00.000039936,38.58,55.56,185.2,6.255676e-05,3.0864,15.0
2022-09-07 15:00:00.000039936,40.1232,61.116,189.83,6.324571e-05,3.6008,15.0
2022-09-07 18:00:00.000039936,41.152,64.82,194.45999,6.416161e-05,3.6008,10.0
2022-09-07 21:00:00.000039936,43.724,64.82,196.775,6.4846485e-05,3.6008,5.0
2022-09-08 00:00:00.000039936,46.296,64.82,199.09,6.575688e-05,4.1152,0.0
2022-09-08 03:00:00.000039936,46.296,64.82,208.35,6.666408e-05,4.6296,0.0
2022-09-08 06:00:00.000039936,46.296,64.82,217.61,6.7793495e-05,5.144,5.0
2022-09-08 09:00:00.000039936,45.2672,61.116,217.61,6.8917754e-05,5.144,10.0
2022-09-08 12:00:00.000039936,43.724,55.56,217.61,7.003676e-05,5.6584,15.0
2022-09-08 15:00:00.000039936,42.6952,55.56,229.18501,7.115043e-05,5.6584,25.0
2022-09-08 18:00:00.000039936,41.152,55.56,240.76,7.2258685e-05,5.144,25.0
2022-09-08 21:00:00.000039936,41.152,55.56,240.76,7.314133e-05,5.144,25.0
2022-09-09 00:00:00.000039936,41.152,55.56,240.76,7.423962e-05,6.6872,30.0
2022-09-09 03:00:00.000039936,41.152,64.82,256.96503,7.5550095e-05,8.2304,35.0
2022-09-09 06:00:00.000039936,41.152,74.08,273.16998,7.70685e-05,9.2592,35.0
2022-09-09 09:00:00.000039936,42.6952,74.08,284.745,7.85754e-05,9.7736,35.0
2022-09-09 12:00:00.000039936,43.724,74.08,296.31998,8.028322e-05,10.288,45.0
2022-09-09 15:00:00.000039936,45.2672,74.08,326.41498,8.176471e-05,11.8312,50.0
2022-09-09 18:00:00.000039936,46.296,74.08,356.51,8.34429e-05,14.4032,50.0
2022-09-09 21:00:00.000039936,47.8392,74.08,388.91998,8.551773e-05,16.9752,50.0
2022-09-10 00:00:00.000039936,48.868,74.08,421.33,8.7973065e-05,18.004,40.0
2022-09-10 03:00:00.000039936,47.8392,79.636,500.04,9.078879e-05,18.004,35.0
2022-09-10 06:00:00.000039936,46.296,83.34,578.75,9.374543e-05,15.9464,25.0
2022-09-10 09:00:00.000039936,43.724,83.34,597.27,9.625596e-05,12.860001,15.0
2022-09-10 12:00:00.000039936,41.152,83.34,615.79004,9.834162e-05,9.2592,15.0
2022-09-10 15:00:00.000039936,38.58,98.156,634.31,9.9464e-05,5.144,20.0
2022-09-10 18:00:00.000039936,36.008,111.12,652.82996,0.00010002111,2.0576,35.0
2022-09-10 21:00:00.000039936,33.436,111.12,643.57,0.00010002111,0.5144,90.0
2022-09-11 00:00:00.000039936,30.864,111.12,634.30994,0.00010002111,1.5432,50.0
2022-09-11 03:00:00.000039936,29.835201,111.12,643.57,0.000100391015,3.0864,30.0
2022-09-11 06:00:00.000039936,28.292,111.12,652.82996,0.00010094355,3.0864,25.0
2022-09-11 09:00:00.000039936,27.2632,111.12,588.01,0.00010131037,2.0576,20.0
2022-09-11 12:00:00.000039936,25.720001,111.12,523.18994,0.000101675956,1.5432,20.0
2022-09-11 15:00:00.000039936,24.6912,111.12,481.52,0.00010185829,0.5144,35.0
2022-09-11 18:00:00.000039936,23.148,111.12,439.85,0.00010185829,0.5144,130.0
2022-09-11 21:00:00.000039936,23.148,138.9,430.59003,0.000101675956,0.5144,0.0
2022-09-12 00:00:00.000039936,23.148,166.68,421.33002,0.000101675956,0.5144,285.0
2022-09-12 03:00:00.000039936,22.1192,166.68,377.34497,0.00010185829,1.0288,305.0
2022-09-12 06:00:00.000039936,20.576,166.68,333.36,0.00010185829,0.5144,200.0
2022-09-12 09:00:00.000039936,20.576,166.68,333.36,0.000101675956,2.0576,160.0
2022-09-12 12:00:00.000039936,20.576,166.68,333.36,0.000101127116,3.6008,160.0
2022-09-12 15:00:00.000039936,19.5472,166.68,236.13,0.000100391015,4.6296,145.0
2022-09-12 18:00:00.000039936,18.004,166.68,138.9,9.983573e-05,7.716,110.0
2022-09-12 21:00:00.000039936,18.004,166.68,189.83,9.9464e-05,10.802401,100.0
2022-09-13 00:00:00.000039936,18.004,166.68,240.76001,9.92777e-05,8.744801,95.0
2022-09-13 03:00:00.000039936,18.004,166.68,226.87,9.92777e-05,5.6584,85.0
2022-09-13 06:00:00.000039936,18.004,166.68,212.98001,9.9464e-05,5.6584,75.0
2022-09-13 09:00:00.000039936,18.004,166.68,212.98001,9.965002e-05,6.1728,70.0
2022-09-13 12:00:00.000039936,18.004,166.68,212.98001,0.00010020622,6.6872,60.0
2022-09-13 15:00:00.000039936,18.004,166.68,212.98001,0.00010094355,7.2016,50.0
2022-09-13 18:00:00.000039936,18.004,166.68,212.98001,0.00010185829,6.6872,50.0
2022-09-13 21:00:00.000039936,18.004,194.46,203.72,0.00010258449,6.1728,55.0
2022-09-14 00:00:00.000039936,18.004,222.24,194.45999,0.000103125865,4.6296,55.0
2022-09-14 03:00:00.000039936,18.004,240.76,194.45999,0.00010348522,3.6008,55.0
2022-09-14 06:00:00.000039936,18.004,259.28,194.45999,0.000103843304,3.0864,65.0
2022-09-14 09:00:00.000039936,18.004,259.28,148.16,0.00010402188,2.572,80.0
