Time,Vmax,Rmax_IBT,R34,fcor,u_trans,v_trans
2018-09-01 06:00:00.000039936,18.004,55.56,41.670002,3.6022833e-05,6.1728,290.0
2018-09-01 09:00:00.000039936,18.004,55.56,41.670002,3.651592e-05,6.1728,295.0
2018-09-01 12:00:00.000039936,18.004,55.56,41.670002,3.7254722e-05,6.1728,300.0
2018-09-01 15:00:00.000039936,19.5472,55.56,53.245003,3.7992504e-05,6.1728,300.0
2018-09-01 18:00:00.000039936,20.576,55.56,64.82001,3.872924e-05,6.6872,295.0
2018-09-01 21:00:00.000039936,22.1192,55.56,64.82001,3.9464914e-05,7.2016,290.0
2018-09-02 00:00:00.000039936,23.148,55.56,64.82001,3.995476e-05,6.6872,290.0
2018-09-02 03:00:00.000039936,24.6912,46.3,64.82001,4.0688625e-05,6.6872,290.0
2018-09-02 06:00:00.000039936,25.720001,37.04,64.82001,4.1177245e-05,7.2016,290.0
2018-09-02 09:00:00.000039936,25.720001,37.04,69.45,4.1665367e-05,7.716,285.0
2018-09-02 12:00:00.000039936,25.720001,37.04,74.08,4.2152973e-05,7.2016,285.0
2018-09-02 15:00:00.000039936,25.720001,37.04,74.08,4.239659e-05,7.2016,285.0
2018-09-02 18:00:00.000039936,25.720001,37.04,74.08,4.288343e-05,7.2016,285.0
2018-09-02 21:00:00.000039936,25.720001,37.04,74.08,4.3369746e-05,7.2016,290.0
2018-09-03 00:00:00.000039936,25.720001,37.04,74.08,4.409823e-05,7.2016,285.0
2018-09-03 03:00:00.000039936,25.720001,37.04,74.08,4.458322e-05,7.2016,285.0
2018-09-03 06:00:00.000039936,25.720001,37.04,74.08,4.4825505e-05,7.2016,280.0
2018-09-03 09:00:00.000039936,27.2632,37.04,81.024994,4.5309676e-05,7.2016,285.0
2018-09-03 12:00:00.000039936,28.292,37.04,87.97,4.5551555e-05,6.6872,280.0
2018-09-03 15:00:00.000039936,29.835201,37.04,85.655,4.5793287e-05,6.1728,280.0
2018-09-03 18:00:00.000039936,30.864,37.04,83.34,4.6034886e-05,5.6584,285.0
2018-09-03 21:00:00.000039936,32.4072,33.336,94.91499,4.627635e-05,5.144,290.0
2018-09-04 00:00:00.000039936,33.436,27.78,106.490005,4.675884e-05,5.144,290.0
2018-09-04 03:00:00.000039936,33.436,27.78,108.80501,4.7240763e-05,5.144,295.0
2018-09-04 06:00:00.000039936,33.436,27.78,111.12001,4.7722115e-05,4.6296,295.0
2018-09-04 09:00:00.000039936,34.979202,27.78,115.74999,4.8202877e-05,4.6296,300.0
2018-09-04 12:00:00.000039936,36.008,27.78,120.38,4.868306e-05,4.1152,305.0
2018-09-04 15:00:00.000039936,37.5512,27.78,125.01,4.916265e-05,4.1152,305.0
2018-09-04 18:00:00.000039936,38.58,27.78,129.64,4.9880902e-05,4.1152,305.0
2018-09-04 21:00:00.000039936,41.152,27.78,129.64,5.035898e-05,4.1152,300.0
2018-09-05 00:00:00.000039936,43.724,27.78,129.64,5.083645e-05,4.6296,305.0
2018-09-05 03:00:00.000039936,46.296,27.78,136.585,5.155148e-05,5.6584,310.0
2018-09-05 06:00:00.000039936,48.868,27.78,143.53,5.250265e-05,5.6584,310.0
2018-09-05 09:00:00.000039936,51.440002,24.076,143.53,5.321436e-05,5.144,305.0
2018-09-05 12:00:00.000039936,54.012,18.52,143.53,5.392461e-05,5.6584,305.0
2018-09-05 15:00:00.000039936,56.584,14.816,145.845,5.4633376e-05,6.1728,305.0
2018-09-05 18:00:00.000039936,59.156002,9.26,148.16,5.5576067e-05,5.6584,310.0
2018-09-05 21:00:00.000039936,59.156002,9.26,148.16,5.6281307e-05,5.144,315.0
2018-09-06 00:00:00.000039936,59.156002,9.26,148.16,5.721923e-05,5.144,320.0
2018-09-06 03:00:00.000039936,56.584,14.816,148.16,5.8154368e-05,5.144,315.0
2018-09-06 06:00:00.000039936,54.012,18.52,148.16,5.8853857e-05,4.6296,320.0
2018-09-06 09:00:00.000039936,50.4112,24.076,148.16,5.9551734e-05,4.1152,320.0
2018-09-06 12:00:00.000039936,46.296,27.78,148.16,6.0247978e-05,4.1152,310.0
2018-09-06 15:00:00.000039936,42.6952,27.78,143.53,6.0711227e-05,4.1152,300.0
2018-09-06 18:00:00.000039936,38.58,27.78,138.9,6.1173734e-05,3.6008,295.0
2018-09-06 21:00:00.000039936,34.979202,27.78,138.9,6.14047e-05,3.0864,290.0
2018-09-07 00:00:00.000039936,30.864,27.78,138.9,6.1635496e-05,3.0864,280.0
2018-09-07 03:00:00.000039936,29.835201,33.336,141.215,6.1635496e-05,3.0864,270.0
2018-09-07 06:00:00.000039936,28.292,37.04,143.53,6.1635496e-05,3.6008,265.0
2018-09-07 09:00:00.000039936,28.292,37.04,143.53,6.1635496e-05,3.6008,260.0
2018-09-07 12:00:00.000039936,28.292,37.04,143.53,6.14047e-05,4.1152,260.0
2018-09-07 15:00:00.000039936,28.292,37.04,143.53,6.1173734e-05,4.1152,265.0
2018-09-07 18:00:00.000039936,28.292,37.04,143.53,6.1173734e-05,4.1152,265.0
2018-09-07 21:00:00.000039936,28.292,37.04,143.53,6.0942573e-05,4.1152,265.0
2018-09-08 00:00:00.000039936,28.292,37.04,143.53,6.0942573e-05,3.6008,260.0
2018-09-08 03:00:00.000039936,28.292,37.04,143.53,6.0711227e-05,3.0864,260.0
2018-09-08 06:00:00.000039936,28.292,37.04,143.53,6.0711227e-05,2.572,265.0
2018-09-08 09:00:00.000039936,28.292,33.336,143.53,6.0711227e-05,2.572,270.0
2018-09-08 12:00:00.000039936,28.292,27.78,143.53,6.0711227e-05,2.0576,270.0
2018-09-08 15:00:00.000039936,29.835201,27.78,145.845,6.0711227e-05,2.0576,270.0
2018-09-08 18:00:00.000039936,30.864,27.78,148.16,6.0711227e-05,2.0576,265.0
2018-09-08 21:00:00.000039936,30.864,27.78,150.47499,6.0711227e-05,2.572,260.0
2018-09-09 00:00:00.000039936,30.864,27.78,152.79,6.0479695e-05,2.572,255.0
2018-09-09 03:00:00.000039936,30.864,27.78,155.105,6.0247978e-05,2.572,260.0
2018-09-09 06:00:00.000039936,30.864,27.78,157.42,6.0247978e-05,2.572,265.0
2018-09-09 09:00:00.000039936,32.4072,24.076,157.42,6.0247978e-05,2.572,270.0
2018-09-09 12:00:00.000039936,33.436,18.52,157.42,6.0247978e-05,3.0864,270.0
2018-09-09 15:00:00.000039936,34.979202,18.52,164.365,6.0247978e-05,2.572,270.0
2018-09-09 18:00:00.000039936,36.008,18.52,171.31,6.0247978e-05,2.572,275.0
2018-09-09 21:00:00.000039936,38.58,18.52,173.625,6.0247978e-05,3.0864,280.0
2018-09-10 00:00:00.000039936,41.152,18.52,175.94,6.0479695e-05,4.1152,280.0
2018-09-10 03:00:00.000039936,43.724,14.816,178.255,6.0711227e-05,5.144,280.0
2018-09-10 06:00:00.000039936,46.296,9.26,180.57,6.0942573e-05,5.6584,280.0
2018-09-10 09:00:00.000039936,50.4112,9.26,187.515,6.1173734e-05,5.144,280.0
2018-09-10 12:00:00.000039936,54.012,9.26,194.46,6.14047e-05,5.144,285.0
2018-09-10 15:00:00.000039936,58.1272,9.26,199.09,6.1635496e-05,5.144,285.0
2018-09-10 18:00:00.000039936,61.728,9.26,203.72,6.20965e-05,5.6584,290.0
2018-09-10 21:00:00.000039936,60.6992,14.816,212.98,6.255676e-05,6.1728,290.0
2018-09-11 00:00:00.000039936,59.156002,18.52,222.23999,6.3016254e-05,6.1728,290.0
2018-09-11 03:00:00.000039936,59.156002,24.076,224.555,6.3474974e-05,6.6872,290.0
2018-09-11 06:00:00.000039936,59.156002,27.78,226.87,6.393293e-05,7.2016,290.0
2018-09-11 09:00:00.000039936,61.728,27.78,224.555,6.43901e-05,7.2016,290.0
2018-09-11 12:00:00.000039936,64.3,27.78,222.23999,6.507438e-05,8.2304,295.0
2018-09-11 15:00:00.000039936,65.8432,24.076,231.5,6.575688e-05,8.744801,295.0
2018-09-11 18:00:00.000039936,66.872,18.52,240.76001,6.666408e-05,8.744801,295.0
2018-09-11 21:00:00.000039936,64.3,18.52,240.76001,6.734234e-05,8.744801,295.0
2018-09-12 00:00:00.000039936,61.728,18.52,240.76001,6.8243826e-05,8.2304,300.0
2018-09-12 03:00:00.000039936,60.6992,24.076,245.39001,6.914198e-05,7.716,305.0
2018-09-12 06:00:00.000039936,59.156002,27.78,250.01999,7.003676e-05,6.6872,305.0
2018-09-12 09:00:00.000039936,59.156002,27.78,247.70499,7.07056e-05,6.6872,305.0
2018-09-12 12:00:00.000039936,59.156002,27.78,245.38998,7.159438e-05,6.6872,310.0
2018-09-12 15:00:00.000039936,58.1272,27.78,252.33499,7.270045e-05,7.2016,315.0
2018-09-12 18:00:00.000039936,56.584,27.78,259.28,7.380098e-05,7.716,315.0
2018-09-12 21:00:00.000039936,55.5552,33.336,259.28,7.511419e-05,8.2304,315.0
2018-09-13 00:00:00.000039936,54.012,37.04,259.28,7.620224e-05,7.2016,315.0
2018-09-13 03:00:00.000039936,52.9832,37.04,261.595,7.728449e-05,6.1728,315.0
2018-09-13 06:00:00.000039936,51.440002,37.04,263.91,7.814606e-05,5.6584,315.0
2018-09-13 09:00:00.000039936,50.4112,37.04,266.225,7.900381e-05,5.144,315.0
2018-09-13 12:00:00.000039936,48.868,37.04,268.54,7.9644604e-05,5.144,305.0
2018-09-13 15:00:00.000039936,47.8392,37.04,268.54,8.028322e-05,4.6296,305.0
2018-09-13 18:00:00.000039936,46.296,37.04,268.54,8.070772e-05,3.6008,310.0
2018-09-13 21:00:00.000039936,46.296,37.04,261.595,8.113127e-05,3.0864,315.0
2018-09-14 00:00:00.000039936,46.296,37.04,254.65001,8.155382e-05,3.0864,305.0
2018-09-14 03:00:00.000039936,45.2672,37.04,254.65001,8.176471e-05,3.0864,290.0
2018-09-14 06:00:00.000039936,43.724,37.04,254.65001,8.197536e-05,3.0864,290.0
2018-09-14 09:00:00.000039936,42.1808,42.596,254.65001,8.2185776e-05,3.0864,270.0
