Time,Vmax,Rmax_IBT,R34,fcor,u_trans,v_trans
2005-07-21 21:00:00.000039936,18.004,46.3,25.001999,6.255676e-05,5.6584,310.0
2005-07-22 00:00:00.000039936,20.576,37.04,25.465,6.324571e-05,4.6296,315.0
2005-07-22 03:00:00.000039936,20.576,37.04,25.465,6.393293e-05,3.6008,320.0
2005-07-22 06:00:00.000039936,20.576,37.04,25.465,6.43901e-05,3.0864,315.0
2005-07-22 09:00:00.000039936,22.1192,27.78,26.854,6.4846485e-05,2.572,320.0
2005-07-22 12:00:00.000039936,23.148,18.52,27.78,6.530208e-05,3.0864,350.0
2005-07-22 15:00:00.000039936,23.148,27.78,31.484001,6.621089e-05,4.1152,5.0
2005-07-22 18:00:00.000039936,23.148,37.04,34.725,6.711647e-05,4.1152,5.0
2005-07-22 21:00:00.000039936,23.148,33.336,43.985,6.801876e-05,3.6008,5.0
2005-07-23 00:00:00.000039936,23.148,27.78,53.245,6.869332e-05,3.6008,20.0
2005-07-23 03:00:00.000039936,24.6912,27.78,71.76499,6.936598e-05,3.6008,35.0
2005-07-23 06:00:00.000039936,25.720001,27.78,90.285,7.003676e-05,4.1152,45.0
2005-07-23 09:00:00.000039936,28.292,33.336,93.989006,7.07056e-05,4.1152,50.0
2005-07-23 12:00:00.000039936,30.864,37.04,97.23,7.115043e-05,4.1152,50.0
2005-07-23 15:00:00.000039936,30.864,46.3,98.619,7.181604e-05,4.1152,50.0
2005-07-23 18:00:00.000039936,30.864,55.56,99.545,7.2258685e-05,5.144,60.0
2005-07-23 21:00:00.000039936,29.835201,55.56,96.304,7.270045e-05,5.6584,70.0
2005-07-24 00:00:00.000039936,28.292,55.56,92.6,7.314133e-05,5.144,75.0
2005-07-24 03:00:00.000039936,28.292,55.56,87.044,7.336144e-05,4.1152,75.0
2005-07-24 06:00:00.000039936,28.292,55.56,81.024994,7.3581316e-05,3.6008,65.0
2005-07-24 09:00:00.000039936,25.720001,55.56,81.024994,7.402041e-05,3.6008,55.0
2005-07-24 12:00:00.000039936,23.148,55.56,81.024994,7.4458614e-05,4.1152,55.0
2005-07-24 15:00:00.000039936,23.148,55.56,75.469,7.4895885e-05,3.6008,55.0
2005-07-24 18:00:00.000039936,23.148,55.56,69.45,7.533226e-05,1.5432,50.0
2005-07-24 21:00:00.000039936,22.1192,55.56,70.839,7.533226e-05,0.0,0.0
2005-07-25 00:00:00.000039936,20.576,55.56,71.765,7.533226e-05,1.5432,105.0
2005-07-25 03:00:00.000039936,20.576,120.38,63.894,7.533226e-05,3.0864,100.0
2005-07-25 06:00:00.000039936,20.576,185.2,55.56,7.511419e-05,3.6008,100.0
2005-07-25 09:00:00.000039936,20.576,185.2,62.505,7.4895885e-05,3.0864,100.0
2005-07-25 12:00:00.000039936,20.576,185.2,69.45,7.4895885e-05,1.5432,100.0
2005-07-25 15:00:00.000039936,20.576,185.2,69.45,7.4895885e-05,1.0288,90.0
2005-07-25 18:00:00.000039936,20.576,185.2,69.45,7.4895885e-05,2.572,90.0
2005-07-25 21:00:00.000039936,19.5472,185.2,69.45,7.4895885e-05,4.6296,90.0
2005-07-26 00:00:00.000039936,18.004,185.2,69.45,7.4895885e-05,3.6008,80.0
2005-07-26 03:00:00.000039936,18.004,148.16,62.505,7.511419e-05,2.572,50.0
2005-07-26 06:00:00.000039936,18.004,111.12,55.56,7.5550095e-05,2.572,25.0
2005-07-26 09:00:00.000039936,18.004,138.9,48.615,7.5985095e-05,2.572,10.0
2005-07-26 12:00:00.000039936,18.004,166.68,41.67,7.663584e-05,2.572,355.0
2005-07-26 15:00:00.000039936,18.004,166.68,41.67,7.728449e-05,2.572,340.0
2005-07-26 18:00:00.000039936,18.004,166.68,41.67,7.771575e-05,2.0576,330.0
2005-07-26 21:00:00.000039936,19.5472,153.716,62.504997,7.793102e-05,1.5432,320.0
2005-07-27 00:00:00.000039936,20.576,138.9,83.34,7.814606e-05,1.5432,325.0
2005-07-27 03:00:00.000039936,20.576,138.9,83.34,7.85754e-05,2.572,330.0
2005-07-27 06:00:00.000039936,20.576,138.9,83.34,7.900381e-05,2.572,325.0
2005-07-27 09:00:00.000039936,22.1192,138.9,83.34,7.943125e-05,2.572,330.0
2005-07-27 12:00:00.000039936,23.148,138.9,83.34,7.9857724e-05,2.0576,330.0
2005-07-27 15:00:00.000039936,23.148,125.936,92.6,8.028322e-05,2.0576,335.0
2005-07-27 18:00:00.000039936,23.148,111.12,101.86,8.070772e-05,2.572,345.0
2005-07-27 21:00:00.000039936,24.6912,111.12,111.12,8.134267e-05,3.0864,350.0
2005-07-28 00:00:00.000039936,25.720001,111.12,120.380005,8.197536e-05,3.6008,0.0
2005-07-28 03:00:00.000039936,25.720001,111.12,126.399,8.2815466e-05,4.1152,5.0
2005-07-28 06:00:00.000039936,25.720001,111.12,131.955,8.365155e-05,4.6296,5.0
2005-07-28 09:00:00.000039936,24.6912,79.636,112.972,8.469088e-05,5.144,10.0
2005-07-28 12:00:00.000039936,23.148,46.3,92.59999,8.5723776e-05,6.1728,25.0
2005-07-28 15:00:00.000039936,24.6912,46.3,97.69299,8.675015e-05,7.2016,40.0
2005-07-28 18:00:00.000039936,25.720001,46.3,101.86,8.7973065e-05,8.2304,40.0
2005-07-28 21:00:00.000039936,25.720001,46.3,106.48999,8.9186324e-05,8.744801,40.0
2005-07-29 00:00:00.000039936,25.720001,46.3,111.119995,9.058944e-05,9.2592,45.0
2005-07-29 03:00:00.000039936,25.720001,46.3,117.13899,9.1781345e-05,9.2592,50.0
2005-07-29 06:00:00.000039936,25.720001,46.3,122.695,9.296319e-05,9.7736,50.0
2005-07-29 09:00:00.000039936,25.720001,46.3,134.27,9.413484e-05,9.7736,50.0
2005-07-29 12:00:00.000039936,25.720001,46.3,145.84499,9.529617e-05,11.3168,55.0
2005-07-29 15:00:00.000039936,25.720001,46.3,144.919,9.6637836e-05,12.3456,55.0
2005-07-29 18:00:00.000039936,25.720001,46.3,143.52998,9.796507e-05,12.3456,55.0
2005-07-29 21:00:00.000039936,25.720001,70.376,138.9,9.92777e-05,12.3456,55.0
