Time,Vmax,Rmax_IBT,R34,fcor,u_trans,v_trans
2016-08-17 12:00:00.000039936,18.004,27.78,18.52,3.454095e-05,7.716,305.0
2016-08-17 15:00:00.000039936,18.004,27.78,18.52,3.5529305e-05,7.716,300.0
2016-08-17 18:00:00.000039936,18.004,27.78,18.52,3.651592e-05,7.716,300.0
2016-08-17 21:00:00.000039936,18.004,42.596,23.15,3.7500762e-05,7.2016,300.0
2016-08-18 00:00:00.000039936,18.004,55.56,27.78,3.8238195e-05,6.1728,300.0
2016-08-18 03:00:00.000039936,19.5472,55.56,27.78,3.897458e-05,5.144,300.0
2016-08-18 06:00:00.000039936,20.576,55.56,27.78,3.9464914e-05,4.6296,300.0
2016-08-18 09:00:00.000039936,20.576,55.56,27.78,3.995476e-05,4.1152,300.0
2016-08-18 12:00:00.000039936,20.576,55.56,27.78,4.0444127e-05,4.1152,300.0
2016-08-18 15:00:00.000039936,20.576,55.56,27.78,4.093299e-05,4.1152,300.0
2016-08-18 18:00:00.000039936,20.576,55.56,27.78,4.142137e-05,4.1152,300.0
2016-08-18 21:00:00.000039936,22.1192,55.56,27.78,4.1909232e-05,4.1152,300.0
2016-08-19 00:00:00.000039936,23.148,55.56,27.78,4.239659e-05,4.1152,300.0
2016-08-19 03:00:00.000039936,23.148,55.56,30.095001,4.288343e-05,4.6296,300.0
2016-08-19 06:00:00.000039936,23.148,55.56,32.41,4.3369746e-05,4.6296,300.0
2016-08-19 09:00:00.000039936,22.1192,55.56,34.725,4.385554e-05,4.6296,300.0
2016-08-19 12:00:00.000039936,20.576,55.56,37.04,4.4340795e-05,4.1152,295.0
2016-08-19 15:00:00.000039936,20.576,64.82,37.04,4.458322e-05,4.1152,290.0
2016-08-19 18:00:00.000039936,20.576,74.08,37.04,4.506766e-05,4.6296,295.0
2016-08-19 21:00:00.000039936,20.576,101.86,41.67,4.5551555e-05,5.6584,300.0
2016-08-20 00:00:00.000039936,20.576,129.64,46.300003,4.627635e-05,6.1728,300.0
2016-08-20 03:00:00.000039936,20.576,129.64,46.300003,4.6999867e-05,6.6872,300.0
2016-08-20 06:00:00.000039936,20.576,129.64,46.300003,4.796257e-05,6.6872,305.0
2016-08-20 09:00:00.000039936,22.1192,129.64,50.93,4.892293e-05,6.6872,310.0
2016-08-20 12:00:00.000039936,23.148,129.64,55.56,4.9880902e-05,7.2016,305.0
2016-08-20 15:00:00.000039936,23.148,129.64,60.190002,5.083645e-05,7.2016,305.0
2016-08-20 18:00:00.000039936,23.148,129.64,64.82,5.178951e-05,6.6872,305.0
2016-08-20 21:00:00.000039936,23.148,83.34,64.82,5.2740055e-05,6.6872,300.0
2016-08-21 00:00:00.000039936,23.148,37.04,64.82,5.345127e-05,7.2016,295.0
2016-08-21 03:00:00.000039936,22.1192,37.04,48.614998,5.4161024e-05,7.716,295.0
2016-08-21 06:00:00.000039936,20.576,37.04,32.41,5.4869302e-05,7.716,290.0
2016-08-21 09:00:00.000039936,19.5472,37.04,32.41,5.5576067e-05,7.716,290.0
2016-08-21 12:00:00.000039936,18.004,37.04,32.41,5.6046403e-05,7.716,290.0
2016-08-21 15:00:00.000039936,18.004,37.04,30.095,5.6516048e-05,8.2304,290.0
2016-08-21 18:00:00.000039936,18.004,37.04,27.78,5.721923e-05,8.2304,290.0
2016-08-21 21:00:00.000039936,18.004,37.04,27.78,5.7920843e-05,8.744801,290.0
