Time,Vmax,Rmax_IBT,R34,fcor,u_trans,v_trans
2010-08-22 06:00:00.000039936,18.004,138.9,27.78,2.9824112e-05,4.6296,305.0
2010-08-22 09:00:00.000039936,18.004,138.9,27.78,3.0571195e-05,5.144,305.0
2010-08-22 12:00:00.000039936,18.004,138.9,27.78,3.131743e-05,5.6584,310.0
2010-08-22 15:00:00.000039936,18.004,138.9,27.78,3.231108e-05,6.1728,310.0
2010-08-22 18:00:00.000039936,18.004,138.9,27.78,3.330315e-05,6.1728,305.0
2010-08-22 21:00:00.000039936,20.576,111.12,49.078003,3.404614e-05,6.1728,300.0
2010-08-23 00:00:00.000039936,23.148,83.34,69.45,3.47882e-05,7.2016,290.0
2010-08-23 03:00:00.000039936,24.6912,79.636,80.562,3.5282377e-05,7.716,285.0
2010-08-23 06:00:00.000039936,25.720001,74.08,90.284996,3.577612e-05,8.2304,285.0
2010-08-23 09:00:00.000039936,27.2632,51.856,90.284996,3.626943e-05,8.744801,285.0
2010-08-23 12:00:00.000039936,28.292,27.78,90.284996,3.700857e-05,9.2592,285.0
2010-08-23 15:00:00.000039936,30.864,24.076,93.989,3.7746686e-05,9.2592,285.0
2010-08-23 18:00:00.000039936,33.436,18.52,97.229996,3.8238195e-05,8.744801,280.0
2010-08-23 21:00:00.000039936,36.008,24.076,112.046,3.8483773e-05,8.744801,275.0
2010-08-24 00:00:00.000039936,38.58,27.78,125.009995,3.872924e-05,8.2304,275.0
2010-08-24 03:00:00.000039936,40.1232,27.78,132.418,3.897458e-05,8.2304,275.0
2010-08-24 06:00:00.000039936,41.152,27.78,138.9,3.9219805e-05,8.2304,285.0
2010-08-24 09:00:00.000039936,38.58,33.336,152.79,3.995476e-05,8.744801,290.0
2010-08-24 12:00:00.000039936,36.008,37.04,166.68,4.0688625e-05,9.2592,295.0
2010-08-24 15:00:00.000039936,34.979202,37.04,166.68,4.1665367e-05,9.2592,295.0
2010-08-24 18:00:00.000039936,33.436,37.04,166.68,4.2640077e-05,8.744801,295.0
2010-08-24 21:00:00.000039936,34.979202,37.04,166.68,4.3612705e-05,8.2304,295.0
2010-08-25 00:00:00.000039936,36.008,37.04,166.68,4.4340795e-05,7.716,295.0
2010-08-25 03:00:00.000039936,36.008,37.04,166.68,4.506766e-05,7.716,300.0
2010-08-25 06:00:00.000039936,36.008,37.04,166.68,4.6034886e-05,7.716,305.0
2010-08-25 09:00:00.000039936,36.008,37.04,166.68,4.7240763e-05,7.716,310.0
2010-08-25 12:00:00.000039936,36.008,37.04,166.68,4.844305e-05,8.2304,320.0
2010-08-25 15:00:00.000039936,37.5512,37.04,166.68,4.9880902e-05,8.2304,325.0
2010-08-25 18:00:00.000039936,38.58,37.04,166.68,5.155148e-05,8.2304,325.0
2010-08-25 21:00:00.000039936,40.1232,37.04,191.21901,5.321436e-05,8.2304,325.0
2010-08-26 00:00:00.000039936,41.152,37.04,215.295,5.4633376e-05,7.716,320.0
2010-08-26 03:00:00.000039936,42.6952,37.04,215.295,5.6046403e-05,7.2016,320.0
2010-08-26 06:00:00.000039936,43.724,37.04,215.295,5.721923e-05,6.6872,320.0
2010-08-26 09:00:00.000039936,43.724,37.04,215.295,5.83877e-05,6.1728,320.0
2010-08-26 12:00:00.000039936,43.724,37.04,215.295,5.9319285e-05,6.1728,315.0
2010-08-26 15:00:00.000039936,45.2672,33.336,215.295,6.0247978e-05,6.1728,310.0
2010-08-26 18:00:00.000039936,46.296,27.78,215.295,6.1173734e-05,6.1728,315.0
2010-08-26 21:00:00.000039936,47.8392,33.336,229.64798,6.20965e-05,5.6584,315.0
2010-08-27 00:00:00.000039936,48.868,37.04,243.075,6.3016254e-05,5.6584,310.0
2010-08-27 03:00:00.000039936,52.9832,37.04,243.075,6.370404e-05,5.6584,305.0
2010-08-27 06:00:00.000039936,56.584,37.04,243.075,6.43901e-05,5.144,295.0
2010-08-27 09:00:00.000039936,56.584,33.336,250.02,6.461839e-05,4.6296,290.0
2010-08-27 12:00:00.000039936,56.584,27.78,256.965,6.507438e-05,4.6296,295.0
2010-08-27 15:00:00.000039936,58.1272,24.076,269.92902,6.575688e-05,4.6296,310.0
2010-08-27 18:00:00.000039936,59.156002,18.52,282.43,6.643758e-05,4.1152,320.0
2010-08-27 21:00:00.000039936,56.584,18.52,282.43,6.711647e-05,3.6008,330.0
2010-08-28 00:00:00.000039936,54.012,18.52,282.43,6.7793495e-05,3.6008,325.0
2010-08-28 03:00:00.000039936,51.440002,37.04,287.06,6.8468675e-05,3.6008,325.0
2010-08-28 06:00:00.000039936,48.868,55.56,291.69,6.914198e-05,3.0864,345.0
2010-08-28 09:00:00.000039936,48.868,55.56,291.69,6.981338e-05,3.0864,15.0
2010-08-28 12:00:00.000039936,48.868,55.56,291.69,7.048288e-05,3.6008,30.0
2010-08-28 15:00:00.000039936,47.8392,64.82,298.635,7.115043e-05,4.6296,35.0
2010-08-28 18:00:00.000039936,46.296,74.08,305.58,7.2037474e-05,6.1728,35.0
2010-08-28 21:00:00.000039936,45.2672,74.08,326.41498,7.336144e-05,8.2304,35.0
2010-08-29 00:00:00.000039936,43.724,74.08,347.25,7.4895885e-05,8.744801,35.0
2010-08-29 03:00:00.000039936,42.6952,74.08,347.25,7.641916e-05,9.7736,35.0
2010-08-29 06:00:00.000039936,41.152,74.08,347.25,7.814606e-05,11.8312,35.0
2010-08-29 09:00:00.000039936,40.1232,83.34,361.13998,8.049559e-05,13.8888,30.0
2010-08-29 12:00:00.000039936,38.58,92.6,375.03,8.302487e-05,14.917601,25.0
2010-08-29 15:00:00.000039936,38.58,101.86,388.92,8.592957e-05,14.4032,20.0
2010-08-29 18:00:00.000039936,38.58,111.12,402.81003,8.837856e-05,11.3168,25.0
2010-08-29 21:00:00.000039936,37.5512,111.12,402.81003,8.998974e-05,8.744801,35.0
2010-08-30 00:00:00.000039936,36.008,111.12,402.81003,9.1186645e-05,8.2304,35.0
2010-08-30 03:00:00.000039936,34.979202,111.12,416.7,9.257037e-05,7.716,30.0
2010-08-30 06:00:00.000039936,33.436,111.12,430.59,9.374543e-05,6.6872,40.0
2010-08-30 09:00:00.000039936,33.436,111.12,423.64502,9.452311e-05,5.6584,55.0
2010-08-30 12:00:00.000039936,33.436,111.12,416.7,9.491022e-05,5.6584,65.0
2010-08-30 15:00:00.000039936,32.4072,111.12,430.59003,9.529617e-05,5.6584,70.0
2010-08-30 18:00:00.000039936,30.864,111.12,444.48,9.568096e-05,6.6872,80.0
2010-08-30 21:00:00.000039936,30.864,111.12,472.26,9.587293e-05,8.744801,85.0
