Time,Vmax,Rmax_IBT,R34,fcor,u_trans,v_trans
2006-08-25 12:00:00.000039936,18.004,222.24,37.04,3.454095e-05,7.2016,285.0
2006-08-25 15:00:00.000039936,18.004,148.16,37.04,3.5035337e-05,6.6872,285.0
2006-08-25 18:00:00.000039936,18.004,74.08,37.04,3.5282377e-05,6.1728,285.0
2006-08-25 21:00:00.000039936,19.5472,74.08,37.04,3.5529305e-05,6.1728,285.0
2006-08-26 00:00:00.000039936,20.576,74.08,37.04,3.6022833e-05,6.1728,285.0
2006-08-26 03:00:00.000039936,22.1192,74.08,50.93,3.626943e-05,6.1728,285.0
2006-08-26 06:00:00.000039936,23.148,74.08,64.82,3.67623e-05,5.6584,290.0
2006-08-26 09:00:00.000039936,24.6912,74.08,64.82,3.7254722e-05,5.144,300.0
2006-08-26 12:00:00.000039936,25.720001,74.08,64.82,3.7992504e-05,5.144,305.0
2006-08-26 15:00:00.000039936,27.2632,64.82,78.71,3.872924e-05,5.144,310.0
2006-08-26 18:00:00.000039936,28.292,55.56,92.6,3.9464914e-05,5.144,310.0
2006-08-26 21:00:00.000039936,28.292,46.3,87.97,4.0199502e-05,5.144,310.0
2006-08-27 00:00:00.000039936,28.292,37.04,83.340004,4.093299e-05,4.6296,310.0
2006-08-27 03:00:00.000039936,30.864,27.78,92.6,4.1665367e-05,4.6296,310.0
2006-08-27 06:00:00.000039936,33.436,18.52,101.86,4.239659e-05,4.6296,310.0
2006-08-27 09:00:00.000039936,30.864,18.52,99.545,4.3126656e-05,4.1152,305.0
2006-08-27 12:00:00.000039936,28.292,18.52,97.23,4.3612705e-05,4.1152,305.0
2006-08-27 15:00:00.000039936,25.720001,18.52,90.285,4.409823e-05,3.6008,305.0
2006-08-27 18:00:00.000039936,23.148,18.52,83.340004,4.458322e-05,3.6008,305.0
2006-08-27 21:00:00.000039936,22.1192,37.04,69.45,4.506766e-05,4.1152,310.0
2006-08-28 00:00:00.000039936,20.576,55.56,55.56,4.5793287e-05,4.6296,320.0
2006-08-28 03:00:00.000039936,20.576,55.56,55.56,4.675884e-05,5.144,325.0
2006-08-28 06:00:00.000039936,20.576,55.56,55.56,4.7722115e-05,5.144,335.0
2006-08-28 09:00:00.000039936,19.0328,55.56,66.209,4.892293e-05,5.144,340.0
