Time,Vmax,Rmax_IBT,R34,fcor,u_trans,v_trans
2015-09-05 18:00:00.000039936,18.004,55.56,27.78,3.1068776e-05,6.1728,275.0
2015-09-05 21:00:00.000039936,19.5472,55.56,27.78,3.1068776e-05,6.1728,275.0
2015-09-06 00:00:00.000039936,20.576,55.56,27.78,3.131743e-05,5.6584,275.0
2015-09-06 03:00:00.000039936,22.1192,55.56,50.93,3.131743e-05,5.6584,275.0
2015-09-06 06:00:00.000039936,23.148,55.56,74.08,3.156599e-05,5.6584,280.0
2015-09-06 09:00:00.000039936,24.6912,46.3,74.08,3.1814445e-05,6.1728,280.0
2015-09-06 12:00:00.000039936,25.720001,37.04,74.08,3.206281e-05,6.1728,280.0
2015-09-06 15:00:00.000039936,24.6912,37.04,74.08,3.231108e-05,6.6872,280.0
2015-09-06 18:00:00.000039936,23.148,37.04,74.08,3.2559245e-05,6.6872,280.0
2015-09-06 21:00:00.000039936,23.148,46.3,74.08,3.280731e-05,7.2016,280.0
2015-09-07 00:00:00.000039936,23.148,55.56,74.08,3.330315e-05,7.2016,285.0
2015-09-07 03:00:00.000039936,23.148,55.56,74.08,3.3798577e-05,7.716,280.0
2015-09-07 06:00:00.000039936,23.148,55.56,74.08,3.404614e-05,7.716,280.0
2015-09-07 09:00:00.000039936,22.1192,55.56,69.45,3.4293596e-05,8.2304,275.0
2015-09-07 12:00:00.000039936,20.576,55.56,64.82,3.454095e-05,8.2304,275.0
2015-09-07 15:00:00.000039936,20.576,55.56,55.559998,3.47882e-05,8.744801,275.0
2015-09-07 18:00:00.000039936,20.576,55.56,46.3,3.47882e-05,8.744801,275.0
2015-09-07 21:00:00.000039936,19.5472,55.56,41.67,3.47882e-05,8.744801,275.0
2015-09-08 00:00:00.000039936,18.004,55.56,37.04,3.5035337e-05,8.744801,275.0
2015-09-08 03:00:00.000039936,18.004,55.56,37.04,3.5282377e-05,8.744801,275.0
