Time,Vmax,Rmax_IBT,R34,fcor,u_trans,v_trans
2020-07-22 06:00:00.000039936,18.004,46.3,18.52,2.4823696e-05,5.144,275.0
2020-07-22 09:00:00.000039936,19.5472,46.3,18.52,2.4823696e-05,5.6584,275.0
2020-07-22 12:00:00.000039936,20.576,46.3,18.52,2.5074483e-05,5.6584,275.0
2020-07-22 15:00:00.000039936,22.1192,42.596,32.41,2.5074483e-05,6.1728,270.0
2020-07-22 18:00:00.000039936,23.148,37.04,46.300003,2.5074483e-05,6.1728,270.0
2020-07-22 21:00:00.000039936,24.6912,37.04,46.300003,2.5074483e-05,6.1728,270.0
2020-07-23 00:00:00.000039936,25.720001,37.04,46.300003,2.5074483e-05,6.1728,265.0
2020-07-23 03:00:00.000039936,27.2632,33.336,46.300003,2.4823696e-05,6.1728,260.0
2020-07-23 06:00:00.000039936,28.292,27.78,46.300003,2.4572832e-05,5.6584,265.0
2020-07-23 09:00:00.000039936,28.292,27.78,46.300003,2.4572832e-05,5.144,270.0
2020-07-23 12:00:00.000039936,28.292,27.78,46.300003,2.4572832e-05,5.6584,270.0
2020-07-23 15:00:00.000039936,27.2632,33.336,46.300003,2.4572832e-05,6.1728,270.0
2020-07-23 18:00:00.000039936,25.720001,37.04,46.300003,2.4572832e-05,6.6872,270.0
2020-07-23 21:00:00.000039936,25.720001,37.04,46.300003,2.4572832e-05,7.2016,275.0
2020-07-24 00:00:00.000039936,25.720001,37.04,46.300003,2.4823696e-05,7.2016,275.0
2020-07-24 03:00:00.000039936,25.720001,37.04,46.300003,2.5074483e-05,7.2016,275.0
2020-07-24 06:00:00.000039936,25.720001,37.04,46.300003,2.5074483e-05,7.716,270.0
2020-07-24 09:00:00.000039936,24.6912,37.04,46.300003,2.5074483e-05,8.744801,270.0
2020-07-24 12:00:00.000039936,23.148,37.04,46.300003,2.5074483e-05,8.2304,270.0
2020-07-24 15:00:00.000039936,20.576,37.04,37.04,2.5074483e-05,7.716,270.0
2020-07-24 18:00:00.000039936,18.004,37.04,27.78,2.5074483e-05,7.716,270.0
2020-07-24 21:00:00.000039936,18.004,37.04,27.78,2.5074483e-05,7.716,275.0
2020-07-25 00:00:00.000039936,18.004,37.04,27.78,2.53252e-05,7.716,275.0
2020-07-25 03:00:00.000039936,18.004,37.04,27.78,2.53252e-05,8.2304,275.0
2020-07-25 06:00:00.000039936,18.004,37.04,27.78,2.5575835e-05,8.744801,275.0
2020-07-25 09:00:00.000039936,18.004,37.04,25.465,2.5826394e-05,9.7736,275.0
