Time,Vmax,Rmax_IBT,R34,fcor,u_trans,v_trans
2014-10-10 00:00:00.000039936,18.004,185.2,111.12,5.4633376e-05,6.6872,300.0
2014-10-10 03:00:00.000039936,18.004,185.2,111.12,5.5340646e-05,6.6872,300.0
2014-10-10 06:00:00.000039936,18.004,185.2,111.12,5.6281307e-05,6.1728,305.0
2014-10-10 09:00:00.000039936,18.004,185.2,111.12,5.721923e-05,6.1728,315.0
2014-10-10 12:00:00.000039936,18.004,185.2,111.12,5.8154368e-05,5.6584,320.0
2014-10-10 15:00:00.000039936,19.5472,185.2,111.12,5.9086666e-05,5.144,320.0
2014-10-10 18:00:00.000039936,20.576,185.2,111.12,6.0016075e-05,5.144,325.0
2014-10-10 21:00:00.000039936,23.148,166.68,129.64,6.0942573e-05,4.6296,330.0
2014-10-11 00:00:00.000039936,25.720001,148.16,148.16,6.186609e-05,4.6296,330.0
2014-10-11 03:00:00.000039936,27.2632,148.16,148.16,6.278661e-05,5.144,335.0
2014-10-11 06:00:00.000039936,28.292,148.16,148.16,6.393293e-05,5.6584,340.0
2014-10-11 09:00:00.000039936,29.835201,111.12,166.68001,6.530208e-05,6.1728,345.0
2014-10-11 12:00:00.000039936,30.864,74.08,185.20001,6.666408e-05,7.2016,350.0
2014-10-11 15:00:00.000039936,30.864,70.376,215.295,6.8243826e-05,7.716,355.0
2014-10-11 18:00:00.000039936,30.864,64.82,245.38998,7.003676e-05,7.716,0.0
2014-10-11 21:00:00.000039936,30.864,70.376,245.38998,7.159438e-05,7.716,5.0
2014-10-12 00:00:00.000039936,30.864,74.08,245.38998,7.336144e-05,7.716,10.0
2014-10-12 03:00:00.000039936,32.4072,83.34,247.70499,7.4895885e-05,7.716,10.0
2014-10-12 06:00:00.000039936,33.436,92.6,250.01999,7.663584e-05,8.2304,15.0
2014-10-12 08:10:00.000058368,36.008,92.6,250.01999,7.793102e-05,8.744801,20.0
2014-10-12 09:00:00.000039936,36.008,92.6,250.01999,7.8360856e-05,8.2304,40.0
2014-10-12 12:00:00.000039936,36.008,92.6,250.01999,7.9644604e-05,8.2304,55.0
2014-10-12 15:00:00.000039936,33.436,70.376,256.965,8.028322e-05,8.744801,75.0
2014-10-12 18:00:00.000039936,30.864,46.3,263.90997,8.070772e-05,10.802401,80.0
2014-10-12 21:00:00.000039936,28.292,46.3,263.90997,8.113127e-05,12.3456,85.0
