Time,Vmax,Rmax_IBT,R34,fcor,u_trans,v_trans
2016-08-22 18:00:00.000039936,18.004,111.12,64.82,3.0322259e-05,8.744801,285.0
2016-08-22 21:00:00.000039936,19.5472,92.6,64.82,3.0820032e-05,8.744801,285.0
2016-08-23 00:00:00.000039936,20.576,74.08,64.82,3.156599e-05,8.744801,285.0
2016-08-23 03:00:00.000039936,22.1192,55.56,71.765,3.206281e-05,8.744801,285.0
2016-08-23 06:00:00.000039936,23.148,37.04,78.71,3.280731e-05,9.2592,285.0
2016-08-23 09:00:00.000039936,25.720001,37.04,83.34,3.3550914e-05,9.2592,285.0
2016-08-23 12:00:00.000039936,28.292,37.04,87.97,3.404614e-05,8.744801,285.0
2016-08-23 15:00:00.000039936,28.292,37.04,87.97,3.454095e-05,8.2304,285.0
2016-08-23 18:00:00.000039936,28.292,37.04,87.97,3.5035337e-05,7.716,280.0
2016-08-23 21:00:00.000039936,28.292,37.04,87.97,3.5282377e-05,7.716,280.0
2016-08-24 00:00:00.000039936,28.292,37.04,87.97,3.577612e-05,7.716,285.0
2016-08-24 03:00:00.000039936,29.835201,37.04,87.97,3.626943e-05,7.716,295.0
2016-08-24 06:00:00.000039936,30.864,37.04,87.97,3.7254722e-05,7.716,305.0
2016-08-24 09:00:00.000039936,32.4072,37.04,108.805,3.8483773e-05,7.716,310.0
2016-08-24 12:00:00.000039936,33.436,37.04,129.64,3.9709896e-05,7.716,315.0
2016-08-24 15:00:00.000039936,33.436,37.04,138.90001,4.093299e-05,7.716,315.0
2016-08-24 18:00:00.000039936,33.436,37.04,148.16,4.239659e-05,8.2304,315.0
2016-08-24 21:00:00.000039936,33.436,37.04,152.79,4.385554e-05,8.2304,315.0
2016-08-25 00:00:00.000039936,33.436,37.04,157.42,4.506766e-05,8.2304,310.0
2016-08-25 03:00:00.000039936,33.436,37.04,157.42,4.627635e-05,7.716,305.0
2016-08-25 06:00:00.000039936,33.436,37.04,157.42,4.7240763e-05,7.716,305.0
2016-08-25 09:00:00.000039936,32.4072,51.856,155.10501,4.8202877e-05,7.716,305.0
2016-08-25 12:00:00.000039936,30.864,64.82,152.79001,4.9402213e-05,7.716,315.0
2016-08-25 15:00:00.000039936,29.835201,64.82,148.16,5.083645e-05,7.716,320.0
2016-08-25 18:00:00.000039936,28.292,64.82,143.53,5.22651e-05,8.2304,325.0
2016-08-25 21:00:00.000039936,28.292,64.82,143.53,5.3688025e-05,8.2304,325.0
2016-08-26 00:00:00.000039936,28.292,64.82,143.53,5.5340646e-05,8.2304,325.0
2016-08-26 03:00:00.000039936,28.292,64.82,145.845,5.698501e-05,8.2304,325.0
2016-08-26 06:00:00.000039936,28.292,64.82,148.16,5.83877e-05,7.716,325.0
2016-08-26 09:00:00.000039936,28.292,61.116,150.475,5.9784e-05,7.716,325.0
2016-08-26 12:00:00.000039936,28.292,55.56,152.79001,6.1173734e-05,7.716,320.0
2016-08-26 15:00:00.000039936,28.292,55.56,152.79001,6.2326726e-05,7.716,315.0
2016-08-26 18:00:00.000039936,28.292,55.56,152.79001,6.3474974e-05,7.716,310.0
2016-08-26 21:00:00.000039936,28.292,55.56,143.53,6.461839e-05,7.2016,310.0
2016-08-27 00:00:00.000039936,28.292,55.56,134.26999,6.552959e-05,7.2016,310.0
2016-08-27 03:00:00.000039936,28.292,55.56,134.26999,6.643758e-05,6.6872,305.0
2016-08-27 06:00:00.000039936,28.292,55.56,134.26999,6.734234e-05,6.6872,300.0
2016-08-27 09:00:00.000039936,29.835201,46.3,134.26999,6.801876e-05,6.6872,300.0
2016-08-27 12:00:00.000039936,30.864,37.04,134.27,6.869332e-05,5.6584,300.0
2016-08-27 15:00:00.000039936,32.4072,37.04,143.53,6.936598e-05,4.6296,310.0
2016-08-27 18:00:00.000039936,33.436,37.04,152.79,7.003676e-05,4.6296,315.0
2016-08-27 21:00:00.000039936,36.008,33.336,159.735,7.07056e-05,4.1152,320.0
2016-08-28 00:00:00.000039936,38.58,27.78,166.68001,7.137252e-05,3.6008,330.0
2016-08-28 03:00:00.000039936,40.1232,27.78,168.995,7.2037474e-05,3.6008,335.0
2016-08-28 06:00:00.000039936,41.152,27.78,171.31,7.270045e-05,3.0864,340.0
2016-08-28 09:00:00.000039936,43.724,27.78,173.625,7.314133e-05,2.0576,335.0
2016-08-28 12:00:00.000039936,46.296,27.78,175.94,7.3581316e-05,2.0576,325.0
2016-08-28 15:00:00.000039936,48.868,27.78,180.57,7.380098e-05,1.5432,305.0
2016-08-28 18:00:00.000039936,51.440002,27.78,185.20001,7.402041e-05,1.5432,300.0
2016-08-28 21:00:00.000039936,52.9832,33.336,185.20001,7.423962e-05,1.0288,300.0
2016-08-29 00:00:00.000039936,54.012,37.04,185.20001,7.423962e-05,1.0288,305.0
2016-08-29 03:00:00.000039936,52.9832,37.04,185.20001,7.423962e-05,0.5144,320.0
2016-08-29 06:00:00.000039936,51.440002,37.04,185.20001,7.4458614e-05,0.5144,315.0
2016-08-29 09:00:00.000039936,50.4112,37.04,185.20001,7.4458614e-05,0.5144,320.0
2016-08-29 12:00:00.000039936,48.868,37.04,185.20001,7.467736e-05,1.0288,335.0
2016-08-29 15:00:00.000039936,47.8392,37.04,185.20001,7.4895885e-05,1.5432,0.0
2016-08-29 18:00:00.000039936,46.296,37.04,185.20001,7.533226e-05,2.0576,35.0
2016-08-29 21:00:00.000039936,45.2672,37.04,185.20001,7.576771e-05,2.572,55.0
2016-08-30 00:00:00.000039936,43.724,37.04,185.20001,7.5985095e-05,2.572,55.0
2016-08-30 03:00:00.000039936,43.724,42.596,185.20001,7.620224e-05,2.572,55.0
2016-08-30 06:00:00.000039936,43.724,46.3,185.20001,7.663584e-05,3.6008,65.0
2016-08-30 09:00:00.000039936,43.724,46.3,194.45999,7.6852295e-05,4.1152,70.0
2016-08-30 12:00:00.000039936,43.724,46.3,203.72,7.728449e-05,4.6296,65.0
2016-08-30 15:00:00.000039936,46.296,55.56,206.035,7.771575e-05,4.6296,65.0
2016-08-30 18:00:00.000039936,48.868,64.82,208.35,7.814606e-05,4.6296,70.0
2016-08-30 21:00:00.000039936,51.440002,64.82,212.98,7.8360856e-05,4.6296,70.0
2016-08-31 00:00:00.000039936,54.012,64.82,217.61,7.878973e-05,4.6296,70.0
2016-08-31 03:00:00.000039936,54.012,64.82,219.92499,7.921766e-05,4.6296,65.0
2016-08-31 06:00:00.000039936,54.012,64.82,222.23999,7.9644604e-05,5.6584,65.0
2016-08-31 09:00:00.000039936,52.9832,64.82,224.555,8.028322e-05,6.1728,60.0
2016-08-31 12:00:00.000039936,51.440002,64.82,226.87,8.0919635e-05,6.6872,55.0
2016-08-31 15:00:00.000039936,50.4112,64.82,226.87,8.176471e-05,6.6872,55.0
2016-08-31 18:00:00.000039936,48.868,64.82,226.87,8.2605824e-05,7.716,50.0
2016-08-31 21:00:00.000039936,47.8392,64.82,231.5,8.365155e-05,8.2304,55.0
2016-09-01 00:00:00.000039936,46.296,64.82,236.13,8.469088e-05,8.744801,60.0
2016-09-01 03:00:00.000039936,45.2672,64.82,238.445,8.551773e-05,9.2592,65.0
2016-09-01 06:00:00.000039936,43.724,64.82,240.76,8.6340384e-05,9.7736,65.0
2016-09-01 09:00:00.000039936,42.6952,74.08,240.76,8.7158856e-05,10.288,65.0
2016-09-01 12:00:00.000039936,41.152,83.34,240.76,8.7973065e-05,10.802401,70.0
2016-09-01 15:00:00.000039936,40.1232,83.34,240.76,8.8782996e-05,10.802401,70.0
2016-09-01 18:00:00.000039936,38.58,83.34,240.76,8.938759e-05,10.802401,75.0
2016-09-01 21:00:00.000039936,37.5512,83.34,231.5,8.9789304e-05,10.288,80.0
2016-09-02 00:00:00.000039936,36.008,83.34,222.24,9.0189926e-05,9.2592,80.0
2016-09-02 03:00:00.000039936,34.979202,83.34,210.66501,9.038981e-05,8.2304,80.0
2016-09-02 06:00:00.000039936,33.436,83.34,199.09,9.078879e-05,8.2304,75.0
2016-09-02 09:00:00.000039936,32.4072,83.34,194.46,9.1186645e-05,8.2304,75.0
2016-09-02 12:00:00.000039936,30.864,83.34,189.83,9.1583395e-05,7.716,75.0
2016-09-02 15:00:00.000039936,27.2632,83.34,171.31,9.197902e-05,7.716,75.0
2016-09-02 18:00:00.000039936,23.148,83.34,152.79,9.2373535e-05,7.2016,75.0
2016-09-02 21:00:00.000039936,20.576,125.936,97.23,9.2766924e-05,7.2016,75.0
