Time,Vmax,Rmax_IBT,R34,fcor,u_trans,v_trans
2007-09-08 00:00:00.000039936,20.576,157.42,115.75,7.314133e-05,4.6296,295.0
2007-09-08 03:00:00.000039936,20.576,157.42,104.638,7.3581316e-05,5.144,295.0
2007-09-08 06:00:00.000039936,20.576,157.42,92.6,7.402041e-05,5.144,300.0
2007-09-08 09:00:00.000039936,19.5472,162.976,92.6,7.467736e-05,5.144,305.0
2007-09-08 12:00:00.000039936,18.004,166.68,92.6,7.533226e-05,5.144,310.0
2007-09-08 15:00:00.000039936,18.004,166.68,78.71,7.5985095e-05,5.144,315.0
2007-09-08 18:00:00.000039936,18.004,166.68,64.82,7.6852295e-05,5.144,320.0
2007-09-08 21:00:00.000039936,19.5472,153.716,63.894,7.771575e-05,5.144,320.0
2007-09-09 00:00:00.000039936,20.576,138.9,62.504997,7.85754e-05,5.6584,325.0
2007-09-09 03:00:00.000039936,22.1192,107.416,61.579,7.943125e-05,5.144,330.0
2007-09-09 06:00:00.000039936,23.148,74.08,60.190002,8.049559e-05,5.144,335.0
2007-09-09 09:00:00.000039936,24.6912,55.56,60.190002,8.134267e-05,4.6296,335.0
2007-09-09 12:00:00.000039936,25.720001,37.04,60.190002,8.2185776e-05,4.1152,350.0
2007-09-09 15:00:00.000039936,25.720001,37.04,63.894,8.302487e-05,4.6296,0.0
2007-09-09 15:30:00.000053248,25.720001,37.04,64.356995,8.3234e-05,5.144,10.0
2007-09-09 18:00:00.000039936,23.148,37.04,67.134995,8.4068044e-05,4.6296,15.0
