Time,Vmax,Rmax_IBT,R34,fcor,u_trans,v_trans
2011-08-14 06:00:00.000039936,18.004,55.56,41.670002,6.7793495e-05,3.6008,295.0
2011-08-14 09:00:00.000039936,19.5472,51.856,41.670002,6.8243826e-05,3.6008,305.0
2011-08-14 12:00:00.000039936,20.576,46.3,41.670002,6.869332e-05,3.6008,330.0
2011-08-14 15:00:00.000039936,20.576,46.3,45.374,6.936598e-05,3.6008,345.0
2011-08-14 18:00:00.000039936,20.576,46.3,48.614998,7.025991e-05,4.1152,350.0
2011-08-14 21:00:00.000039936,22.1192,46.3,52.319,7.115043e-05,4.1152,350.0
2011-08-15 00:00:00.000039936,23.148,46.3,55.56,7.2037474e-05,4.6296,350.0
2011-08-15 03:00:00.000039936,24.6912,46.3,62.505,7.314133e-05,5.144,355.0
2011-08-15 06:00:00.000039936,25.720001,46.3,69.450005,7.423962e-05,5.144,0.0
2011-08-15 09:00:00.000039936,27.2632,37.04,80.099,7.533226e-05,5.144,10.0
2011-08-15 12:00:00.000039936,28.292,27.78,90.285,7.641916e-05,6.1728,15.0
2011-08-15 15:00:00.000039936,27.2632,27.78,90.285,7.771575e-05,7.2016,20.0
2011-08-15 18:00:00.000039936,25.720001,27.78,90.285,7.921766e-05,7.716,25.0
2011-08-15 21:00:00.000039936,24.6912,27.78,83.803,8.049559e-05,8.2304,35.0
2011-08-16 00:00:00.000039936,23.148,27.78,76.395,8.197536e-05,8.744801,35.0
2011-08-16 03:00:00.000039936,23.148,27.78,76.395,8.34429e-05,9.2592,35.0
2011-08-16 06:00:00.000039936,23.148,27.78,76.395,8.489798e-05,10.288,45.0
2011-08-16 09:00:00.000039936,22.1192,64.82,62.968,8.6340384e-05,11.8312,50.0
2011-08-16 12:00:00.000039936,20.576,101.86,48.614998,8.7973065e-05,12.3456,50.0
2011-08-16 15:00:00.000039936,20.576,74.08,48.614998,8.938759e-05,12.3456,50.0
