Time,Vmax,Rmax_IBT,R34,fcor,u_trans,v_trans
2010-08-25 12:00:00.000039936,18.004,74.08,60.190002,3.6022833e-05,9.2592,275.0
2010-08-25 15:00:00.000039936,18.004,74.08,60.190002,3.626943e-05,9.2592,275.0
2010-08-25 18:00:00.000039936,18.004,74.08,60.190002,3.651592e-05,8.2304,275.0
2010-08-25 21:00:00.000039936,18.004,74.08,60.190002,3.67623e-05,7.716,280.0
2010-08-26 00:00:00.000039936,18.004,74.08,60.190002,3.700857e-05,7.2016,280.0
2010-08-26 03:00:00.000039936,19.5472,74.08,60.190002,3.7254722e-05,7.716,280.0
2010-08-26 06:00:00.000039936,20.576,74.08,60.190002,3.7500762e-05,7.716,280.0
2010-08-26 09:00:00.000039936,20.576,74.08,76.858,3.7746686e-05,7.716,280.0
2010-08-26 12:00:00.000039936,20.576,74.08,92.6,3.7992504e-05,8.2304,275.0
2010-08-26 15:00:00.000039936,20.576,92.6,92.6,3.8238195e-05,8.744801,275.0
2010-08-26 18:00:00.000039936,20.576,111.12,92.6,3.8483773e-05,8.744801,275.0
2010-08-26 21:00:00.000039936,20.576,111.12,94.91499,3.872924e-05,8.744801,275.0
2010-08-27 00:00:00.000039936,20.576,111.12,97.229996,3.897458e-05,8.744801,275.0
2010-08-27 03:00:00.000039936,20.576,111.12,104.174995,3.9219805e-05,8.744801,275.0
2010-08-27 06:00:00.000039936,20.576,111.12,111.119995,3.9464914e-05,9.2592,275.0
2010-08-27 09:00:00.000039936,20.576,111.12,111.119995,3.9709896e-05,9.2592,275.0
2010-08-27 12:00:00.000039936,20.576,111.12,111.119995,3.9709896e-05,9.2592,275.0
2010-08-27 15:00:00.000039936,20.576,111.12,132.418,3.9709896e-05,9.2592,275.0
2010-08-27 18:00:00.000039936,20.576,111.12,152.79,3.995476e-05,9.7736,275.0
2010-08-27 21:00:00.000039936,22.1192,98.156,152.79,3.995476e-05,9.7736,275.0
2010-08-28 00:00:00.000039936,23.148,83.34,152.79,4.0199502e-05,9.7736,275.0
2010-08-28 03:00:00.000039936,24.6912,70.376,152.79,4.0199502e-05,9.7736,275.0
2010-08-28 06:00:00.000039936,25.720001,55.56,152.79,4.0444127e-05,9.7736,275.0
2010-08-28 09:00:00.000039936,25.720001,55.56,155.105,4.0444127e-05,9.7736,275.0
2010-08-28 12:00:00.000039936,25.720001,55.56,157.42,4.0688625e-05,9.7736,275.0
2010-08-28 15:00:00.000039936,25.720001,51.856,157.42,4.0688625e-05,9.7736,275.0
2010-08-28 18:00:00.000039936,25.720001,46.3,157.42,4.093299e-05,9.2592,275.0
2010-08-28 21:00:00.000039936,27.2632,46.3,171.31,4.1177245e-05,8.744801,275.0
2010-08-29 00:00:00.000039936,28.292,46.3,185.2,4.142137e-05,8.744801,275.0
2010-08-29 03:00:00.000039936,28.292,46.3,187.515,4.1665367e-05,8.2304,275.0
2010-08-29 06:00:00.000039936,28.292,46.3,189.83,4.1909232e-05,8.2304,280.0
2010-08-29 09:00:00.000039936,30.864,37.04,189.83,4.2152973e-05,7.716,280.0
2010-08-29 12:00:00.000039936,33.436,27.78,189.83,4.2640077e-05,7.2016,285.0
2010-08-29 15:00:00.000039936,36.008,33.336,206.035,4.288343e-05,6.6872,285.0
2010-08-29 18:00:00.000039936,38.58,37.04,222.23999,4.3369746e-05,6.6872,285.0
2010-08-29 21:00:00.000039936,41.152,37.04,224.555,4.385554e-05,6.6872,290.0
2010-08-30 00:00:00.000039936,43.724,37.04,226.87,4.4340795e-05,6.6872,290.0
2010-08-30 03:00:00.000039936,46.296,46.3,226.87,4.4825505e-05,6.6872,290.0
2010-08-30 06:00:00.000039936,48.868,55.56,226.87,4.5309676e-05,6.6872,290.0
2010-08-30 09:00:00.000039936,51.440002,51.856,247.70502,4.5793287e-05,6.1728,290.0
2010-08-30 12:00:00.000039936,54.012,46.3,268.53998,4.627635e-05,6.1728,290.0
2010-08-30 15:00:00.000039936,56.584,42.596,270.85498,4.675884e-05,6.1728,295.0
2010-08-30 18:00:00.000039936,59.156002,37.04,273.16998,4.748151e-05,6.1728,300.0
2010-08-30 21:00:00.000039936,59.156002,37.04,275.485,4.8202877e-05,6.1728,300.0
2010-08-31 00:00:00.000039936,59.156002,37.04,277.8,4.892293e-05,6.1728,300.0
2010-08-31 03:00:00.000039936,59.156002,37.04,282.43,4.9641636e-05,6.1728,300.0
2010-08-31 06:00:00.000039936,59.156002,37.04,287.06,5.035898e-05,6.1728,300.0
2010-08-31 09:00:00.000039936,59.156002,37.04,287.06,5.1074945e-05,6.1728,305.0
2010-08-31 12:00:00.000039936,59.156002,37.04,287.06,5.2027382e-05,6.1728,305.0
2010-08-31 15:00:00.000039936,59.156002,37.04,305.58,5.2740055e-05,5.6584,310.0
2010-08-31 18:00:00.000039936,59.156002,37.04,324.1,5.3688025e-05,6.1728,310.0
2010-08-31 21:00:00.000039936,58.1272,37.04,324.1,5.4633376e-05,6.6872,315.0
2010-09-01 00:00:00.000039936,56.584,37.04,324.1,5.581132e-05,7.2016,315.0
2010-09-01 03:00:00.000039936,55.5552,37.04,333.36002,5.698501e-05,7.716,315.0
2010-09-01 06:00:00.000039936,54.012,37.04,342.62,5.83877e-05,7.716,320.0
2010-09-01 09:00:00.000039936,55.5552,37.04,342.62,5.9551734e-05,7.716,320.0
2010-09-01 12:00:00.000039936,56.584,37.04,342.62,6.0942573e-05,7.716,320.0
2010-09-01 15:00:00.000039936,58.1272,37.04,342.62,6.2326726e-05,8.2304,320.0
2010-09-01 18:00:00.000039936,59.156002,37.04,342.62,6.370404e-05,7.716,325.0
2010-09-01 21:00:00.000039936,60.6992,37.04,333.36002,6.507438e-05,7.716,330.0
2010-09-02 00:00:00.000039936,61.728,37.04,324.1,6.666408e-05,7.716,330.0
2010-09-02 03:00:00.000039936,63.271202,33.336,319.47,6.8243826e-05,8.2304,335.0
2010-09-02 06:00:00.000039936,64.3,27.78,314.84,6.981338e-05,8.2304,340.0
2010-09-02 09:00:00.000039936,61.728,27.78,314.84,7.137252e-05,8.2304,345.0
2010-09-02 12:00:00.000039936,59.156002,27.78,314.84,7.314133e-05,8.2304,345.0
2010-09-02 15:00:00.000039936,55.5552,27.78,303.26498,7.4895885e-05,8.2304,350.0
2010-09-02 18:00:00.000039936,51.440002,27.78,291.69,7.663584e-05,7.2016,360.0
2010-09-02 21:00:00.000039936,48.868,42.596,291.69,7.814606e-05,6.6872,5.0
2010-09-03 00:00:00.000039936,46.296,55.56,291.69,7.943125e-05,7.2016,15.0
2010-09-03 03:00:00.000039936,45.2672,51.856,298.635,8.0919635e-05,8.2304,20.0
2010-09-03 06:00:00.000039936,43.724,46.3,305.58,8.2605824e-05,8.744801,20.0
2010-09-03 09:00:00.000039936,41.152,46.3,305.58,8.427592e-05,8.744801,20.0
2010-09-03 12:00:00.000039936,38.58,46.3,305.58,8.592957e-05,8.744801,25.0
2010-09-03 15:00:00.000039936,37.5512,46.3,298.63498,8.756649e-05,9.2592,35.0
2010-09-03 18:00:00.000039936,36.008,46.3,291.69,8.898478e-05,9.2592,35.0
2010-09-03 21:00:00.000039936,33.436,79.636,291.69,9.038981e-05,10.288,40.0
2010-09-04 00:00:00.000039936,30.864,111.12,291.69,9.197902e-05,10.802401,45.0
2010-09-04 03:00:00.000039936,30.864,111.12,289.375,9.335488e-05,11.8312,45.0
2010-09-04 06:00:00.000039936,30.864,111.12,287.06,9.5103336e-05,13.8888,45.0
2010-09-04 09:00:00.000039936,32.4072,111.12,287.06,9.720843e-05,15.9464,40.0
2010-09-04 12:00:00.000039936,33.436,111.12,287.06,9.9464e-05,15.9464,35.0
