Time,Vmax,Rmax_IBT,R34,fcor,u_trans,v_trans
2009-09-08 00:00:00.000039936,18.004,55.56,55.56,2.9574905e-05,7.2016,270.0
2009-09-08 03:00:00.000039936,20.576,55.56,59.264,2.9574905e-05,7.2016,270.0
2009-09-08 06:00:00.000039936,23.148,55.56,62.504997,2.9574905e-05,6.6872,275.0
2009-09-08 09:00:00.000039936,25.720001,42.596,62.504997,2.9574905e-05,6.1728,275.0
2009-09-08 12:00:00.000039936,28.292,27.78,62.504997,2.9824112e-05,6.1728,275.0
2009-09-08 15:00:00.000039936,29.835201,27.78,77.321,2.9824112e-05,6.1728,275.0
2009-09-08 18:00:00.000039936,30.864,27.78,90.284996,3.0073232e-05,6.1728,285.0
2009-09-08 21:00:00.000039936,33.436,27.78,104.638,3.0571195e-05,6.1728,295.0
2009-09-09 00:00:00.000039936,36.008,27.78,118.064995,3.131743e-05,6.1728,300.0
2009-09-09 03:00:00.000039936,41.152,27.78,128.714,3.206281e-05,5.6584,300.0
2009-09-09 06:00:00.000039936,46.296,27.78,138.90001,3.280731e-05,5.6584,305.0
2009-09-09 09:00:00.000039936,50.4112,24.076,142.604,3.3550914e-05,5.144,310.0
2009-09-09 12:00:00.000039936,54.012,18.52,145.845,3.4293596e-05,4.6296,310.0
2009-09-09 15:00:00.000039936,52.9832,18.52,146.308,3.5035337e-05,4.6296,310.0
2009-09-09 18:00:00.000039936,51.440002,18.52,145.845,3.577612e-05,4.6296,310.0
2009-09-09 21:00:00.000039936,50.4112,18.52,145.845,3.651592e-05,4.6296,310.0
2009-09-10 00:00:00.000039936,48.868,18.52,145.845,3.7254722e-05,4.6296,310.0
2009-09-10 03:00:00.000039936,47.8392,18.52,145.845,3.7992504e-05,4.6296,310.0
2009-09-10 06:00:00.000039936,46.296,18.52,145.845,3.872924e-05,4.6296,320.0
2009-09-10 09:00:00.000039936,45.2672,18.52,145.845,3.9464914e-05,4.1152,330.0
2009-09-10 12:00:00.000039936,43.724,18.52,145.845,4.0444127e-05,3.6008,335.0
2009-09-10 15:00:00.000039936,42.6952,18.52,145.845,4.1177245e-05,3.6008,335.0
2009-09-10 18:00:00.000039936,41.152,18.52,145.845,4.1909232e-05,3.0864,335.0
2009-09-10 21:00:00.000039936,41.152,33.336,150.012,4.2640077e-05,2.572,340.0
2009-09-11 00:00:00.000039936,41.152,46.3,152.79,4.3126656e-05,2.0576,10.0
2009-09-11 03:00:00.000039936,40.1232,42.596,153.25299,4.3612705e-05,2.0576,45.0
2009-09-11 06:00:00.000039936,38.58,37.04,152.79,4.385554e-05,2.0576,60.0
2009-09-11 09:00:00.000039936,36.008,37.04,146.308,4.409823e-05,1.5432,70.0
2009-09-11 12:00:00.000039936,33.436,37.04,138.9,4.409823e-05,1.5432,85.0
2009-09-11 15:00:00.000039936,30.864,37.04,125.473,4.409823e-05,1.5432,90.0
2009-09-11 18:00:00.000039936,28.292,37.04,111.12,4.409823e-05,1.5432,90.0
2009-09-11 21:00:00.000039936,27.2632,55.56,107.879005,4.409823e-05,1.5432,90.0
2009-09-12 00:00:00.000039936,25.720001,74.08,104.175,4.409823e-05,1.5432,90.0
2009-09-12 03:00:00.000039936,23.148,79.636,97.69299,4.409823e-05,1.5432,90.0
2009-09-12 06:00:00.000039936,20.576,83.34,90.284996,4.409823e-05,1.0288,110.0
2009-09-12 09:00:00.000039936,19.5472,83.34,62.968,4.385554e-05,0.5144,0.0
