Time,Vmax,Rmax_IBT,R34,fcor,u_trans,v_trans
2022-09-14 18:00:00.000039936,18.004,92.6,55.56,4.1665367e-05,5.6584,275.0
2022-09-14 21:00:00.000039936,20.576,92.6,78.71,4.1665367e-05,6.1728,270.0
2022-09-15 00:00:00.000039936,23.148,92.6,101.86,4.1665367e-05,5.6584,265.0
2022-09-15 03:00:00.000039936,23.148,92.6,101.86,4.1665367e-05,5.6584,265.0
2022-09-15 06:00:00.000039936,23.148,92.6,101.86,4.142137e-05,5.6584,265.0
2022-09-15 09:00:00.000039936,23.148,92.6,127.325005,4.1177245e-05,6.1728,265.0
2022-09-15 12:00:00.000039936,23.148,92.6,152.79001,4.1177245e-05,5.6584,265.0
2022-09-15 15:00:00.000039936,24.6912,74.08,152.79001,4.1177245e-05,6.1728,265.0
2022-09-15 18:00:00.000039936,25.720001,55.56,152.79001,4.093299e-05,6.6872,265.0
2022-09-15 21:00:00.000039936,25.720001,55.56,152.79001,4.0688625e-05,7.2016,260.0
2022-09-16 00:00:00.000039936,25.720001,55.56,152.79001,4.0444127e-05,6.6872,260.0
2022-09-16 03:00:00.000039936,25.720001,55.56,152.79001,3.995476e-05,6.6872,255.0
2022-09-16 06:00:00.000039936,25.720001,55.56,152.79001,3.9709896e-05,6.1728,260.0
2022-09-16 09:00:00.000039936,24.6912,64.82,152.79001,3.9464914e-05,6.6872,270.0
2022-09-16 12:00:00.000039936,23.148,74.08,152.79001,3.9709896e-05,7.716,280.0
2022-09-16 15:00:00.000039936,23.148,74.08,150.475,4.0199502e-05,8.2304,290.0
2022-09-16 18:00:00.000039936,23.148,74.08,148.16,4.093299e-05,6.6872,285.0
2022-09-16 21:00:00.000039936,24.6912,74.08,148.16,4.1177245e-05,5.6584,275.0
2022-09-16 23:15:00.000039936,25.720001,74.08,148.16,4.1177245e-05,6.6872,270.0
2022-09-17 00:00:00.000039936,25.720001,55.56,148.16,4.1177245e-05,6.1728,265.0
2022-09-17 03:00:00.000039936,25.720001,55.56,141.215,4.1177245e-05,5.144,265.0
2022-09-17 06:00:00.000039936,25.720001,55.56,134.26999,4.093299e-05,3.6008,270.0
2022-09-17 09:00:00.000039936,25.720001,55.56,134.26999,4.093299e-05,3.6008,280.0
2022-09-17 12:00:00.000039936,25.720001,55.56,134.26999,4.1177245e-05,3.6008,280.0
2022-09-17 15:00:00.000039936,25.720001,46.3,138.9,4.142137e-05,3.6008,280.0
2022-09-17 18:00:00.000039936,25.720001,37.04,143.53,4.142137e-05,3.6008,270.0
2022-09-17 21:00:00.000039936,25.720001,46.3,150.475,4.142137e-05,3.6008,270.0
2022-09-18 00:00:00.000039936,25.720001,55.56,157.42001,4.142137e-05,4.1152,285.0
2022-09-18 03:00:00.000039936,27.2632,55.56,157.42001,4.1909232e-05,4.6296,300.0
2022-09-18 06:00:00.000039936,28.292,55.56,157.42001,4.239659e-05,4.1152,295.0
2022-09-18 09:00:00.000039936,30.864,55.56,157.42001,4.2640077e-05,3.6008,295.0
2022-09-18 12:00:00.000039936,33.436,55.56,157.42001,4.3126656e-05,4.1152,305.0
2022-09-18 15:00:00.000039936,36.008,51.856,157.42001,4.3612705e-05,4.6296,310.0
2022-09-18 18:00:00.000039936,38.58,46.3,157.42001,4.458322e-05,5.6584,315.0
