Time,Vmax,Rmax_IBT,R34,fcor,u_trans,v_trans
2006-09-05 06:00:00.000039936,18.004,129.64,87.97,4.2152973e-05,5.144,280.0
2006-09-05 09:00:00.000039936,18.004,148.16,87.97,4.239659e-05,4.1152,285.0
2006-09-05 12:00:00.000039936,18.004,166.68,87.97,4.2640077e-05,4.1152,290.0
2006-09-05 15:00:00.000039936,19.5472,166.68,90.285,4.288343e-05,4.6296,290.0
2006-09-05 18:00:00.000039936,20.576,166.68,92.6,4.3369746e-05,4.6296,290.0
2006-09-05 21:00:00.000039936,20.576,166.68,96.304,4.3612705e-05,4.1152,290.0
2006-09-06 00:00:00.000039936,20.576,166.68,99.545,4.409823e-05,5.144,295.0
2006-09-06 03:00:00.000039936,20.576,166.68,126.398994,4.458322e-05,6.1728,295.0
2006-09-06 06:00:00.000039936,20.576,166.68,152.79001,4.5309676e-05,5.6584,295.0
2006-09-06 09:00:00.000039936,22.1192,166.68,179.644,4.5793287e-05,4.6296,295.0
2006-09-06 12:00:00.000039936,23.148,166.68,206.035,4.627635e-05,4.6296,300.0
2006-09-06 15:00:00.000039936,23.148,153.716,227.33301,4.6999867e-05,4.1152,305.0
2006-09-06 18:00:00.000039936,23.148,138.9,247.705,4.748151e-05,3.6008,305.0
2006-09-06 21:00:00.000039936,23.148,138.9,269.929,4.796257e-05,3.0864,300.0
2006-09-07 00:00:00.000039936,23.148,138.9,291.69,4.8202877e-05,3.6008,295.0
2006-09-07 03:00:00.000039936,23.148,138.9,317.618,4.844305e-05,3.6008,295.0
2006-09-07 06:00:00.000039936,23.148,138.9,342.62,4.892293e-05,3.6008,295.0
2006-09-07 09:00:00.000039936,22.1192,162.976,368.548,4.916265e-05,3.6008,295.0
2006-09-07 12:00:00.000039936,20.576,185.2,393.55,4.9641636e-05,4.1152,295.0
2006-09-07 15:00:00.000039936,20.576,185.2,393.55,5.012002e-05,5.144,295.0
2006-09-07 18:00:00.000039936,20.576,185.2,393.55,5.059779e-05,6.6872,295.0
2006-09-07 21:00:00.000039936,20.576,185.2,393.55,5.131329e-05,7.2016,295.0
2006-09-08 00:00:00.000039936,20.576,185.2,393.55,5.2027382e-05,7.716,295.0
2006-09-08 03:00:00.000039936,20.576,185.2,393.55,5.2740055e-05,7.2016,295.0
2006-09-08 06:00:00.000039936,20.576,185.2,393.55,5.345127e-05,7.716,285.0
2006-09-08 09:00:00.000039936,20.576,185.2,393.55,5.3688025e-05,8.2304,275.0
2006-09-08 12:00:00.000039936,20.576,185.2,393.55,5.392461e-05,7.2016,275.0
2006-09-08 15:00:00.000039936,22.1192,185.2,387.99402,5.4161024e-05,6.1728,280.0
2006-09-08 18:00:00.000039936,23.148,185.2,381.975,5.439729e-05,5.6584,295.0
2006-09-08 21:00:00.000039936,24.6912,129.64,378.734,5.510506e-05,6.1728,315.0
2006-09-09 00:00:00.000039936,25.720001,74.08,375.03,5.6281307e-05,7.716,315.0
2006-09-09 03:00:00.000039936,25.720001,79.636,373.178,5.768715e-05,8.2304,315.0
2006-09-09 06:00:00.000039936,25.720001,83.34,370.4,5.8853857e-05,7.2016,310.0
2006-09-09 09:00:00.000039936,25.720001,83.34,368.54797,5.9551734e-05,5.144,305.0
2006-09-09 12:00:00.000039936,25.720001,83.34,365.77002,6.0247978e-05,5.144,305.0
2006-09-09 15:00:00.000039936,25.720001,83.34,365.77002,6.0942573e-05,5.144,315.0
2006-09-09 18:00:00.000039936,25.720001,83.34,365.77002,6.186609e-05,5.6584,325.0
2006-09-09 21:00:00.000039936,28.292,83.34,345.398,6.3016254e-05,6.1728,335.0
2006-09-10 00:00:00.000039936,30.864,83.34,324.1,6.43901e-05,6.1728,330.0
2006-09-10 03:00:00.000039936,33.436,79.636,314.84,6.552959e-05,5.6584,325.0
2006-09-10 06:00:00.000039936,36.008,74.08,305.58002,6.643758e-05,5.6584,325.0
2006-09-10 09:00:00.000039936,37.5512,64.82,309.284,6.756802e-05,5.6584,330.0
2006-09-10 12:00:00.000039936,38.58,55.56,312.52502,6.869332e-05,6.1728,340.0
2006-09-10 15:00:00.000039936,40.1232,55.56,317.155,7.003676e-05,6.1728,350.0
2006-09-10 18:00:00.000039936,41.152,55.56,321.785,7.137252e-05,6.1728,355.0
2006-09-10 21:00:00.000039936,41.152,51.856,326.415,7.270045e-05,5.6584,355.0
2006-09-11 00:00:00.000039936,41.152,46.3,331.045,7.380098e-05,5.144,355.0
2006-09-11 03:00:00.000039936,38.58,61.116,325.48898,7.467736e-05,4.6296,0.0
2006-09-11 06:00:00.000039936,36.008,74.08,319.47,7.576771e-05,5.144,10.0
2006-09-11 09:00:00.000039936,37.5512,74.08,319.47,7.6852295e-05,6.1728,20.0
2006-09-11 12:00:00.000039936,38.58,74.08,319.47,7.814606e-05,6.6872,25.0
2006-09-11 15:00:00.000039936,38.58,79.636,366.233,7.943125e-05,6.6872,25.0
2006-09-11 18:00:00.000039936,38.58,83.34,412.07,8.070772e-05,7.2016,30.0
2006-09-11 21:00:00.000039936,37.5512,83.34,458.83298,8.197536e-05,7.716,30.0
2006-09-12 00:00:00.000039936,36.008,83.34,504.66998,8.34429e-05,8.2304,30.0
2006-09-12 03:00:00.000039936,34.979202,83.34,523.19,8.489798e-05,8.2304,30.0
2006-09-12 06:00:00.000039936,33.436,83.34,541.70996,8.6340384e-05,7.716,35.0
2006-09-12 09:00:00.000039936,33.436,98.156,562.545,8.756649e-05,7.716,45.0
2006-09-12 12:00:00.000039936,33.436,111.12,583.38,8.858091e-05,7.716,50.0
2006-09-12 15:00:00.000039936,33.436,111.12,569.49,8.958859e-05,8.744801,50.0
