Time,Vmax,Rmax_IBT,R34,fcor,u_trans,v_trans
2012-08-16 00:00:00.000039936,18.004,27.78,18.52,7.402041e-05,6.6872,355.0
2012-08-16 03:00:00.000039936,19.5472,27.78,23.15,7.533226e-05,6.1728,10.0
2012-08-16 06:00:00.000039936,20.576,27.78,27.78,7.663584e-05,6.6872,20.0
2012-08-16 09:00:00.000039936,22.1192,27.78,41.670002,7.793102e-05,7.2016,30.0
2012-08-16 12:00:00.000039936,23.148,27.78,55.560005,7.921766e-05,7.716,40.0
2012-08-16 15:00:00.000039936,25.720001,27.78,60.190002,8.049559e-05,7.716,50.0
2012-08-16 18:00:00.000039936,28.292,27.78,64.82,8.134267e-05,8.2304,65.0
2012-08-16 21:00:00.000039936,29.835201,27.78,64.82,8.197536e-05,8.2304,75.0
2012-08-17 00:00:00.000039936,30.864,27.78,64.82,8.2185776e-05,8.744801,80.0
2012-08-17 03:00:00.000039936,29.835201,37.04,69.45,8.2605824e-05,8.744801,80.0
2012-08-17 06:00:00.000039936,28.292,46.3,74.08,8.2815466e-05,8.744801,90.0
2012-08-17 09:00:00.000039936,28.292,46.3,97.229996,8.2605824e-05,8.744801,95.0
2012-08-17 12:00:00.000039936,28.292,46.3,120.380005,8.239592e-05,8.744801,95.0
2012-08-17 15:00:00.000039936,28.292,51.856,134.27,8.2185776e-05,8.744801,95.0
2012-08-17 18:00:00.000039936,28.292,55.56,148.16,8.2185776e-05,8.2304,95.0
2012-08-17 21:00:00.000039936,29.835201,55.56,150.475,8.2185776e-05,8.2304,95.0
2012-08-18 00:00:00.000039936,30.864,55.56,152.79001,8.197536e-05,7.2016,95.0
2012-08-18 03:00:00.000039936,32.4072,51.856,164.36499,8.176471e-05,6.6872,100.0
2012-08-18 06:00:00.000039936,33.436,46.3,175.94,8.155382e-05,7.2016,95.0
2012-08-18 09:00:00.000039936,36.008,46.3,175.94,8.155382e-05,8.2304,90.0
2012-08-18 12:00:00.000039936,38.58,46.3,175.94,8.155382e-05,8.744801,90.0
2012-08-18 15:00:00.000039936,42.6952,46.3,175.94,8.155382e-05,8.744801,90.0
2012-08-18 18:00:00.000039936,46.296,46.3,175.94,8.155382e-05,9.7736,85.0
2012-08-18 21:00:00.000039936,47.8392,46.3,175.94,8.176471e-05,10.802401,80.0
2012-08-19 00:00:00.000039936,48.868,46.3,175.94,8.2185776e-05,10.802401,80.0
2012-08-19 03:00:00.000039936,47.8392,46.3,175.94,8.2605824e-05,10.288,80.0
2012-08-19 06:00:00.000039936,46.296,46.3,175.94,8.302487e-05,9.7736,75.0
2012-08-19 09:00:00.000039936,46.296,46.3,173.625,8.34429e-05,8.744801,75.0
2012-08-19 12:00:00.000039936,46.296,46.3,171.31,8.4068044e-05,8.744801,75.0
2012-08-19 15:00:00.000039936,43.724,46.3,171.31,8.448353e-05,9.2592,75.0
2012-08-19 18:00:00.000039936,41.152,46.3,171.31,8.510482e-05,9.2592,70.0
2012-08-19 21:00:00.000039936,38.58,46.3,159.735,8.5723776e-05,8.744801,65.0
2012-08-20 00:00:00.000039936,36.008,46.3,148.16,8.6545406e-05,8.2304,65.0
2012-08-20 03:00:00.000039936,34.4648,46.3,148.16,8.7158856e-05,7.716,65.0
2012-08-20 05:30:00.000066560,33.436,46.3,148.16,8.776991e-05,7.2016,50.0
2012-08-20 06:00:00.000039936,33.436,46.3,148.16,8.7973065e-05,7.716,55.0
2012-08-20 09:00:00.000039936,32.4072,46.3,145.845,8.8782996e-05,8.2304,60.0
2012-08-20 12:00:00.000039936,30.864,46.3,143.53,8.958859e-05,9.2592,60.0
2012-08-20 15:00:00.000039936,27.2632,51.856,136.58499,9.058944e-05,9.7736,60.0
