Time,Vmax,Rmax_IBT,R34,fcor,u_trans,v_trans
2018-09-08 00:00:00.000039936,18.004,166.68,41.670002,3.4293596e-05,3.6008,280.0
2018-09-08 03:00:00.000039936,19.5472,148.16,39.355,3.454095e-05,4.6296,275.0
2018-09-08 06:00:00.000039936,20.576,129.64,37.04,3.454095e-05,4.6296,265.0
2018-09-08 09:00:00.000039936,22.1192,111.12,46.3,3.4293596e-05,5.144,260.0
2018-09-08 12:00:00.000039936,23.148,92.6,55.559998,3.404614e-05,5.144,255.0
2018-09-08 15:00:00.000039936,23.148,83.34,55.559998,3.3798577e-05,5.6584,260.0
2018-09-08 18:00:00.000039936,23.148,74.08,55.559998,3.3550914e-05,5.6584,260.0
2018-09-08 21:00:00.000039936,24.6912,61.116,76.395004,3.330315e-05,6.1728,265.0
2018-09-09 00:00:00.000039936,25.720001,46.3,97.23,3.330315e-05,6.1728,265.0
2018-09-09 03:00:00.000039936,27.2632,46.3,99.545,3.305528e-05,6.1728,265.0
2018-09-09 06:00:00.000039936,28.292,46.3,101.86,3.305528e-05,5.6584,270.0
2018-09-09 09:00:00.000039936,29.835201,46.3,101.86,3.305528e-05,5.6584,275.0
2018-09-09 12:00:00.000039936,30.864,46.3,101.86,3.330315e-05,5.6584,280.0
2018-09-09 15:00:00.000039936,32.4072,37.04,101.86,3.3550914e-05,5.6584,280.0
2018-09-09 18:00:00.000039936,33.436,27.78,101.86,3.3798577e-05,5.6584,285.0
2018-09-09 21:00:00.000039936,36.008,27.78,106.49,3.404614e-05,5.6584,285.0
2018-09-10 00:00:00.000039936,38.58,27.78,111.119995,3.454095e-05,6.1728,285.0
2018-09-10 03:00:00.000039936,40.1232,27.78,111.119995,3.47882e-05,6.6872,285.0
2018-09-10 06:00:00.000039936,41.152,27.78,111.119995,3.5282377e-05,7.2016,285.0
2018-09-10 09:00:00.000039936,42.6952,27.78,120.38,3.577612e-05,7.2016,285.0
2018-09-10 12:00:00.000039936,43.724,27.78,129.64001,3.626943e-05,7.2016,285.0
2018-09-10 15:00:00.000039936,45.2672,27.78,131.95502,3.67623e-05,7.2016,285.0
2018-09-10 18:00:00.000039936,46.296,27.78,134.26999,3.7254722e-05,7.2016,290.0
2018-09-10 21:00:00.000039936,47.8392,27.78,134.26999,3.7746686e-05,7.2016,290.0
2018-09-11 00:00:00.000039936,48.868,27.78,134.26999,3.8483773e-05,6.6872,290.0
2018-09-11 03:00:00.000039936,48.868,27.78,136.58499,3.897458e-05,5.6584,290.0
2018-09-11 06:00:00.000039936,48.868,27.78,138.9,3.9464914e-05,5.144,295.0
2018-09-11 09:00:00.000039936,48.868,27.78,145.845,3.995476e-05,4.6296,305.0
2018-09-11 12:00:00.000039936,48.868,27.78,152.79001,4.0688625e-05,4.1152,310.0
2018-09-11 15:00:00.000039936,47.8392,27.78,164.365,4.142137e-05,4.1152,315.0
2018-09-11 18:00:00.000039936,46.296,27.78,175.94,4.2152973e-05,4.6296,320.0
2018-09-11 21:00:00.000039936,45.2672,27.78,182.885,4.3126656e-05,5.144,320.0
2018-09-12 00:00:00.000039936,43.724,27.78,189.83,4.409823e-05,5.6584,330.0
2018-09-12 03:00:00.000039936,42.6952,27.78,196.775,4.5309676e-05,6.1728,335.0
2018-09-12 06:00:00.000039936,41.152,27.78,203.72,4.675884e-05,6.1728,340.0
2018-09-12 09:00:00.000039936,41.152,27.78,206.035,4.8202877e-05,6.1728,335.0
2018-09-12 12:00:00.000039936,41.152,27.78,208.34999,4.9402213e-05,5.6584,340.0
2018-09-12 15:00:00.000039936,40.1232,27.78,208.35,5.059779e-05,5.6584,340.0
2018-09-12 18:00:00.000039936,38.58,27.78,208.34999,5.178951e-05,5.6584,340.0
2018-09-12 21:00:00.000039936,37.5512,27.78,208.34999,5.321436e-05,6.1728,340.0
2018-09-13 00:00:00.000039936,36.008,27.78,208.34999,5.439729e-05,5.6584,345.0
2018-09-13 03:00:00.000039936,34.979202,27.78,206.035,5.5576067e-05,5.144,350.0
2018-09-13 06:00:00.000039936,33.436,27.78,203.72,5.6750614e-05,5.6584,355.0
2018-09-13 09:00:00.000039936,32.4072,33.336,199.09,5.8154368e-05,6.1728,355.0
2018-09-13 12:00:00.000039936,30.864,37.04,194.45999,5.9551734e-05,6.1728,360.0
2018-09-13 15:00:00.000039936,30.864,46.3,194.45999,6.0942573e-05,6.6872,0.0
2018-09-13 18:00:00.000039936,30.864,55.56,194.45999,6.255676e-05,7.716,0.0
2018-09-13 21:00:00.000039936,30.864,55.56,194.45999,6.43901e-05,9.2592,0.0
2018-09-14 00:00:00.000039936,30.864,55.56,194.45999,6.666408e-05,10.288,0.0
2018-09-14 03:00:00.000039936,30.864,55.56,192.145,6.914198e-05,11.3168,0.0
2018-09-14 06:00:00.000039936,30.864,55.56,189.83,7.159438e-05,12.3456,0.0
2018-09-14 09:00:00.000039936,30.864,55.56,189.83,7.423962e-05,12.3456,0.0
2018-09-14 12:00:00.000039936,30.864,55.56,189.83,7.6852295e-05,11.3168,5.0
2018-09-14 15:00:00.000039936,30.864,55.56,192.145,7.900381e-05,9.7736,5.0
2018-09-14 18:00:00.000039936,30.864,55.56,194.45999,8.0919635e-05,8.744801,10.0
2018-09-14 21:00:00.000039936,30.864,55.56,201.405,8.2605824e-05,8.2304,15.0
2018-09-15 00:00:00.000039936,30.864,55.56,208.35,8.4068044e-05,8.744801,20.0
2018-09-15 03:00:00.000039936,30.864,55.56,212.98,8.5723776e-05,9.2592,20.0
2018-09-15 06:00:00.000039936,30.864,55.56,217.61,8.756649e-05,9.2592,25.0
2018-09-15 09:00:00.000039936,29.835201,55.56,222.23999,8.9186324e-05,9.2592,30.0
2018-09-15 12:00:00.000039936,28.292,55.56,226.87,9.058944e-05,9.2592,40.0
2018-09-15 15:00:00.000039936,28.292,55.56,226.87,9.1781345e-05,8.744801,45.0
2018-09-15 18:00:00.000039936,28.292,55.56,226.87,9.296319e-05,8.2304,45.0
2018-09-15 21:00:00.000039936,27.2632,55.56,229.185,9.3940274e-05,7.716,45.0
2018-09-16 00:00:00.000039936,25.720001,55.56,231.5,9.491022e-05,8.2304,50.0
2018-09-16 03:00:00.000039936,24.6912,55.56,238.44499,9.606459e-05,9.7736,50.0
2018-09-16 06:00:00.000039936,23.148,55.56,245.39,9.720843e-05,10.802401,50.0
2018-09-16 09:00:00.000039936,23.148,101.86,259.28,9.852942e-05,11.8312,55.0
2018-09-16 12:00:00.000039936,23.148,148.16,273.17,9.965002e-05,11.8312,60.0
2018-09-16 15:00:00.000039936,23.148,148.16,275.48502,0.00010057548,12.860001,65.0
2018-09-16 18:00:00.000039936,23.148,148.16,277.80002,0.000101493315,14.4032,70.0
2018-09-16 21:00:00.000039936,24.6912,148.16,277.80002,0.00010240341,15.432,70.0
2018-09-17 00:00:00.000039936,25.720001,148.16,277.80002,0.00010348522,16.4608,65.0
2018-09-17 03:00:00.000039936,25.720001,148.16,277.80002,0.00010473298,16.4608,60.0
2018-09-17 06:00:00.000039936,25.720001,148.16,277.80002,0.00010613984,15.432,60.0
2018-09-17 09:00:00.000039936,25.720001,148.16,277.80002,0.000107181426,13.8888,60.0
2018-09-17 12:00:00.000039936,25.720001,148.16,277.80002,0.00010838173,12.3456,55.0
2018-09-17 15:00:00.000039936,24.6912,148.16,277.80002,0.00010956587,11.3168,50.0
