Time,Vmax,Rmax_IBT,R34,fcor,u_trans,v_trans
2019-09-04 00:00:00.000039936,18.004,166.68,41.67,4.675884e-05,4.6296,325.0
2019-09-04 03:00:00.000039936,19.5472,157.42,39.355,4.7722115e-05,5.144,325.0
2019-09-04 06:00:00.000039936,20.576,148.16,37.04,4.868306e-05,4.6296,325.0
2019-09-04 09:00:00.000039936,22.1192,138.9,64.82,4.9402213e-05,3.6008,330.0
2019-09-04 12:00:00.000039936,23.148,129.64,92.600006,5.012002e-05,2.572,335.0
2019-09-04 15:00:00.000039936,23.148,120.38,120.380005,5.059779e-05,2.0576,345.0
2019-09-04 18:00:00.000039936,23.148,111.12,148.16,5.1074945e-05,1.5432,345.0
2019-09-04 21:00:00.000039936,23.148,92.6,159.735,5.131329e-05,2.0576,330.0
2019-09-05 00:00:00.000039936,23.148,74.08,171.31,5.178951e-05,3.0864,320.0
2019-09-05 03:00:00.000039936,23.148,74.08,180.57,5.250265e-05,4.6296,320.0
2019-09-05 06:00:00.000039936,23.148,74.08,189.83,5.345127e-05,5.144,320.0
2019-09-05 09:00:00.000039936,23.148,74.08,189.83,5.439729e-05,5.144,320.0
2019-09-05 12:00:00.000039936,23.148,74.08,189.82999,5.5340646e-05,4.6296,325.0
2019-09-05 15:00:00.000039936,22.1192,92.6,189.82999,5.6046403e-05,3.6008,330.0
2019-09-05 18:00:00.000039936,20.576,111.12,189.82999,5.6750614e-05,4.1152,330.0
2019-09-05 21:00:00.000039936,19.5472,129.64,189.82999,5.768715e-05,5.6584,330.0
2019-09-06 00:00:00.000039936,18.004,148.16,189.82999,5.8853857e-05,6.6872,325.0
2019-09-06 03:00:00.000039936,18.004,138.9,178.255,6.0247978e-05,7.716,325.0
2019-09-06 06:00:00.000039936,18.004,129.64,166.68,6.1635496e-05,7.716,325.0
2019-09-06 09:00:00.000039936,19.5472,111.12,134.27,6.3016254e-05,7.716,325.0
2019-09-06 12:00:00.000039936,20.576,92.6,101.86,6.43901e-05,7.2016,325.0
2019-09-06 15:00:00.000039936,22.1192,92.6,125.01001,6.575688e-05,7.716,325.0
2019-09-06 18:00:00.000039936,23.148,92.6,148.16,6.711647e-05,8.744801,325.0
2019-09-06 21:00:00.000039936,24.6912,83.34,155.105,6.8917754e-05,9.7736,330.0
2019-09-07 00:00:00.000039936,25.720001,74.08,162.05,7.07056e-05,10.288,325.0
2019-09-07 03:00:00.000039936,24.6912,64.82,155.10501,7.247968e-05,10.288,320.0
2019-09-07 06:00:00.000039936,23.148,55.56,148.16,7.402041e-05,10.288,300.0
2019-09-07 09:00:00.000039936,23.148,46.3,138.9,7.467736e-05,10.288,285.0
2019-09-07 12:00:00.000039936,23.148,37.04,129.64,7.511419e-05,9.7736,285.0
2019-09-07 15:00:00.000039936,23.148,37.04,122.69499,7.576771e-05,8.744801,285.0
2019-09-07 18:00:00.000039936,23.148,37.04,115.75,7.620224e-05,8.2304,285.0
2019-09-07 21:00:00.000039936,23.148,37.04,111.119995,7.641916e-05,7.2016,280.0
2019-09-08 00:00:00.000039936,23.148,37.04,106.49,7.6852295e-05,6.1728,290.0
2019-09-08 03:00:00.000039936,24.6912,37.04,106.49,7.728449e-05,5.144,300.0
2019-09-08 06:00:00.000039936,25.720001,37.04,106.49,7.793102e-05,5.144,315.0
2019-09-08 09:00:00.000039936,25.720001,37.04,106.49,7.878973e-05,5.144,330.0
2019-09-08 12:00:00.000039936,25.720001,37.04,106.49,7.9857724e-05,6.1728,340.0
2019-09-08 15:00:00.000039936,27.2632,37.04,111.12,8.113127e-05,6.6872,350.0
2019-09-08 18:00:00.000039936,28.292,37.04,115.75,8.2605824e-05,6.6872,355.0
2019-09-08 21:00:00.000039936,28.292,37.04,115.75,8.3859915e-05,6.6872,0.0
2019-09-09 00:00:00.000039936,28.292,37.04,115.75,8.5311396e-05,6.6872,5.0
2019-09-09 03:00:00.000039936,27.2632,46.3,120.38,8.6545406e-05,6.6872,15.0
2019-09-09 06:00:00.000039936,25.720001,55.56,125.01,8.7973065e-05,7.2016,20.0
2019-09-09 09:00:00.000039936,25.720001,64.82,134.26999,8.9186324e-05,7.716,30.0
2019-09-09 12:00:00.000039936,25.720001,74.08,143.53,9.058944e-05,9.2592,35.0
2019-09-09 15:00:00.000039936,25.720001,74.08,143.53,9.217642e-05,10.802401,40.0
2019-09-09 18:00:00.000039936,25.720001,74.08,143.53,9.374543e-05,10.802401,45.0
2019-09-09 21:00:00.000039936,24.6912,83.34,143.53,9.5103336e-05,10.802401,50.0
2019-09-10 00:00:00.000039936,23.148,92.6,143.53,9.644705e-05,10.802401,55.0
2019-09-10 03:00:00.000039936,23.148,92.6,150.475,9.7398035e-05,10.802401,60.0
2019-09-10 06:00:00.000039936,23.148,92.6,157.42,9.834162e-05,10.802401,65.0
2019-09-10 09:00:00.000039936,23.148,92.6,157.42,9.92777e-05,10.802401,65.0
2019-09-10 12:00:00.000039936,23.148,92.6,157.42,0.00010002111,10.802401,70.0
2019-09-10 15:00:00.000039936,23.148,92.6,157.42,0.00010075968,10.802401,70.0
2019-09-10 18:00:00.000039936,23.148,92.6,157.42,0.000101493315,11.8312,60.0
2019-09-10 21:00:00.000039936,22.1192,83.34,157.42,0.00010258449,12.860001,55.0
2019-09-11 00:00:00.000039936,20.576,74.08,157.42,0.00010402188,13.8888,55.0
2019-09-11 03:00:00.000039936,20.576,74.08,150.47499,0.00010526295,14.4032,60.0
2019-09-11 06:00:00.000039936,20.576,74.08,143.53,0.0001066621,15.432,55.0
2019-09-11 09:00:00.000039936,19.5472,74.08,113.435,0.00010838173,15.9464,50.0
