Time,Vmax,Rmax_IBT,R34,fcor,u_trans,v_trans
2008-08-28 12:00:00.000039936,18.004,83.34,46.3,5.012002e-05,5.144,295.0
2008-08-28 15:00:00.000039936,18.004,70.376,46.3,5.059779e-05,5.144,295.0
2008-08-28 18:00:00.000039936,18.004,55.56,46.3,5.1074945e-05,5.144,290.0
2008-08-28 21:00:00.000039936,19.5472,55.56,53.245,5.155148e-05,4.6296,290.0
2008-08-29 00:00:00.000039936,20.576,55.56,60.19,5.178951e-05,4.6296,280.0
2008-08-29 03:00:00.000039936,22.1192,55.56,64.82,5.2027382e-05,4.6296,275.0
2008-08-29 06:00:00.000039936,23.148,55.56,69.450005,5.2027382e-05,4.6296,280.0
2008-08-29 09:00:00.000039936,23.148,61.116,76.858,5.22651e-05,4.6296,285.0
2008-08-29 12:00:00.000039936,23.148,64.82,83.34,5.250265e-05,4.6296,290.0
2008-08-29 15:00:00.000039936,23.148,64.82,100.007996,5.2977284e-05,5.144,295.0
2008-08-29 18:00:00.000039936,23.148,64.82,115.75,5.345127e-05,5.144,290.0
2008-08-29 21:00:00.000039936,23.148,64.82,133.807,5.3688025e-05,5.144,280.0
2008-08-30 00:00:00.000039936,23.148,64.82,150.475,5.392461e-05,5.144,280.0
2008-08-30 03:00:00.000039936,23.148,64.82,156.49399,5.4161024e-05,4.6296,275.0
2008-08-30 06:00:00.000039936,23.148,64.82,162.04999,5.4161024e-05,4.1152,275.0
2008-08-30 09:00:00.000039936,23.148,64.82,168.069,5.4161024e-05,3.6008,280.0
2008-08-30 12:00:00.000039936,23.148,64.82,173.625,5.439729e-05,3.6008,285.0
2008-08-30 15:00:00.000039936,23.148,79.636,179.644,5.4633376e-05,3.6008,295.0
2008-08-30 18:00:00.000039936,23.148,92.6,185.2,5.510506e-05,3.6008,300.0
2008-08-30 21:00:00.000039936,24.6912,92.6,194.45999,5.5576067e-05,3.6008,305.0
2008-08-31 00:00:00.000039936,25.720001,92.6,203.72,5.6046403e-05,4.6296,305.0
2008-08-31 03:00:00.000039936,24.6912,116.676,196.775,5.6516048e-05,5.6584,300.0
2008-08-31 06:00:00.000039936,23.148,138.9,189.83,5.721923e-05,6.1728,295.0
2008-08-31 09:00:00.000039936,22.1192,138.9,178.255,5.768715e-05,6.6872,290.0
2008-08-31 12:00:00.000039936,20.576,138.9,166.68001,5.8154368e-05,6.1728,280.0
2008-08-31 15:00:00.000039936,20.576,138.9,170.384,5.83877e-05,5.6584,275.0
2008-08-31 18:00:00.000039936,20.576,138.9,173.625,5.83877e-05,4.6296,270.0
2008-08-31 21:00:00.000039936,22.1192,116.676,173.625,5.83877e-05,3.0864,260.0
2008-09-01 00:00:00.000039936,23.148,92.6,173.625,5.8154368e-05,2.572,245.0
2008-09-01 03:00:00.000039936,24.6912,92.6,182.885,5.7920843e-05,2.0576,220.0
2008-09-01 06:00:00.000039936,25.720001,92.6,192.145,5.7453286e-05,2.0576,210.0
2008-09-01 09:00:00.000039936,28.292,92.6,196.77501,5.698501e-05,2.0576,205.0
2008-09-01 12:00:00.000039936,30.864,92.6,201.40501,5.6516048e-05,2.572,205.0
2008-09-01 15:00:00.000039936,33.436,92.6,203.72,5.6046403e-05,2.572,200.0
2008-09-01 18:00:00.000039936,36.008,92.6,206.03499,5.5340646e-05,2.572,0.0
2008-09-01 21:00:00.000039936,37.5512,92.6,218.99901,5.4633376e-05,2.572,170.0
2008-09-02 00:00:00.000039936,38.58,92.6,231.5,5.4161024e-05,2.572,195.0
2008-09-02 03:00:00.000039936,36.008,74.08,231.5,5.3688025e-05,2.572,225.0
2008-09-02 06:00:00.000039936,33.436,55.56,231.5,5.321436e-05,3.0864,225.0
2008-09-02 09:00:00.000039936,32.4072,55.56,225.944,5.2740055e-05,2.572,215.0
2008-09-02 12:00:00.000039936,30.864,55.56,219.92499,5.22651e-05,2.0576,195.0
2008-09-02 15:00:00.000039936,29.835201,55.56,219.92499,5.178951e-05,2.0576,165.0
2008-09-02 18:00:00.000039936,28.292,55.56,219.92499,5.131329e-05,2.0576,145.0
2008-09-02 21:00:00.000039936,28.292,55.56,231.96301,5.1074945e-05,1.5432,125.0
2008-09-03 00:00:00.000039936,28.292,55.56,243.07501,5.083645e-05,1.5432,135.0
2008-09-03 03:00:00.000039936,27.2632,74.08,261.13202,5.059779e-05,1.5432,135.0
2008-09-03 06:00:00.000039936,25.720001,92.6,277.8,5.035898e-05,2.0576,80.0
2008-09-03 09:00:00.000039936,24.6912,111.12,289.838,5.059779e-05,3.0864,50.0
2008-09-03 12:00:00.000039936,23.148,129.64,300.95,5.131329e-05,4.6296,20.0
2008-09-03 15:00:00.000039936,24.6912,129.64,300.95,5.250265e-05,5.144,5.0
2008-09-03 18:00:00.000039936,25.720001,129.64,300.95,5.3688025e-05,4.6296,0.0
2008-09-03 19:00:00.000066560,25.720001,129.64,300.95,5.392461e-05,4.6296,0.0
2008-09-03 21:00:00.000039936,26.7488,129.64,312.062,5.4633376e-05,6.1728,0.0
2008-09-04 00:00:00.000039936,28.292,129.64,328.73,5.6281307e-05,5.6584,345.0
2008-09-04 03:00:00.000039936,29.835201,135.196,328.73,5.721923e-05,4.6296,320.0
2008-09-04 06:00:00.000039936,30.864,138.9,328.73,5.7920843e-05,4.6296,315.0
2008-09-04 09:00:00.000039936,29.835201,138.9,334.749,5.862087e-05,5.144,315.0
2008-09-04 12:00:00.000039936,28.292,138.9,340.305,5.9551734e-05,6.1728,315.0
2008-09-04 15:00:00.000039936,28.292,144.456,339.379,6.0711227e-05,7.2016,315.0
2008-09-04 18:00:00.000039936,28.292,148.16,337.99,6.186609e-05,8.2304,310.0
2008-09-04 21:00:00.000039936,28.292,148.16,333.36,6.3016254e-05,8.744801,305.0
2008-09-05 00:00:00.000039936,28.292,148.16,328.72998,6.416161e-05,9.2592,305.0
2008-09-05 03:00:00.000039936,28.292,148.16,321.785,6.530208e-05,8.744801,310.0
2008-09-05 06:00:00.000039936,28.292,148.16,314.84,6.666408e-05,8.2304,310.0
2008-09-05 09:00:00.000039936,28.292,148.16,312.988,6.7793495e-05,7.716,315.0
2008-09-05 12:00:00.000039936,28.292,148.16,310.21,6.8917754e-05,7.716,335.0
2008-09-05 15:00:00.000039936,29.835201,101.86,304.654,7.07056e-05,8.744801,355.0
2008-09-05 18:00:00.000039936,30.864,55.56,298.635,7.270045e-05,8.744801,350.0
2008-09-05 21:00:00.000039936,30.864,55.56,271.318,7.4458614e-05,8.744801,340.0
2008-09-06 00:00:00.000039936,30.864,55.56,243.07501,7.620224e-05,8.744801,360.0
2008-09-06 03:00:00.000039936,30.864,55.56,220.388,7.814606e-05,10.288,15.0
2008-09-06 06:00:00.000039936,30.864,55.56,196.775,8.028322e-05,11.3168,15.0
2008-09-06 07:00:00.000066560,30.864,55.56,196.775,8.113127e-05,12.3456,10.0
