Time,Vmax,Rmax_IBT,R34,fcor,u_trans,v_trans
2022-09-20 18:00:00.000039936,18.004,55.56,50.93,8.155382e-05,8.744801,25.0
2022-09-20 21:00:00.000039936,20.576,55.56,64.82,8.3234e-05,8.744801,25.0
2022-09-21 00:00:00.000039936,23.148,55.56,78.71,8.469088e-05,8.744801,30.0
2022-09-21 03:00:00.000039936,25.720001,51.856,92.600006,8.613512e-05,8.2304,30.0
2022-09-21 06:00:00.000039936,28.292,46.3,106.490005,8.756649e-05,7.716,35.0
2022-09-21 09:00:00.000039936,28.292,46.3,106.490005,8.8782996e-05,6.6872,40.0
2022-09-21 12:00:00.000039936,28.292,46.3,106.490005,8.958859e-05,6.1728,50.0
2022-09-21 15:00:00.000039936,28.292,46.3,97.23,9.038981e-05,6.1728,55.0
2022-09-21 18:00:00.000039936,28.292,46.3,87.97,9.098784e-05,7.716,60.0
2022-09-21 21:00:00.000039936,28.292,46.3,87.97,9.1781345e-05,9.2592,65.0
2022-09-22 00:00:00.000039936,28.292,46.3,87.97,9.257037e-05,9.7736,65.0
2022-09-22 03:00:00.000039936,28.292,46.3,106.49,9.335488e-05,9.2592,65.0
2022-09-22 06:00:00.000039936,28.292,46.3,125.01001,9.3940274e-05,8.2304,65.0
2022-09-22 09:00:00.000039936,28.292,42.596,150.475,9.452311e-05,7.2016,65.0
2022-09-22 12:00:00.000039936,28.292,37.04,175.94,9.5103336e-05,6.6872,70.0
2022-09-22 15:00:00.000039936,28.292,37.04,175.94,9.548872e-05,6.6872,75.0
2022-09-22 18:00:00.000039936,28.292,37.04,175.94,9.568096e-05,6.6872,80.0
2022-09-22 21:00:00.000039936,28.292,37.04,175.94,9.587293e-05,6.1728,85.0
2022-09-23 00:00:00.000039936,28.292,37.04,175.94,9.587293e-05,6.1728,90.0
2022-09-23 03:00:00.000039936,28.292,37.04,175.94,9.568096e-05,5.6584,100.0
2022-09-23 06:00:00.000039936,28.292,37.04,175.94,9.548872e-05,4.6296,110.0
2022-09-23 09:00:00.000039936,28.292,37.04,189.83,9.5103336e-05,4.1152,120.0
2022-09-23 12:00:00.000039936,28.292,37.04,203.72,9.47168e-05,4.1152,140.0
2022-09-23 15:00:00.000039936,27.2632,37.04,203.72,9.413484e-05,4.1152,155.0
2022-09-23 18:00:00.000039936,25.720001,37.04,203.72,9.335488e-05,3.6008,0.0
2022-09-23 21:00:00.000039936,24.6912,37.04,203.72,9.257037e-05,4.1152,205.0
2022-09-24 00:00:00.000039936,23.148,37.04,203.72,9.197902e-05,3.6008,215.0
2022-09-24 03:00:00.000039936,23.148,37.04,203.72,9.1583395e-05,3.0864,225.0
2022-09-24 06:00:00.000039936,23.148,37.04,203.72,9.1186645e-05,3.0864,225.0
2022-09-24 09:00:00.000039936,22.1192,55.56,199.09,9.058944e-05,3.6008,230.0
2022-09-24 12:00:00.000039936,20.576,74.08,194.45999,9.0189926e-05,4.1152,240.0
2022-09-24 15:00:00.000039936,22.1192,83.34,143.53,8.9789304e-05,4.1152,255.0
2022-09-24 18:00:00.000039936,23.148,92.6,92.6,8.9789304e-05,4.6296,275.0
2022-09-24 21:00:00.000039936,23.148,92.6,83.34,8.998974e-05,5.6584,290.0
2022-09-25 00:00:00.000039936,23.148,92.6,74.08,9.058944e-05,6.1728,295.0
2022-09-25 03:00:00.000039936,23.148,92.6,74.08,9.098784e-05,6.1728,295.0
2022-09-25 06:00:00.000039936,23.148,92.6,74.08,9.1583395e-05,6.6872,295.0
2022-09-25 09:00:00.000039936,23.148,92.6,87.97,9.217642e-05,6.6872,290.0
2022-09-25 12:00:00.000039936,23.148,92.6,101.86,9.257037e-05,6.1728,280.0
2022-09-25 15:00:00.000039936,22.1192,92.6,97.229996,9.257037e-05,5.144,260.0
2022-09-25 18:00:00.000039936,20.576,92.6,92.6,9.217642e-05,4.1152,245.0
2022-09-25 21:00:00.000039936,19.5472,92.6,71.765,9.1781345e-05,3.6008,235.0
2022-09-26 00:00:00.000039936,18.004,92.6,50.93,9.138516e-05,3.6008,235.0
2022-09-26 03:00:00.000039936,18.004,92.6,50.93,9.098784e-05,3.6008,245.0
