Time,Vmax,Rmax_IBT,R34,fcor,u_trans,v_trans
2005-08-03 03:00:00.000039936,18.004,138.9,45.682667,7.115043e-05,3.0864,10.0
2005-08-03 06:00:00.000039936,20.576,138.9,69.45,7.181604e-05,3.6008,10.0
2005-08-03 09:00:00.000039936,22.1192,111.12,73.154,7.270045e-05,4.1152,20.0
2005-08-03 12:00:00.000039936,23.148,83.34,76.395,7.3581316e-05,4.1152,25.0
2005-08-03 15:00:00.000039936,24.6912,83.34,76.395,7.423962e-05,4.1152,40.0
2005-08-03 18:00:00.000039936,25.720001,83.34,76.395,7.4895885e-05,5.144,60.0
2005-08-03 21:00:00.000039936,25.720001,83.34,76.395,7.533226e-05,6.1728,70.0
2005-08-04 00:00:00.000039936,25.720001,83.34,76.395,7.576771e-05,6.1728,75.0
2005-08-04 03:00:00.000039936,25.720001,79.636,76.395,7.620224e-05,6.1728,75.0
2005-08-04 06:00:00.000039936,25.720001,74.08,76.395,7.641916e-05,6.1728,75.0
2005-08-04 09:00:00.000039936,25.720001,74.08,83.803,7.6852295e-05,6.1728,75.0
2005-08-04 12:00:00.000039936,25.720001,74.08,90.284996,7.70685e-05,6.1728,80.0
2005-08-04 15:00:00.000039936,27.2632,74.08,93.989,7.728449e-05,6.6872,85.0
2005-08-04 18:00:00.000039936,28.292,74.08,97.229996,7.728449e-05,7.2016,85.0
2005-08-04 21:00:00.000039936,28.292,74.08,101.396996,7.728449e-05,7.2016,85.0
2005-08-05 00:00:00.000039936,28.292,74.08,104.174995,7.750023e-05,6.1728,80.0
2005-08-05 03:00:00.000039936,28.292,64.82,104.174995,7.771575e-05,5.144,70.0
2005-08-05 06:00:00.000039936,28.292,55.56,104.174995,7.814606e-05,4.1152,75.0
2005-08-05 09:00:00.000039936,27.2632,55.56,107.879,7.8360856e-05,4.1152,80.0
2005-08-05 12:00:00.000039936,25.720001,55.56,111.119995,7.8360856e-05,3.6008,90.0
2005-08-05 15:00:00.000039936,24.6912,55.56,115.75,7.8360856e-05,3.6008,90.0
2005-08-05 18:00:00.000039936,23.148,55.56,120.38,7.8360856e-05,3.0864,90.0
2005-08-05 21:00:00.000039936,23.148,55.56,121.769,7.8360856e-05,2.572,80.0
2005-08-06 00:00:00.000039936,23.148,55.56,122.69499,7.85754e-05,2.572,55.0
2005-08-06 03:00:00.000039936,24.6912,55.56,122.69499,7.900381e-05,2.572,30.0
2005-08-06 06:00:00.000039936,25.720001,55.56,122.69499,7.943125e-05,2.572,15.0
2005-08-06 09:00:00.000039936,25.720001,55.56,123.158,8.007058e-05,2.572,10.0
2005-08-06 12:00:00.000039936,25.720001,55.56,122.695,8.049559e-05,1.0288,350.0
2005-08-06 15:00:00.000039936,25.720001,74.08,117.139,8.049559e-05,0.0,0.0
2005-08-06 18:00:00.000039936,25.720001,92.6,111.12,8.049559e-05,3.0864,65.0
2005-08-06 21:00:00.000039936,25.720001,92.6,105.564,8.0919635e-05,6.1728,60.0
2005-08-07 00:00:00.000039936,25.720001,92.6,99.545,8.176471e-05,6.1728,45.0
2005-08-07 03:00:00.000039936,25.720001,92.6,99.545,8.2815466e-05,5.6584,25.0
2005-08-07 06:00:00.000039936,25.720001,92.6,99.545,8.3859915e-05,5.6584,30.0
2005-08-07 09:00:00.000039936,24.6912,92.6,104.174995,8.489798e-05,6.1728,40.0
2005-08-07 12:00:00.000039936,23.148,92.6,108.80499,8.5723776e-05,6.1728,45.0
2005-08-07 15:00:00.000039936,23.148,92.6,108.80499,8.6545406e-05,6.1728,50.0
2005-08-07 18:00:00.000039936,23.148,92.6,108.80499,8.7362794e-05,5.6584,45.0
2005-08-07 21:00:00.000039936,23.148,92.6,119.454,8.8175955e-05,5.6584,45.0
2005-08-08 00:00:00.000039936,23.148,92.6,129.64,8.898478e-05,6.1728,40.0
2005-08-08 03:00:00.000039936,23.148,92.6,129.64,8.998974e-05,7.2016,45.0
2005-08-08 06:00:00.000039936,23.148,92.6,129.64,9.098784e-05,8.744801,50.0
2005-08-08 09:00:00.000039936,23.148,92.6,143.993,9.197902e-05,9.7736,60.0
2005-08-08 12:00:00.000039936,23.148,92.6,157.42,9.296319e-05,9.2592,60.0
2005-08-08 15:00:00.000039936,23.148,92.6,157.42,9.374543e-05,7.716,60.0
