Time,Vmax,Rmax_IBT,R34,fcor,u_trans,v_trans
2006-09-11 12:00:00.000039936,18.004,74.08,30.095001,5.2027382e-05,5.144,295.0
2006-09-11 15:00:00.000039936,19.5472,74.08,30.095001,5.250265e-05,4.6296,305.0
2006-09-11 18:00:00.000039936,20.576,74.08,30.095001,5.321436e-05,4.1152,305.0
2006-09-11 21:00:00.000039936,23.148,74.08,38.429,5.3688025e-05,3.0864,310.0
2006-09-12 00:00:00.000039936,25.720001,74.08,46.3,5.4161024e-05,3.0864,315.0
2006-09-12 03:00:00.000039936,25.720001,64.82,57.875,5.4633376e-05,3.0864,325.0
2006-09-12 06:00:00.000039936,25.720001,55.56,69.45,5.5340646e-05,3.0864,330.0
2006-09-12 09:00:00.000039936,25.720001,51.856,69.45,5.581132e-05,2.572,340.0
2006-09-12 12:00:00.000039936,25.720001,46.3,69.45,5.6516048e-05,3.0864,350.0
2006-09-12 15:00:00.000039936,27.2632,46.3,73.154,5.721923e-05,3.0864,0.0
2006-09-12 18:00:00.000039936,28.292,46.3,76.395,5.7920843e-05,3.0864,5.0
2006-09-12 21:00:00.000039936,30.864,42.596,83.34,5.862087e-05,3.0864,10.0
2006-09-13 00:00:00.000039936,33.436,37.04,90.285,5.9319285e-05,3.0864,10.0
2006-09-13 03:00:00.000039936,34.979202,37.04,103.249,6.0016075e-05,3.6008,5.0
2006-09-13 06:00:00.000039936,36.008,37.04,115.75,6.0942573e-05,4.1152,5.0
2006-09-13 09:00:00.000039936,38.58,37.04,129.177,6.186609e-05,4.6296,5.0
2006-09-13 12:00:00.000039936,41.152,37.04,141.215,6.3016254e-05,4.6296,10.0
2006-09-13 15:00:00.000039936,45.2672,37.04,149.549,6.416161e-05,4.6296,10.0
2006-09-13 18:00:00.000039936,48.868,37.04,157.42,6.507438e-05,4.6296,15.0
2006-09-13 21:00:00.000039936,51.440002,37.04,173.625,6.5983986e-05,4.1152,20.0
2006-09-14 00:00:00.000039936,54.012,37.04,189.83,6.689037e-05,4.6296,25.0
2006-09-14 03:00:00.000039936,54.012,37.04,189.83,6.7793495e-05,5.144,30.0
2006-09-14 06:00:00.000039936,54.012,37.04,189.83,6.8917754e-05,5.6584,30.0
2006-09-14 09:00:00.000039936,54.012,37.04,192.608,7.003676e-05,5.144,30.0
2006-09-14 12:00:00.000039936,54.012,37.04,194.46,7.092813e-05,5.144,35.0
2006-09-14 15:00:00.000039936,54.012,37.04,194.46,7.181604e-05,5.144,45.0
2006-09-14 18:00:00.000039936,54.012,37.04,194.46,7.247968e-05,4.6296,50.0
2006-09-14 21:00:00.000039936,52.9832,37.04,194.46,7.314133e-05,4.6296,55.0
2006-09-15 00:00:00.000039936,51.440002,37.04,194.46,7.3581316e-05,4.6296,55.0
2006-09-15 03:00:00.000039936,50.4112,37.04,186.589,7.423962e-05,4.6296,55.0
2006-09-15 06:00:00.000039936,48.868,37.04,178.25499,7.467736e-05,3.0864,50.0
2006-09-15 09:00:00.000039936,46.296,37.04,170.38399,7.511419e-05,2.0576,40.0
2006-09-15 12:00:00.000039936,43.724,37.04,162.04999,7.533226e-05,1.0288,35.0
2006-09-15 15:00:00.000039936,42.6952,37.04,162.04999,7.533226e-05,0.0,0.0
2006-09-15 18:00:00.000039936,41.152,37.04,162.04999,7.533226e-05,0.0,220.0
2006-09-15 21:00:00.000039936,40.1232,37.04,164.36499,7.533226e-05,0.0,0.0
2006-09-16 00:00:00.000039936,38.58,37.04,166.68,7.533226e-05,0.5144,315.0
2006-09-16 03:00:00.000039936,37.5512,37.04,166.68,7.533226e-05,0.5144,320.0
2006-09-16 06:00:00.000039936,36.008,37.04,166.68,7.5550095e-05,1.0288,305.0
2006-09-16 09:00:00.000039936,34.979202,37.04,162.04999,7.5550095e-05,1.0288,300.0
2006-09-16 12:00:00.000039936,33.436,37.04,157.42,7.576771e-05,1.0288,310.0
2006-09-16 15:00:00.000039936,33.436,37.04,157.42,7.5985095e-05,1.0288,335.0
2006-09-16 18:00:00.000039936,33.436,37.04,157.42,7.620224e-05,1.5432,5.0
2006-09-16 21:00:00.000039936,33.436,37.04,162.05,7.663584e-05,2.0576,10.0
2006-09-17 00:00:00.000039936,33.436,37.04,166.68,7.70685e-05,2.0576,10.0
2006-09-17 03:00:00.000039936,33.436,37.04,168.995,7.750023e-05,2.572,10.0
2006-09-17 06:00:00.000039936,33.436,37.04,171.31,7.814606e-05,3.6008,15.0
2006-09-17 09:00:00.000039936,34.979202,37.04,168.995,7.900381e-05,5.144,20.0
2006-09-17 12:00:00.000039936,36.008,37.04,166.68,8.007058e-05,4.6296,20.0
2006-09-17 15:00:00.000039936,36.008,37.04,166.68,8.0919635e-05,4.6296,25.0
2006-09-17 18:00:00.000039936,36.008,37.04,166.68,8.176471e-05,4.6296,30.0
2006-09-17 21:00:00.000039936,37.5512,37.04,152.79,8.2605824e-05,5.6584,35.0
2006-09-18 00:00:00.000039936,38.58,37.04,138.90001,8.365155e-05,7.2016,40.0
2006-09-18 03:00:00.000039936,38.58,37.04,138.90001,8.489798e-05,8.2304,50.0
2006-09-18 06:00:00.000039936,38.58,37.04,138.90001,8.592957e-05,8.744801,55.0
2006-09-18 09:00:00.000039936,40.1232,42.596,141.21501,8.675015e-05,8.744801,60.0
2006-09-18 12:00:00.000039936,41.152,46.3,143.53,8.756649e-05,9.2592,70.0
2006-09-18 15:00:00.000039936,42.6952,51.856,143.53,8.8175955e-05,10.288,75.0
2006-09-18 18:00:00.000039936,43.724,55.56,143.53,8.8782996e-05,11.3168,75.0
2006-09-18 21:00:00.000039936,43.724,51.856,145.845,8.938759e-05,12.3456,80.0
2006-09-19 00:00:00.000039936,43.724,46.3,148.16,8.9789304e-05,12.3456,85.0
2006-09-19 03:00:00.000039936,45.2672,46.3,159.735,8.998974e-05,12.3456,90.0
2006-09-19 06:00:00.000039936,46.296,46.3,171.31,8.998974e-05,12.860001,90.0
2006-09-19 09:00:00.000039936,43.724,46.3,195.849,8.998974e-05,12.860001,90.0
2006-09-19 12:00:00.000039936,41.152,46.3,219.92499,8.9789304e-05,13.3744,95.0
2006-09-19 15:00:00.000039936,40.1232,46.3,219.92499,8.958859e-05,14.4032,95.0
2006-09-19 18:00:00.000039936,38.58,46.3,219.92499,8.938759e-05,14.4032,95.0
2006-09-19 21:00:00.000039936,37.5512,42.596,208.34999,8.9186324e-05,14.4032,90.0
2006-09-20 00:00:00.000039936,36.008,37.04,196.775,8.9186324e-05,14.917601,90.0
2006-09-20 03:00:00.000039936,36.008,37.04,212.054,8.898478e-05,15.432,90.0
2006-09-20 06:00:00.000039936,36.008,37.04,226.87,8.898478e-05,14.917601,90.0
2006-09-20 09:00:00.000039936,34.979202,37.04,226.87,8.898478e-05,14.4032,85.0
2006-09-20 12:00:00.000039936,33.436,37.04,226.87,8.938759e-05,15.432,80.0
2006-09-20 15:00:00.000039936,33.436,37.04,226.87,8.9789304e-05,16.9752,80.0
