Time,Vmax,Rmax_IBT,R34,fcor,u_trans,v_trans
2007-09-13 06:00:00.000039936,18.004,74.08,41.67,3.454095e-05,4.6296,295.0
2007-09-13 09:00:00.000039936,18.004,79.636,41.67,3.5035337e-05,4.6296,295.0
2007-09-13 12:00:00.000039936,18.004,83.34,41.67,3.5529305e-05,4.1152,295.0
2007-09-13 15:00:00.000039936,18.004,83.34,41.67,3.6022833e-05,3.6008,295.0
2007-09-13 18:00:00.000039936,18.004,83.34,41.67,3.626943e-05,3.0864,300.0
2007-09-13 21:00:00.000039936,18.004,79.636,52.319,3.651592e-05,3.0864,300.0
2007-09-14 00:00:00.000039936,18.004,74.08,62.504997,3.700857e-05,3.6008,295.0
2007-09-14 03:00:00.000039936,18.004,74.08,62.504997,3.7500762e-05,3.6008,295.0
2007-09-14 06:00:00.000039936,18.004,74.08,62.504997,3.7746686e-05,3.6008,295.0
2007-09-14 09:00:00.000039936,19.5472,74.08,62.504997,3.7992504e-05,3.6008,295.0
2007-09-14 12:00:00.000039936,20.576,74.08,62.504997,3.8483773e-05,3.0864,300.0
2007-09-14 15:00:00.000039936,20.576,74.08,62.504997,3.872924e-05,3.6008,295.0
2007-09-14 18:00:00.000039936,20.576,74.08,62.504997,3.9219805e-05,3.6008,295.0
2007-09-14 21:00:00.000039936,19.5472,70.376,60.19,3.9464914e-05,3.6008,295.0
2007-09-15 00:00:00.000039936,18.004,64.82,57.875,3.995476e-05,4.6296,290.0
2007-09-15 03:00:00.000039936,18.004,64.82,57.875,4.0444127e-05,5.144,285.0
2007-09-15 06:00:00.000039936,18.004,64.82,57.875,4.0688625e-05,5.144,280.0
2007-09-15 09:00:00.000039936,18.004,64.82,37.503,4.093299e-05,5.6584,275.0
