Time,Vmax,Rmax_IBT,R34,fcor,u_trans,v_trans
2017-08-13 00:00:00.000039936,18.004,129.64,32.41,6.14047e-05,5.6584,330.0
2017-08-13 03:00:00.000039936,18.004,129.64,32.41,6.2326726e-05,5.6584,330.0
2017-08-13 06:00:00.000039936,18.004,129.64,32.41,6.3474974e-05,5.6584,330.0
2017-08-13 09:00:00.000039936,18.004,129.64,32.41,6.461839e-05,5.6584,330.0
2017-08-13 12:00:00.000039936,18.004,129.64,32.41,6.575688e-05,5.6584,335.0
2017-08-13 15:00:00.000039936,18.004,120.38,32.41,6.689037e-05,5.144,340.0
2017-08-13 18:00:00.000039936,18.004,111.12,32.41,6.7793495e-05,4.6296,340.0
2017-08-13 21:00:00.000039936,19.5472,111.12,48.614998,6.869332e-05,4.1152,340.0
2017-08-14 00:00:00.000039936,20.576,111.12,64.82,6.958979e-05,4.1152,345.0
2017-08-14 03:00:00.000039936,22.1192,111.12,64.82,7.048288e-05,3.6008,345.0
2017-08-14 06:00:00.000039936,23.148,111.12,64.82,7.115043e-05,3.0864,350.0
2017-08-14 09:00:00.000039936,24.6912,101.86,64.82,7.181604e-05,2.572,350.0
2017-08-14 12:00:00.000039936,25.720001,92.6,64.82,7.2258685e-05,2.572,350.0
2017-08-14 15:00:00.000039936,27.2632,83.34,90.284996,7.270045e-05,2.572,350.0
2017-08-14 18:00:00.000039936,28.292,74.08,115.75,7.336144e-05,2.572,355.0
2017-08-14 21:00:00.000039936,29.835201,64.82,118.065,7.402041e-05,3.0864,0.0
2017-08-15 00:00:00.000039936,30.864,55.56,120.38,7.467736e-05,3.6008,360.0
2017-08-15 03:00:00.000039936,32.4072,51.856,122.695,7.533226e-05,3.6008,0.0
2017-08-15 06:00:00.000039936,33.436,46.3,125.01,7.620224e-05,4.1152,5.0
2017-08-15 09:00:00.000039936,34.979202,46.3,129.63998,7.70685e-05,4.1152,10.0
2017-08-15 12:00:00.000039936,36.008,46.3,134.26999,7.793102e-05,4.6296,15.0
2017-08-15 15:00:00.000039936,36.008,42.596,138.9,7.878973e-05,4.6296,15.0
2017-08-15 18:00:00.000039936,36.008,37.04,143.53,7.9857724e-05,5.144,25.0
2017-08-15 21:00:00.000039936,37.5512,37.04,143.53,8.0919635e-05,6.1728,35.0
2017-08-16 00:00:00.000039936,38.58,37.04,143.53,8.197536e-05,7.2016,40.0
2017-08-16 03:00:00.000039936,40.1232,33.336,148.16,8.3234e-05,8.744801,45.0
2017-08-16 06:00:00.000039936,41.152,27.78,152.79001,8.448353e-05,10.802401,50.0
2017-08-16 09:00:00.000039936,42.6952,24.076,157.42,8.592957e-05,12.3456,55.0
2017-08-16 12:00:00.000039936,43.724,18.52,162.05,8.7362794e-05,13.3744,55.0
2017-08-16 15:00:00.000039936,46.296,14.816,175.94,8.8782996e-05,14.4032,60.0
2017-08-16 18:00:00.000039936,48.868,9.26,189.82999,9.0189926e-05,14.917601,65.0
2017-08-16 21:00:00.000039936,47.8392,14.816,196.77498,9.138516e-05,15.9464,65.0
2017-08-17 00:00:00.000039936,46.296,18.52,203.71999,9.257037e-05,16.9752,70.0
2017-08-17 03:00:00.000039936,43.724,33.336,212.98,9.374543e-05,18.004,70.0
2017-08-17 06:00:00.000039936,41.152,46.3,222.23999,9.5103336e-05,18.004,65.0
2017-08-17 09:00:00.000039936,36.008,61.116,231.5,9.644705e-05,18.004,65.0
2017-08-17 12:00:00.000039936,30.864,74.08,240.76,9.796507e-05,18.004,60.0
2017-08-17 15:00:00.000039936,28.292,92.6,250.02002,9.965002e-05,17.489601,60.0
2017-08-17 18:00:00.000039936,25.720001,111.12,259.28,0.00010131037,16.9752,55.0
2017-08-17 21:00:00.000039936,23.148,148.16,259.28,0.000102945734,16.4608,55.0
2017-08-18 00:00:00.000039936,20.576,185.2,259.28,0.00010473298,16.9752,55.0
2017-08-18 03:00:00.000039936,19.5472,231.5,254.65,0.00010648833,16.4608,55.0
2017-08-18 06:00:00.000039936,18.004,277.8,250.02,0.00010786928,13.8888,60.0
2017-08-18 09:00:00.000039936,18.004,324.1,263.91,0.0001088912,10.802401,60.0
2017-08-18 12:00:00.000039936,18.004,370.4,277.8,0.0001097337,9.2592,45.0
2017-08-18 15:00:00.000039936,18.004,407.44,215.295,0.00011106428,9.7736,25.0
