Time,Vmax,Rmax_IBT,R34,fcor,u_trans,v_trans
2015-09-09 00:00:00.000039936,18.004,129.64,37.04,7.467736e-05,1.0288,85.0
2015-09-09 03:00:00.000039936,18.004,120.38,37.04,7.467736e-05,1.0288,90.0
2015-09-09 06:00:00.000039936,18.004,111.12,37.04,7.467736e-05,1.0288,90.0
2015-09-09 09:00:00.000039936,19.5472,111.12,55.56,7.467736e-05,1.0288,90.0
2015-09-09 12:00:00.000039936,20.576,111.12,74.08,7.467736e-05,1.0288,80.0
2015-09-09 15:00:00.000039936,22.1192,111.12,92.6,7.467736e-05,1.0288,60.0
2015-09-09 18:00:00.000039936,23.148,111.12,111.12,7.4895885e-05,1.0288,25.0
2015-09-09 21:00:00.000039936,23.148,120.38,125.01,7.511419e-05,1.5432,0.0
2015-09-10 00:00:00.000039936,23.148,129.64,138.9,7.5550095e-05,2.0576,350.0
2015-09-10 03:00:00.000039936,23.148,129.64,138.9,7.5985095e-05,2.0576,350.0
2015-09-10 06:00:00.000039936,23.148,129.64,138.9,7.641916e-05,2.572,355.0
2015-09-10 09:00:00.000039936,22.1192,148.16,138.9,7.70685e-05,3.0864,0.0
2015-09-10 12:00:00.000039936,20.576,166.68,138.9,7.771575e-05,4.1152,360.0
2015-09-10 15:00:00.000039936,20.576,194.46,138.9,7.878973e-05,5.144,0.0
2015-09-10 18:00:00.000039936,20.576,222.24,138.9,7.9857724e-05,5.6584,5.0
2015-09-10 21:00:00.000039936,20.576,222.24,138.9,8.0919635e-05,5.6584,10.0
2015-09-11 00:00:00.000039936,20.576,222.24,138.9,8.2185776e-05,6.6872,10.0
2015-09-11 03:00:00.000039936,20.576,222.24,138.9,8.365155e-05,7.2016,15.0
