Time,Vmax,Rmax_IBT,R34,fcor,u_trans,v_trans
2003-08-14 18:00:00.000040448,18.004,74.08,55.56,6.4846485e-05,10.802401,280.0
2003-08-14 21:00:00.000040448,19.5472,70.376,46.3,6.507438e-05,11.3168,275.0
2003-08-15 00:00:00.000040448,20.576,64.82,37.04,6.530208e-05,11.8312,270.0
2003-08-15 03:00:00.000040448,20.576,88.895996,64.82,6.507438e-05,11.8312,265.0
2003-08-15 06:00:00.000040448,20.576,111.12,92.6,6.4846485e-05,11.3168,260.0
2003-08-15 09:00:00.000040448,22.1192,111.12,92.6,6.43901e-05,10.288,260.0
2003-08-15 12:00:00.000040448,23.148,111.12,92.6,6.416161e-05,9.7736,265.0
2003-08-15 15:00:00.000040448,24.6912,79.636,122.695,6.393293e-05,9.2592,265.0
2003-08-15 18:00:00.000040448,25.720001,46.3,152.79001,6.393293e-05,8.744801,270.0
2003-08-15 21:00:00.000040448,27.2632,46.3,152.79001,6.393293e-05,8.744801,265.0
2003-08-16 00:00:00.000040448,28.292,46.3,152.79001,6.370404e-05,8.744801,265.0
2003-08-16 03:00:00.000040448,29.835201,46.3,149.549,6.3474974e-05,8.2304,260.0
2003-08-16 06:00:00.000040448,30.864,46.3,145.845,6.3016254e-05,8.2304,255.0
2003-08-16 09:00:00.000040448,32.4072,46.3,112.509,6.255676e-05,7.716,255.0
