Time,Vmax,Rmax_IBT,R34,fcor,u_trans,v_trans
2010-08-30 18:00:00.000039936,18.004,222.24,48.615,3.7500762e-05,11.3168,285.0
2010-08-30 21:00:00.000039936,18.004,222.24,45.374,3.8238195e-05,11.8312,285.0
2010-08-31 00:00:00.000039936,18.004,222.24,41.67,3.897458e-05,12.3456,285.0
2010-08-31 03:00:00.000039936,18.004,222.24,41.67,3.9464914e-05,12.3456,280.0
2010-08-31 06:00:00.000039936,18.004,222.24,41.67,3.995476e-05,12.3456,275.0
2010-08-31 09:00:00.000039936,18.004,166.68,41.67,4.0199502e-05,11.3168,275.0
2010-08-31 12:00:00.000039936,18.004,111.12,41.67,4.0444127e-05,10.802401,275.0
2010-08-31 15:00:00.000039936,19.5472,125.936,73.154,4.0688625e-05,10.288,275.0
2010-08-31 18:00:00.000039936,20.576,138.9,104.174995,4.093299e-05,9.2592,275.0
2010-08-31 21:00:00.000039936,22.1192,138.9,104.174995,4.1177245e-05,8.2304,280.0
2010-09-01 00:00:00.000039936,23.148,138.9,104.174995,4.1665367e-05,7.2016,285.0
2010-09-01 03:00:00.000039936,24.6912,116.676,111.12,4.2152973e-05,7.2016,295.0
2010-09-01 06:00:00.000039936,25.720001,92.6,118.064995,4.3126656e-05,7.2016,305.0
2010-09-01 09:00:00.000039936,25.720001,74.08,121.769,4.409823e-05,7.716,310.0
2010-09-01 12:00:00.000039936,25.720001,55.56,125.009995,4.5551555e-05,8.744801,310.0
2010-09-01 15:00:00.000039936,27.2632,83.34,125.009995,4.6999867e-05,9.7736,310.0
2010-09-01 18:00:00.000039936,28.292,111.12,125.009995,4.868306e-05,10.288,315.0
2010-09-01 21:00:00.000039936,27.2632,111.12,111.119995,5.035898e-05,9.7736,320.0
2010-09-02 00:00:00.000039936,25.720001,111.12,97.229996,5.22651e-05,9.2592,320.0
2010-09-02 03:00:00.000039936,24.6912,83.34,97.693,5.392461e-05,8.744801,320.0
2010-09-02 06:00:00.000039936,23.148,55.56,97.23,5.5340646e-05,8.2304,325.0
2010-09-02 09:00:00.000039936,23.148,61.116,97.23,5.6750614e-05,8.2304,325.0
2010-09-02 12:00:00.000039936,23.148,64.82,97.23,5.83877e-05,8.2304,330.0
2010-09-02 15:00:00.000039936,23.148,64.82,90.748,6.0016075e-05,7.716,335.0
2010-09-02 18:00:00.000039936,23.148,64.82,83.34,6.1635496e-05,7.716,340.0
2010-09-02 21:00:00.000039936,22.1192,74.08,80.099,6.324571e-05,7.2016,345.0
2010-09-03 00:00:00.000039936,20.576,83.34,76.395,6.461839e-05,6.6872,350.0
2010-09-03 03:00:00.000039936,20.576,83.34,76.395,6.5983986e-05,6.1728,0.0
2010-09-03 06:00:00.000039936,20.576,83.34,76.395,6.734234e-05,5.6584,5.0
2010-09-03 09:00:00.000039936,19.5472,70.376,66.209,6.8468675e-05,5.144,15.0
2010-09-03 12:00:00.000039936,18.004,55.56,55.56,6.958979e-05,5.6584,25.0
2010-09-03 15:00:00.000039936,18.004,55.56,55.56,7.07056e-05,6.6872,30.0
2010-09-03 18:00:00.000039936,18.004,55.56,55.56,7.2037474e-05,6.6872,35.0
2010-09-03 21:00:00.000039936,18.004,55.56,49.078,7.314133e-05,7.2016,40.0
