Time,Vmax,Rmax_IBT,R34,fcor,u_trans,v_trans
2014-10-12 12:00:00.000039936,18.004,74.08,64.82,4.1177245e-05,4.6296,270.0
2014-10-12 15:00:00.000039936,19.5472,64.82,64.82,4.1177245e-05,4.6296,270.0
2014-10-12 18:00:00.000039936,20.576,55.56,64.82,4.1177245e-05,4.6296,275.0
2014-10-12 21:00:00.000039936,22.1192,55.56,64.82,4.1177245e-05,4.6296,275.0
2014-10-13 00:00:00.000039936,23.148,55.56,64.82,4.142137e-05,4.6296,280.0
2014-10-13 03:00:00.000039936,25.720001,51.856,74.08,4.1665367e-05,4.6296,285.0
2014-10-13 06:00:00.000039936,28.292,46.3,83.340004,4.1909232e-05,4.6296,285.0
2014-10-13 09:00:00.000039936,30.864,37.04,97.229996,4.2152973e-05,4.6296,290.0
2014-10-13 12:00:00.000039936,33.436,27.78,111.12,4.2640077e-05,4.1152,290.0
2014-10-13 14:30:00.000066560,33.436,27.78,111.12,4.288343e-05,4.1152,295.0
2014-10-13 15:00:00.000039936,33.9504,25.928,112.97199,4.3126656e-05,6.6872,310.0
2014-10-13 18:00:00.000039936,36.008,18.52,129.64,4.409823e-05,5.6584,310.0
2014-10-13 21:00:00.000039936,37.5512,18.52,129.64,4.4825505e-05,5.144,310.0
2014-10-13 22:45:00.000066560,38.58,18.52,129.64,4.5309676e-05,6.6872,315.0
2014-10-13 23:15:00.000039936,38.58,18.52,129.64,4.5551555e-05,6.6872,315.0
2014-10-14 00:00:00.000039936,41.152,27.78,134.26999,4.5793287e-05,5.6584,315.0
2014-10-14 03:00:00.000039936,43.724,24.076,134.26999,4.675884e-05,5.6584,315.0
2014-10-14 06:00:00.000039936,46.296,18.52,134.26999,4.7722115e-05,5.6584,315.0
2014-10-14 09:00:00.000039936,47.8392,18.52,134.26999,4.868306e-05,5.6584,315.0
2014-10-14 12:00:00.000039936,48.868,18.52,134.26999,4.9641636e-05,5.6584,320.0
2014-10-14 15:00:00.000039936,50.4112,18.52,134.26999,5.059779e-05,5.6584,325.0
2014-10-14 18:00:00.000039936,51.440002,18.52,134.26999,5.178951e-05,5.6584,325.0
2014-10-14 21:00:00.000039936,55.5552,18.52,143.53,5.2977284e-05,5.6584,325.0
2014-10-15 00:00:00.000039936,59.156002,18.52,152.79001,5.392461e-05,5.6584,320.0
2014-10-15 03:00:00.000039936,59.156002,18.52,152.79001,5.4869302e-05,5.6584,315.0
2014-10-15 06:00:00.000039936,59.156002,18.52,152.79001,5.581132e-05,5.144,315.0
2014-10-15 09:00:00.000039936,59.156002,14.816,164.365,5.6516048e-05,4.6296,315.0
2014-10-15 12:00:00.000039936,59.156002,9.26,175.94,5.721923e-05,4.6296,315.0
2014-10-15 15:00:00.000039936,58.1272,14.816,175.94,5.8154368e-05,4.6296,320.0
2014-10-15 18:00:00.000039936,56.584,18.52,175.94,5.8853857e-05,4.1152,330.0
2014-10-15 21:00:00.000039936,56.584,18.52,180.57,5.9551734e-05,3.6008,335.0
2014-10-16 00:00:00.000039936,56.584,18.52,185.19998,6.0247978e-05,3.0864,345.0
2014-10-16 03:00:00.000039936,58.1272,18.52,192.14499,6.0942573e-05,3.0864,350.0
2014-10-16 06:00:00.000039936,59.156002,18.52,199.09,6.1635496e-05,3.0864,355.0
2014-10-16 09:00:00.000039936,61.728,18.52,206.035,6.2326726e-05,3.0864,0.0
2014-10-16 12:00:00.000039936,64.3,18.52,212.97998,6.3016254e-05,4.1152,15.0
2014-10-16 15:00:00.000039936,64.3,24.076,212.97998,6.393293e-05,5.144,20.0
2014-10-16 18:00:00.000039936,64.3,27.78,212.97998,6.507438e-05,5.144,25.0
2014-10-16 21:00:00.000039936,63.271202,33.336,224.555,6.5983986e-05,5.144,25.0
2014-10-17 00:00:00.000039936,61.728,37.04,236.12997,6.711647e-05,6.1728,25.0
2014-10-17 03:00:00.000039936,60.6992,37.04,236.12997,6.8468675e-05,6.6872,25.0
2014-10-17 06:00:00.000039936,59.156002,37.04,236.12997,6.981338e-05,7.2016,25.0
2014-10-17 09:00:00.000039936,58.1272,37.04,236.12997,7.115043e-05,7.2016,25.0
2014-10-17 12:00:00.000039936,56.584,37.04,236.12997,7.247968e-05,7.2016,30.0
2014-10-17 15:00:00.000039936,55.5552,37.04,236.12997,7.380098e-05,7.2016,30.0
2014-10-17 18:00:00.000039936,54.012,37.04,236.12997,7.511419e-05,7.2016,30.0
2014-10-17 21:00:00.000039936,51.440002,37.04,236.12997,7.641916e-05,7.2016,30.0
2014-10-18 00:00:00.000039936,48.868,37.04,236.12997,7.771575e-05,7.716,35.0
2014-10-18 00:30:00.000053248,48.868,37.04,236.12997,7.793102e-05,8.2304,35.0
2014-10-18 03:00:00.000039936,47.8392,37.04,236.12997,7.921766e-05,8.744801,30.0
2014-10-18 06:00:00.000039936,46.296,37.04,236.12997,8.0919635e-05,9.7736,30.0
2014-10-18 09:00:00.000039936,45.2672,42.596,250.02,8.2815466e-05,11.3168,30.0
2014-10-18 12:00:00.000039936,43.724,46.3,263.90997,8.489798e-05,12.860001,30.0
2014-10-18 15:00:00.000039936,43.724,55.56,284.745,8.7362794e-05,14.917601,30.0
2014-10-18 18:00:00.000039936,43.724,64.82,305.58,9.0189926e-05,16.9752,30.0
2014-10-18 21:00:00.000039936,43.724,64.82,319.46997,9.296319e-05,18.5184,35.0
2014-10-19 00:00:00.000039936,43.724,64.82,333.36,9.606459e-05,20.0616,35.0
2014-10-19 03:00:00.000039936,42.6952,64.82,333.36,9.909108e-05,21.604801,40.0
2014-10-19 06:00:00.000039936,41.152,64.82,333.36,0.00010222201,23.148,40.0
2014-10-19 09:00:00.000039936,38.58,107.416,333.36,0.00010526295,23.6624,45.0
2014-10-19 12:00:00.000039936,36.008,148.16,333.36,0.000108040425,23.6624,45.0
2014-10-19 15:00:00.000039936,34.979202,148.16,344.93503,0.00011056783,22.6336,50.0
2014-10-19 18:00:00.000039936,33.436,148.16,356.51,0.00011269701,22.6336,55.0
2014-10-19 21:00:00.000039936,30.864,148.16,363.455,0.00011445337,23.148,65.0
2014-10-20 00:00:00.000039936,28.292,148.16,370.4,0.000115859024,23.148,70.0
2014-10-20 03:00:00.000039936,27.2632,148.16,370.4,0.00011693256,23.6624,75.0
