Time,Vmax,Rmax_IBT,R34,fcor,u_trans,v_trans
2021-08-16 18:00:00.000039936,18.004,46.3,32.410004,7.533226e-05,2.0576,205.0
2021-08-16 21:00:00.000039936,19.5472,46.3,32.410004,7.4895885e-05,1.5432,210.0
2021-08-17 00:00:00.000039936,20.576,46.3,32.410004,7.467736e-05,1.5432,215.0
2021-08-17 03:00:00.000039936,22.1192,46.3,34.725,7.4458614e-05,1.5432,220.0
2021-08-17 06:00:00.000039936,23.148,46.3,37.04,7.423962e-05,1.5432,230.0
2021-08-17 09:00:00.000039936,23.148,46.3,37.04,7.402041e-05,1.5432,235.0
2021-08-17 12:00:00.000039936,23.148,46.3,37.04,7.380098e-05,1.5432,240.0
2021-08-17 15:00:00.000039936,25.720001,46.3,57.875,7.3581316e-05,1.5432,250.0
2021-08-17 18:00:00.000039936,28.292,46.3,78.71001,7.3581316e-05,2.0576,255.0
2021-08-17 21:00:00.000039936,28.292,42.596,83.34,7.336144e-05,2.572,260.0
2021-08-18 00:00:00.000039936,28.292,37.04,87.97,7.336144e-05,3.0864,260.0
2021-08-18 03:00:00.000039936,28.292,37.04,87.97,7.314133e-05,3.6008,260.0
2021-08-18 06:00:00.000039936,28.292,37.04,87.97,7.314133e-05,4.1152,260.0
2021-08-18 09:00:00.000039936,28.292,37.04,87.97,7.2921e-05,4.1152,265.0
2021-08-18 12:00:00.000039936,28.292,37.04,87.97,7.2921e-05,4.1152,265.0
2021-08-18 15:00:00.000039936,29.835201,37.04,92.6,7.2921e-05,4.1152,265.0
2021-08-18 18:00:00.000039936,30.864,37.04,97.23,7.270045e-05,4.1152,260.0
2021-08-18 21:00:00.000039936,30.864,42.596,106.490005,7.247968e-05,4.1152,255.0
2021-08-19 00:00:00.000039936,30.864,46.3,115.75,7.2258685e-05,4.6296,255.0
2021-08-19 03:00:00.000039936,30.864,46.3,115.75,7.2037474e-05,4.6296,255.0
2021-08-19 06:00:00.000039936,30.864,46.3,115.75,7.181604e-05,4.6296,265.0
2021-08-19 09:00:00.000039936,30.864,46.3,115.75,7.181604e-05,4.6296,270.0
2021-08-19 12:00:00.000039936,30.864,46.3,115.75,7.181604e-05,4.6296,275.0
2021-08-19 15:00:00.000039936,29.835201,46.3,118.065,7.181604e-05,4.6296,275.0
2021-08-19 18:00:00.000039936,28.292,46.3,120.380005,7.2037474e-05,4.6296,275.0
2021-08-19 21:00:00.000039936,28.292,51.856,120.380005,7.2037474e-05,4.6296,275.0
2021-08-20 00:00:00.000039936,28.292,55.56,120.380005,7.2258685e-05,4.6296,280.0
2021-08-20 03:00:00.000039936,28.292,55.56,120.380005,7.247968e-05,4.1152,285.0
2021-08-20 06:00:00.000039936,28.292,55.56,120.380005,7.270045e-05,3.6008,285.0
2021-08-20 09:00:00.000039936,28.292,55.56,131.955,7.2921e-05,3.0864,290.0
2021-08-20 12:00:00.000039936,28.292,55.56,143.53,7.314133e-05,3.0864,320.0
2021-08-20 15:00:00.000039936,29.835201,55.56,143.53,7.380098e-05,3.6008,345.0
2021-08-20 18:00:00.000039936,30.864,55.56,143.53,7.467736e-05,4.1152,360.0
2021-08-20 21:00:00.000039936,30.864,55.56,143.53,7.5550095e-05,4.1152,5.0
2021-08-21 00:00:00.000039936,30.864,55.56,143.53,7.641916e-05,4.6296,10.0
2021-08-21 03:00:00.000039936,30.864,55.56,143.53,7.728449e-05,4.6296,15.0
2021-08-21 06:00:00.000039936,30.864,55.56,143.53,7.8360856e-05,5.144,25.0
2021-08-21 09:00:00.000039936,32.4072,55.56,159.73499,7.943125e-05,6.1728,30.0
2021-08-21 12:00:00.000039936,33.436,55.56,175.93999,8.070772e-05,8.2304,25.0
2021-08-21 15:00:00.000039936,33.436,55.56,175.93999,8.239592e-05,10.288,20.0
2021-08-21 18:00:00.000039936,33.436,55.56,175.93999,8.448353e-05,11.3168,20.0
2021-08-21 21:00:00.000039936,33.436,51.856,175.93999,8.675015e-05,11.8312,20.0
2021-08-22 00:00:00.000039936,33.436,46.3,175.93999,8.898478e-05,10.802401,10.0
2021-08-22 03:00:00.000039936,33.436,46.3,162.04999,9.098784e-05,9.2592,355.0
2021-08-22 06:00:00.000039936,33.436,46.3,148.16,9.257037e-05,8.2304,355.0
2021-08-22 09:00:00.000039936,30.864,46.3,138.9,9.3940274e-05,6.6872,350.0
2021-08-22 12:00:00.000039936,28.292,46.3,129.64,9.5103336e-05,5.6584,345.0
2021-08-22 15:00:00.000039936,28.292,46.3,92.137,9.606459e-05,5.144,335.0
2021-08-22 15:20:00.000049152,28.292,46.3,87.97,9.606459e-05,5.6584,305.0
2021-08-22 16:15:00.000053248,28.292,46.3,87.97,9.625596e-05,5.144,315.0
