Time,Vmax,Rmax_IBT,R34,fcor,u_trans,v_trans
2002-09-08 18:00:00.000040448,18.004,138.9,115.75,7.336144e-05,5.144,315.0
2002-09-08 21:00:00.000040448,19.5472,138.9,115.75,7.380098e-05,5.6584,285.0
2002-09-09 00:00:00.000040448,20.576,138.9,115.75,7.402041e-05,4.1152,305.0
2002-09-09 03:00:00.000040448,20.576,107.416,127.325,7.467736e-05,3.6008,340.0
2002-09-09 06:00:00.000040448,20.576,74.08,138.9,7.5550095e-05,4.1152,320.0
2002-09-09 09:00:00.000040448,20.576,107.416,162.513,7.5985095e-05,4.6296,295.0
2002-09-09 12:00:00.000040448,20.576,138.9,185.2,7.641916e-05,4.6296,290.0
2002-09-09 15:00:00.000040448,20.576,138.9,196.775,7.6852295e-05,4.1152,290.0
2002-09-09 18:00:00.000040448,20.576,138.9,208.35,7.70685e-05,4.6296,280.0
2002-09-09 21:00:00.000040448,22.1192,138.9,208.35,7.728449e-05,4.6296,285.0
2002-09-10 00:00:00.000040448,23.148,138.9,208.35,7.750023e-05,3.6008,320.0
2002-09-10 03:00:00.000040448,24.6912,138.9,217.147,7.8360856e-05,4.6296,0.0
2002-09-10 06:00:00.000040448,25.720001,138.9,224.555,7.943125e-05,4.1152,10.0
2002-09-10 09:00:00.000040448,25.720001,107.416,211.12799,8.007058e-05,3.6008,5.0
2002-09-10 12:00:00.000040448,25.720001,74.08,196.775,8.0919635e-05,5.144,0.0
2002-09-10 15:00:00.000040448,27.2632,64.82,214.832,8.239592e-05,6.6872,0.0
2002-09-10 18:00:00.000040448,28.292,55.56,231.5,8.365155e-05,4.6296,15.0
2002-09-10 21:00:00.000040448,28.292,55.56,231.5,8.4068044e-05,4.1152,50.0
2002-09-11 00:00:00.000040448,28.292,55.56,231.5,8.469088e-05,6.6872,50.0
2002-09-11 03:00:00.000040448,29.835201,83.34,255.113,8.592957e-05,9.7736,45.0
2002-09-11 06:00:00.000040448,30.864,111.12,277.8,8.7362794e-05,10.288,50.0
2002-09-11 09:00:00.000040448,33.436,111.12,272.244,8.837856e-05,10.802401,55.0
2002-09-11 12:00:00.000040448,36.008,111.12,266.225,8.9789304e-05,15.432,55.0
2002-09-11 15:00:00.000040448,40.1232,111.12,277.8,9.1781345e-05,20.0616,55.0
2002-09-11 18:00:00.000040448,43.724,111.12,289.375,9.4329116e-05,21.0904,50.0
2002-09-11 21:00:00.000040448,42.6952,111.12,289.375,9.682832e-05,21.0904,45.0
2002-09-12 00:00:00.000040448,41.152,111.12,289.375,9.965002e-05,20.0616,40.0
2002-09-12 03:00:00.000040448,41.152,111.12,318.544,0.00010258449,20.0616,35.0
2002-09-12 04:00:00.000067072,41.152,111.12,327.80402,0.00010366442,23.6624,40.0
