Time,Vmax,Rmax_IBT,R34,fcor,u_trans,v_trans
2023-08-20 12:00:00.000039936,18.004,55.56,27.78,3.5282377e-05,7.716,290.0
2023-08-20 15:00:00.000039936,19.5472,51.856,34.725,3.6022833e-05,7.2016,290.0
2023-08-20 18:00:00.000039936,20.576,46.3,41.67,3.651592e-05,7.2016,290.0
2023-08-20 21:00:00.000039936,22.1192,46.3,41.67,3.700857e-05,6.6872,285.0
2023-08-21 00:00:00.000039936,23.148,46.3,41.67,3.7254722e-05,5.6584,280.0
2023-08-21 03:00:00.000039936,23.148,46.3,41.67,3.7254722e-05,4.6296,270.0
2023-08-21 06:00:00.000039936,23.148,46.3,41.67,3.7254722e-05,4.1152,265.0
2023-08-21 09:00:00.000039936,23.148,51.856,41.67,3.700857e-05,3.6008,255.0
2023-08-21 12:00:00.000039936,23.148,55.56,41.67,3.67623e-05,3.6008,235.0
2023-08-21 15:00:00.000039936,23.148,55.56,55.56,3.6022833e-05,3.6008,225.0
2023-08-21 18:00:00.000039936,23.148,55.56,69.45,3.5529305e-05,2.572,230.0
2023-08-21 21:00:00.000039936,23.148,64.82,69.45,3.5282377e-05,2.0576,255.0
2023-08-22 00:00:00.000039936,23.148,74.08,69.45,3.5282377e-05,2.572,270.0
2023-08-22 03:00:00.000039936,22.1192,83.34,69.45,3.5282377e-05,2.572,280.0
2023-08-22 06:00:00.000039936,20.576,92.6,69.45,3.5529305e-05,2.572,320.0
2023-08-22 09:00:00.000039936,20.576,92.6,69.45,3.626943e-05,3.6008,345.0
2023-08-22 12:00:00.000039936,20.576,92.6,69.45,3.7254722e-05,4.1152,345.0
2023-08-22 15:00:00.000039936,19.5472,111.12,76.395,3.8238195e-05,4.1152,345.0
2023-08-22 18:00:00.000039936,18.004,129.64,83.34,3.9219805e-05,4.6296,350.0
2023-08-22 21:00:00.000039936,18.004,129.64,83.34,4.0199502e-05,4.6296,355.0
2023-08-23 00:00:00.000039936,18.004,129.64,83.34,4.142137e-05,4.6296,355.0
2023-08-23 03:00:00.000039936,19.5472,129.64,87.97,4.239659e-05,4.1152,0.0
2023-08-23 06:00:00.000039936,20.576,129.64,92.6,4.3369746e-05,4.6296,10.0
2023-08-23 09:00:00.000039936,20.576,129.64,92.6,4.4340795e-05,5.144,20.0
