Time,Vmax,Rmax_IBT,R34,fcor,u_trans,v_trans
2020-07-24 00:00:00.000039936,18.004,74.08,13.89,6.43901e-05,4.1152,295.0
2020-07-24 03:00:00.000039936,19.5472,64.82,25.465,6.4846485e-05,4.6296,295.0
2020-07-24 06:00:00.000039936,20.576,55.56,37.04,6.530208e-05,4.6296,305.0
2020-07-24 09:00:00.000039936,22.1192,55.56,41.67,6.5983986e-05,4.6296,305.0
2020-07-24 12:00:00.000039936,23.148,55.56,46.3,6.643758e-05,4.1152,295.0
2020-07-24 15:00:00.000039936,24.6912,55.56,46.3,6.666408e-05,4.1152,275.0
2020-07-24 18:00:00.000039936,25.720001,55.56,46.3,6.666408e-05,4.1152,265.0
2020-07-24 21:00:00.000039936,27.2632,51.856,64.82,6.666408e-05,3.6008,260.0
2020-07-25 00:00:00.000039936,28.292,46.3,83.34,6.643758e-05,3.6008,265.0
2020-07-25 03:00:00.000039936,29.835201,46.3,99.545,6.643758e-05,3.6008,270.0
2020-07-25 06:00:00.000039936,30.864,46.3,115.75,6.643758e-05,3.6008,270.0
2020-07-25 09:00:00.000039936,33.436,46.3,131.95499,6.643758e-05,3.0864,270.0
2020-07-25 12:00:00.000039936,36.008,46.3,148.16,6.643758e-05,3.6008,260.0
2020-07-25 15:00:00.000039936,38.58,42.596,150.475,6.621089e-05,3.6008,255.0
2020-07-25 18:00:00.000039936,41.152,37.04,152.79001,6.5983986e-05,3.6008,255.0
2020-07-25 21:00:00.000039936,41.152,37.04,152.79001,6.575688e-05,3.6008,255.0
2020-07-25 22:00:00.000066560,41.152,37.04,152.79001,6.575688e-05,4.6296,245.0
