Time,Vmax,Rmax_IBT,R34,fcor,u_trans,v_trans
2018-09-08 12:00:00.000039936,18.004,111.12,18.52,3.626943e-05,3.0864,285.0
2018-09-08 15:00:00.000039936,19.5472,101.86,27.78,3.651592e-05,2.572,280.0
2018-09-08 18:00:00.000039936,20.576,92.6,37.04,3.651592e-05,3.0864,270.0
2018-09-08 21:00:00.000039936,22.1192,64.82,46.300003,3.651592e-05,3.6008,260.0
2018-09-09 00:00:00.000039936,23.148,37.04,55.56,3.626943e-05,3.6008,260.0
2018-09-09 03:00:00.000039936,24.6912,37.04,55.56,3.6022833e-05,3.6008,260.0
2018-09-09 06:00:00.000039936,25.720001,37.04,55.56,3.6022833e-05,4.1152,265.0
2018-09-09 09:00:00.000039936,27.2632,37.04,55.56,3.6022833e-05,5.144,270.0
2018-09-09 12:00:00.000039936,28.292,37.04,55.56,3.6022833e-05,5.144,275.0
2018-09-09 15:00:00.000039936,29.835201,33.336,55.56,3.6022833e-05,5.6584,275.0
2018-09-09 18:00:00.000039936,30.864,27.78,55.56,3.626943e-05,5.6584,275.0
2018-09-09 21:00:00.000039936,32.4072,24.076,55.56,3.651592e-05,6.1728,275.0
2018-09-10 00:00:00.000039936,33.436,18.52,55.56,3.651592e-05,6.1728,275.0
2018-09-10 03:00:00.000039936,33.436,18.52,55.56,3.651592e-05,6.1728,270.0
2018-09-10 06:00:00.000039936,33.436,18.52,55.56,3.651592e-05,6.1728,265.0
2018-09-10 09:00:00.000039936,33.436,18.52,55.56,3.626943e-05,6.6872,265.0
2018-09-10 12:00:00.000039936,33.436,18.52,55.56,3.626943e-05,6.6872,265.0
2018-09-10 15:00:00.000039936,33.436,18.52,55.56,3.626943e-05,6.6872,270.0
2018-09-10 18:00:00.000039936,33.436,18.52,55.56,3.626943e-05,6.6872,275.0
2018-09-10 21:00:00.000039936,32.4072,18.52,55.56,3.626943e-05,7.2016,275.0
2018-09-11 00:00:00.000039936,30.864,18.52,55.56,3.651592e-05,7.2016,275.0
2018-09-11 03:00:00.000039936,30.864,18.52,60.19,3.67623e-05,7.2016,275.0
2018-09-11 06:00:00.000039936,30.864,18.52,64.82,3.67623e-05,7.2016,270.0
2018-09-11 09:00:00.000039936,30.864,18.52,74.08,3.67623e-05,7.716,270.0
2018-09-11 12:00:00.000039936,30.864,18.52,83.34,3.67623e-05,7.2016,270.0
2018-09-11 15:00:00.000039936,30.864,18.52,92.600006,3.67623e-05,7.2016,270.0
2018-09-11 18:00:00.000039936,30.864,18.52,101.86,3.67623e-05,6.6872,265.0
2018-09-11 21:00:00.000039936,29.835201,24.076,97.229996,3.651592e-05,6.1728,265.0
2018-09-12 00:00:00.000039936,28.292,27.78,92.6,3.651592e-05,5.6584,270.0
2018-09-12 03:00:00.000039936,28.292,27.78,101.86,3.651592e-05,6.1728,275.0
2018-09-12 06:00:00.000039936,28.292,27.78,111.119995,3.67623e-05,6.1728,280.0
2018-09-12 09:00:00.000039936,28.292,42.596,129.64,3.700857e-05,6.6872,285.0
2018-09-12 12:00:00.000039936,28.292,55.56,148.16,3.7500762e-05,7.2016,285.0
2018-09-12 15:00:00.000039936,27.2632,64.82,152.79001,3.7992504e-05,7.716,280.0
2018-09-12 18:00:00.000039936,25.720001,74.08,157.42,3.8238195e-05,7.716,280.0
2018-09-12 21:00:00.000039936,24.6912,83.34,164.36499,3.8483773e-05,7.716,275.0
2018-09-13 00:00:00.000039936,23.148,92.6,171.31,3.8483773e-05,7.716,270.0
2018-09-13 03:00:00.000039936,22.1192,92.6,175.94,3.8238195e-05,8.744801,265.0
2018-09-13 06:00:00.000039936,20.576,92.6,180.57,3.7992504e-05,8.744801,260.0
2018-09-13 09:00:00.000039936,20.576,138.9,175.94,3.7746686e-05,9.2592,265.0
2018-09-13 12:00:00.000039936,20.576,185.2,171.31,3.7500762e-05,8.744801,265.0
2018-09-13 15:00:00.000039936,19.5472,148.16,127.325,3.7500762e-05,7.716,270.0
2018-09-13 18:00:00.000039936,18.004,111.12,83.34,3.7500762e-05,7.2016,270.0
2018-09-13 21:00:00.000039936,18.004,111.12,57.875,3.7500762e-05,6.6872,270.0
2018-09-14 00:00:00.000039936,18.004,111.12,32.41,3.7500762e-05,6.1728,270.0
2018-09-14 03:00:00.000039936,18.004,111.12,27.78,3.7500762e-05,6.1728,275.0
2018-09-14 06:00:00.000039936,18.004,111.12,23.15,3.7746686e-05,6.6872,280.0
2018-09-14 09:00:00.000039936,18.004,111.12,34.725,3.7992504e-05,7.2016,280.0
2018-09-14 12:00:00.000039936,18.004,111.12,46.3,3.8238195e-05,7.2016,275.0
2018-09-14 15:00:00.000039936,18.004,92.6,46.3,3.8483773e-05,7.2016,275.0
