Time,Vmax,Rmax_IBT,R34,fcor,u_trans,v_trans
2008-09-01 12:00:00.000039936,18.004,166.68,118.065,4.3369746e-05,7.2016,275.0
2008-09-01 15:00:00.000039936,20.576,166.68,132.418,4.3612705e-05,7.2016,280.0
2008-09-01 18:00:00.000039936,23.148,166.68,145.845,4.385554e-05,7.2016,280.0
2008-09-01 21:00:00.000039936,23.148,101.86,154.179,4.409823e-05,7.2016,285.0
2008-09-02 00:00:00.000039936,23.148,37.04,162.05,4.458322e-05,7.2016,285.0
2008-09-02 03:00:00.000039936,23.148,37.04,170.384,4.506766e-05,7.716,285.0
2008-09-02 06:00:00.000039936,23.148,37.04,178.255,4.5551555e-05,7.716,285.0
2008-09-02 09:00:00.000039936,24.6912,101.86,179.644,4.6034886e-05,7.716,290.0
2008-09-02 12:00:00.000039936,25.720001,166.68,180.56999,4.675884e-05,7.716,290.0
2008-09-02 15:00:00.000039936,27.2632,166.68,191.219,4.748151e-05,7.716,295.0
2008-09-02 18:00:00.000039936,28.292,166.68,201.405,4.8202877e-05,7.716,290.0
2008-09-02 21:00:00.000039936,28.292,166.68,200.479,4.892293e-05,7.716,290.0
2008-09-03 00:00:00.000039936,28.292,166.68,199.09,4.9402213e-05,7.716,285.0
2008-09-03 03:00:00.000039936,28.292,129.64,197.238,4.9880902e-05,7.716,285.0
2008-09-03 06:00:00.000039936,28.292,92.6,194.45999,5.035898e-05,7.716,285.0
2008-09-03 09:00:00.000039936,29.835201,88.895996,192.608,5.083645e-05,7.716,285.0
2008-09-03 12:00:00.000039936,30.864,83.34,189.83,5.131329e-05,7.716,285.0
2008-09-03 15:00:00.000039936,34.979202,70.376,190.293,5.178951e-05,8.2304,290.0
2008-09-03 18:00:00.000039936,38.58,55.56,189.83,5.250265e-05,8.2304,290.0
2008-09-03 21:00:00.000039936,46.296,46.3,191.219,5.321436e-05,8.2304,295.0
2008-09-04 00:00:00.000039936,54.012,37.04,192.14499,5.4161024e-05,8.2304,295.0
2008-09-04 03:00:00.000039936,59.156002,33.336,194.923,5.4869302e-05,7.716,295.0
2008-09-04 06:00:00.000039936,64.3,27.78,196.775,5.5576067e-05,7.716,295.0
2008-09-04 09:00:00.000039936,63.271202,27.78,187.97801,5.6281307e-05,7.2016,295.0
2008-09-04 12:00:00.000039936,61.728,27.78,178.25499,5.698501e-05,6.6872,295.0
2008-09-04 15:00:00.000039936,60.6992,27.78,176.403,5.7453286e-05,6.6872,290.0
2008-09-04 18:00:00.000039936,59.156002,27.78,173.625,5.7920843e-05,6.1728,285.0
2008-09-04 21:00:00.000039936,59.156002,27.78,172.699,5.8154368e-05,6.1728,280.0
2008-09-05 00:00:00.000039936,59.156002,27.78,171.31,5.83877e-05,6.1728,275.0
2008-09-05 03:00:00.000039936,59.156002,27.78,171.773,5.83877e-05,6.6872,270.0
2008-09-05 06:00:00.000039936,59.156002,27.78,171.31,5.83877e-05,6.6872,270.0
2008-09-05 09:00:00.000039936,56.584,27.78,172.699,5.83877e-05,7.2016,265.0
2008-09-05 12:00:00.000039936,54.012,27.78,173.625,5.8154368e-05,7.2016,260.0
2008-09-05 15:00:00.000039936,52.9832,27.78,177.32901,5.7920843e-05,7.2016,260.0
2008-09-05 18:00:00.000039936,51.440002,27.78,180.57,5.7453286e-05,7.2016,255.0
2008-09-05 21:00:00.000039936,51.440002,27.78,181.959,5.698501e-05,7.2016,255.0
2008-09-06 00:00:00.000039936,51.440002,27.78,182.88501,5.6516048e-05,7.2016,255.0
2008-09-06 03:00:00.000039936,51.440002,27.78,184.274,5.6046403e-05,7.2016,255.0
2008-09-06 06:00:00.000039936,51.440002,27.78,185.2,5.5576067e-05,7.2016,250.0
2008-09-06 09:00:00.000039936,50.4112,27.78,187.978,5.4869302e-05,7.2016,250.0
2008-09-06 12:00:00.000039936,48.868,27.78,189.82999,5.439729e-05,6.6872,250.0
2008-09-06 15:00:00.000039936,54.012,27.78,196.31201,5.392461e-05,6.6872,250.0
2008-09-06 18:00:00.000039936,59.156002,27.78,201.405,5.345127e-05,6.6872,255.0
2008-09-06 21:00:00.000039936,59.156002,27.78,204.183,5.2977284e-05,6.1728,255.0
2008-09-07 00:00:00.000039936,59.156002,27.78,206.035,5.2740055e-05,6.1728,260.0
2008-09-07 03:00:00.000039936,59.156002,27.78,210.66501,5.250265e-05,6.1728,265.0
2008-09-07 06:00:00.000039936,59.156002,27.78,215.295,5.250265e-05,5.144,265.0
2008-09-07 09:00:00.000039936,58.1272,27.78,219.925,5.22651e-05,5.6584,265.0
2008-09-07 12:00:00.000039936,56.584,27.78,224.55501,5.22651e-05,8.2304,270.0
