Time,Vmax,Rmax_IBT,R34,fcor,u_trans,v_trans
2019-09-14 00:00:00.000039936,18.004,129.64,92.6,6.3016254e-05,3.6008,305.0
2019-09-14 03:00:00.000039936,18.004,120.38,97.229996,6.3474974e-05,3.6008,300.0
2019-09-14 06:00:00.000039936,18.004,111.12,101.86,6.393293e-05,4.1152,305.0
2019-09-14 09:00:00.000039936,19.5472,111.12,106.49,6.43901e-05,3.6008,315.0
2019-09-14 12:00:00.000039936,20.576,111.12,111.119995,6.507438e-05,3.6008,315.0
2019-09-14 15:00:00.000039936,22.1192,107.416,115.75,6.552959e-05,3.6008,320.0
2019-09-14 18:00:00.000039936,23.148,101.86,120.38,6.621089e-05,3.0864,325.0
2019-09-14 21:00:00.000039936,24.6912,98.156,122.695,6.666408e-05,3.0864,330.0
2019-09-15 00:00:00.000039936,25.720001,92.6,125.009995,6.734234e-05,3.0864,335.0
2019-09-15 03:00:00.000039936,25.720001,83.34,127.325,6.7793495e-05,3.0864,330.0
2019-09-15 06:00:00.000039936,25.720001,74.08,129.64,6.8468675e-05,3.0864,335.0
2019-09-15 09:00:00.000039936,27.2632,70.376,129.64,6.914198e-05,3.6008,335.0
2019-09-15 12:00:00.000039936,28.292,64.82,129.64,6.981338e-05,3.0864,335.0
2019-09-15 15:00:00.000039936,29.835201,61.116,141.21501,7.048288e-05,2.572,340.0
2019-09-15 18:00:00.000039936,30.864,55.56,152.79,7.092813e-05,1.5432,5.0
2019-09-15 21:00:00.000039936,32.4072,51.856,152.79,7.115043e-05,1.5432,70.0
2019-09-16 00:00:00.000039936,33.436,46.3,152.79,7.115043e-05,2.0576,65.0
2019-09-16 03:00:00.000039936,34.979202,46.3,159.735,7.137252e-05,2.572,55.0
2019-09-16 06:00:00.000039936,36.008,46.3,166.68,7.181604e-05,3.0864,55.0
2019-09-16 09:00:00.000039936,37.5512,42.596,166.68,7.2037474e-05,3.0864,60.0
2019-09-16 12:00:00.000039936,38.58,37.04,166.68,7.247968e-05,3.0864,60.0
2019-09-16 15:00:00.000039936,38.58,37.04,173.625,7.2921e-05,3.0864,60.0
2019-09-16 18:00:00.000039936,38.58,37.04,180.57,7.314133e-05,3.0864,65.0
2019-09-16 21:00:00.000039936,40.1232,37.04,182.88501,7.336144e-05,3.0864,70.0
2019-09-17 00:00:00.000039936,41.152,37.04,185.20001,7.3581316e-05,3.0864,70.0
2019-09-17 03:00:00.000039936,42.6952,37.04,189.83,7.380098e-05,3.0864,70.0
2019-09-17 06:00:00.000039936,43.724,37.04,194.46,7.402041e-05,3.6008,75.0
2019-09-17 09:00:00.000039936,45.2672,37.04,203.72,7.423962e-05,4.1152,75.0
2019-09-17 12:00:00.000039936,46.296,37.04,212.98,7.4458614e-05,4.1152,75.0
2019-09-17 15:00:00.000039936,47.8392,33.336,224.555,7.467736e-05,4.1152,75.0
2019-09-17 18:00:00.000039936,48.868,27.78,236.13,7.4895885e-05,5.144,75.0
2019-09-17 21:00:00.000039936,50.4112,27.78,243.075,7.511419e-05,6.1728,75.0
2019-09-18 00:00:00.000039936,51.440002,27.78,250.01999,7.5550095e-05,6.1728,75.0
2019-09-18 03:00:00.000039936,52.9832,27.78,254.65,7.576771e-05,5.6584,75.0
2019-09-18 06:00:00.000039936,54.012,27.78,259.28,7.620224e-05,6.6872,70.0
2019-09-18 09:00:00.000039936,54.012,33.336,270.855,7.663584e-05,7.2016,70.0
2019-09-18 12:00:00.000039936,54.012,37.04,282.43,7.728449e-05,7.2016,70.0
2019-09-18 15:00:00.000039936,55.5552,37.04,282.43,7.771575e-05,7.2016,70.0
2019-09-18 18:00:00.000039936,56.584,37.04,282.43,7.8360856e-05,8.744801,70.0
2019-09-18 21:00:00.000039936,56.584,37.04,294.005,7.900381e-05,10.288,70.0
2019-09-19 00:00:00.000039936,56.584,37.04,305.58,7.9857724e-05,10.288,60.0
2019-09-19 03:00:00.000039936,56.584,46.3,333.36,8.113127e-05,11.3168,55.0
2019-09-19 06:00:00.000039936,54.012,55.56,361.13998,8.2605824e-05,11.8312,50.0
2019-09-19 09:00:00.000039936,51.440002,64.82,386.60498,8.4068044e-05,11.8312,50.0
2019-09-19 12:00:00.000039936,48.868,74.08,412.07,8.5723776e-05,11.3168,40.0
2019-09-19 15:00:00.000039936,45.2672,83.34,437.535,8.756649e-05,10.802401,35.0
2019-09-19 18:00:00.000039936,41.152,92.6,463.0,8.9186324e-05,9.2592,30.0
2019-09-19 21:00:00.000039936,38.58,101.86,472.25998,9.058944e-05,7.716,25.0
2019-09-20 00:00:00.000039936,36.008,111.12,481.52,9.197902e-05,7.2016,20.0
2019-09-20 03:00:00.000039936,33.436,120.38,490.78,9.335488e-05,7.2016,15.0
2019-09-20 06:00:00.000039936,30.864,129.64,500.03998,9.452311e-05,6.1728,15.0
2019-09-20 09:00:00.000039936,28.292,138.9,500.03998,9.568096e-05,6.1728,20.0
