Time,Vmax,Rmax_IBT,R34,fcor,u_trans,v_trans
2013-09-09 06:00:00.000039936,18.004,111.12,46.300003,3.3550914e-05,6.1728,280.0
2013-09-09 09:00:00.000039936,19.5472,101.86,60.190002,3.3798577e-05,6.1728,280.0
2013-09-09 12:00:00.000039936,20.576,92.6,74.08,3.404614e-05,5.6584,280.0
2013-09-09 15:00:00.000039936,22.1192,83.34,87.97,3.4293596e-05,5.144,280.0
2013-09-09 18:00:00.000039936,23.148,74.08,101.86,3.454095e-05,4.6296,285.0
2013-09-09 21:00:00.000039936,24.6912,64.82,108.80499,3.47882e-05,4.6296,285.0
2013-09-10 00:00:00.000039936,25.720001,55.56,115.75,3.5035337e-05,5.144,280.0
2013-09-10 03:00:00.000039936,27.2632,51.856,127.325005,3.5282377e-05,5.144,280.0
2013-09-10 06:00:00.000039936,28.292,46.3,138.9,3.5529305e-05,4.6296,280.0
2013-09-10 09:00:00.000039936,28.292,46.3,141.215,3.577612e-05,4.1152,285.0
2013-09-10 12:00:00.000039936,28.292,46.3,143.53,3.6022833e-05,3.6008,295.0
2013-09-10 15:00:00.000039936,28.292,42.596,145.845,3.651592e-05,3.6008,305.0
2013-09-10 18:00:00.000039936,28.292,37.04,148.16,3.700857e-05,3.0864,310.0
2013-09-10 21:00:00.000039936,28.292,37.04,157.42,3.7500762e-05,3.0864,315.0
2013-09-11 00:00:00.000039936,28.292,37.04,166.68,3.7992504e-05,2.572,325.0
2013-09-11 03:00:00.000039936,29.835201,33.336,168.995,3.8483773e-05,3.0864,330.0
2013-09-11 06:00:00.000039936,30.864,27.78,171.31,3.9219805e-05,3.6008,330.0
2013-09-11 09:00:00.000039936,33.436,27.78,171.31,3.995476e-05,4.1152,340.0
2013-09-11 12:00:00.000039936,36.008,27.78,171.31,4.093299e-05,4.6296,350.0
2013-09-11 15:00:00.000039936,38.58,27.78,171.31,4.2152973e-05,5.6584,0.0
2013-09-11 18:00:00.000039936,41.152,27.78,171.31,4.3612705e-05,6.1728,0.0
2013-09-11 21:00:00.000039936,41.152,27.78,182.885,4.506766e-05,6.1728,0.0
2013-09-12 00:00:00.000039936,41.152,27.78,194.46,4.651767e-05,6.6872,0.0
2013-09-12 03:00:00.000039936,41.152,27.78,206.035,4.796257e-05,6.6872,0.0
2013-09-12 06:00:00.000039936,41.152,27.78,217.61,4.9641636e-05,6.6872,0.0
2013-09-12 09:00:00.000039936,40.1232,27.78,229.185,5.131329e-05,6.6872,0.0
2013-09-12 12:00:00.000039936,38.58,27.78,240.76,5.2740055e-05,6.1728,355.0
2013-09-12 15:00:00.000039936,38.58,33.336,247.705,5.4161024e-05,5.6584,350.0
2013-09-12 18:00:00.000039936,38.58,37.04,254.65001,5.5340646e-05,5.144,345.0
2013-09-12 21:00:00.000039936,37.5512,46.3,263.91,5.6516048e-05,5.144,340.0
2013-09-13 00:00:00.000039936,36.008,55.56,273.16998,5.7453286e-05,4.6296,335.0
2013-09-13 03:00:00.000039936,33.436,64.82,280.115,5.83877e-05,4.6296,330.0
2013-09-13 06:00:00.000039936,30.864,74.08,287.06,5.9319285e-05,4.6296,320.0
2013-09-13 09:00:00.000039936,29.835201,92.6,289.375,6.0016075e-05,4.6296,310.0
2013-09-13 12:00:00.000039936,28.292,111.12,291.69,6.0711227e-05,4.6296,295.0
2013-09-13 15:00:00.000039936,25.720001,129.64,280.115,6.0942573e-05,4.1152,285.0
2013-09-13 18:00:00.000039936,23.148,148.16,268.54,6.1173734e-05,4.1152,275.0
2013-09-13 21:00:00.000039936,22.1192,166.68,254.65,6.1173734e-05,4.1152,270.0
2013-09-14 00:00:00.000039936,20.576,185.2,240.76001,6.1173734e-05,4.1152,270.0
2013-09-14 03:00:00.000039936,19.5472,185.2,189.83,6.1173734e-05,4.6296,275.0
2013-09-14 06:00:00.000039936,18.004,185.2,138.9,6.14047e-05,5.144,280.0
2013-09-14 09:00:00.000039936,18.004,185.2,138.9,6.1635496e-05,5.6584,285.0
2013-09-14 12:00:00.000039936,18.004,185.2,138.9,6.20965e-05,6.6872,285.0
2013-09-14 15:00:00.000039936,18.004,185.2,138.9,6.255676e-05,7.2016,280.0
2013-09-14 18:00:00.000039936,18.004,185.2,138.9,6.278661e-05,7.2016,280.0
2013-09-14 21:00:00.000039936,18.004,185.2,138.9,6.3016254e-05,7.2016,275.0
2013-09-15 00:00:00.000039936,18.004,185.2,138.9,6.3016254e-05,6.1728,270.0
2013-09-15 03:00:00.000039936,18.004,185.2,141.215,6.3016254e-05,5.144,270.0
2013-09-15 06:00:00.000039936,18.004,185.2,143.53,6.3016254e-05,4.1152,280.0
2013-09-15 09:00:00.000039936,18.004,185.2,145.845,6.324571e-05,4.1152,295.0
2013-09-15 12:00:00.000039936,18.004,185.2,148.16,6.370404e-05,4.1152,305.0
2013-09-15 15:00:00.000039936,18.004,185.2,148.16,6.416161e-05,4.1152,310.0
2013-09-15 18:00:00.000039936,18.004,185.2,148.16,6.4846485e-05,4.1152,300.0
2013-09-15 21:00:00.000039936,18.004,175.94,148.16,6.530208e-05,4.6296,290.0
2013-09-16 00:00:00.000039936,18.004,166.68,148.16,6.552959e-05,5.144,280.0
2013-09-16 03:00:00.000039936,18.004,157.42,143.53,6.552959e-05,5.144,270.0
2013-09-16 06:00:00.000039936,18.004,148.16,138.9,6.552959e-05,3.6008,270.0
2013-09-16 09:00:00.000039936,19.5472,138.9,134.27,6.552959e-05,2.572,285.0
2013-09-16 12:00:00.000039936,20.576,129.64,129.64,6.575688e-05,2.0576,285.0
2013-09-16 15:00:00.000039936,20.576,120.38,125.01,6.5983986e-05,2.0576,285.0
2013-09-16 18:00:00.000039936,20.576,111.12,120.38,6.5983986e-05,1.0288,300.0
2013-09-16 21:00:00.000039936,19.5472,111.12,97.229996,6.5983986e-05,0.5144,40.0
2013-09-17 00:00:00.000039936,18.004,111.12,74.08,6.621089e-05,1.5432,45.0
2013-09-17 03:00:00.000039936,18.004,120.38,97.229996,6.643758e-05,2.572,35.0
2013-09-17 06:00:00.000039936,18.004,129.64,120.380005,6.711647e-05,4.1152,25.0
2013-09-17 09:00:00.000039936,19.5472,138.9,115.75,6.801876e-05,5.144,15.0
2013-09-17 12:00:00.000039936,20.576,148.16,111.12,6.936598e-05,5.6584,5.0
2013-09-17 15:00:00.000039936,20.576,166.68,83.340004,7.048288e-05,5.6584,355.0
2013-09-17 18:00:00.000039936,20.576,185.2,55.56,7.181604e-05,5.6584,345.0
2013-09-17 21:00:00.000039936,19.5472,203.72,55.56,7.2921e-05,5.6584,335.0
