Time,Vmax,Rmax_IBT,R34,fcor,u_trans,v_trans
2006-09-14 00:00:00.000039936,18.004,83.34,55.56,3.2559245e-05,9.7736,280.0
2006-09-14 03:00:00.000039936,18.004,98.156,62.968,3.280731e-05,9.7736,280.0
2006-09-14 06:00:00.000039936,18.004,111.12,69.45,3.330315e-05,9.7736,280.0
2006-09-14 09:00:00.000039936,19.5472,111.12,69.45,3.3798577e-05,9.2592,285.0
2006-09-14 12:00:00.000039936,20.576,111.12,69.45,3.4293596e-05,8.2304,285.0
2006-09-14 15:00:00.000039936,20.576,111.12,87.507,3.47882e-05,7.2016,285.0
2006-09-14 18:00:00.000039936,20.576,111.12,104.174995,3.5282377e-05,6.6872,285.0
2006-09-14 21:00:00.000039936,20.576,111.12,104.174995,3.577612e-05,6.6872,290.0
2006-09-15 00:00:00.000039936,20.576,111.12,104.174995,3.626943e-05,6.6872,285.0
2006-09-15 03:00:00.000039936,22.1192,111.12,104.174995,3.67623e-05,6.6872,290.0
2006-09-15 06:00:00.000039936,23.148,111.12,104.174995,3.7254722e-05,6.6872,295.0
2006-09-15 09:00:00.000039936,24.6912,79.636,114.824,3.7992504e-05,7.2016,300.0
2006-09-15 12:00:00.000039936,25.720001,46.3,125.009995,3.897458e-05,7.2016,300.0
2006-09-15 15:00:00.000039936,27.2632,46.3,137.974,3.9709896e-05,7.2016,300.0
2006-09-15 18:00:00.000039936,28.292,46.3,150.47499,4.0688625e-05,7.2016,300.0
2006-09-15 21:00:00.000039936,29.835201,46.3,163.43901,4.1665367e-05,7.2016,305.0
2006-09-16 00:00:00.000039936,30.864,46.3,175.94,4.2640077e-05,6.6872,305.0
2006-09-16 03:00:00.000039936,30.864,46.3,189.367,4.3612705e-05,6.1728,305.0
2006-09-16 06:00:00.000039936,30.864,46.3,201.405,4.4340795e-05,6.1728,305.0
2006-09-16 09:00:00.000039936,32.4072,46.3,214.832,4.5309676e-05,6.1728,305.0
2006-09-16 12:00:00.000039936,33.436,46.3,226.87,4.6034886e-05,5.6584,305.0
2006-09-16 15:00:00.000039936,33.436,46.3,226.87,4.675884e-05,5.144,300.0
2006-09-16 18:00:00.000039936,33.436,46.3,226.87,4.7240763e-05,5.144,300.0
2006-09-16 21:00:00.000039936,34.979202,42.596,226.87,4.7722115e-05,5.144,300.0
2006-09-17 00:00:00.000039936,36.008,37.04,226.87,4.844305e-05,5.144,300.0
2006-09-17 03:00:00.000039936,37.5512,37.04,226.87,4.916265e-05,4.6296,305.0
2006-09-17 06:00:00.000039936,38.58,37.04,226.87,4.9641636e-05,4.1152,305.0
2006-09-17 09:00:00.000039936,40.1232,37.04,226.87,5.012002e-05,3.0864,310.0
2006-09-17 12:00:00.000039936,41.152,37.04,226.87,5.059779e-05,3.0864,315.0
2006-09-17 15:00:00.000039936,43.724,37.04,226.87,5.1074945e-05,3.0864,325.0
2006-09-17 18:00:00.000039936,46.296,37.04,226.87,5.178951e-05,3.0864,330.0
2006-09-17 21:00:00.000039936,48.868,42.596,241.223,5.250265e-05,3.6008,335.0
2006-09-18 00:00:00.000039936,51.440002,46.3,254.65001,5.321436e-05,3.6008,335.0
2006-09-18 03:00:00.000039936,52.9832,46.3,254.65001,5.392461e-05,3.6008,335.0
2006-09-18 06:00:00.000039936,54.012,46.3,254.65001,5.4633376e-05,3.6008,340.0
2006-09-18 09:00:00.000039936,54.012,46.3,254.65001,5.5340646e-05,4.1152,340.0
2006-09-18 12:00:00.000039936,54.012,46.3,254.65001,5.6281307e-05,5.144,330.0
2006-09-18 15:00:00.000039936,51.440002,46.3,266.68802,5.7453286e-05,5.6584,325.0
2006-09-18 18:00:00.000039936,48.868,46.3,277.8,5.83877e-05,4.6296,315.0
2006-09-18 21:00:00.000039936,48.868,42.596,277.8,5.8853857e-05,3.6008,305.0
2006-09-19 00:00:00.000039936,48.868,37.04,277.8,5.9319285e-05,3.6008,300.0
2006-09-19 03:00:00.000039936,48.868,37.04,295.857,5.9784e-05,3.6008,295.0
2006-09-19 06:00:00.000039936,48.868,37.04,312.525,6.0016075e-05,3.6008,285.0
2006-09-19 09:00:00.000039936,48.868,37.04,312.525,6.0247978e-05,3.6008,280.0
2006-09-19 12:00:00.000039936,48.868,37.04,312.525,6.0247978e-05,4.1152,270.0
2006-09-19 15:00:00.000039936,47.8392,37.04,312.525,6.0247978e-05,4.6296,270.0
2006-09-19 18:00:00.000039936,46.296,37.04,312.525,6.0247978e-05,4.6296,270.0
2006-09-19 21:00:00.000039936,46.296,42.596,312.525,6.0247978e-05,4.1152,275.0
2006-09-20 00:00:00.000039936,46.296,46.3,312.525,6.0479695e-05,4.1152,290.0
2006-09-20 03:00:00.000039936,46.296,37.04,312.525,6.0942573e-05,4.1152,300.0
2006-09-20 06:00:00.000039936,46.296,27.78,312.525,6.14047e-05,4.6296,305.0
2006-09-20 09:00:00.000039936,46.296,27.78,312.525,6.186609e-05,4.6296,305.0
2006-09-20 12:00:00.000039936,46.296,27.78,312.525,6.255676e-05,4.6296,305.0
2006-09-20 15:00:00.000039936,43.724,33.336,312.525,6.3016254e-05,4.1152,310.0
2006-09-20 18:00:00.000039936,41.152,37.04,312.525,6.370404e-05,4.1152,325.0
2006-09-20 21:00:00.000039936,41.152,37.04,312.525,6.461839e-05,4.6296,345.0
2006-09-21 00:00:00.000039936,41.152,37.04,312.525,6.575688e-05,5.144,355.0
2006-09-21 03:00:00.000039936,40.1232,33.336,315.303,6.689037e-05,5.144,0.0
2006-09-21 06:00:00.000039936,38.58,27.78,317.155,6.801876e-05,5.6584,0.0
2006-09-21 09:00:00.000039936,38.58,27.78,325.48898,6.936598e-05,6.1728,0.0
2006-09-21 12:00:00.000039936,38.58,27.78,333.36,7.07056e-05,6.1728,360.0
2006-09-21 15:00:00.000039936,38.58,27.78,342.62,7.2037474e-05,6.1728,360.0
2006-09-21 18:00:00.000039936,38.58,27.78,351.87997,7.336144e-05,6.1728,5.0
2006-09-21 21:00:00.000039936,38.58,27.78,351.87997,7.467736e-05,6.6872,15.0
2006-09-22 00:00:00.000039936,38.58,27.78,351.87997,7.5985095e-05,6.6872,25.0
2006-09-22 03:00:00.000039936,37.5512,27.78,351.87997,7.728449e-05,6.6872,30.0
2006-09-22 06:00:00.000039936,36.008,27.78,351.87997,7.8360856e-05,6.1728,30.0
2006-09-22 09:00:00.000039936,36.008,27.78,367.159,7.943125e-05,6.6872,30.0
2006-09-22 12:00:00.000039936,36.008,27.78,381.975,8.070772e-05,7.716,35.0
2006-09-22 15:00:00.000039936,36.008,27.78,387.99402,8.2185776e-05,8.744801,40.0
2006-09-22 18:00:00.000039936,36.008,27.78,393.55,8.34429e-05,9.2592,55.0
2006-09-22 21:00:00.000039936,37.5512,33.336,417.163,8.427592e-05,9.2592,65.0
2006-09-23 00:00:00.000039936,38.58,37.04,439.85,8.510482e-05,9.2592,65.0
2006-09-23 03:00:00.000039936,40.1232,64.82,463.0,8.592957e-05,9.2592,70.0
2006-09-23 06:00:00.000039936,41.152,92.6,486.15,8.6545406e-05,9.2592,70.0
2006-09-23 09:00:00.000039936,41.152,92.6,486.15,8.7362794e-05,9.2592,65.0
2006-09-23 12:00:00.000039936,41.152,92.6,486.15,8.7973065e-05,9.2592,70.0
2006-09-23 15:00:00.000039936,40.1232,92.6,486.15,8.858091e-05,9.2592,70.0
2006-09-23 18:00:00.000039936,38.58,92.6,486.15,8.9186324e-05,9.2592,65.0
2006-09-23 21:00:00.000039936,37.5512,92.6,509.763,8.998974e-05,9.7736,65.0
2006-09-24 00:00:00.000039936,36.008,92.6,532.44995,9.098784e-05,10.288,65.0
2006-09-24 03:00:00.000039936,34.979202,92.6,544.48804,9.1781345e-05,10.288,65.0
2006-09-24 06:00:00.000039936,33.436,92.6,555.6,9.2766924e-05,11.3168,65.0
2006-09-24 09:00:00.000039936,33.436,92.6,573.194,9.374543e-05,11.8312,60.0
