Time,Vmax,Rmax_IBT,R34,fcor,u_trans,v_trans
2012-08-21 18:00:00.000039936,18.004,46.3,18.52,3.8238195e-05,8.2304,275.0
2012-08-21 21:00:00.000039936,19.5472,46.3,18.52,3.8483773e-05,8.744801,275.0
2012-08-22 00:00:00.000039936,20.576,46.3,18.52,3.872924e-05,8.744801,280.0
2012-08-22 03:00:00.000039936,22.1192,46.3,20.835,3.897458e-05,9.2592,280.0
2012-08-22 06:00:00.000039936,23.148,46.3,23.15,3.9464914e-05,9.7736,280.0
2012-08-22 09:00:00.000039936,23.148,51.856,41.67,3.9709896e-05,9.7736,275.0
2012-08-22 12:00:00.000039936,23.148,55.56,60.19,3.995476e-05,9.7736,275.0
2012-08-22 15:00:00.000039936,23.148,92.6,78.71,4.0199502e-05,8.744801,275.0
2012-08-22 18:00:00.000039936,23.148,129.64,97.229996,4.0444127e-05,8.2304,265.0
2012-08-22 21:00:00.000039936,23.148,129.64,111.12,4.0199502e-05,8.2304,255.0
2012-08-23 00:00:00.000039936,23.148,129.64,125.009995,3.9464914e-05,8.2304,245.0
2012-08-23 03:00:00.000039936,23.148,129.64,129.64,3.8483773e-05,7.716,245.0
2012-08-23 06:00:00.000039936,23.148,129.64,134.26999,3.7746686e-05,7.716,255.0
2012-08-23 09:00:00.000039936,23.148,129.64,136.58499,3.7746686e-05,8.2304,275.0
2012-08-23 12:00:00.000039936,23.148,129.64,138.90001,3.7992504e-05,7.716,285.0
2012-08-23 15:00:00.000039936,23.148,129.64,141.215,3.8483773e-05,7.2016,290.0
2012-08-23 18:00:00.000039936,23.148,129.64,143.53,3.9219805e-05,7.2016,285.0
2012-08-23 21:00:00.000039936,23.148,129.64,155.105,3.9464914e-05,7.2016,275.0
2012-08-24 00:00:00.000039936,23.148,129.64,166.68,3.9464914e-05,6.6872,260.0
2012-08-24 03:00:00.000039936,23.148,129.64,180.56999,3.897458e-05,6.6872,255.0
2012-08-24 06:00:00.000039936,23.148,129.64,194.45999,3.872924e-05,6.6872,265.0
2012-08-24 09:00:00.000039936,24.6912,120.38,206.035,3.897458e-05,6.6872,285.0
2012-08-24 12:00:00.000039936,25.720001,111.12,217.60999,3.9464914e-05,6.1728,305.0
2012-08-24 15:00:00.000039936,27.2632,111.12,233.815,4.0444127e-05,6.1728,320.0
2012-08-24 18:00:00.000039936,28.292,111.12,250.01999,4.1665367e-05,5.144,325.0
2012-08-24 21:00:00.000039936,28.292,107.416,266.225,4.239659e-05,4.6296,320.0
2012-08-25 00:00:00.000039936,28.292,101.86,282.43,4.3369746e-05,5.6584,320.0
2012-08-25 03:00:00.000039936,28.292,92.6,263.91,4.458322e-05,6.6872,320.0
