Time,Vmax,Rmax_IBT,R34,fcor,u_trans,v_trans
2020-07-28 12:00:00.000039936,18.004,277.8,148.16,3.156599e-05,12.860001,285.0
2020-07-28 15:00:00.000039936,18.004,277.8,148.16,3.231108e-05,12.3456,285.0
2020-07-28 18:00:00.000039936,18.004,277.8,148.16,3.330315e-05,11.3168,290.0
2020-07-28 21:00:00.000039936,19.5472,277.8,157.42,3.4293596e-05,10.802401,295.0
2020-07-29 00:00:00.000039936,20.576,277.8,166.68001,3.5529305e-05,10.288,295.0
2020-07-29 03:00:00.000039936,20.576,277.8,166.68001,3.651592e-05,10.802401,290.0
2020-07-29 06:00:00.000039936,20.576,277.8,166.68001,3.7254722e-05,10.288,285.0
2020-07-29 09:00:00.000039936,20.576,277.8,166.68001,3.7746686e-05,9.7736,280.0
2020-07-29 12:00:00.000039936,20.576,277.8,166.68001,3.8238195e-05,9.2592,275.0
2020-07-29 15:00:00.000039936,20.576,277.8,180.57,3.8238195e-05,8.744801,275.0
2020-07-29 18:00:00.000039936,20.576,277.8,194.45999,3.8483773e-05,8.744801,280.0
2020-07-29 21:00:00.000039936,22.1192,277.8,208.34999,3.897458e-05,8.744801,285.0
2020-07-30 00:00:00.000039936,23.148,277.8,222.23999,3.9709896e-05,8.744801,295.0
2020-07-30 03:00:00.000039936,24.6912,222.24,236.12999,4.0688625e-05,8.744801,300.0
2020-07-30 06:00:00.000039936,25.720001,166.68,250.01999,4.1909232e-05,8.744801,305.0
2020-07-30 09:00:00.000039936,27.2632,157.42,250.01999,4.3126656e-05,8.2304,310.0
2020-07-30 12:00:00.000039936,28.292,148.16,250.01999,4.4340795e-05,7.2016,310.0
2020-07-30 15:00:00.000039936,28.292,148.16,250.01999,4.5309676e-05,7.716,315.0
2020-07-30 16:15:00.000053248,28.292,148.16,250.01999,4.6034886e-05,10.802401,315.0
