Time,Vmax,Rmax_IBT,R34,fcor,u_trans,v_trans
2022-09-24 00:00:00.000039936,18.004,55.56,13.89,3.700857e-05,5.6584,270.0
2022-09-24 03:00:00.000039936,18.004,55.56,13.89,3.700857e-05,6.1728,270.0
2022-09-24 06:00:00.000039936,18.004,55.56,13.89,3.700857e-05,6.6872,265.0
2022-09-24 09:00:00.000039936,19.5472,55.56,18.52,3.67623e-05,7.716,260.0
2022-09-24 12:00:00.000039936,20.576,55.56,23.15,3.651592e-05,7.2016,260.0
2022-09-24 15:00:00.000039936,20.576,55.56,23.15,3.626943e-05,7.2016,265.0
2022-09-24 18:00:00.000039936,20.576,55.56,23.15,3.626943e-05,7.2016,275.0
2022-09-24 21:00:00.000039936,20.576,55.56,32.41,3.651592e-05,7.2016,280.0
2022-09-25 00:00:00.000039936,20.576,55.56,41.67,3.67623e-05,6.1728,275.0
2022-09-25 03:00:00.000039936,20.576,55.56,41.67,3.67623e-05,5.6584,270.0
2022-09-25 06:00:00.000039936,20.576,55.56,41.67,3.67623e-05,5.6584,280.0
2022-09-25 09:00:00.000039936,20.576,55.56,41.67,3.700857e-05,5.6584,290.0
2022-09-25 12:00:00.000039936,20.576,55.56,41.67,3.7746686e-05,5.6584,305.0
2022-09-25 15:00:00.000039936,20.576,55.56,41.67,3.872924e-05,5.6584,320.0
2022-09-25 18:00:00.000039936,20.576,55.56,41.67,3.9709896e-05,6.1728,325.0
2022-09-25 21:00:00.000039936,23.148,55.56,55.56,4.093299e-05,6.6872,320.0
2022-09-26 00:00:00.000039936,25.720001,55.56,69.450005,4.2152973e-05,6.1728,320.0
2022-09-26 03:00:00.000039936,29.835201,42.596,90.285,4.3126656e-05,6.1728,320.0
2022-09-26 06:00:00.000039936,33.436,27.78,111.119995,4.4340795e-05,6.1728,325.0
2022-09-26 09:00:00.000039936,34.979202,27.78,125.01,4.5551555e-05,6.1728,325.0
2022-09-26 12:00:00.000039936,36.008,27.78,138.9,4.675884e-05,6.1728,330.0
2022-09-26 15:00:00.000039936,38.58,33.336,148.16,4.796257e-05,6.1728,330.0
2022-09-26 18:00:00.000039936,41.152,37.04,157.42,4.916265e-05,5.6584,340.0
2022-09-26 21:00:00.000039936,42.6952,37.04,157.42,5.035898e-05,5.6584,345.0
2022-09-27 00:00:00.000039936,43.724,37.04,157.42,5.178951e-05,5.6584,345.0
2022-09-27 03:00:00.000039936,47.8392,33.336,162.05,5.2977284e-05,5.144,345.0
2022-09-27 06:00:00.000039936,51.440002,27.78,166.68,5.4161024e-05,5.144,345.0
