Time,Vmax,Rmax_IBT,R34,fcor,u_trans,v_trans
2016-08-31 06:00:00.000039936,18.004,92.6,46.300003,6.0247978e-05,2.0576,355.0
2016-08-31 09:00:00.000039936,19.5472,92.6,60.19,6.0711227e-05,2.0576,10.0
2016-08-31 12:00:00.000039936,20.576,92.6,74.08,6.1173734e-05,2.0576,20.0
2016-08-31 15:00:00.000039936,22.1192,92.6,99.545,6.14047e-05,2.0576,30.0
2016-08-31 18:00:00.000039936,23.148,92.6,125.009995,6.186609e-05,2.572,45.0
2016-08-31 21:00:00.000039936,24.6912,64.82,138.9,6.2326726e-05,3.0864,50.0
2016-09-01 00:00:00.000039936,25.720001,37.04,152.79001,6.278661e-05,3.0864,45.0
2016-09-01 03:00:00.000039936,27.2632,37.04,157.42,6.324571e-05,3.0864,35.0
2016-09-01 06:00:00.000039936,28.292,37.04,162.04999,6.393293e-05,4.1152,30.0
2016-09-01 09:00:00.000039936,29.835201,37.04,175.94,6.4846485e-05,5.6584,30.0
2016-09-01 12:00:00.000039936,30.864,37.04,189.82999,6.5983986e-05,5.6584,30.0
2016-09-01 15:00:00.000039936,32.4072,37.04,187.515,6.711647e-05,6.1728,30.0
2016-09-01 18:00:00.000039936,33.436,37.04,185.2,6.8243826e-05,6.1728,30.0
2016-09-01 21:00:00.000039936,34.979202,42.596,185.2,6.936598e-05,6.6872,30.0
2016-09-02 00:00:00.000039936,36.008,46.3,185.2,7.07056e-05,6.1728,30.0
2016-09-02 03:00:00.000039936,36.008,40.744,185.2,7.159438e-05,7.2016,30.0
