Time,Vmax,Rmax_IBT,R34,fcor,u_trans,v_trans
2013-09-13 12:00:00.000039936,18.004,74.08,55.56,4.8202877e-05,2.572,230.0
2013-09-13 15:00:00.000039936,19.5472,74.08,64.82,4.796257e-05,1.5432,225.0
2013-09-13 18:00:00.000039936,20.576,74.08,74.08,4.7722115e-05,0.5144,270.0
2013-09-13 21:00:00.000039936,23.148,64.82,83.34,4.796257e-05,1.0288,10.0
2013-09-14 00:00:00.000039936,25.720001,55.56,92.600006,4.8202877e-05,1.5432,20.0
2013-09-14 03:00:00.000039936,27.2632,55.56,97.229996,4.844305e-05,2.0576,30.0
2013-09-14 06:00:00.000039936,28.292,55.56,101.86,4.892293e-05,3.0864,35.0
2013-09-14 09:00:00.000039936,29.835201,46.3,101.86,4.9641636e-05,4.1152,35.0
2013-09-14 12:00:00.000039936,30.864,37.04,101.86,5.059779e-05,4.1152,30.0
2013-09-14 15:00:00.000039936,32.4072,37.04,104.175,5.155148e-05,3.6008,15.0
2013-09-14 18:00:00.000039936,33.436,37.04,106.490005,5.22651e-05,3.6008,355.0
2013-09-14 21:00:00.000039936,36.008,33.336,111.12,5.2977284e-05,3.6008,335.0
2013-09-15 00:00:00.000039936,38.58,27.78,115.75001,5.3688025e-05,3.0864,320.0
2013-09-15 03:00:00.000039936,38.58,33.336,115.75,5.4161024e-05,3.0864,310.0
2013-09-15 06:00:00.000039936,38.58,37.04,115.75,5.4633376e-05,3.0864,310.0
2013-09-15 09:00:00.000039936,36.008,33.336,111.119995,5.510506e-05,2.572,315.0
2013-09-15 12:00:00.000039936,33.436,27.78,106.49,5.5576067e-05,2.572,320.0
2013-09-15 15:00:00.000039936,33.436,27.78,108.805,5.6046403e-05,2.0576,315.0
2013-09-15 18:00:00.000039936,33.436,27.78,111.119995,5.6281307e-05,2.0576,320.0
2013-09-15 21:00:00.000039936,34.979202,27.78,108.805,5.6516048e-05,2.0576,315.0
2013-09-16 00:00:00.000039936,36.008,27.78,106.49,5.698501e-05,3.0864,310.0
2013-09-16 03:00:00.000039936,33.436,27.78,104.175,5.7453286e-05,4.1152,300.0
2013-09-16 06:00:00.000039936,30.864,27.78,101.86,5.7920843e-05,4.6296,300.0
2013-09-16 09:00:00.000039936,29.3208,33.336,91.211,5.83877e-05,4.6296,290.0
2013-09-16 11:15:00.000039936,28.292,37.04,83.340004,5.862087e-05,4.1152,280.0
