Time,Vmax,Rmax_IBT,R34,fcor,u_trans,v_trans
2023-08-27 12:00:00.000039936,18.004,37.04,27.78,4.9641636e-05,3.0864,120.0
2023-08-27 15:00:00.000039936,19.5472,37.04,27.78,4.9641636e-05,2.572,90.0
2023-08-27 18:00:00.000039936,20.576,37.04,27.78,4.9641636e-05,2.0576,95.0
2023-08-27 21:00:00.000039936,22.1192,37.04,46.3,4.9402213e-05,2.0576,105.0
2023-08-28 00:00:00.000039936,23.148,37.04,64.82,4.9402213e-05,1.5432,100.0
2023-08-28 03:00:00.000039936,25.720001,37.04,69.450005,4.9402213e-05,1.0288,60.0
2023-08-28 06:00:00.000039936,28.292,37.04,74.08,4.9641636e-05,2.0576,10.0
2023-08-28 09:00:00.000039936,28.292,37.04,92.6,5.035898e-05,3.6008,0.0
2023-08-28 12:00:00.000039936,28.292,37.04,111.119995,5.131329e-05,3.6008,360.0
2023-08-28 15:00:00.000039936,29.835201,37.04,125.009995,5.2027382e-05,3.0864,0.0
2023-08-28 18:00:00.000039936,30.864,37.04,138.90001,5.2740055e-05,3.0864,5.0
2023-08-28 21:00:00.000039936,30.864,37.04,143.53,5.345127e-05,3.0864,10.0
2023-08-29 00:00:00.000039936,30.864,37.04,148.16,5.4161024e-05,3.6008,10.0
2023-08-29 03:00:00.000039936,32.4072,33.336,155.105,5.510506e-05,4.1152,5.0
2023-08-29 06:00:00.000039936,33.436,27.78,162.04999,5.6046403e-05,5.144,10.0
2023-08-29 09:00:00.000039936,34.979202,27.78,166.68,5.721923e-05,6.1728,10.0
2023-08-29 12:00:00.000039936,36.008,27.78,171.31,5.8853857e-05,7.2016,5.0
2023-08-29 15:00:00.000039936,38.58,27.78,171.31,6.0479695e-05,7.716,0.0
2023-08-29 18:00:00.000039936,41.152,27.78,171.31,6.2326726e-05,8.2304,0.0
2023-08-29 21:00:00.000039936,43.724,24.076,171.31,6.416161e-05,8.2304,5.0
2023-08-30 00:00:00.000039936,46.296,18.52,171.31,6.5983986e-05,7.716,5.0
2023-08-30 03:00:00.000039936,50.4112,18.52,175.94,6.756802e-05,7.2016,5.0
2023-08-30 06:00:00.000039936,54.012,18.52,180.56999,6.914198e-05,8.2304,20.0
2023-08-30 09:00:00.000039936,59.156002,18.52,189.83,7.092813e-05,9.7736,25.0
