Time,Vmax,Rmax_IBT,R34,fcor,u_trans,v_trans
2003-08-28 18:00:00.000040448,20.576,46.3,83.340004,3.7992504e-05,9.7736,275.0
2003-08-28 21:00:00.000040448,22.1192,46.3,101.397,3.7992504e-05,9.2592,275.0
2003-08-29 00:00:00.000040448,23.148,46.3,118.064995,3.8238195e-05,9.2592,275.0
2003-08-29 03:00:00.000040448,24.6912,46.3,128.71399,3.8483773e-05,8.744801,275.0
2003-08-29 06:00:00.000040448,25.720001,46.3,138.9,3.872924e-05,7.2016,275.0
2003-08-29 09:00:00.000040448,25.720001,46.3,138.9,3.872924e-05,6.6872,275.0
2003-08-29 12:00:00.000040448,25.720001,46.3,138.9,3.897458e-05,6.1728,280.0
2003-08-29 15:00:00.000040448,28.292,46.3,138.9,3.9219805e-05,6.1728,285.0
2003-08-29 18:00:00.000040448,30.864,46.3,138.9,3.9709896e-05,6.6872,290.0
2003-08-29 21:00:00.000040448,32.4072,46.3,138.9,4.0199502e-05,6.6872,290.0
2003-08-30 00:00:00.000040448,33.436,46.3,138.9,4.093299e-05,7.2016,290.0
2003-08-30 03:00:00.000040448,34.979202,42.596,138.9,4.142137e-05,6.6872,290.0
2003-08-30 06:00:00.000040448,36.008,37.04,138.9,4.1909232e-05,6.1728,285.0
2003-08-30 09:00:00.000040448,40.1232,37.04,138.9,4.239659e-05,5.6584,285.0
2003-08-30 12:00:00.000040448,43.724,37.04,138.9,4.2640077e-05,5.6584,285.0
2003-08-30 15:00:00.000040448,47.8392,37.04,150.93799,4.288343e-05,6.1728,285.0
2003-08-30 18:00:00.000040448,51.440002,37.04,162.04999,4.3369746e-05,5.6584,285.0
2003-08-30 21:00:00.000040448,54.012,37.04,162.04999,4.385554e-05,5.6584,285.0
2003-08-31 00:00:00.000040448,56.584,37.04,162.04999,4.409823e-05,5.6584,285.0
2003-08-31 03:00:00.000040448,56.584,37.04,162.04999,4.4340795e-05,5.6584,280.0
2003-08-31 06:00:00.000040448,56.584,37.04,162.04999,4.458322e-05,5.6584,280.0
2003-08-31 09:00:00.000040448,56.584,37.04,162.04999,4.4825505e-05,5.6584,280.0
2003-08-31 12:00:00.000040448,56.584,37.04,162.04999,4.506766e-05,5.144,280.0
2003-08-31 15:00:00.000040448,58.1272,37.04,162.04999,4.5309676e-05,5.144,280.0
2003-08-31 18:00:00.000040448,59.156002,37.04,162.04999,4.5551555e-05,4.1152,280.0
2003-08-31 21:00:00.000040448,60.6992,37.04,181.496,4.5551555e-05,4.1152,275.0
2003-09-01 00:00:00.000040448,61.728,37.04,199.09,4.5793287e-05,4.6296,280.0
2003-09-01 03:00:00.000040448,61.728,33.336,197.238,4.6034886e-05,5.144,280.0
2003-09-01 06:00:00.000040448,61.728,27.78,194.45999,4.627635e-05,5.144,280.0
2003-09-01 09:00:00.000040448,61.728,27.78,186.58899,4.651767e-05,5.144,280.0
2003-09-01 12:00:00.000040448,61.728,27.78,178.25499,4.675884e-05,5.144,285.0
2003-09-01 15:00:00.000040448,63.271202,24.076,182.88498,4.6999867e-05,5.144,290.0
2003-09-01 18:00:00.000040448,64.3,18.52,187.51498,4.748151e-05,5.144,290.0
2003-09-01 21:00:00.000040448,64.3,24.076,187.51498,4.7722115e-05,5.144,290.0
2003-09-02 00:00:00.000040448,64.3,27.78,187.51498,4.8202877e-05,5.144,285.0
2003-09-02 03:00:00.000040448,63.271202,27.78,187.51498,4.844305e-05,4.6296,290.0
2003-09-02 06:00:00.000040448,61.728,27.78,187.51498,4.892293e-05,4.1152,300.0
2003-09-02 09:00:00.000040448,61.728,27.78,194.45999,4.9402213e-05,4.1152,305.0
2003-09-02 12:00:00.000040448,61.728,27.78,201.405,5.012002e-05,4.1152,305.0
2003-09-02 15:00:00.000040448,61.728,46.3,201.405,5.059779e-05,4.6296,300.0
2003-09-02 18:00:00.000040448,61.728,64.82,201.405,5.1074945e-05,4.1152,300.0
2003-09-02 21:00:00.000040448,60.6992,55.56,209.739,5.155148e-05,3.6008,305.0
2003-09-03 00:00:00.000040448,59.156002,46.3,217.61002,5.2027382e-05,3.0864,310.0
2003-09-03 03:00:00.000040448,58.1272,42.596,217.61002,5.250265e-05,3.0864,310.0
2003-09-03 06:00:00.000040448,56.584,37.04,217.61002,5.2977284e-05,3.6008,315.0
2003-09-03 09:00:00.000040448,56.584,37.04,217.61002,5.3688025e-05,4.1152,320.0
2003-09-03 12:00:00.000040448,56.584,37.04,217.61002,5.439729e-05,4.1152,320.0
2003-09-03 15:00:00.000040448,56.584,37.04,217.61002,5.510506e-05,4.1152,320.0
2003-09-03 18:00:00.000040448,56.584,37.04,217.61002,5.581132e-05,3.6008,335.0
2003-09-03 21:00:00.000040448,58.1272,37.04,217.61002,5.6516048e-05,3.6008,345.0
2003-09-04 00:00:00.000040448,59.156002,37.04,217.61002,5.7453286e-05,3.6008,345.0
2003-09-04 03:00:00.000040448,56.584,33.336,226.87001,5.8154368e-05,3.6008,335.0
2003-09-04 06:00:00.000040448,54.012,27.78,236.13,5.8853857e-05,4.6296,335.0
2003-09-04 09:00:00.000040448,54.012,27.78,253.724,6.0016075e-05,5.6584,335.0
2003-09-04 12:00:00.000040448,54.012,27.78,270.85498,6.1173734e-05,5.6584,335.0
2003-09-04 15:00:00.000040448,55.5552,27.78,276.874,6.2326726e-05,5.6584,335.0
2003-09-04 18:00:00.000040448,56.584,27.78,282.43,6.3474974e-05,6.1728,345.0
2003-09-04 21:00:00.000040448,58.1272,27.78,282.43,6.4846485e-05,6.6872,350.0
2003-09-05 00:00:00.000040448,59.156002,27.78,282.43,6.643758e-05,7.716,345.0
2003-09-05 03:00:00.000040448,56.584,33.336,282.43,6.801876e-05,8.2304,345.0
2003-09-05 06:00:00.000040448,54.012,37.04,282.43,6.981338e-05,7.716,345.0
2003-09-05 09:00:00.000040448,54.012,37.04,282.43,7.137252e-05,7.716,355.0
2003-09-05 12:00:00.000040448,54.012,37.04,282.43,7.314133e-05,8.2304,355.0
2003-09-05 15:00:00.000040448,54.012,37.04,282.43,7.4895885e-05,8.744801,0.0
2003-09-05 18:00:00.000040448,54.012,37.04,282.43,7.6852295e-05,8.744801,10.0
2003-09-05 21:00:00.000040448,52.9832,37.04,282.43,7.85754e-05,8.744801,20.0
2003-09-06 00:00:00.000040448,51.440002,37.04,282.43,8.028322e-05,8.744801,20.0
2003-09-06 03:00:00.000040448,51.440002,37.04,307.895,8.197536e-05,8.2304,20.0
2003-09-06 06:00:00.000040448,51.440002,37.04,333.36,8.34429e-05,8.2304,35.0
2003-09-06 09:00:00.000040448,51.440002,37.04,333.36,8.469088e-05,8.744801,50.0
2003-09-06 12:00:00.000040448,51.440002,37.04,333.36,8.5723776e-05,9.2592,55.0
2003-09-06 15:00:00.000040448,51.440002,37.04,317.618,8.675015e-05,9.2592,60.0
2003-09-06 18:00:00.000040448,51.440002,37.04,300.95,8.756649e-05,9.7736,60.0
2003-09-06 21:00:00.000040448,48.868,37.04,300.95,8.858091e-05,10.288,60.0
2003-09-07 00:00:00.000040448,46.296,37.04,300.95,8.958859e-05,11.3168,60.0
2003-09-07 03:00:00.000040448,45.2672,37.04,300.95,9.078879e-05,11.8312,60.0
2003-09-07 06:00:00.000040448,43.724,37.04,300.95,9.197902e-05,11.8312,55.0
2003-09-07 09:00:00.000040448,42.6952,46.3,336.601,9.335488e-05,11.8312,50.0
2003-09-07 12:00:00.000040448,41.152,55.56,370.4,9.491022e-05,12.860001,50.0
2003-09-07 15:00:00.000040448,40.1232,61.116,376.419,9.644705e-05,13.3744,50.0
2003-09-07 18:00:00.000040448,38.58,64.82,381.97498,9.815349e-05,14.4032,50.0
2003-09-07 21:00:00.000040448,37.5512,64.82,381.97498,0.00010002111,14.917601,45.0
2003-09-08 00:00:00.000040448,36.008,64.82,381.97498,0.00010185829,14.917601,45.0
2003-09-08 03:00:00.000040448,36.008,64.82,387.99402,0.00010366442,15.432,50.0
2003-09-08 06:00:00.000040448,36.008,64.82,393.55,0.00010543897,16.4608,50.0
2003-09-08 09:00:00.000040448,34.979202,74.08,417.163,0.00010735388,18.5184,50.0
