Time,Vmax,Rmax_IBT,R34,fcor,u_trans,v_trans
2019-09-18 06:00:00.000039936,18.004,55.56,50.93,3.5282377e-05,6.1728,290.0
2019-09-18 09:00:00.000039936,20.576,55.56,57.875,3.577612e-05,6.1728,290.0
2019-09-18 12:00:00.000039936,23.148,55.56,64.82,3.626943e-05,6.6872,290.0
2019-09-18 15:00:00.000039936,24.6912,46.3,67.134995,3.67623e-05,6.6872,290.0
2019-09-18 18:00:00.000039936,25.720001,37.04,69.45,3.7254722e-05,6.6872,285.0
2019-09-18 21:00:00.000039936,27.2632,37.04,69.45,3.7746686e-05,6.6872,290.0
2019-09-19 00:00:00.000039936,28.292,37.04,69.45,3.8238195e-05,7.2016,290.0
2019-09-19 03:00:00.000039936,29.835201,37.04,71.765,3.897458e-05,7.2016,295.0
2019-09-19 06:00:00.000039936,30.864,37.04,74.08,3.9709896e-05,7.2016,300.0
2019-09-19 09:00:00.000039936,33.436,27.78,76.395004,4.0444127e-05,7.2016,300.0
2019-09-19 12:00:00.000039936,36.008,18.52,78.71001,4.142137e-05,7.716,300.0
2019-09-19 15:00:00.000039936,38.58,18.52,78.71001,4.239659e-05,7.716,300.0
2019-09-19 18:00:00.000039936,41.152,18.52,78.71001,4.3126656e-05,7.716,295.0
2019-09-19 21:00:00.000039936,43.724,18.52,81.024994,4.385554e-05,7.2016,290.0
2019-09-20 00:00:00.000039936,46.296,18.52,83.34,4.4340795e-05,7.2016,290.0
2019-09-20 03:00:00.000039936,45.2672,18.52,83.34,4.4825505e-05,7.716,285.0
2019-09-20 06:00:00.000039936,43.724,18.52,83.34,4.5309676e-05,7.716,285.0
2019-09-20 09:00:00.000039936,41.152,18.52,83.34,4.5793287e-05,8.2304,285.0
2019-09-20 12:00:00.000039936,38.58,18.52,83.34,4.627635e-05,8.2304,290.0
2019-09-20 15:00:00.000039936,36.008,18.52,94.915,4.6999867e-05,8.2304,295.0
2019-09-20 18:00:00.000039936,33.436,18.52,106.49,4.796257e-05,7.716,305.0
2019-09-20 21:00:00.000039936,32.4072,18.52,106.49,4.892293e-05,7.2016,310.0
2019-09-21 00:00:00.000039936,30.864,18.52,106.490005,5.012002e-05,7.2016,310.0
2019-09-21 03:00:00.000039936,29.835201,18.52,101.86,5.131329e-05,7.2016,310.0
2019-09-21 06:00:00.000039936,28.292,18.52,97.229996,5.22651e-05,6.6872,310.0
2019-09-21 09:00:00.000039936,28.292,27.78,99.545,5.321436e-05,6.1728,305.0
2019-09-21 12:00:00.000039936,28.292,37.04,101.86,5.392461e-05,6.1728,305.0
2019-09-21 15:00:00.000039936,28.292,37.04,99.545,5.4869302e-05,6.1728,310.0
2019-09-21 18:00:00.000039936,28.292,37.04,97.229996,5.581132e-05,6.1728,320.0
2019-09-21 21:00:00.000039936,28.292,37.04,97.229996,5.698501e-05,6.1728,335.0
2019-09-22 00:00:00.000039936,28.292,37.04,97.229996,5.83877e-05,5.6584,335.0
2019-09-22 03:00:00.000039936,28.292,37.04,97.23,5.9551734e-05,5.144,340.0
2019-09-22 06:00:00.000039936,28.292,37.04,97.229996,6.0479695e-05,4.6296,345.0
2019-09-22 09:00:00.000039936,28.292,37.04,97.229996,6.14047e-05,4.6296,355.0
2019-09-22 12:00:00.000039936,28.292,37.04,97.229996,6.255676e-05,4.6296,355.0
2019-09-22 15:00:00.000039936,28.292,37.04,101.86,6.370404e-05,4.6296,350.0
2019-09-22 18:00:00.000039936,28.292,37.04,106.490005,6.461839e-05,4.6296,340.0
2019-09-22 21:00:00.000039936,28.292,46.3,125.01,6.552959e-05,4.1152,335.0
2019-09-23 00:00:00.000039936,28.292,55.56,143.53,6.621089e-05,3.6008,320.0
2019-09-23 03:00:00.000039936,28.292,55.56,157.42,6.666408e-05,3.0864,310.0
2019-09-23 06:00:00.000039936,28.292,55.56,171.31,6.711647e-05,2.572,310.0
2019-09-23 09:00:00.000039936,28.292,55.56,171.31,6.734234e-05,2.0576,320.0
2019-09-23 12:00:00.000039936,28.292,55.56,171.31,6.7793495e-05,2.572,325.0
2019-09-23 15:00:00.000039936,28.292,55.56,178.255,6.8243826e-05,3.0864,330.0
2019-09-23 18:00:00.000039936,28.292,55.56,185.2,6.8917754e-05,3.6008,335.0
2019-09-23 21:00:00.000039936,28.292,55.56,189.83,6.958979e-05,4.1152,340.0
2019-09-24 00:00:00.000039936,28.292,55.56,194.46,7.048288e-05,4.1152,340.0
2019-09-24 03:00:00.000039936,27.2632,55.56,196.775,7.137252e-05,4.1152,340.0
2019-09-24 06:00:00.000039936,25.720001,55.56,199.09,7.2258685e-05,4.6296,345.0
2019-09-24 09:00:00.000039936,24.6912,64.82,199.09,7.314133e-05,4.1152,350.0
2019-09-24 12:00:00.000039936,23.148,74.08,199.09,7.402041e-05,3.0864,350.0
2019-09-24 15:00:00.000039936,23.148,83.34,194.46,7.4458614e-05,2.0576,0.0
2019-09-24 18:00:00.000039936,23.148,92.6,189.83,7.4895885e-05,2.0576,10.0
2019-09-24 21:00:00.000039936,22.1192,83.34,173.625,7.533226e-05,2.0576,25.0
2019-09-25 00:00:00.000039936,20.576,74.08,157.42001,7.576771e-05,2.572,40.0
2019-09-25 03:00:00.000039936,20.576,74.08,134.27,7.620224e-05,2.572,55.0
2019-09-25 06:00:00.000039936,20.576,74.08,111.12001,7.641916e-05,3.6008,70.0
2019-09-25 09:00:00.000039936,19.5472,74.08,101.86,7.663584e-05,4.6296,75.0
