Time,Vmax,Rmax_IBT,R34,fcor,u_trans,v_trans
2015-09-19 00:00:00.000039936,18.004,46.3,87.97,3.454095e-05,4.1152,300.0
2015-09-19 03:00:00.000039936,18.004,46.3,92.6,3.5035337e-05,4.6296,295.0
2015-09-19 06:00:00.000039936,18.004,46.3,97.229996,3.5529305e-05,5.144,300.0
2015-09-19 09:00:00.000039936,18.004,46.3,97.229996,3.6022833e-05,5.6584,295.0
2015-09-19 12:00:00.000039936,18.004,46.3,97.229996,3.67623e-05,6.1728,295.0
2015-09-19 15:00:00.000039936,18.004,46.3,101.86,3.7254722e-05,6.6872,295.0
2015-09-19 18:00:00.000039936,18.004,46.3,106.49,3.7992504e-05,6.6872,290.0
2015-09-19 21:00:00.000039936,19.5472,51.856,113.435005,3.8483773e-05,7.2016,290.0
2015-09-20 00:00:00.000039936,20.576,55.56,120.380005,3.9219805e-05,6.6872,295.0
2015-09-20 03:00:00.000039936,20.576,74.08,125.009995,3.995476e-05,6.6872,295.0
2015-09-20 06:00:00.000039936,20.576,92.6,129.64,4.0688625e-05,7.2016,300.0
2015-09-20 09:00:00.000039936,20.576,92.6,134.27,4.142137e-05,7.2016,300.0
2015-09-20 12:00:00.000039936,20.576,92.6,138.9,4.239659e-05,7.716,305.0
2015-09-20 15:00:00.000039936,20.576,92.6,143.53,4.3369746e-05,7.716,310.0
2015-09-20 18:00:00.000039936,20.576,92.6,148.16,4.458322e-05,7.2016,315.0
2015-09-20 21:00:00.000039936,20.576,92.6,152.79001,4.5793287e-05,6.6872,320.0
2015-09-21 00:00:00.000039936,20.576,92.6,157.42,4.6999867e-05,6.1728,320.0
2015-09-21 03:00:00.000039936,22.1192,83.34,159.735,4.8202877e-05,6.1728,320.0
2015-09-21 06:00:00.000039936,23.148,74.08,162.05,4.916265e-05,6.1728,320.0
2015-09-21 09:00:00.000039936,23.148,74.08,164.365,5.012002e-05,5.6584,315.0
2015-09-21 12:00:00.000039936,23.148,74.08,166.68001,5.1074945e-05,4.6296,310.0
2015-09-21 15:00:00.000039936,23.148,111.12,168.99501,5.155148e-05,3.6008,305.0
2015-09-21 18:00:00.000039936,23.148,148.16,171.31,5.2027382e-05,3.0864,315.0
2015-09-21 21:00:00.000039936,22.1192,148.16,171.31,5.250265e-05,2.0576,335.0
2015-09-22 00:00:00.000039936,20.576,148.16,171.31,5.2977284e-05,1.5432,20.0
2015-09-22 03:00:00.000039936,20.576,148.16,166.68001,5.321436e-05,2.0576,75.0
2015-09-22 06:00:00.000039936,20.576,148.16,162.05,5.321436e-05,2.572,85.0
2015-09-22 09:00:00.000039936,20.576,148.16,157.42,5.321436e-05,3.0864,90.0
2015-09-22 12:00:00.000039936,20.576,148.16,152.79001,5.321436e-05,3.0864,105.0
2015-09-22 15:00:00.000039936,20.576,148.16,152.79001,5.2977284e-05,3.0864,125.0
2015-09-22 18:00:00.000039936,20.576,148.16,152.79001,5.250265e-05,2.0576,130.0
2015-09-22 21:00:00.000039936,19.5472,148.16,148.16,5.22651e-05,1.5432,135.0
2015-09-23 00:00:00.000039936,18.004,148.16,143.53,5.2027382e-05,1.5432,165.0
2015-09-23 03:00:00.000039936,18.004,148.16,141.21501,5.178951e-05,1.5432,0.0
2015-09-23 06:00:00.000039936,18.004,148.16,138.90001,5.131329e-05,1.5432,190.0
2015-09-23 09:00:00.000039936,18.004,148.16,136.585,5.1074945e-05,1.5432,0.0
2015-09-23 12:00:00.000039936,18.004,148.16,134.27,5.059779e-05,2.0576,160.0
2015-09-23 15:00:00.000039936,18.004,148.16,125.01,5.012002e-05,2.572,145.0
2015-09-23 18:00:00.000039936,18.004,148.16,115.75,4.9641636e-05,2.572,130.0
2015-09-23 21:00:00.000039936,18.004,148.16,85.655,4.9402213e-05,2.572,115.0
