Time,Vmax,Rmax_IBT,R34,fcor,u_trans,v_trans
2016-09-12 00:00:00.000039936,18.004,111.12,111.12,4.9880902e-05,4.6296,305.0
2016-09-12 03:00:00.000039936,18.004,111.12,111.12,5.035898e-05,4.6296,305.0
2016-09-12 06:00:00.000039936,18.004,111.12,111.12,5.1074945e-05,5.144,305.0
2016-09-12 09:00:00.000039936,18.004,111.12,111.12,5.178951e-05,5.6584,310.0
2016-09-12 12:00:00.000039936,18.004,111.12,111.12,5.2740055e-05,5.6584,325.0
2016-09-12 15:00:00.000039936,18.004,111.12,150.475,5.392461e-05,5.6584,340.0
2016-09-12 18:00:00.000039936,18.004,111.12,189.82999,5.510506e-05,5.144,335.0
2016-09-12 21:00:00.000039936,18.004,111.12,201.405,5.6046403e-05,5.144,325.0
2016-09-13 00:00:00.000039936,18.004,111.12,212.98,5.698501e-05,5.144,330.0
2016-09-13 03:00:00.000039936,19.5472,138.9,212.98,5.7920843e-05,5.144,335.0
2016-09-13 06:00:00.000039936,20.576,166.68,212.98,5.9086666e-05,5.144,335.0
2016-09-13 09:00:00.000039936,22.1192,166.68,212.98,6.0016075e-05,5.144,340.0
2016-09-13 12:00:00.000039936,23.148,166.68,212.98,6.1173734e-05,5.6584,345.0
2016-09-13 15:00:00.000039936,23.148,166.68,212.98,6.255676e-05,6.1728,345.0
2016-09-13 18:00:00.000039936,23.148,166.68,212.98,6.393293e-05,6.6872,350.0
2016-09-13 21:00:00.000039936,23.148,166.68,212.98,6.530208e-05,6.6872,350.0
2016-09-14 00:00:00.000039936,23.148,166.68,212.98,6.689037e-05,7.716,350.0
2016-09-14 03:00:00.000039936,23.148,175.94,208.34999,6.869332e-05,8.2304,350.0
2016-09-14 06:00:00.000039936,23.148,185.2,203.72,7.048288e-05,8.744801,345.0
2016-09-14 09:00:00.000039936,23.148,185.2,203.72,7.2258685e-05,8.744801,345.0
2016-09-14 12:00:00.000039936,23.148,185.2,203.72,7.402041e-05,8.744801,345.0
2016-09-14 15:00:00.000039936,23.148,185.2,203.72,7.576771e-05,8.2304,350.0
2016-09-14 18:00:00.000039936,23.148,185.2,203.72,7.750023e-05,7.716,0.0
2016-09-14 21:00:00.000039936,23.148,185.2,192.145,7.900381e-05,7.2016,10.0
2016-09-15 00:00:00.000039936,23.148,185.2,180.56999,8.049559e-05,7.2016,15.0
2016-09-15 03:00:00.000039936,23.148,185.2,180.56999,8.197536e-05,7.716,15.0
2016-09-15 06:00:00.000039936,23.148,185.2,180.56999,8.34429e-05,8.2304,30.0
2016-09-15 09:00:00.000039936,23.148,185.2,180.56999,8.489798e-05,9.7736,40.0
2016-09-15 12:00:00.000039936,23.148,185.2,180.56999,8.6340384e-05,11.8312,45.0
2016-09-15 15:00:00.000039936,23.148,185.2,159.735,8.8175955e-05,13.8888,40.0
2016-09-15 18:00:00.000039936,23.148,185.2,138.9,9.038981e-05,15.9464,35.0
2016-09-15 21:00:00.000039936,23.148,148.16,138.9,9.315918e-05,17.489601,30.0
2016-09-16 00:00:00.000039936,23.148,111.12,138.9,9.606459e-05,19.5472,40.0
2016-09-16 03:00:00.000039936,24.6912,111.12,145.845,9.871694e-05,21.0904,45.0
2016-09-16 06:00:00.000039936,25.720001,111.12,152.79,0.00010131037,21.0904,50.0
2016-09-16 09:00:00.000039936,27.2632,129.64,166.68,0.00010366442,21.0904,45.0
2016-09-16 12:00:00.000039936,28.292,148.16,180.57,0.00010631424,21.604801,45.0
2016-09-16 15:00:00.000039936,28.292,148.16,180.57,0.00010922921,23.148,40.0
2016-09-16 18:00:00.000039936,28.292,148.16,180.57,0.00011237319,25.2056,30.0
2016-09-16 21:00:00.000039936,28.292,148.16,180.57,0.00011601345,27.2632,30.0
