Time,Vmax,Rmax_IBT,R34,fcor,u_trans,v_trans
2006-09-28 06:00:00.000039936,18.004,138.9,81.024994,6.711647e-05,3.6008,325.0
2006-09-28 09:00:00.000039936,19.5472,138.9,81.024994,6.7793495e-05,3.6008,330.0
2006-09-28 12:00:00.000039936,20.576,138.9,81.024994,6.8468675e-05,3.6008,340.0
2006-09-28 15:00:00.000039936,20.576,101.86,97.693,6.914198e-05,3.0864,345.0
2006-09-28 18:00:00.000039936,20.576,64.82,113.435,6.981338e-05,2.572,335.0
2006-09-28 21:00:00.000039936,20.576,64.82,135.65901,7.025991e-05,2.0576,320.0
2006-09-29 00:00:00.000039936,20.576,64.82,157.42,7.048288e-05,2.0576,295.0
2006-09-29 03:00:00.000039936,20.576,64.82,157.42,7.07056e-05,2.0576,285.0
2006-09-29 06:00:00.000039936,20.576,64.82,157.42,7.07056e-05,2.0576,290.0
2006-09-29 09:00:00.000039936,22.1192,64.82,158.80899,7.092813e-05,2.0576,300.0
2006-09-29 12:00:00.000039936,23.148,64.82,159.73499,7.115043e-05,2.572,300.0
2006-09-29 15:00:00.000039936,24.6912,64.82,159.73499,7.137252e-05,3.6008,295.0
2006-09-29 18:00:00.000039936,25.720001,64.82,159.73499,7.181604e-05,3.6008,300.0
2006-09-29 21:00:00.000039936,28.292,64.82,159.73499,7.2037474e-05,3.0864,300.0
2006-09-30 00:00:00.000039936,30.864,64.82,159.73499,7.247968e-05,3.0864,300.0
2006-09-30 03:00:00.000039936,30.864,61.116,159.73499,7.270045e-05,3.0864,300.0
2006-09-30 06:00:00.000039936,30.864,55.56,159.73499,7.314133e-05,3.6008,300.0
2006-09-30 09:00:00.000039936,32.4072,55.56,161.124,7.3581316e-05,4.6296,305.0
2006-09-30 12:00:00.000039936,33.436,55.56,162.04999,7.423962e-05,4.6296,315.0
2006-09-30 15:00:00.000039936,34.979202,46.3,162.04999,7.4895885e-05,4.6296,320.0
2006-09-30 18:00:00.000039936,36.008,37.04,162.04999,7.576771e-05,4.6296,320.0
2006-09-30 21:00:00.000039936,37.5512,33.336,164.36499,7.641916e-05,4.6296,325.0
2006-10-01 00:00:00.000039936,38.58,27.78,166.68,7.728449e-05,4.6296,330.0
2006-10-01 03:00:00.000039936,38.58,27.78,166.68,7.814606e-05,4.6296,335.0
2006-10-01 06:00:00.000039936,38.58,27.78,166.68,7.900381e-05,4.6296,345.0
2006-10-01 09:00:00.000039936,37.5512,27.78,180.57,8.007058e-05,5.144,355.0
2006-10-01 12:00:00.000039936,36.008,27.78,194.45999,8.113127e-05,6.1728,355.0
2006-10-01 15:00:00.000039936,36.008,27.78,194.45999,8.239592e-05,7.2016,0.0
2006-10-01 18:00:00.000039936,36.008,27.78,194.45999,8.4068044e-05,8.744801,10.0
2006-10-01 21:00:00.000039936,34.979202,27.78,207.887,8.592957e-05,10.802401,15.0
2006-10-02 00:00:00.000039936,33.436,27.78,219.92502,8.8175955e-05,12.860001,20.0
2006-10-02 03:00:00.000039936,33.436,27.78,237.51901,9.058944e-05,14.917601,25.0
2006-10-02 06:00:00.000039936,33.436,27.78,254.65,9.335488e-05,15.432,25.0
2006-10-02 09:00:00.000039936,32.4072,27.78,260.669,9.587293e-05,15.432,25.0
2006-10-02 12:00:00.000039936,30.864,27.78,266.225,9.852942e-05,16.9752,30.0
2006-10-02 15:00:00.000039936,29.835201,27.78,260.669,0.00010131037,18.004,30.0
