Time,Vmax,Rmax_IBT,R34,fcor,u_trans,v_trans
2008-09-02 06:00:00.000039936,18.004,55.56,27.78,3.206281e-05,6.1728,285.0
2008-09-02 09:00:00.000039936,18.004,55.56,27.78,3.2559245e-05,5.144,285.0
2008-09-02 12:00:00.000039936,18.004,55.56,27.78,3.280731e-05,5.6584,285.0
2008-09-02 15:00:00.000039936,20.576,55.56,50.93,3.330315e-05,5.6584,285.0
2008-09-02 18:00:00.000039936,23.148,55.56,74.08,3.3550914e-05,5.6584,285.0
2008-09-02 21:00:00.000039936,24.6912,70.376,101.397,3.3798577e-05,5.144,280.0
2008-09-03 00:00:00.000039936,25.720001,83.34,127.325,3.404614e-05,4.6296,280.0
2008-09-03 03:00:00.000039936,27.2632,83.34,131.49199,3.4293596e-05,4.6296,275.0
2008-09-03 06:00:00.000039936,28.292,83.34,134.27,3.4293596e-05,4.6296,275.0
2008-09-03 09:00:00.000039936,28.292,70.376,147.23401,3.4293596e-05,5.144,275.0
2008-09-03 12:00:00.000039936,28.292,55.56,159.73499,3.454095e-05,5.144,275.0
2008-09-03 15:00:00.000039936,28.292,55.56,159.73499,3.454095e-05,5.144,275.0
2008-09-03 18:00:00.000039936,28.292,55.56,159.73499,3.47882e-05,4.6296,275.0
2008-09-03 21:00:00.000039936,27.2632,70.376,149.549,3.47882e-05,4.1152,275.0
2008-09-04 00:00:00.000039936,25.720001,83.34,138.9,3.5035337e-05,4.1152,280.0
2008-09-04 03:00:00.000039936,25.720001,61.116,138.9,3.5282377e-05,4.6296,285.0
2008-09-04 06:00:00.000039936,25.720001,37.04,138.9,3.5529305e-05,5.144,285.0
2008-09-04 09:00:00.000039936,24.6912,55.56,118.065,3.6022833e-05,5.144,285.0
2008-09-04 12:00:00.000039936,23.148,74.08,97.229996,3.626943e-05,4.6296,285.0
2008-09-04 15:00:00.000039936,22.1192,83.34,97.229996,3.651592e-05,4.1152,285.0
2008-09-04 18:00:00.000039936,20.576,92.6,97.229996,3.67623e-05,4.1152,290.0
2008-09-04 21:00:00.000039936,20.576,92.6,106.490005,3.7254722e-05,4.1152,300.0
2008-09-05 00:00:00.000039936,20.576,92.6,115.75,3.7746686e-05,4.1152,305.0
2008-09-05 03:00:00.000039936,20.576,92.6,115.75,3.8238195e-05,3.6008,305.0
2008-09-05 06:00:00.000039936,20.576,92.6,115.75,3.872924e-05,3.0864,300.0
2008-09-05 09:00:00.000039936,20.576,92.6,104.175,3.897458e-05,2.572,295.0
2008-09-05 12:00:00.000039936,20.576,92.6,92.600006,3.9219805e-05,2.0576,290.0
2008-09-05 15:00:00.000039936,19.5472,92.6,81.025,3.9464914e-05,2.0576,295.0
