Time,Vmax,Rmax_IBT,R34,fcor,u_trans,v_trans
2013-09-30 06:00:00.000039936,18.004,74.08,27.78,6.666408e-05,3.6008,85.0
2013-09-30 09:00:00.000039936,18.004,74.08,32.41,6.689037e-05,3.6008,80.0
2013-09-30 12:00:00.000039936,18.004,74.08,37.04,6.689037e-05,4.1152,85.0
2013-09-30 15:00:00.000039936,19.5472,74.08,43.985,6.689037e-05,4.6296,90.0
2013-09-30 18:00:00.000039936,20.576,74.08,50.93,6.689037e-05,5.144,85.0
2013-09-30 21:00:00.000039936,22.1192,64.82,67.135,6.711647e-05,5.144,80.0
2013-10-01 00:00:00.000039936,23.148,55.56,83.34,6.734234e-05,3.6008,75.0
2013-10-01 03:00:00.000039936,22.1192,55.56,83.34,6.756802e-05,1.5432,55.0
2013-10-01 06:00:00.000039936,20.576,55.56,83.34,6.7793495e-05,2.0576,20.0
2013-10-01 09:00:00.000039936,20.576,55.56,71.765,6.8243826e-05,2.0576,10.0
2013-10-01 12:00:00.000039936,20.576,55.56,60.190002,6.869332e-05,1.0288,15.0
2013-10-01 15:00:00.000039936,20.576,55.56,60.190002,6.869332e-05,0.0,0.0
2013-10-01 18:00:00.000039936,20.576,55.56,60.190002,6.869332e-05,0.5144,255.0
2013-10-01 21:00:00.000039936,19.5472,55.56,55.56,6.869332e-05,1.0288,270.0
2013-10-02 00:00:00.000039936,18.004,55.56,50.93,6.869332e-05,1.0288,260.0
2013-10-02 03:00:00.000039936,18.004,55.56,50.93,6.869332e-05,1.0288,270.0
2013-10-02 06:00:00.000039936,18.004,55.56,50.93,6.869332e-05,1.5432,25.0
2013-10-02 09:00:00.000039936,18.004,55.56,50.93,6.914198e-05,3.6008,40.0
2013-10-02 12:00:00.000039936,18.004,55.56,50.93,6.981338e-05,3.6008,45.0
2013-10-02 15:00:00.000039936,18.004,55.56,55.559998,7.025991e-05,3.0864,50.0
2013-10-02 18:00:00.000039936,18.004,55.56,60.19,7.07056e-05,3.0864,50.0
2013-10-02 21:00:00.000039936,18.004,74.08,57.875,7.115043e-05,3.0864,50.0
2013-10-03 00:00:00.000039936,18.004,92.6,55.56,7.159438e-05,3.6008,40.0
2013-10-03 03:00:00.000039936,18.004,92.6,55.56,7.2258685e-05,4.6296,40.0
2013-10-03 06:00:00.000039936,18.004,92.6,55.56,7.314133e-05,5.6584,45.0
2013-10-03 09:00:00.000039936,18.004,92.6,55.56,7.380098e-05,6.1728,55.0
2013-10-03 12:00:00.000039936,18.004,92.6,55.56,7.467736e-05,6.6872,55.0
2013-10-03 15:00:00.000039936,18.004,92.6,55.56,7.533226e-05,6.6872,60.0
