Time,Vmax,Rmax_IBT,R34,fcor,u_trans,v_trans
2012-08-28 21:00:00.000039936,18.004,148.16,46.300003,5.9086666e-05,5.144,275.0
2012-08-29 00:00:00.000039936,20.576,111.12,46.300003,5.9319285e-05,5.144,280.0
2012-08-29 03:00:00.000039936,20.576,111.12,53.245003,5.9551734e-05,5.144,290.0
2012-08-29 06:00:00.000039936,20.576,111.12,60.190002,6.0016075e-05,4.6296,290.0
2012-08-29 09:00:00.000039936,22.1192,111.12,60.190002,6.0247978e-05,4.1152,290.0
2012-08-29 12:00:00.000039936,23.148,111.12,60.190002,6.0711227e-05,4.1152,300.0
2012-08-29 15:00:00.000039936,23.148,111.12,60.190002,6.1173734e-05,4.6296,305.0
2012-08-29 18:00:00.000039936,23.148,111.12,60.190002,6.186609e-05,4.6296,305.0
2012-08-29 21:00:00.000039936,24.6912,83.34,60.190002,6.2326726e-05,4.6296,305.0
2012-08-30 00:00:00.000039936,25.720001,55.56,60.190002,6.3016254e-05,4.1152,305.0
2012-08-30 03:00:00.000039936,27.2632,46.3,67.135,6.3474974e-05,4.1152,310.0
2012-08-30 06:00:00.000039936,28.292,37.04,74.08,6.416161e-05,4.6296,315.0
2012-08-30 09:00:00.000039936,30.864,33.336,78.71001,6.4846485e-05,4.6296,320.0
2012-08-30 12:00:00.000039936,33.436,27.78,83.340004,6.575688e-05,5.144,315.0
2012-08-30 15:00:00.000039936,36.008,24.076,83.340004,6.666408e-05,5.6584,320.0
2012-08-30 18:00:00.000039936,38.58,18.52,83.340004,6.756802e-05,5.144,325.0
2012-08-30 21:00:00.000039936,40.1232,18.52,83.340004,6.8468675e-05,5.144,340.0
2012-08-31 00:00:00.000039936,41.152,18.52,83.340004,6.958979e-05,5.144,345.0
2012-08-31 03:00:00.000039936,43.724,18.52,83.340004,7.07056e-05,5.6584,350.0
2012-08-31 06:00:00.000039936,46.296,18.52,83.340004,7.2037474e-05,5.6584,350.0
2012-08-31 09:00:00.000039936,46.296,18.52,87.97,7.314133e-05,5.144,350.0
2012-08-31 12:00:00.000039936,46.296,18.52,92.6,7.423962e-05,5.144,0.0
2012-08-31 15:00:00.000039936,43.724,18.52,92.6,7.533226e-05,5.6584,15.0
2012-08-31 18:00:00.000039936,41.152,18.52,92.6,7.663584e-05,6.6872,15.0
2012-08-31 21:00:00.000039936,38.58,18.52,92.6,7.814606e-05,7.716,20.0
2012-09-01 00:00:00.000039936,36.008,18.52,92.6,7.9644604e-05,8.2304,25.0
2012-09-01 03:00:00.000039936,34.979202,18.52,92.6,8.113127e-05,9.2592,30.0
2012-09-01 06:00:00.000039936,33.436,18.52,92.6,8.2815466e-05,10.288,35.0
2012-09-01 09:00:00.000039936,32.4072,27.78,94.915,8.469088e-05,11.8312,35.0
2012-09-01 12:00:00.000039936,30.864,37.04,97.23001,8.675015e-05,12.3456,35.0
2012-09-01 15:00:00.000039936,29.835201,37.04,90.285,8.858091e-05,12.3456,40.0
2012-09-01 18:00:00.000039936,28.292,37.04,83.34,9.058944e-05,12.860001,40.0
2012-09-01 21:00:00.000039936,28.292,37.04,90.285,9.2373535e-05,13.8888,45.0
2012-09-02 00:00:00.000039936,28.292,37.04,97.23,9.4329116e-05,13.8888,45.0
2012-09-02 03:00:00.000039936,27.2632,46.3,104.175,9.625596e-05,14.4032,40.0
2012-09-02 06:00:00.000039936,25.720001,55.56,111.12,9.834162e-05,14.917601,35.0
2012-09-02 09:00:00.000039936,25.720001,55.56,97.229996,0.00010057548,16.4608,35.0
2012-09-02 12:00:00.000039936,25.720001,55.56,83.340004,0.000103125865,18.004,35.0
2012-09-02 15:00:00.000039936,24.6912,55.56,83.340004,0.000105790044,20.0616,40.0
