Time,Vmax,Rmax_IBT,R34,fcor,u_trans,v_trans
2021-08-29 06:00:00.000039936,18.004,74.08,27.78,8.049559e-05,6.6872,45.0
2021-08-29 09:00:00.000039936,20.576,64.82,46.300003,8.155382e-05,8.2304,50.0
2021-08-29 12:00:00.000039936,23.148,55.56,64.82,8.2605824e-05,9.7736,50.0
2021-08-29 15:00:00.000039936,24.6912,51.856,74.08,8.4068044e-05,11.3168,50.0
2021-08-29 18:00:00.000039936,25.720001,46.3,83.34,8.551773e-05,12.860001,60.0
2021-08-29 21:00:00.000039936,25.720001,42.596,90.284996,8.675015e-05,14.4032,65.0
2021-08-30 00:00:00.000039936,25.720001,37.04,97.229996,8.7973065e-05,14.4032,60.0
2021-08-30 03:00:00.000039936,25.720001,37.04,108.805,8.9789304e-05,13.8888,50.0
2021-08-30 06:00:00.000039936,25.720001,37.04,120.38,9.1583395e-05,12.860001,45.0
2021-08-30 09:00:00.000039936,25.720001,42.596,120.38,9.315918e-05,11.8312,45.0
2021-08-30 12:00:00.000039936,25.720001,46.3,120.380005,9.491022e-05,11.8312,40.0
2021-08-30 15:00:00.000039936,24.6912,51.856,120.380005,9.6637836e-05,12.3456,35.0
2021-08-30 18:00:00.000039936,23.148,55.56,120.380005,9.852942e-05,11.8312,25.0
2021-08-30 21:00:00.000039936,23.148,64.82,113.435005,0.00010057548,12.3456,15.0
2021-08-31 00:00:00.000039936,23.148,74.08,106.49,0.00010276526,13.3744,15.0
2021-08-31 03:00:00.000039936,23.148,92.6,115.75,0.00010508662,13.8888,10.0
2021-08-31 06:00:00.000039936,23.148,111.12,125.009995,0.00010752601,14.917601,360.0
2021-08-31 09:00:00.000039936,23.148,120.38,138.9,0.000110068366,15.9464,350.0
