Time,Vmax,Rmax_IBT,R34,fcor,u_trans,v_trans
2020-08-13 09:00:00.000039936,18.004,138.9,83.34,3.280731e-05,7.716,300.0
2020-08-13 12:00:00.000039936,20.576,166.68,83.34,3.3798577e-05,7.716,295.0
2020-08-13 15:00:00.000039936,20.576,157.42,78.71,3.454095e-05,7.716,295.0
2020-08-13 18:00:00.000039936,20.576,148.16,74.08,3.5282377e-05,7.2016,290.0
2020-08-13 21:00:00.000039936,19.5472,138.9,69.45,3.577612e-05,7.2016,290.0
2020-08-14 00:00:00.000039936,18.004,129.64,64.82,3.651592e-05,7.2016,290.0
2020-08-14 03:00:00.000039936,18.004,129.64,64.82,3.7254722e-05,8.2304,290.0
2020-08-14 06:00:00.000039936,18.004,129.64,64.82,3.7992504e-05,8.744801,300.0
2020-08-14 09:00:00.000039936,18.004,129.64,64.82,3.9219805e-05,8.744801,310.0
2020-08-14 12:00:00.000039936,18.004,129.64,64.82,4.0688625e-05,9.2592,315.0
2020-08-14 15:00:00.000039936,19.5472,120.38,64.82,4.2152973e-05,9.2592,310.0
2020-08-14 18:00:00.000039936,20.576,111.12,64.82,4.3612705e-05,8.2304,305.0
2020-08-14 21:00:00.000039936,20.576,101.86,60.190002,4.458322e-05,7.2016,295.0
2020-08-15 00:00:00.000039936,20.576,92.6,55.56,4.506766e-05,7.2016,290.0
2020-08-15 03:00:00.000039936,20.576,92.6,50.93,4.5551555e-05,7.2016,285.0
2020-08-15 06:00:00.000039936,20.576,92.6,46.300003,4.6034886e-05,7.2016,285.0
2020-08-15 09:00:00.000039936,19.5472,83.34,43.985,4.651767e-05,7.2016,285.0
2020-08-15 12:00:00.000039936,18.004,74.08,41.67,4.6999867e-05,7.2016,300.0
2020-08-15 15:00:00.000039936,18.004,92.6,43.985,4.796257e-05,7.2016,305.0
2020-08-15 18:00:00.000039936,18.004,111.12,46.3,4.892293e-05,6.1728,295.0
2020-08-15 21:00:00.000039936,18.004,129.64,46.3,4.916265e-05,5.6584,280.0
