Time,Vmax,Rmax_IBT,R34,fcor,u_trans,v_trans
2008-09-25 12:00:00.000039936,20.576,74.08,92.6,5.5576067e-05,3.6008,40.0
2008-09-25 15:00:00.000039936,20.576,74.08,92.6,5.6281307e-05,4.1152,20.0
2008-09-25 18:00:00.000039936,20.576,74.08,92.6,5.721923e-05,4.6296,20.0
2008-09-25 21:00:00.000039936,22.1192,74.08,97.69301,5.8154368e-05,5.144,20.0
2008-09-26 00:00:00.000039936,23.148,74.08,101.86,5.9319285e-05,5.144,5.0
2008-09-26 03:00:00.000039936,24.6912,64.82,123.158005,6.0479695e-05,5.144,350.0
2008-09-26 06:00:00.000039936,25.720001,55.56,143.53,6.1635496e-05,5.6584,340.0
2008-09-26 09:00:00.000039936,25.720001,55.56,152.79,6.278661e-05,5.6584,340.0
2008-09-26 12:00:00.000039936,25.720001,55.56,162.04999,6.393293e-05,4.6296,350.0
2008-09-26 15:00:00.000039936,25.720001,111.12,155.10501,6.4846485e-05,4.6296,0.0
2008-09-26 18:00:00.000039936,25.720001,166.68,148.16,6.5983986e-05,7.2016,5.0
2008-09-26 21:00:00.000039936,27.2632,166.68,148.16,6.801876e-05,9.2592,0.0
2008-09-27 00:00:00.000039936,28.292,166.68,148.16,7.003676e-05,8.2304,350.0
2008-09-27 03:00:00.000039936,29.835201,166.68,173.625,7.137252e-05,7.2016,335.0
2008-09-27 06:00:00.000039936,30.864,166.68,199.09,7.270045e-05,6.1728,340.0
2008-09-27 09:00:00.000039936,32.4072,166.68,199.09,7.402041e-05,6.6872,350.0
2008-09-27 12:00:00.000039936,33.436,166.68,199.09,7.5550095e-05,8.744801,355.0
2008-09-27 15:00:00.000039936,34.979202,166.68,199.09,7.771575e-05,10.802401,355.0
2008-09-27 18:00:00.000039936,36.008,166.68,199.09,8.007058e-05,10.802401,355.0
2008-09-27 21:00:00.000039936,36.008,138.9,199.09,8.2185776e-05,10.288,0.0
2008-09-28 00:00:00.000039936,36.008,111.12,199.09,8.427592e-05,10.802401,5.0
2008-09-28 03:00:00.000039936,36.008,111.12,199.09,8.6340384e-05,10.802401,10.0
2008-09-28 06:00:00.000039936,36.008,111.12,199.09,8.858091e-05,10.802401,15.0
2008-09-28 09:00:00.000039936,37.5512,111.12,224.555,9.058944e-05,11.3168,25.0
2008-09-28 12:00:00.000039936,38.58,111.12,250.01999,9.257037e-05,12.3456,30.0
2008-09-28 15:00:00.000039936,37.5512,111.12,263.90997,9.47168e-05,12.860001,25.0
2008-09-28 18:00:00.000039936,36.008,111.12,277.8,9.682832e-05,12.3456,20.0
2008-09-28 21:00:00.000039936,34.979202,101.86,279.189,9.890416e-05,11.3168,10.0
