Time,Vmax,Rmax_IBT,R34,fcor,u_trans,v_trans
2017-08-30 06:00:00.000039936,18.004,111.12,13.89,4.0688625e-05,7.2016,275.0
2017-08-30 09:00:00.000039936,20.576,74.08,20.835001,4.093299e-05,6.6872,275.0
2017-08-30 12:00:00.000039936,23.148,37.04,27.78,4.093299e-05,6.1728,270.0
2017-08-30 15:00:00.000039936,24.6912,33.336,34.725002,4.093299e-05,5.6584,270.0
2017-08-30 18:00:00.000039936,25.720001,27.78,41.670002,4.093299e-05,4.6296,270.0
2017-08-30 21:00:00.000039936,27.2632,27.78,55.559998,4.093299e-05,4.6296,270.0
2017-08-31 00:00:00.000039936,28.292,27.78,69.45,4.093299e-05,4.1152,275.0
2017-08-31 03:00:00.000039936,30.864,27.78,74.08,4.093299e-05,4.1152,275.0
2017-08-31 06:00:00.000039936,33.436,27.78,78.71,4.1177245e-05,4.1152,285.0
2017-08-31 09:00:00.000039936,37.5512,24.076,87.97,4.142137e-05,4.6296,290.0
2017-08-31 12:00:00.000039936,41.152,18.52,97.229996,4.1909232e-05,4.6296,295.0
2017-08-31 15:00:00.000039936,45.2672,14.816,99.545,4.239659e-05,4.6296,300.0
2017-08-31 18:00:00.000039936,48.868,9.26,101.86,4.288343e-05,4.6296,295.0
2017-08-31 21:00:00.000039936,50.4112,9.26,104.175,4.3369746e-05,4.6296,295.0
2017-09-01 00:00:00.000039936,51.440002,9.26,106.490005,4.385554e-05,5.144,295.0
2017-09-01 03:00:00.000039936,51.440002,9.26,108.80499,4.4340795e-05,5.144,295.0
2017-09-01 06:00:00.000039936,51.440002,9.26,111.119995,4.4825505e-05,6.1728,295.0
2017-09-01 09:00:00.000039936,51.440002,14.816,111.119995,4.5309676e-05,6.1728,295.0
2017-09-01 12:00:00.000039936,51.440002,18.52,111.119995,4.6034886e-05,6.1728,290.0
2017-09-01 15:00:00.000039936,51.440002,24.076,113.435,4.651767e-05,6.1728,290.0
2017-09-01 18:00:00.000039936,51.440002,27.78,115.75,4.6999867e-05,6.1728,290.0
2017-09-01 21:00:00.000039936,51.440002,27.78,115.75,4.748151e-05,6.1728,285.0
2017-09-02 00:00:00.000039936,51.440002,27.78,115.75,4.7722115e-05,6.1728,275.0
2017-09-02 03:00:00.000039936,51.440002,27.78,115.75,4.7722115e-05,6.6872,270.0
2017-09-02 06:00:00.000039936,51.440002,27.78,115.75,4.7722115e-05,7.2016,265.0
2017-09-02 09:00:00.000039936,50.4112,27.78,115.75,4.748151e-05,7.2016,260.0
2017-09-02 12:00:00.000039936,48.868,27.78,115.75,4.7240763e-05,7.716,260.0
2017-09-02 15:00:00.000039936,48.868,27.78,118.065,4.6999867e-05,7.2016,260.0
2017-09-02 18:00:00.000039936,48.868,27.78,120.380005,4.675884e-05,7.2016,260.0
2017-09-02 21:00:00.000039936,48.868,27.78,125.01,4.651767e-05,6.6872,260.0
2017-09-03 00:00:00.000039936,48.868,27.78,129.64001,4.627635e-05,6.6872,260.0
2017-09-03 03:00:00.000039936,48.868,27.78,134.27,4.6034886e-05,6.1728,255.0
2017-09-03 06:00:00.000039936,48.868,27.78,138.9,4.5551555e-05,6.1728,255.0
2017-09-03 09:00:00.000039936,50.4112,27.78,145.845,4.506766e-05,6.1728,255.0
2017-09-03 12:00:00.000039936,51.440002,27.78,152.79001,4.4825505e-05,6.1728,255.0
2017-09-03 15:00:00.000039936,51.440002,27.78,157.42001,4.4340795e-05,6.6872,255.0
2017-09-03 18:00:00.000039936,51.440002,27.78,162.05,4.409823e-05,6.1728,255.0
2017-09-03 21:00:00.000039936,51.440002,27.78,162.05,4.3612705e-05,6.1728,255.0
2017-09-04 00:00:00.000039936,51.440002,27.78,162.05,4.3369746e-05,5.6584,255.0
2017-09-04 03:00:00.000039936,52.9832,27.78,162.05,4.288343e-05,5.6584,255.0
2017-09-04 06:00:00.000039936,54.012,27.78,162.05,4.2640077e-05,5.6584,255.0
2017-09-04 09:00:00.000039936,55.5552,27.78,166.68001,4.239659e-05,5.6584,260.0
2017-09-04 12:00:00.000039936,56.584,27.78,171.31,4.2152973e-05,6.1728,265.0
2017-09-04 15:00:00.000039936,58.1272,27.78,178.255,4.1909232e-05,6.6872,265.0
2017-09-04 18:00:00.000039936,59.156002,27.78,185.20001,4.1909232e-05,6.1728,265.0
2017-09-04 21:00:00.000039936,61.728,27.78,187.51498,4.1665367e-05,6.1728,265.0
2017-09-05 00:00:00.000039936,64.3,27.78,189.82999,4.1665367e-05,6.1728,265.0
2017-09-05 03:00:00.000039936,66.872,27.78,194.45999,4.1665367e-05,6.1728,270.0
2017-09-05 06:00:00.000039936,69.444,27.78,199.09,4.1665367e-05,6.6872,270.0
2017-09-05 09:00:00.000039936,73.559204,27.78,206.035,4.1665367e-05,6.6872,275.0
2017-09-05 12:00:00.000039936,77.16,27.78,212.98001,4.1909232e-05,7.2016,275.0
2017-09-05 15:00:00.000039936,78.7032,27.78,219.925,4.2152973e-05,7.2016,280.0
2017-09-05 18:00:00.000039936,79.732,27.78,226.87,4.239659e-05,7.2016,285.0
2017-09-05 21:00:00.000039936,79.732,27.78,229.185,4.288343e-05,7.2016,285.0
2017-09-06 00:00:00.000039936,79.732,27.78,231.49998,4.3369746e-05,6.1728,295.0
2017-09-06 03:00:00.000039936,79.732,27.78,231.49998,4.409823e-05,6.6872,290.0
2017-09-06 05:45:00.000053248,79.732,27.78,231.49998,4.4340795e-05,8.2304,280.0
2017-09-06 06:00:00.000039936,79.732,27.78,231.49998,4.4340795e-05,8.2304,285.0
2017-09-06 09:00:00.000039936,79.732,27.78,231.49998,4.4825505e-05,7.2016,290.0
2017-09-06 11:15:00.000039936,79.732,27.78,231.49998,4.5309676e-05,6.6872,285.0
2017-09-06 12:00:00.000039936,79.732,27.78,236.12999,4.5309676e-05,7.716,285.0
2017-09-06 15:00:00.000039936,79.732,27.78,236.12999,4.5793287e-05,7.716,290.0
2017-09-06 16:30:00.000039936,79.732,27.78,236.12999,4.627635e-05,6.6872,295.0
2017-09-06 18:00:00.000039936,77.16,27.78,240.76,4.651767e-05,7.2016,290.0
2017-09-06 21:00:00.000039936,77.16,27.78,240.76,4.7240763e-05,7.716,295.0
2017-09-07 00:00:00.000039936,77.16,27.78,240.76,4.796257e-05,7.716,290.0
2017-09-07 03:00:00.000039936,76.1312,27.78,240.76,4.868306e-05,7.2016,290.0
2017-09-07 06:00:00.000039936,74.588,27.78,240.76,4.916265e-05,7.2016,290.0
2017-09-07 09:00:00.000039936,74.588,27.78,240.76,4.9641636e-05,7.2016,290.0
2017-09-07 12:00:00.000039936,74.588,27.78,240.76,5.035898e-05,7.2016,290.0
2017-09-07 15:00:00.000039936,74.588,27.78,240.76,5.1074945e-05,7.2016,290.0
2017-09-07 18:00:00.000039936,74.588,27.78,240.76,5.155148e-05,7.2016,290.0
2017-09-07 21:00:00.000039936,73.559204,27.78,240.76,5.2027382e-05,7.2016,285.0
2017-09-08 00:00:00.000039936,72.016,27.78,240.76,5.250265e-05,7.2016,290.0
2017-09-08 03:00:00.000039936,70.4728,27.78,240.76,5.321436e-05,7.2016,290.0
2017-09-08 05:00:00.000053248,69.444,27.78,240.76,5.345127e-05,6.1728,280.0
2017-09-08 06:00:00.000039936,69.444,55.56,240.76,5.345127e-05,6.6872,280.0
2017-09-08 09:00:00.000039936,69.444,55.56,243.075,5.3688025e-05,7.2016,280.0
2017-09-08 12:00:00.000039936,69.444,55.56,245.39,5.4161024e-05,7.2016,285.0
2017-09-08 15:00:00.000039936,70.9872,55.56,245.39,5.439729e-05,6.1728,280.0
2017-09-08 18:00:00.000039936,72.016,55.56,245.39,5.4633376e-05,5.6584,275.0
2017-09-08 21:00:00.000039936,73.559204,46.3,252.335,5.4633376e-05,5.6584,275.0
2017-09-09 00:00:00.000039936,74.588,37.04,259.28003,5.4869302e-05,6.1728,285.0
2017-09-09 03:00:00.000039936,74.588,37.04,263.90997,5.5340646e-05,5.6584,285.0
2017-09-09 06:00:00.000039936,66.872,27.78,282.43,5.5576067e-05,4.6296,285.0
2017-09-09 09:00:00.000039936,61.728,27.78,282.43,5.581132e-05,5.144,290.0
2017-09-09 12:00:00.000039936,56.584,27.78,282.43,5.6281307e-05,5.144,290.0
2017-09-09 15:00:00.000039936,52.9832,27.78,289.375,5.6750614e-05,4.6296,295.0
2017-09-09 18:00:00.000039936,48.868,27.78,296.32,5.721923e-05,4.1152,295.0
2017-09-09 21:00:00.000039936,50.4112,27.78,305.58,5.768715e-05,3.6008,295.0
2017-09-10 00:00:00.000039936,51.440002,27.78,314.84,5.7920843e-05,3.0864,295.0
2017-09-10 03:00:00.000039936,55.5552,24.076,328.73,5.8154368e-05,2.572,310.0
2017-09-10 06:00:00.000039936,59.156002,18.52,342.62,5.862087e-05,3.0864,330.0
2017-09-10 09:00:00.000039936,59.156002,18.52,356.51,5.9319285e-05,4.1152,345.0
2017-09-10 12:00:00.000039936,59.156002,18.52,370.40002,6.0479695e-05,5.144,355.0
2017-09-10 13:00:00.000066560,59.156002,18.52,370.40002,6.0942573e-05,5.6584,355.0
2017-09-10 15:00:00.000039936,56.0696,22.223999,379.66,6.186609e-05,5.6584,350.0
2017-09-10 18:00:00.000039936,51.440002,27.78,393.55,6.3016254e-05,5.6584,350.0
