Time,Vmax,Rmax_IBT,R34,fcor,u_trans,v_trans
2011-08-27 12:00:00.000039936,18.004,27.78,13.89,6.8243826e-05,4.6296,290.0
2011-08-27 15:00:00.000039936,18.004,27.78,22.224,6.869332e-05,4.6296,295.0
2011-08-27 18:00:00.000039936,18.004,27.78,30.095,6.914198e-05,4.6296,315.0
2011-08-27 21:00:00.000039936,18.004,27.78,31.484001,7.003676e-05,5.144,325.0
2011-08-28 00:00:00.000039936,18.004,27.78,32.41,7.092813e-05,4.6296,325.0
2011-08-28 03:00:00.000039936,19.5472,27.78,37.04,7.159438e-05,4.6296,325.0
2011-08-28 06:00:00.000039936,20.576,27.78,41.67,7.247968e-05,4.6296,340.0
2011-08-28 09:00:00.000039936,20.576,27.78,41.67,7.3581316e-05,5.6584,350.0
2011-08-28 12:00:00.000039936,20.576,27.78,41.67,7.4895885e-05,6.6872,355.0
2011-08-28 15:00:00.000039936,20.576,27.78,41.67,7.641916e-05,7.716,355.0
2011-08-28 18:00:00.000039936,20.576,27.78,41.67,7.814606e-05,8.744801,0.0
2011-08-28 21:00:00.000039936,20.576,37.04,41.67,8.007058e-05,9.2592,5.0
2011-08-29 00:00:00.000039936,20.576,46.3,41.67,8.197536e-05,9.7736,10.0
2011-08-29 03:00:00.000039936,19.5472,42.596,37.04,8.4068044e-05,10.288,10.0
