Time,Vmax,Rmax_IBT,R34,fcor,u_trans,v_trans
2023-08-31 00:00:00.000039936,18.004,37.04,27.78,6.914198e-05,1.0288,0.0
2023-08-31 03:00:00.000039936,19.5472,33.336,27.78,6.936598e-05,1.5432,0.0
2023-08-31 06:00:00.000039936,20.576,27.78,27.78,6.981338e-05,2.572,0.0
2023-08-31 09:00:00.000039936,22.1192,24.076,25.465,7.048288e-05,3.6008,0.0
2023-08-31 12:00:00.000039936,23.148,18.52,23.150002,7.137252e-05,4.6296,355.0
2023-08-31 15:00:00.000039936,24.6912,14.816,34.725002,7.247968e-05,5.6584,350.0
2023-08-31 18:00:00.000039936,25.720001,9.26,46.300003,7.380098e-05,6.1728,350.0
2023-08-31 21:00:00.000039936,27.2632,9.26,46.300003,7.511419e-05,6.1728,350.0
2023-09-01 00:00:00.000039936,28.292,9.26,46.300003,7.641916e-05,6.1728,355.0
2023-09-01 03:00:00.000039936,28.292,14.816,46.300003,7.771575e-05,6.6872,5.0
2023-09-01 06:00:00.000039936,28.292,18.52,46.300003,7.921766e-05,8.744801,15.0
2023-09-01 09:00:00.000039936,27.2632,27.78,41.670002,8.113127e-05,11.3168,25.0
2023-09-01 12:00:00.000039936,25.720001,37.04,37.04,8.34429e-05,13.3744,25.0
2023-09-01 15:00:00.000039936,25.720001,37.04,46.3,8.592957e-05,14.4032,25.0
