Time,Vmax,Rmax_IBT,R34,fcor,u_trans,v_trans
2017-09-05 12:00:00.000039936,18.004,55.56,18.52,3.0322259e-05,5.6584,285.0
2017-09-05 15:00:00.000039936,19.5472,55.56,30.095001,3.0571195e-05,6.1728,280.0
2017-09-05 18:00:00.000039936,20.576,55.56,41.67,3.0820032e-05,6.1728,275.0
2017-09-05 21:00:00.000039936,22.1192,51.856,48.614998,3.0820032e-05,6.6872,270.0
2017-09-06 00:00:00.000039936,23.148,46.3,55.559998,3.0820032e-05,6.6872,275.0
2017-09-06 03:00:00.000039936,24.6912,46.3,57.875,3.1068776e-05,6.6872,285.0
2017-09-06 06:00:00.000039936,25.720001,46.3,60.19,3.156599e-05,7.2016,290.0
2017-09-06 09:00:00.000039936,27.2632,46.3,71.765,3.231108e-05,7.2016,295.0
2017-09-06 12:00:00.000039936,28.292,46.3,83.34,3.305528e-05,7.2016,295.0
2017-09-06 15:00:00.000039936,30.864,37.04,87.97,3.3798577e-05,7.2016,295.0
2017-09-06 18:00:00.000039936,33.436,27.78,92.600006,3.454095e-05,7.2016,290.0
2017-09-06 21:00:00.000039936,34.979202,27.78,99.545,3.5035337e-05,7.716,285.0
2017-09-07 00:00:00.000039936,36.008,27.78,106.490005,3.5529305e-05,8.2304,280.0
2017-09-07 03:00:00.000039936,38.58,27.78,113.435,3.6022833e-05,8.2304,280.0
2017-09-07 06:00:00.000039936,41.152,27.78,120.38,3.626943e-05,8.2304,280.0
2017-09-07 09:00:00.000039936,43.724,27.78,125.009995,3.651592e-05,8.2304,280.0
2017-09-07 12:00:00.000039936,46.296,27.78,129.64,3.700857e-05,8.2304,285.0
2017-09-07 15:00:00.000039936,48.868,27.78,134.27,3.7500762e-05,8.2304,285.0
2017-09-07 18:00:00.000039936,51.440002,27.78,138.9,3.7992504e-05,8.2304,285.0
2017-09-07 21:00:00.000039936,52.9832,27.78,141.215,3.8483773e-05,8.744801,285.0
2017-09-08 00:00:00.000039936,54.012,27.78,143.53,3.897458e-05,8.744801,285.0
2017-09-08 03:00:00.000039936,56.584,27.78,152.79,3.9464914e-05,8.744801,285.0
2017-09-08 06:00:00.000039936,59.156002,27.78,162.05,3.995476e-05,8.2304,280.0
2017-09-08 09:00:00.000039936,63.271202,27.78,166.68,4.0199502e-05,7.716,280.0
2017-09-08 12:00:00.000039936,66.872,27.78,171.31,4.0444127e-05,7.2016,280.0
2017-09-08 15:00:00.000039936,68.4152,27.78,171.31,4.0688625e-05,7.2016,285.0
2017-09-08 18:00:00.000039936,69.444,27.78,171.31,4.1177245e-05,6.1728,285.0
2017-09-08 21:00:00.000039936,69.444,27.78,178.255,4.142137e-05,5.6584,285.0
2017-09-09 00:00:00.000039936,69.444,27.78,185.2,4.1909232e-05,5.6584,290.0
2017-09-09 03:00:00.000039936,68.4152,27.78,185.2,4.239659e-05,5.6584,300.0
2017-09-09 06:00:00.000039936,66.872,27.78,185.2,4.3126656e-05,5.6584,305.0
2017-09-09 09:00:00.000039936,65.8432,24.076,187.515,4.385554e-05,5.6584,310.0
2017-09-09 12:00:00.000039936,64.3,18.52,189.82999,4.4825505e-05,5.6584,310.0
2017-09-09 15:00:00.000039936,63.271202,18.52,192.14499,4.5551555e-05,6.1728,305.0
2017-09-09 18:00:00.000039936,61.728,18.52,194.45999,4.651767e-05,6.6872,305.0
2017-09-09 21:00:00.000039936,60.6992,18.52,194.45999,4.748151e-05,6.6872,310.0
2017-09-10 00:00:00.000039936,59.156002,18.52,194.45999,4.844305e-05,6.6872,310.0
2017-09-10 03:00:00.000039936,59.156002,18.52,194.45999,4.9402213e-05,7.2016,310.0
2017-09-10 06:00:00.000039936,59.156002,18.52,194.45999,5.059779e-05,7.716,310.0
2017-09-10 09:00:00.000039936,59.156002,18.52,192.14499,5.155148e-05,7.716,305.0
2017-09-10 12:00:00.000039936,59.156002,18.52,189.82999,5.2740055e-05,7.716,310.0
2017-09-10 15:00:00.000039936,56.584,24.076,189.82999,5.392461e-05,7.716,310.0
2017-09-10 18:00:00.000039936,54.012,27.78,189.82999,5.510506e-05,7.716,315.0
2017-09-10 21:00:00.000039936,52.9832,24.076,189.82999,5.6281307e-05,7.716,315.0
2017-09-11 00:00:00.000039936,51.440002,18.52,189.82999,5.768715e-05,7.2016,315.0
2017-09-11 03:00:00.000039936,48.868,18.52,192.14499,5.8853857e-05,7.2016,320.0
2017-09-11 06:00:00.000039936,46.296,18.52,194.45999,6.0016075e-05,7.2016,320.0
2017-09-11 09:00:00.000039936,45.2672,18.52,192.145,6.1173734e-05,6.6872,325.0
2017-09-11 12:00:00.000039936,43.724,18.52,189.83,6.255676e-05,6.1728,340.0
2017-09-11 15:00:00.000039936,42.6952,18.52,187.515,6.393293e-05,5.6584,355.0
2017-09-11 18:00:00.000039936,41.152,18.52,185.20001,6.507438e-05,4.6296,5.0
2017-09-11 21:00:00.000039936,40.1232,18.52,182.88501,6.5983986e-05,3.6008,5.0
2017-09-12 00:00:00.000039936,38.58,18.52,180.57,6.666408e-05,3.0864,15.0
2017-09-12 03:00:00.000039936,37.5512,18.52,180.57,6.711647e-05,2.572,35.0
2017-09-12 06:00:00.000039936,36.008,18.52,180.57,6.756802e-05,3.0864,60.0
2017-09-12 09:00:00.000039936,36.008,18.52,178.255,6.7793495e-05,3.6008,80.0
2017-09-12 12:00:00.000039936,36.008,18.52,175.94,6.7793495e-05,4.1152,95.0
2017-09-12 15:00:00.000039936,36.008,18.52,171.31,6.756802e-05,4.6296,110.0
2017-09-12 18:00:00.000039936,36.008,18.52,166.68,6.711647e-05,4.6296,125.0
2017-09-12 21:00:00.000039936,36.008,24.076,166.68,6.643758e-05,4.6296,135.0
2017-09-13 00:00:00.000039936,36.008,27.78,166.68,6.575688e-05,4.1152,135.0
2017-09-13 03:00:00.000039936,36.008,27.78,166.68,6.507438e-05,3.6008,140.0
2017-09-13 06:00:00.000039936,36.008,27.78,166.68,6.461839e-05,3.0864,140.0
2017-09-13 09:00:00.000039936,36.008,27.78,166.68,6.393293e-05,3.0864,145.0
2017-09-13 12:00:00.000039936,36.008,27.78,166.68,6.3474974e-05,2.572,150.0
2017-09-13 15:00:00.000039936,36.008,27.78,164.36499,6.3016254e-05,2.0576,155.0
2017-09-13 18:00:00.000039936,36.008,27.78,162.05,6.255676e-05,2.0576,175.0
2017-09-13 21:00:00.000039936,36.008,27.78,162.05,6.20965e-05,1.5432,195.0
2017-09-14 00:00:00.000039936,36.008,27.78,162.05,6.186609e-05,1.5432,210.0
2017-09-14 03:00:00.000039936,36.008,27.78,162.05,6.1635496e-05,1.5432,220.0
2017-09-14 06:00:00.000039936,36.008,27.78,162.05,6.14047e-05,1.5432,240.0
2017-09-14 09:00:00.000039936,34.979202,33.336,162.05,6.1173734e-05,2.0576,255.0
2017-09-14 12:00:00.000039936,33.436,37.04,162.05,6.1173734e-05,2.572,275.0
2017-09-14 15:00:00.000039936,33.436,37.04,164.365,6.14047e-05,3.0864,290.0
2017-09-14 18:00:00.000039936,33.436,37.04,166.68001,6.1635496e-05,3.6008,300.0
2017-09-14 21:00:00.000039936,32.4072,37.04,168.995,6.20965e-05,4.1152,300.0
2017-09-15 00:00:00.000039936,30.864,37.04,171.31,6.255676e-05,3.6008,305.0
2017-09-15 03:00:00.000039936,30.864,37.04,173.625,6.3016254e-05,3.6008,305.0
2017-09-15 06:00:00.000039936,30.864,37.04,175.94,6.3474974e-05,4.1152,305.0
2017-09-15 09:00:00.000039936,30.864,37.04,178.255,6.393293e-05,4.6296,305.0
2017-09-15 12:00:00.000039936,30.864,37.04,180.57,6.461839e-05,4.6296,305.0
2017-09-15 15:00:00.000039936,32.4072,33.336,182.885,6.530208e-05,4.6296,300.0
2017-09-15 18:00:00.000039936,33.436,27.78,185.2,6.575688e-05,4.6296,300.0
2017-09-15 21:00:00.000039936,33.436,27.78,189.83,6.621089e-05,4.1152,300.0
2017-09-16 00:00:00.000039936,33.436,27.78,194.46,6.666408e-05,4.1152,305.0
2017-09-16 03:00:00.000039936,33.436,27.78,196.77501,6.711647e-05,4.1152,310.0
2017-09-16 06:00:00.000039936,33.436,27.78,199.09,6.7793495e-05,3.6008,315.0
2017-09-16 09:00:00.000039936,33.436,27.78,206.035,6.8468675e-05,3.0864,325.0
2017-09-16 12:00:00.000039936,33.436,27.78,212.98,6.8917754e-05,2.572,330.0
2017-09-16 15:00:00.000039936,33.436,27.78,217.61,6.936598e-05,2.0576,335.0
2017-09-16 18:00:00.000039936,33.436,27.78,222.23999,6.981338e-05,2.0576,350.0
2017-09-16 21:00:00.000039936,34.979202,27.78,226.87,7.025991e-05,2.572,0.0
2017-09-17 00:00:00.000039936,36.008,27.78,231.5,7.092813e-05,3.0864,0.0
2017-09-17 03:00:00.000039936,37.5512,27.78,236.12999,7.159438e-05,3.6008,0.0
2017-09-17 06:00:00.000039936,38.58,27.78,240.76,7.247968e-05,3.6008,5.0
2017-09-17 09:00:00.000039936,40.1232,27.78,247.705,7.336144e-05,3.6008,5.0
2017-09-17 12:00:00.000039936,41.152,27.78,254.65001,7.402041e-05,3.6008,5.0
2017-09-17 15:00:00.000039936,41.152,27.78,261.595,7.467736e-05,3.6008,5.0
2017-09-17 18:00:00.000039936,41.152,27.78,268.53998,7.5550095e-05,3.6008,10.0
2017-09-17 21:00:00.000039936,41.152,42.596,273.16998,7.620224e-05,3.6008,15.0
2017-09-18 00:00:00.000039936,41.152,55.56,277.8,7.70685e-05,4.1152,15.0
2017-09-18 03:00:00.000039936,40.1232,55.56,284.745,7.793102e-05,4.1152,10.0
2017-09-18 06:00:00.000039936,38.58,55.56,291.69,7.878973e-05,4.1152,10.0
2017-09-18 09:00:00.000039936,37.5512,64.82,296.32,7.9644604e-05,4.1152,10.0
2017-09-18 12:00:00.000039936,36.008,74.08,300.95,8.049559e-05,4.1152,5.0
2017-09-18 15:00:00.000039936,34.979202,74.08,305.58002,8.134267e-05,3.6008,0.0
2017-09-18 18:00:00.000039936,33.436,74.08,310.21002,8.197536e-05,3.6008,350.0
2017-09-18 21:00:00.000039936,33.436,74.08,317.15503,8.2815466e-05,3.6008,345.0
2017-09-19 00:00:00.000039936,33.436,74.08,324.10004,8.34429e-05,3.6008,345.0
2017-09-19 03:00:00.000039936,33.436,74.08,326.415,8.427592e-05,3.6008,345.0
2017-09-19 06:00:00.000039936,33.436,74.08,328.73,8.489798e-05,3.6008,350.0
2017-09-19 09:00:00.000039936,32.4072,83.34,331.045,8.551773e-05,3.6008,355.0
2017-09-19 12:00:00.000039936,30.864,92.6,333.36002,8.6340384e-05,3.6008,5.0
2017-09-19 15:00:00.000039936,30.864,92.6,337.99002,8.7158856e-05,3.6008,15.0
2017-09-19 18:00:00.000039936,30.864,92.6,342.62,8.776991e-05,3.6008,20.0
2017-09-19 21:00:00.000039936,30.864,92.6,344.935,8.837856e-05,3.0864,20.0
2017-09-20 00:00:00.000039936,30.864,92.6,347.25,8.898478e-05,3.0864,25.0
2017-09-20 03:00:00.000039936,30.864,92.6,347.25,8.938759e-05,3.0864,30.0
2017-09-20 06:00:00.000039936,30.864,92.6,347.25,8.998974e-05,3.6008,35.0
2017-09-20 09:00:00.000039936,30.864,92.6,344.935,9.058944e-05,4.1152,40.0
2017-09-20 12:00:00.000039936,30.864,92.6,342.62,9.1186645e-05,4.1152,45.0
2017-09-20 15:00:00.000039936,30.864,92.6,344.935,9.1781345e-05,4.1152,50.0
2017-09-20 18:00:00.000039936,30.864,92.6,347.25,9.217642e-05,4.1152,65.0
2017-09-20 21:00:00.000039936,29.835201,101.86,342.62,9.2373535e-05,3.6008,75.0
2017-09-21 00:00:00.000039936,28.292,111.12,337.99,9.257037e-05,3.0864,65.0
2017-09-21 03:00:00.000039936,28.292,138.9,333.36,9.296319e-05,2.0576,45.0
2017-09-21 06:00:00.000039936,28.292,166.68,328.72998,9.315918e-05,1.0288,45.0
2017-09-21 09:00:00.000039936,28.292,166.68,324.1,9.315918e-05,0.5144,90.0
2017-09-21 12:00:00.000039936,28.292,166.68,319.47,9.315918e-05,0.5144,165.0
2017-09-21 15:00:00.000039936,27.2632,175.94,312.525,9.296319e-05,1.0288,170.0
2017-09-21 18:00:00.000039936,25.720001,185.2,305.58,9.2766924e-05,0.5144,210.0
2017-09-21 21:00:00.000039936,24.6912,185.2,296.31998,9.2766924e-05,1.0288,270.0
2017-09-22 00:00:00.000039936,23.148,185.2,287.06,9.2766924e-05,1.5432,285.0
2017-09-22 03:00:00.000039936,23.148,185.2,280.115,9.2766924e-05,1.5432,290.0
2017-09-22 06:00:00.000039936,23.148,185.2,273.16998,9.296319e-05,2.0576,290.0
2017-09-22 09:00:00.000039936,22.1192,175.94,261.595,9.315918e-05,1.5432,290.0
2017-09-22 12:00:00.000039936,20.576,166.68,250.02002,9.315918e-05,1.0288,285.0
2017-09-22 15:00:00.000039936,20.576,157.42,185.20001,9.315918e-05,0.5144,270.0
2017-09-22 18:00:00.000039936,20.576,148.16,120.38,9.315918e-05,0.5144,275.0
2017-09-22 21:00:00.000039936,19.5472,148.16,113.435,9.315918e-05,1.0288,270.0
2017-09-23 00:00:00.000039936,18.004,148.16,106.490005,9.315918e-05,1.0288,250.0
2017-09-23 03:00:00.000039936,18.004,148.16,101.86,9.296319e-05,1.5432,230.0
