Time,Vmax,Rmax_IBT,R34,fcor,u_trans,v_trans
2011-08-30 00:00:00.000039936,18.004,74.08,27.78,2.7827968e-05,7.716,285.0
2011-08-30 03:00:00.000039936,19.5472,64.82,27.78,2.8327528e-05,8.2304,290.0
2011-08-30 06:00:00.000039936,20.576,55.56,27.78,2.9076216e-05,8.744801,285.0
2011-08-30 09:00:00.000039936,22.1192,55.56,41.67,2.9574905e-05,9.2592,285.0
2011-08-30 12:00:00.000039936,23.148,55.56,55.559998,3.0322259e-05,9.2592,290.0
2011-08-30 15:00:00.000039936,24.6912,46.3,67.135,3.1068776e-05,9.2592,290.0
2011-08-30 18:00:00.000039936,25.720001,37.04,78.71,3.1814445e-05,9.2592,290.0
2011-08-30 21:00:00.000039936,25.720001,37.04,83.340004,3.2559245e-05,9.2592,285.0
2011-08-31 00:00:00.000039936,25.720001,37.04,87.97,3.305528e-05,9.2592,285.0
2011-08-31 03:00:00.000039936,27.2632,37.04,92.6,3.3798577e-05,9.2592,285.0
2011-08-31 06:00:00.000039936,28.292,37.04,97.23,3.4293596e-05,9.2592,285.0
2011-08-31 09:00:00.000039936,28.292,37.04,108.80499,3.47882e-05,9.2592,285.0
2011-08-31 12:00:00.000039936,28.292,37.04,120.38,3.5282377e-05,9.2592,285.0
2011-08-31 15:00:00.000039936,29.835201,37.04,133.34401,3.577612e-05,9.2592,285.0
2011-08-31 18:00:00.000039936,30.864,37.04,145.845,3.626943e-05,8.744801,285.0
2011-08-31 21:00:00.000039936,32.4072,37.04,154.179,3.67623e-05,8.744801,285.0
2011-09-01 00:00:00.000039936,33.436,37.04,162.05,3.7254722e-05,8.744801,280.0
2011-09-01 03:00:00.000039936,33.436,37.04,166.68,3.7746686e-05,8.744801,280.0
2011-09-01 06:00:00.000039936,33.436,37.04,171.31,3.7992504e-05,8.744801,280.0
2011-09-01 09:00:00.000039936,33.436,37.04,178.255,3.8238195e-05,8.744801,275.0
2011-09-01 12:00:00.000039936,33.436,37.04,185.2,3.8483773e-05,8.2304,280.0
2011-09-01 15:00:00.000039936,33.436,37.04,189.83,3.897458e-05,8.2304,285.0
2011-09-01 18:00:00.000039936,33.436,37.04,194.45999,3.9464914e-05,8.2304,285.0
2011-09-01 21:00:00.000039936,33.436,37.04,196.775,3.995476e-05,7.716,290.0
2011-09-02 00:00:00.000039936,33.436,37.04,199.09,4.0688625e-05,7.2016,295.0
2011-09-02 03:00:00.000039936,33.436,37.04,201.405,4.142137e-05,6.6872,300.0
2011-09-02 06:00:00.000039936,33.436,37.04,203.71999,4.2152973e-05,6.1728,300.0
2011-09-02 09:00:00.000039936,33.436,42.596,206.03499,4.288343e-05,5.6584,305.0
2011-09-02 12:00:00.000039936,33.436,46.3,208.34999,4.3612705e-05,5.144,305.0
2011-09-02 15:00:00.000039936,33.436,46.3,210.665,4.4340795e-05,5.144,305.0
2011-09-02 18:00:00.000039936,33.436,46.3,212.98,4.506766e-05,5.144,300.0
2011-09-02 21:00:00.000039936,33.436,46.3,212.98,4.5551555e-05,4.6296,295.0
2011-09-03 00:00:00.000039936,33.436,46.3,212.98,4.6034886e-05,4.6296,295.0
2011-09-03 03:00:00.000039936,33.436,46.3,212.98,4.651767e-05,4.6296,300.0
2011-09-03 06:00:00.000039936,33.436,46.3,212.98,4.6999867e-05,4.6296,305.0
2011-09-03 09:00:00.000039936,33.436,51.856,212.98,4.7722115e-05,4.6296,310.0
2011-09-03 12:00:00.000039936,33.436,55.56,212.98,4.844305e-05,4.6296,310.0
2011-09-03 15:00:00.000039936,33.436,55.56,212.98,4.916265e-05,4.6296,305.0
2011-09-03 18:00:00.000039936,33.436,55.56,212.98,4.9641636e-05,4.6296,300.0
2011-09-03 21:00:00.000039936,34.979202,55.56,212.98,5.012002e-05,5.144,300.0
2011-09-04 00:00:00.000039936,36.008,55.56,212.98,5.083645e-05,5.144,305.0
2011-09-04 03:00:00.000039936,37.5512,55.56,212.98,5.155148e-05,5.144,315.0
2011-09-04 06:00:00.000039936,38.58,55.56,212.98,5.250265e-05,5.144,310.0
2011-09-04 09:00:00.000039936,41.152,55.56,215.29498,5.321436e-05,5.144,305.0
2011-09-04 12:00:00.000039936,43.724,55.56,217.60999,5.392461e-05,5.144,305.0
2011-09-04 15:00:00.000039936,45.2672,55.56,217.60999,5.4633376e-05,5.144,305.0
2011-09-04 18:00:00.000039936,46.296,55.56,217.60999,5.5340646e-05,5.6584,310.0
2011-09-04 21:00:00.000039936,46.296,55.56,222.23999,5.6046403e-05,5.6584,310.0
2011-09-05 00:00:00.000039936,46.296,55.56,226.87,5.698501e-05,5.6584,305.0
2011-09-05 03:00:00.000039936,47.8392,55.56,229.185,5.768715e-05,5.6584,305.0
2011-09-05 06:00:00.000039936,48.868,55.56,231.5,5.83877e-05,5.6584,300.0
2011-09-05 09:00:00.000039936,50.4112,55.56,238.445,5.9086666e-05,5.6584,305.0
2011-09-05 12:00:00.000039936,51.440002,55.56,245.39001,5.9784e-05,5.144,305.0
2011-09-05 15:00:00.000039936,54.012,55.56,247.70502,6.0479695e-05,4.6296,310.0
2011-09-05 18:00:00.000039936,56.584,55.56,250.01999,6.1173734e-05,4.6296,320.0
2011-09-05 21:00:00.000039936,59.156002,55.56,252.33499,6.20965e-05,5.144,325.0
2011-09-06 00:00:00.000039936,61.728,55.56,254.65,6.3016254e-05,5.144,320.0
2011-09-06 03:00:00.000039936,60.6992,55.56,254.65,6.370404e-05,4.6296,310.0
2011-09-06 06:00:00.000039936,59.156002,55.56,254.65,6.43901e-05,4.6296,305.0
2011-09-06 09:00:00.000039936,56.584,61.116,254.65,6.507438e-05,4.6296,305.0
2011-09-06 12:00:00.000039936,54.012,64.82,254.65,6.552959e-05,4.1152,310.0
2011-09-06 15:00:00.000039936,51.440002,70.376,258.354,6.621089e-05,4.1152,320.0
2011-09-06 18:00:00.000039936,48.868,74.08,261.595,6.689037e-05,4.1152,310.0
2011-09-06 21:00:00.000039936,46.296,79.636,265.299,6.734234e-05,3.6008,305.0
2011-09-07 00:00:00.000039936,43.724,83.34,268.53998,6.7793495e-05,4.1152,305.0
2011-09-07 03:00:00.000039936,43.724,88.895996,270.85498,6.8243826e-05,4.1152,310.0
2011-09-07 06:00:00.000039936,43.724,92.6,273.16998,6.8917754e-05,4.6296,310.0
2011-09-07 09:00:00.000039936,42.6952,92.6,277.8,6.958979e-05,4.6296,310.0
2011-09-07 12:00:00.000039936,41.152,92.6,282.43,7.025991e-05,5.144,305.0
2011-09-07 15:00:00.000039936,41.152,92.6,287.06,7.092813e-05,5.144,305.0
2011-09-07 18:00:00.000039936,41.152,92.6,291.69,7.159438e-05,5.144,315.0
2011-09-07 21:00:00.000039936,41.152,88.895996,305.58,7.247968e-05,5.144,330.0
2011-09-08 00:00:00.000039936,41.152,83.34,319.46997,7.3581316e-05,5.6584,345.0
2011-09-08 03:00:00.000039936,41.152,79.636,324.09998,7.4895885e-05,6.1728,350.0
2011-09-08 06:00:00.000039936,41.152,74.08,328.72998,7.620224e-05,6.6872,355.0
2011-09-08 09:00:00.000039936,41.152,70.376,328.72998,7.750023e-05,6.6872,355.0
2011-09-08 12:00:00.000039936,41.152,64.82,328.72998,7.900381e-05,6.6872,0.0
2011-09-08 15:00:00.000039936,41.152,61.116,333.36,8.028322e-05,6.6872,5.0
2011-09-08 18:00:00.000039936,41.152,55.56,337.99,8.176471e-05,7.2016,15.0
2011-09-08 21:00:00.000039936,41.152,55.56,340.305,8.3234e-05,8.2304,20.0
2011-09-09 00:00:00.000039936,41.152,55.56,342.62,8.489798e-05,8.744801,25.0
2011-09-09 03:00:00.000039936,40.1232,55.56,337.99,8.6545406e-05,8.744801,30.0
2011-09-09 06:00:00.000039936,38.58,55.56,333.36,8.7973065e-05,8.744801,30.0
2011-09-09 09:00:00.000039936,38.58,55.56,337.99,8.938759e-05,8.744801,35.0
2011-09-09 12:00:00.000039936,38.58,55.56,342.62,9.078879e-05,10.288,45.0
2011-09-09 15:00:00.000039936,38.58,55.56,349.565,9.217642e-05,11.8312,55.0
2011-09-09 18:00:00.000039936,38.58,55.56,356.51,9.335488e-05,14.917601,65.0
2011-09-09 21:00:00.000039936,38.58,55.56,365.77002,9.452311e-05,16.9752,70.0
2011-09-10 00:00:00.000039936,38.58,55.56,375.03003,9.568096e-05,17.489601,70.0
2011-09-10 03:00:00.000039936,38.58,83.34,386.60498,9.682832e-05,18.004,70.0
2011-09-10 06:00:00.000039936,38.58,111.12,398.18,9.796507e-05,19.5472,70.0
2011-09-10 09:00:00.000039936,38.58,111.12,407.44,9.909108e-05,21.604801,70.0
2011-09-10 12:00:00.000039936,38.58,111.12,416.7,0.000100391015,24.6912,70.0
2011-09-10 15:00:00.000039936,38.58,120.38,416.7,0.00010204031,27.2632,70.0
