Time,Vmax,Rmax_IBT,R34,fcor,u_trans,v_trans
2023-09-02 00:00:00.000039936,18.004,74.08,18.52,5.250265e-05,5.6584,350.0
2023-09-02 03:00:00.000039936,19.5472,64.82,43.985,5.392461e-05,6.1728,345.0
2023-09-02 06:00:00.000039936,20.576,55.56,69.45,5.5340646e-05,6.6872,340.0
2023-09-02 09:00:00.000039936,22.1192,55.56,92.6,5.6750614e-05,6.6872,335.0
2023-09-02 12:00:00.000039936,23.148,55.56,115.75,5.8154368e-05,6.6872,330.0
2023-09-02 15:00:00.000039936,24.6912,55.56,115.75,5.9319285e-05,6.1728,325.0
2023-09-02 18:00:00.000039936,25.720001,55.56,115.75,6.0479695e-05,5.6584,320.0
2023-09-02 21:00:00.000039936,24.6912,64.82,97.23,6.14047e-05,5.6584,320.0
2023-09-03 00:00:00.000039936,23.148,74.08,78.71,6.2326726e-05,5.144,320.0
2023-09-03 03:00:00.000039936,22.1192,74.08,71.765,6.324571e-05,4.6296,320.0
2023-09-03 06:00:00.000039936,20.576,74.08,64.82001,6.393293e-05,4.1152,320.0
2023-09-03 09:00:00.000039936,19.5472,74.08,43.985,6.461839e-05,3.6008,320.0
2023-09-03 12:00:00.000039936,18.004,74.08,23.15,6.507438e-05,3.6008,310.0
2023-09-03 15:00:00.000039936,18.004,83.34,23.15,6.552959e-05,3.6008,305.0
