Time,Vmax,Rmax_IBT,R34,fcor,u_trans,v_trans
2008-09-28 12:00:00.000039936,25.720001,185.2,458.37,8.776991e-05,6.1728,260.0
2008-09-28 15:00:00.000039936,25.720001,175.94,458.37,8.756649e-05,6.6872,260.0
2008-09-28 18:00:00.000039936,25.720001,166.68,458.37,8.7362794e-05,6.6872,260.0
2008-09-28 21:00:00.000039936,25.720001,175.94,423.645,8.7158856e-05,6.6872,265.0
2008-09-29 00:00:00.000039936,25.720001,185.2,388.92,8.7158856e-05,6.1728,275.0
2008-09-29 03:00:00.000039936,25.720001,148.16,407.44003,8.7362794e-05,5.6584,285.0
2008-09-29 06:00:00.000039936,25.720001,111.12,425.96002,8.776991e-05,4.1152,285.0
2008-09-29 09:00:00.000039936,25.720001,125.936,391.235,8.7973065e-05,3.0864,290.0
2008-09-29 12:00:00.000039936,25.720001,138.9,356.50998,8.8175955e-05,3.0864,310.0
2008-09-29 15:00:00.000039936,25.720001,138.9,351.87997,8.8782996e-05,3.6008,325.0
2008-09-29 18:00:00.000039936,25.720001,138.9,347.25,8.938759e-05,4.1152,335.0
2008-09-29 21:00:00.000039936,25.720001,135.196,346.324,9.0189926e-05,4.1152,345.0
2008-09-30 00:00:00.000039936,25.720001,129.64,344.935,9.098784e-05,4.6296,345.0
2008-09-30 03:00:00.000039936,25.720001,129.64,344.935,9.197902e-05,5.144,345.0
2008-09-30 06:00:00.000039936,25.720001,129.64,344.935,9.296319e-05,5.144,350.0
2008-09-30 09:00:00.000039936,25.720001,120.38,331.508,9.3940274e-05,5.144,355.0
2008-09-30 12:00:00.000039936,25.720001,111.12,317.155,9.491022e-05,5.144,0.0
2008-09-30 15:00:00.000039936,25.720001,101.86,324.09998,9.587293e-05,5.6584,5.0
2008-09-30 18:00:00.000039936,25.720001,92.6,331.04498,9.701853e-05,6.1728,10.0
2008-09-30 21:00:00.000039936,24.6912,92.6,331.04498,9.815349e-05,6.6872,15.0
2008-10-01 00:00:00.000039936,23.148,92.6,331.04498,9.92777e-05,6.6872,20.0
2008-10-01 03:00:00.000039936,23.148,92.6,331.04498,0.000100391015,7.2016,20.0
2008-10-01 06:00:00.000039936,23.148,92.6,331.04498,0.000101675956,7.716,20.0
2008-10-01 09:00:00.000039936,22.1192,92.6,331.04498,0.000102945734,8.2304,20.0
