Time,Vmax,Rmax_IBT,R34,fcor,u_trans,v_trans
2013-10-03 06:00:00.000039936,23.148,83.34,64.82,5.345127e-05,4.1152,320.0
2013-10-03 09:00:00.000039936,25.720001,70.376,97.23,5.4161024e-05,4.1152,315.0
2013-10-03 12:00:00.000039936,28.292,55.56,129.64,5.4869302e-05,4.6296,315.0
2013-10-03 15:00:00.000039936,28.292,55.56,138.9,5.5576067e-05,5.144,315.0
2013-10-03 18:00:00.000039936,28.292,55.56,148.16,5.6516048e-05,5.6584,320.0
2013-10-03 21:00:00.000039936,28.292,55.56,148.16,5.768715e-05,7.2016,325.0
2013-10-04 00:00:00.000039936,25.720001,55.56,134.27,5.9086666e-05,6.1728,320.0
2013-10-04 03:00:00.000039936,24.6912,51.856,134.27,6.0016075e-05,4.1152,325.0
2013-10-04 06:00:00.000039936,23.148,46.3,134.27,6.0479695e-05,3.6008,330.0
2013-10-04 09:00:00.000039936,23.148,55.56,134.27,6.1173734e-05,4.1152,335.0
2013-10-04 12:00:00.000039936,23.148,64.82,134.27,6.20965e-05,4.1152,335.0
2013-10-04 15:00:00.000039936,23.148,61.116,122.69499,6.278661e-05,3.6008,335.0
2013-10-04 18:00:00.000039936,23.148,55.56,111.12,6.3474974e-05,2.572,330.0
2013-10-04 21:00:00.000039936,22.1192,55.56,106.49,6.370404e-05,2.0576,320.0
2013-10-05 00:00:00.000039936,20.576,55.56,101.86,6.416161e-05,2.572,320.0
2013-10-05 03:00:00.000039936,20.576,107.416,74.079994,6.4846485e-05,4.1152,325.0
2013-10-05 06:00:00.000039936,20.576,157.42,46.3,6.552959e-05,5.144,325.0
2013-10-05 09:00:00.000039936,20.576,162.976,37.04,6.666408e-05,5.6584,330.0
2013-10-05 12:00:00.000039936,20.576,166.68,27.78,6.756802e-05,3.6008,330.0
2013-10-05 15:00:00.000039936,19.5472,111.12,20.835,6.801876e-05,1.5432,330.0
