Time,Vmax,Rmax_IBT,R34,fcor,u_trans,v_trans
2021-09-01 00:00:00.000039936,18.004,83.34,41.670002,3.0073232e-05,9.7736,280.0
2021-09-01 03:00:00.000039936,19.5472,79.636,55.559998,3.0571195e-05,10.288,280.0
2021-09-01 06:00:00.000039936,20.576,74.08,69.450005,3.0820032e-05,10.288,275.0
2021-09-01 09:00:00.000039936,22.1192,64.82,76.395,3.1068776e-05,10.288,275.0
2021-09-01 12:00:00.000039936,23.148,55.56,83.34,3.131743e-05,9.7736,275.0
2021-09-01 15:00:00.000039936,25.720001,46.3,90.284996,3.131743e-05,9.7736,275.0
2021-09-01 18:00:00.000039936,28.292,37.04,97.229996,3.156599e-05,8.744801,275.0
2021-09-01 21:00:00.000039936,29.835201,37.04,97.229996,3.1814445e-05,8.2304,275.0
2021-09-02 00:00:00.000039936,30.864,37.04,97.229996,3.206281e-05,8.2304,280.0
2021-09-02 03:00:00.000039936,32.4072,33.336,115.75,3.231108e-05,8.2304,280.0
2021-09-02 06:00:00.000039936,33.436,27.78,134.27,3.280731e-05,8.2304,280.0
2021-09-02 09:00:00.000039936,34.979202,27.78,148.16,3.305528e-05,8.744801,280.0
2021-09-02 12:00:00.000039936,36.008,27.78,162.05,3.3550914e-05,8.744801,280.0
2021-09-02 15:00:00.000039936,36.008,33.336,164.365,3.3798577e-05,8.744801,280.0
2021-09-02 18:00:00.000039936,36.008,37.04,166.68,3.4293596e-05,8.744801,280.0
2021-09-02 21:00:00.000039936,37.5512,37.04,175.94,3.47882e-05,8.744801,280.0
2021-09-03 00:00:00.000039936,38.58,37.04,185.2,3.5035337e-05,8.744801,280.0
2021-09-03 03:00:00.000039936,40.1232,37.04,185.2,3.5282377e-05,8.744801,275.0
2021-09-03 06:00:00.000039936,41.152,37.04,185.2,3.5529305e-05,8.2304,280.0
2021-09-03 09:00:00.000039936,41.152,37.04,189.83,3.577612e-05,8.2304,280.0
2021-09-03 12:00:00.000039936,41.152,37.04,194.45999,3.626943e-05,7.716,280.0
2021-09-03 15:00:00.000039936,43.724,37.04,194.45999,3.651592e-05,7.2016,280.0
2021-09-03 18:00:00.000039936,46.296,37.04,194.45999,3.700857e-05,7.2016,285.0
2021-09-03 21:00:00.000039936,48.868,37.04,196.775,3.7500762e-05,7.2016,290.0
2021-09-04 00:00:00.000039936,51.440002,37.04,199.09,3.8238195e-05,7.2016,295.0
2021-09-04 03:00:00.000039936,54.012,37.04,199.09,3.897458e-05,7.2016,295.0
2021-09-04 06:00:00.000039936,56.584,37.04,199.09,3.9709896e-05,7.2016,295.0
2021-09-04 09:00:00.000039936,56.584,42.596,201.405,4.0444127e-05,7.2016,295.0
2021-09-04 12:00:00.000039936,56.584,46.3,203.72,4.1177245e-05,7.2016,295.0
2021-09-04 15:00:00.000039936,55.5552,51.856,210.66501,4.1909232e-05,6.6872,300.0
2021-09-04 18:00:00.000039936,54.012,55.56,217.61002,4.2640077e-05,6.1728,300.0
2021-09-04 21:00:00.000039936,54.012,55.56,219.925,4.3369746e-05,6.1728,305.0
2021-09-05 00:00:00.000039936,54.012,55.56,222.23999,4.4340795e-05,6.1728,305.0
2021-09-05 03:00:00.000039936,54.012,55.56,224.555,4.506766e-05,6.1728,305.0
2021-09-05 06:00:00.000039936,54.012,55.56,226.87,4.6034886e-05,6.1728,310.0
2021-09-05 09:00:00.000039936,55.5552,55.56,231.5,4.6999867e-05,6.1728,315.0
2021-09-05 12:00:00.000039936,56.584,55.56,236.13,4.796257e-05,6.1728,315.0
2021-09-05 15:00:00.000039936,56.584,55.56,238.445,4.892293e-05,6.1728,315.0
2021-09-05 18:00:00.000039936,56.584,55.56,240.76001,4.9880902e-05,5.6584,310.0
2021-09-05 21:00:00.000039936,56.584,64.82,243.07498,5.083645e-05,5.6584,310.0
2021-09-06 00:00:00.000039936,56.584,74.08,245.38998,5.155148e-05,5.144,305.0
2021-09-06 03:00:00.000039936,55.5552,74.08,247.70499,5.22651e-05,4.6296,305.0
2021-09-06 06:00:00.000039936,54.012,74.08,250.01999,5.2740055e-05,4.1152,300.0
2021-09-06 09:00:00.000039936,54.012,74.08,254.65,5.321436e-05,4.1152,300.0
2021-09-06 12:00:00.000039936,54.012,74.08,259.28,5.3688025e-05,4.1152,300.0
2021-09-06 15:00:00.000039936,54.012,74.08,259.28,5.4161024e-05,4.6296,305.0
2021-09-06 18:00:00.000039936,54.012,74.08,259.28,5.4869302e-05,4.6296,310.0
2021-09-06 21:00:00.000039936,54.012,74.08,259.28,5.5576067e-05,4.6296,315.0
2021-09-07 00:00:00.000039936,54.012,74.08,259.28,5.6281307e-05,4.1152,315.0
2021-09-07 03:00:00.000039936,52.9832,74.08,261.595,5.698501e-05,4.1152,315.0
2021-09-07 06:00:00.000039936,51.440002,74.08,263.91,5.768715e-05,4.6296,320.0
2021-09-07 09:00:00.000039936,50.4112,74.08,266.225,5.83877e-05,4.6296,320.0
2021-09-07 12:00:00.000039936,48.868,74.08,268.54,5.9319285e-05,4.6296,320.0
2021-09-07 15:00:00.000039936,48.868,74.08,268.54,6.0016075e-05,4.6296,320.0
2021-09-07 18:00:00.000039936,48.868,74.08,268.54,6.0942573e-05,4.6296,325.0
2021-09-07 21:00:00.000039936,48.868,74.08,268.54,6.1635496e-05,4.1152,325.0
2021-09-08 00:00:00.000039936,48.868,74.08,268.54,6.255676e-05,4.6296,325.0
2021-09-08 03:00:00.000039936,48.868,83.34,280.115,6.3474974e-05,5.144,325.0
2021-09-08 06:00:00.000039936,48.868,92.6,291.69,6.43901e-05,5.6584,325.0
2021-09-08 09:00:00.000039936,47.8392,92.6,300.95,6.552959e-05,6.1728,325.0
2021-09-08 12:00:00.000039936,46.296,92.6,310.21002,6.666408e-05,6.6872,320.0
2021-09-08 15:00:00.000039936,46.296,101.86,314.84003,6.7793495e-05,6.6872,320.0
2021-09-08 18:00:00.000039936,46.296,111.12,319.46997,6.8917754e-05,6.6872,315.0
2021-09-08 21:00:00.000039936,45.2672,111.12,317.155,6.981338e-05,6.6872,315.0
2021-09-09 00:00:00.000039936,43.724,111.12,314.84,7.092813e-05,6.6872,320.0
2021-09-09 03:00:00.000039936,42.6952,111.12,314.84,7.2037474e-05,6.6872,320.0
2021-09-09 06:00:00.000039936,41.152,111.12,314.84,7.314133e-05,6.6872,325.0
2021-09-09 09:00:00.000039936,41.152,111.12,314.84,7.4458614e-05,6.6872,335.0
2021-09-09 12:00:00.000039936,41.152,111.12,314.84,7.576771e-05,7.716,335.0
2021-09-09 15:00:00.000039936,41.152,111.12,314.84,7.728449e-05,8.2304,340.0
2021-09-09 18:00:00.000039936,41.152,111.12,314.84,7.900381e-05,8.2304,345.0
2021-09-09 21:00:00.000039936,41.152,111.12,319.47,8.070772e-05,8.2304,355.0
2021-09-10 00:00:00.000039936,41.152,111.12,324.1,8.239592e-05,9.2592,360.0
2021-09-10 03:00:00.000039936,40.1232,111.12,328.73,8.448353e-05,10.802401,0.0
2021-09-10 06:00:00.000039936,38.58,111.12,333.36002,8.675015e-05,11.8312,10.0
2021-09-10 09:00:00.000039936,37.5512,111.12,337.99,8.898478e-05,13.3744,20.0
2021-09-10 12:00:00.000039936,36.008,111.12,342.62,9.1583395e-05,14.917601,20.0
2021-09-10 15:00:00.000039936,36.008,120.38,342.62,9.4329116e-05,16.4608,20.0
2021-09-10 18:00:00.000039936,36.008,129.64,342.62,9.7398035e-05,18.004,30.0
2021-09-10 21:00:00.000039936,36.008,129.64,342.62,0.00010020622,19.5472,35.0
2021-09-11 00:00:00.000039936,36.008,129.64,342.62,0.0001033057,21.604801,35.0
2021-09-11 03:00:00.000039936,36.008,129.64,342.62,0.0001066621,22.6336,30.0
2021-09-11 03:30:00.000053248,36.008,129.64,342.62,0.000107181426,21.604801,30.0
2021-09-11 06:00:00.000039936,33.436,129.64,361.14,0.0001097337,22.1192,30.0
2021-09-11 09:00:00.000039936,32.4072,129.64,381.975,0.000112858404,22.1192,30.0
2021-09-11 12:00:00.000039936,30.864,129.64,402.81,0.00011570424,20.0616,30.0
2021-09-11 15:00:00.000039936,29.835201,129.64,402.81,0.00011798866,16.9752,30.0
