Time,Vmax,Rmax_IBT,R34,fcor,u_trans,v_trans
2007-09-25 06:00:00.000039936,18.004,55.56,50.93,2.6076874e-05,5.6584,285.0
2007-09-25 09:00:00.000039936,18.004,55.56,50.93,2.6577594e-05,5.144,285.0
2007-09-25 12:00:00.000039936,18.004,55.56,50.93,2.6827835e-05,5.6584,285.0
2007-09-25 15:00:00.000039936,18.004,55.56,50.93,2.707799e-05,6.1728,280.0
2007-09-25 18:00:00.000039936,18.004,55.56,50.93,2.7328068e-05,6.1728,275.0
2007-09-25 21:00:00.000039936,19.5472,55.56,55.56,2.7328068e-05,6.1728,275.0
2007-09-26 00:00:00.000039936,20.576,55.56,60.190002,2.7578055e-05,6.1728,280.0
2007-09-26 03:00:00.000039936,23.148,55.56,60.190002,2.7827968e-05,5.6584,285.0
2007-09-26 06:00:00.000039936,25.720001,55.56,60.190002,2.8327528e-05,5.6584,295.0
2007-09-26 09:00:00.000039936,29.835201,55.56,84.729004,2.882674e-05,5.144,300.0
2007-09-26 12:00:00.000039936,33.436,55.56,108.805,2.9574905e-05,5.144,305.0
2007-09-26 15:00:00.000039936,33.436,55.56,133.344,3.0322259e-05,5.6584,305.0
2007-09-26 18:00:00.000039936,33.436,55.56,157.42,3.1068776e-05,6.1728,295.0
2007-09-26 21:00:00.000039936,32.4072,46.3,200.47899,3.1814445e-05,7.2016,290.0
2007-09-27 00:00:00.000039936,30.864,37.04,243.075,3.231108e-05,6.6872,290.0
2007-09-27 03:00:00.000039936,29.835201,37.04,243.075,3.280731e-05,5.6584,290.0
2007-09-27 06:00:00.000039936,28.292,37.04,243.075,3.330315e-05,5.6584,285.0
2007-09-27 09:00:00.000039936,28.292,37.04,225.944,3.3550914e-05,5.6584,285.0
2007-09-27 12:00:00.000039936,28.292,37.04,208.35,3.404614e-05,6.1728,295.0
2007-09-27 15:00:00.000039936,27.2632,37.04,199.09,3.47882e-05,6.1728,300.0
2007-09-27 18:00:00.000039936,25.720001,37.04,189.82999,3.5529305e-05,5.6584,285.0
2007-09-27 21:00:00.000039936,25.720001,37.04,189.82999,3.5529305e-05,4.6296,270.0
2007-09-28 00:00:00.000039936,25.720001,37.04,189.82999,3.5529305e-05,2.572,275.0
2007-09-28 03:00:00.000039936,23.148,37.04,178.255,3.577612e-05,1.5432,315.0
2007-09-28 06:00:00.000039936,20.576,37.04,166.68001,3.6022833e-05,1.0288,355.0
2007-09-28 09:00:00.000039936,19.5472,37.04,155.105,3.626943e-05,1.5432,0.0
2007-09-28 12:00:00.000039936,18.004,37.04,143.53,3.67623e-05,4.1152,355.0
2007-09-28 15:00:00.000039936,18.004,37.04,148.16,3.8238195e-05,6.6872,340.0
2007-09-28 18:00:00.000039936,18.004,37.04,152.79,3.9709896e-05,6.6872,310.0
2007-09-28 21:00:00.000039936,18.004,74.08,159.73502,4.0199502e-05,8.2304,280.0
