Time,Vmax,Rmax_IBT,R34,fcor,u_trans,v_trans
2015-11-09 06:00:00.000039936,18.004,74.08,37.04,5.7920843e-05,6.1728,300.0
2015-11-09 09:00:00.000039936,19.5472,46.3,39.355,5.862087e-05,6.1728,305.0
2015-11-09 12:00:00.000039936,20.576,18.52,41.670002,5.9551734e-05,6.1728,310.0
2015-11-09 15:00:00.000039936,22.1192,18.52,43.985,6.0479695e-05,6.1728,320.0
2015-11-09 18:00:00.000039936,23.148,18.52,46.3,6.1635496e-05,6.6872,330.0
2015-11-09 21:00:00.000039936,24.6912,33.336,55.56,6.3016254e-05,7.716,340.0
2015-11-10 00:00:00.000039936,25.720001,46.3,64.82,6.4846485e-05,8.2304,350.0
2015-11-10 03:00:00.000039936,27.2632,46.3,69.45,6.666408e-05,8.2304,0.0
2015-11-10 06:00:00.000039936,28.292,46.3,74.08,6.8468675e-05,8.2304,15.0
2015-11-10 09:00:00.000039936,29.835201,37.04,78.71001,7.003676e-05,8.744801,25.0
2015-11-10 12:00:00.000039936,30.864,27.78,83.340004,7.181604e-05,9.2592,30.0
2015-11-10 15:00:00.000039936,30.864,27.78,83.340004,7.3581316e-05,10.802401,35.0
2015-11-10 18:00:00.000039936,30.864,27.78,83.340004,7.5550095e-05,12.860001,45.0
2015-11-10 21:00:00.000039936,32.4072,27.78,97.23,7.750023e-05,15.432,50.0
2015-11-11 00:00:00.000039936,33.436,27.78,111.12,7.9644604e-05,17.489601,50.0
2015-11-11 03:00:00.000039936,34.979202,27.78,125.01,8.197536e-05,19.0328,55.0
2015-11-11 06:00:00.000039936,36.008,27.78,138.9,8.4068044e-05,20.576,65.0
2015-11-11 09:00:00.000039936,37.5512,42.596,192.145,8.5311396e-05,22.1192,75.0
2015-11-11 12:00:00.000039936,38.58,55.56,245.38998,8.613512e-05,21.0904,75.0
2015-11-11 15:00:00.000039936,36.008,55.56,259.28,8.756649e-05,19.0328,70.0
2015-11-11 18:00:00.000039936,33.436,55.56,273.16998,8.898478e-05,16.4608,65.0
2015-11-11 21:00:00.000039936,33.436,55.56,289.375,9.038981e-05,14.4032,65.0
2015-11-12 00:00:00.000039936,33.436,55.56,305.58002,9.1583395e-05,13.8888,65.0
2015-11-12 03:00:00.000039936,33.436,55.56,324.09998,9.2766924e-05,13.3744,65.0
2015-11-12 06:00:00.000039936,33.436,55.56,342.62,9.374543e-05,11.3168,55.0
2015-11-12 09:00:00.000039936,30.864,55.56,342.62,9.5103336e-05,9.2592,45.0
2015-11-12 12:00:00.000039936,28.292,55.56,342.62,9.625596e-05,6.6872,35.0
2015-11-12 15:00:00.000039936,28.292,64.82,342.62,9.701853e-05,3.6008,30.0
2015-11-12 18:00:00.000039936,28.292,74.08,342.62,9.7398035e-05,1.5432,80.0
2015-11-12 21:00:00.000039936,27.2632,74.08,513.93,9.720843e-05,3.6008,125.0
2015-11-13 00:00:00.000039936,25.720001,74.08,685.24,9.6637836e-05,5.6584,125.0
2015-11-13 03:00:00.000039936,24.6912,74.08,685.24,9.587293e-05,7.716,120.0
2015-11-13 06:00:00.000039936,23.148,74.08,685.24,9.529617e-05,8.2304,105.0
2015-11-13 09:00:00.000039936,23.148,74.08,685.24,9.5103336e-05,8.2304,95.0
