Time,Vmax,Rmax_IBT,R34,fcor,u_trans,v_trans
2012-08-30 12:00:00.000039936,18.004,92.6,13.89,3.47882e-05,8.2304,280.0
2012-08-30 15:00:00.000039936,19.5472,83.34,32.41,3.5282377e-05,8.2304,285.0
2012-08-30 18:00:00.000039936,20.576,74.08,50.93,3.577612e-05,8.2304,285.0
2012-08-30 21:00:00.000039936,22.1192,70.376,50.93,3.626943e-05,8.2304,290.0
2012-08-31 00:00:00.000039936,23.148,64.82,50.93,3.700857e-05,8.2304,290.0
2012-08-31 03:00:00.000039936,24.6912,55.56,71.765,3.7746686e-05,8.744801,290.0
2012-08-31 06:00:00.000039936,25.720001,46.3,92.6,3.8483773e-05,8.744801,295.0
2012-08-31 09:00:00.000039936,27.2632,46.3,92.6,3.9464914e-05,8.744801,295.0
2012-08-31 12:00:00.000039936,28.292,46.3,92.6,4.0199502e-05,8.744801,290.0
2012-08-31 15:00:00.000039936,28.292,46.3,104.175,4.093299e-05,8.2304,290.0
2012-08-31 18:00:00.000039936,28.292,46.3,115.75,4.142137e-05,8.2304,290.0
2012-08-31 21:00:00.000039936,29.835201,46.3,115.75,4.2152973e-05,8.2304,290.0
2012-09-01 00:00:00.000039936,30.864,46.3,115.75,4.288343e-05,8.2304,290.0
2012-09-01 03:00:00.000039936,30.864,46.3,134.26999,4.3612705e-05,8.2304,290.0
2012-09-01 06:00:00.000039936,30.864,46.3,152.79001,4.409823e-05,8.2304,290.0
2012-09-01 09:00:00.000039936,30.864,51.856,173.625,4.458322e-05,7.716,290.0
2012-09-01 12:00:00.000039936,30.864,55.56,194.46,4.5309676e-05,8.2304,290.0
2012-09-01 15:00:00.000039936,30.864,55.56,199.09,4.6034886e-05,8.2304,295.0
2012-09-01 18:00:00.000039936,30.864,55.56,203.72,4.6999867e-05,7.716,300.0
2012-09-01 21:00:00.000039936,30.864,64.82,217.61,4.796257e-05,7.716,305.0
2012-09-02 00:00:00.000039936,30.864,74.08,231.5,4.892293e-05,7.716,305.0
2012-09-02 03:00:00.000039936,29.835201,83.34,231.5,4.9880902e-05,7.716,305.0
2012-09-02 06:00:00.000039936,28.292,92.6,231.5,5.083645e-05,7.716,300.0
2012-09-02 09:00:00.000039936,27.2632,101.86,245.38998,5.178951e-05,7.716,305.0
2012-09-02 12:00:00.000039936,25.720001,111.12,259.28,5.2740055e-05,6.6872,310.0
2012-09-02 15:00:00.000039936,25.720001,111.12,254.65,5.3688025e-05,5.6584,325.0
2012-09-02 18:00:00.000039936,25.720001,111.12,250.01999,5.4869302e-05,5.144,335.0
2012-09-02 21:00:00.000039936,25.720001,111.12,250.01999,5.581132e-05,4.6296,340.0
2012-09-03 00:00:00.000039936,25.720001,111.12,250.01999,5.6750614e-05,4.1152,335.0
2012-09-03 03:00:00.000039936,25.720001,111.12,250.01999,5.7453286e-05,3.6008,315.0
2012-09-03 06:00:00.000039936,25.720001,111.12,250.01999,5.7920843e-05,2.572,300.0
2012-09-03 09:00:00.000039936,25.720001,111.12,250.01999,5.8154368e-05,2.0576,285.0
2012-09-03 12:00:00.000039936,25.720001,111.12,250.01999,5.8154368e-05,1.5432,300.0
2012-09-03 15:00:00.000039936,27.2632,111.12,247.705,5.83877e-05,2.0576,330.0
2012-09-03 18:00:00.000039936,28.292,111.12,245.39,5.8853857e-05,2.0576,5.0
2012-09-03 21:00:00.000039936,29.835201,111.12,247.70499,5.9319285e-05,2.0576,25.0
2012-09-04 00:00:00.000039936,30.864,111.12,250.01999,5.9784e-05,2.0576,25.0
2012-09-04 03:00:00.000039936,30.864,101.86,247.70499,6.0247978e-05,1.5432,15.0
2012-09-04 06:00:00.000039936,30.864,92.6,245.38998,6.0479695e-05,1.5432,5.0
2012-09-04 09:00:00.000039936,30.864,92.6,243.075,6.0942573e-05,1.5432,0.0
2012-09-04 12:00:00.000039936,30.864,92.6,240.76,6.1173734e-05,1.5432,350.0
2012-09-04 15:00:00.000039936,30.864,92.6,236.13,6.14047e-05,1.0288,335.0
2012-09-04 18:00:00.000039936,30.864,92.6,231.5,6.1635496e-05,1.0288,320.0
2012-09-04 21:00:00.000039936,30.864,92.6,231.5,6.186609e-05,1.5432,320.0
2012-09-05 00:00:00.000039936,30.864,92.6,231.5,6.20965e-05,1.0288,335.0
2012-09-05 03:00:00.000039936,32.4072,92.6,240.76,6.2326726e-05,1.0288,10.0
2012-09-05 06:00:00.000039936,33.436,92.6,250.01999,6.255676e-05,1.0288,10.0
2012-09-05 09:00:00.000039936,34.979202,83.34,250.01999,6.278661e-05,1.0288,10.0
2012-09-05 12:00:00.000039936,36.008,74.08,250.01999,6.3016254e-05,1.0288,15.0
2012-09-05 15:00:00.000039936,36.008,51.856,252.33499,6.324571e-05,1.0288,25.0
2012-09-05 18:00:00.000039936,36.008,27.78,254.65,6.3474974e-05,1.0288,25.0
2012-09-05 21:00:00.000039936,34.979202,27.78,261.595,6.370404e-05,1.0288,25.0
2012-09-06 00:00:00.000039936,33.436,27.78,268.54,6.393293e-05,1.0288,25.0
2012-09-06 03:00:00.000039936,33.436,27.78,268.54,6.416161e-05,1.0288,25.0
2012-09-06 06:00:00.000039936,33.436,27.78,268.54,6.43901e-05,1.0288,30.0
2012-09-06 09:00:00.000039936,33.436,27.78,268.54,6.461839e-05,0.5144,40.0
2012-09-06 12:00:00.000039936,33.436,27.78,268.54,6.461839e-05,0.5144,40.0
2012-09-06 15:00:00.000039936,33.436,27.78,259.28,6.461839e-05,0.5144,40.0
2012-09-06 18:00:00.000039936,33.436,27.78,250.01999,6.4846485e-05,0.5144,45.0
2012-09-06 21:00:00.000039936,33.436,42.596,250.01999,6.507438e-05,0.5144,40.0
2012-09-07 00:00:00.000039936,33.436,55.56,250.01999,6.507438e-05,0.5144,15.0
2012-09-07 03:00:00.000039936,33.436,55.56,250.01999,6.507438e-05,0.5144,0.0
2012-09-07 06:00:00.000039936,33.436,55.56,250.01999,6.530208e-05,0.5144,355.0
2012-09-07 09:00:00.000039936,32.4072,55.56,250.01999,6.552959e-05,1.0288,10.0
2012-09-07 12:00:00.000039936,30.864,55.56,250.01999,6.575688e-05,1.5432,0.0
2012-09-07 15:00:00.000039936,30.864,55.56,252.33499,6.5983986e-05,1.5432,0.0
2012-09-07 18:00:00.000039936,30.864,55.56,254.65,6.643758e-05,1.5432,355.0
2012-09-07 21:00:00.000039936,30.864,92.6,254.65,6.666408e-05,1.5432,345.0
2012-09-08 00:00:00.000039936,30.864,129.64,254.65,6.711647e-05,2.0576,345.0
2012-09-08 03:00:00.000039936,29.835201,129.64,254.65,6.756802e-05,2.0576,350.0
2012-09-08 06:00:00.000039936,28.292,129.64,254.65,6.801876e-05,2.572,350.0
2012-09-08 09:00:00.000039936,28.292,129.64,254.65,6.8468675e-05,2.572,350.0
2012-09-08 12:00:00.000039936,28.292,129.64,254.65,6.914198e-05,3.0864,355.0
2012-09-08 15:00:00.000039936,28.292,129.64,254.65,6.981338e-05,3.6008,0.0
2012-09-08 18:00:00.000039936,28.292,129.64,254.65,7.07056e-05,3.6008,355.0
2012-09-08 21:00:00.000039936,28.292,129.64,254.65,7.137252e-05,3.6008,355.0
2012-09-09 00:00:00.000039936,28.292,129.64,254.65,7.2258685e-05,3.6008,355.0
2012-09-09 03:00:00.000039936,28.292,138.9,266.22498,7.314133e-05,4.1152,0.0
2012-09-09 06:00:00.000039936,28.292,148.16,277.8,7.402041e-05,4.6296,0.0
2012-09-09 09:00:00.000039936,28.292,148.16,277.8,7.511419e-05,5.144,5.0
2012-09-09 12:00:00.000039936,28.292,148.16,277.8,7.620224e-05,5.6584,5.0
2012-09-09 15:00:00.000039936,28.292,148.16,275.485,7.728449e-05,5.6584,10.0
2012-09-09 18:00:00.000039936,28.292,148.16,273.16998,7.85754e-05,6.1728,10.0
2012-09-09 21:00:00.000039936,28.292,148.16,273.16998,7.9857724e-05,6.1728,10.0
2012-09-10 00:00:00.000039936,28.292,148.16,273.16998,8.113127e-05,6.6872,10.0
2012-09-10 03:00:00.000039936,29.835201,148.16,287.06,8.239592e-05,6.6872,15.0
2012-09-10 06:00:00.000039936,30.864,148.16,300.95,8.3859915e-05,6.6872,20.0
2012-09-10 09:00:00.000039936,32.4072,148.16,300.95,8.510482e-05,7.716,25.0
2012-09-10 12:00:00.000039936,33.436,148.16,300.95,8.6545406e-05,9.2592,25.0
2012-09-10 15:00:00.000039936,33.436,148.16,300.95,8.858091e-05,11.3168,20.0
2012-09-10 18:00:00.000039936,33.436,148.16,300.95,9.078879e-05,12.860001,20.0
2012-09-10 21:00:00.000039936,33.436,120.38,300.95,9.315918e-05,14.4032,20.0
2012-09-11 00:00:00.000039936,33.436,92.6,300.95,9.587293e-05,14.917601,20.0
2012-09-11 03:00:00.000039936,33.436,138.9,351.88,9.852942e-05,15.9464,20.0
2012-09-11 06:00:00.000039936,33.436,185.2,402.81,0.00010131037,18.5184,25.0
2012-09-11 09:00:00.000039936,33.436,185.2,402.81,0.00010455568,21.0904,25.0
