Time,Vmax,Rmax_IBT,R34,fcor,u_trans,v_trans
2012-09-04 06:00:00.000039936,18.004,27.78,23.150002,6.43901e-05,3.6008,315.0
2012-09-04 09:00:00.000039936,19.5472,27.78,30.095001,6.507438e-05,3.6008,320.0
2012-09-04 12:00:00.000039936,20.576,27.78,37.04,6.552959e-05,3.0864,325.0
2012-09-04 15:00:00.000039936,22.1192,27.78,41.67,6.5983986e-05,2.0576,335.0
2012-09-04 18:00:00.000039936,23.148,27.78,46.300003,6.643758e-05,2.0576,340.0
2012-09-04 21:00:00.000039936,23.148,27.78,46.300003,6.666408e-05,1.5432,345.0
2012-09-05 00:00:00.000039936,23.148,27.78,46.300003,6.711647e-05,1.5432,350.0
2012-09-05 03:00:00.000039936,23.148,33.336,48.615,6.756802e-05,2.0576,0.0
2012-09-05 06:00:00.000039936,23.148,37.04,50.93,6.801876e-05,2.0576,20.0
2012-09-05 09:00:00.000039936,24.6912,37.04,57.875,6.8468675e-05,2.572,35.0
2012-09-05 12:00:00.000039936,25.720001,37.04,64.82,6.8917754e-05,2.572,40.0
2012-09-05 15:00:00.000039936,29.835201,27.78,64.82,6.936598e-05,2.572,40.0
2012-09-05 18:00:00.000039936,33.436,18.52,64.82,6.981338e-05,3.0864,45.0
2012-09-05 21:00:00.000039936,37.5512,18.52,69.450005,7.025991e-05,3.0864,50.0
2012-09-06 00:00:00.000039936,41.152,18.52,74.08,7.07056e-05,3.0864,50.0
2012-09-06 03:00:00.000039936,45.2672,18.52,81.025,7.115043e-05,3.6008,55.0
2012-09-06 06:00:00.000039936,48.868,18.52,87.97,7.159438e-05,3.6008,50.0
2012-09-06 09:00:00.000039936,50.4112,18.52,87.97,7.2258685e-05,3.6008,45.0
2012-09-06 12:00:00.000039936,51.440002,18.52,87.97,7.270045e-05,3.0864,45.0
2012-09-06 15:00:00.000039936,50.4112,24.076,90.285,7.314133e-05,2.572,40.0
2012-09-06 18:00:00.000039936,48.868,27.78,92.600006,7.3581316e-05,2.0576,35.0
2012-09-06 21:00:00.000039936,47.8392,27.78,97.23,7.402041e-05,1.5432,30.0
2012-09-07 00:00:00.000039936,46.296,27.78,101.86,7.423962e-05,1.5432,15.0
2012-09-07 03:00:00.000039936,46.296,27.78,101.86,7.467736e-05,1.5432,0.0
2012-09-07 06:00:00.000039936,46.296,27.78,101.86,7.4895885e-05,1.5432,340.0
2012-09-07 09:00:00.000039936,46.296,27.78,101.86,7.511419e-05,1.5432,320.0
2012-09-07 12:00:00.000039936,46.296,27.78,101.86,7.533226e-05,1.5432,315.0
2012-09-07 15:00:00.000039936,45.2672,27.78,101.86,7.5550095e-05,1.5432,320.0
2012-09-07 18:00:00.000039936,43.724,27.78,101.86,7.576771e-05,1.5432,320.0
2012-09-07 21:00:00.000039936,42.6952,27.78,97.23,7.5985095e-05,2.0576,320.0
2012-09-08 00:00:00.000039936,41.152,27.78,92.600006,7.641916e-05,2.0576,330.0
2012-09-08 03:00:00.000039936,41.152,27.78,92.600006,7.6852295e-05,2.0576,335.0
2012-09-08 06:00:00.000039936,41.152,27.78,92.600006,7.728449e-05,2.0576,340.0
2012-09-08 09:00:00.000039936,42.6952,24.076,92.600006,7.771575e-05,2.0576,335.0
2012-09-08 12:00:00.000039936,43.724,18.52,92.600006,7.814606e-05,2.572,340.0
2012-09-08 15:00:00.000039936,45.2672,18.52,92.600006,7.85754e-05,2.572,340.0
2012-09-08 18:00:00.000039936,46.296,18.52,92.600006,7.921766e-05,2.572,340.0
2012-09-08 21:00:00.000039936,46.296,18.52,92.600006,7.9644604e-05,2.0576,335.0
2012-09-09 00:00:00.000039936,46.296,18.52,92.600006,8.007058e-05,2.0576,330.0
2012-09-09 03:00:00.000039936,45.2672,18.52,92.600006,8.049559e-05,2.0576,320.0
2012-09-09 06:00:00.000039936,43.724,18.52,92.600006,8.070772e-05,1.5432,310.0
2012-09-09 09:00:00.000039936,43.724,18.52,99.545006,8.0919635e-05,1.5432,290.0
2012-09-09 12:00:00.000039936,43.724,18.52,106.49,8.0919635e-05,2.0576,275.0
2012-09-09 15:00:00.000039936,42.6952,18.52,106.49,8.0919635e-05,2.572,270.0
2012-09-09 18:00:00.000039936,41.152,18.52,106.49,8.0919635e-05,2.572,265.0
2012-09-09 21:00:00.000039936,40.1232,18.52,113.435,8.0919635e-05,2.572,260.0
2012-09-10 00:00:00.000039936,38.58,18.52,120.38,8.070772e-05,3.0864,250.0
2012-09-10 03:00:00.000039936,37.5512,24.076,120.38,8.049559e-05,3.6008,255.0
2012-09-10 06:00:00.000039936,36.008,27.78,120.38,8.028322e-05,3.6008,270.0
2012-09-10 09:00:00.000039936,36.008,27.78,120.38,8.049559e-05,4.1152,285.0
2012-09-10 12:00:00.000039936,36.008,27.78,120.38,8.070772e-05,4.6296,285.0
2012-09-10 15:00:00.000039936,34.979202,27.78,120.38,8.0919635e-05,5.144,290.0
2012-09-10 18:00:00.000039936,33.436,27.78,120.38,8.134267e-05,5.6584,300.0
2012-09-10 21:00:00.000039936,32.4072,27.78,106.49,8.2185776e-05,6.1728,320.0
2012-09-11 00:00:00.000039936,30.864,27.78,92.6,8.3234e-05,6.6872,345.0
2012-09-11 03:00:00.000039936,29.835201,33.336,78.71,8.469088e-05,8.2304,0.0
2012-09-11 06:00:00.000039936,28.292,37.04,64.82,8.6545406e-05,8.744801,5.0
2012-09-11 09:00:00.000039936,25.720001,37.04,64.82,8.837856e-05,9.2592,5.0
2012-09-11 12:00:00.000039936,23.148,37.04,64.82,9.0189926e-05,9.7736,15.0
2012-09-11 15:00:00.000039936,22.1192,37.04,64.82,9.217642e-05,10.802401,20.0
