Time,Vmax,Rmax_IBT,R34,fcor,u_trans,v_trans
2013-10-21 12:00:00.000039936,18.004,111.12,55.56,6.8917754e-05,3.6008,30.0
2013-10-21 15:00:00.000039936,18.004,83.34,55.56,6.958979e-05,4.1152,40.0
2013-10-21 18:00:00.000039936,18.004,55.56,55.56,7.025991e-05,4.1152,55.0
2013-10-21 21:00:00.000039936,18.004,83.34,55.56,7.07056e-05,4.1152,65.0
2013-10-22 00:00:00.000039936,18.004,111.12,55.56,7.092813e-05,4.1152,75.0
2013-10-22 03:00:00.000039936,19.5472,92.6,55.56,7.115043e-05,4.1152,75.0
2013-10-22 06:00:00.000039936,20.576,74.08,55.56,7.137252e-05,4.1152,80.0
2013-10-22 09:00:00.000039936,22.1192,74.08,74.08,7.159438e-05,4.1152,85.0
2013-10-22 12:00:00.000039936,23.148,74.08,92.600006,7.159438e-05,4.1152,85.0
2013-10-22 15:00:00.000039936,23.148,74.08,92.600006,7.181604e-05,4.1152,85.0
2013-10-22 18:00:00.000039936,23.148,74.08,92.600006,7.181604e-05,4.1152,85.0
2013-10-22 21:00:00.000039936,23.148,74.08,92.600006,7.181604e-05,4.1152,90.0
2013-10-23 00:00:00.000039936,23.148,74.08,92.600006,7.181604e-05,4.1152,90.0
2013-10-23 03:00:00.000039936,23.148,74.08,92.600006,7.181604e-05,3.6008,90.0
2013-10-23 06:00:00.000039936,23.148,74.08,92.600006,7.181604e-05,3.0864,95.0
2013-10-23 09:00:00.000039936,22.1192,74.08,92.600006,7.181604e-05,2.0576,105.0
2013-10-23 12:00:00.000039936,20.576,74.08,92.600006,7.159438e-05,2.0576,110.0
2013-10-23 15:00:00.000039936,19.5472,74.08,92.600006,7.137252e-05,2.0576,105.0
