Time,Vmax,Rmax_IBT,R34,fcor,u_trans,v_trans
2003-09-06 12:00:00.000040448,20.576,46.3,115.74999,3.4293596e-05,5.6584,255.0
2003-09-06 15:00:00.000040448,22.1192,46.3,115.74999,3.404614e-05,5.144,260.0
2003-09-06 18:00:00.000040448,23.148,46.3,115.74999,3.3798577e-05,4.6296,265.0
2003-09-06 21:00:00.000040448,25.720001,46.3,127.325,3.3798577e-05,4.6296,275.0
2003-09-07 00:00:00.000040448,28.292,46.3,138.9,3.404614e-05,4.1152,290.0
2003-09-07 03:00:00.000040448,29.835201,46.3,138.9,3.454095e-05,4.1152,300.0
2003-09-07 06:00:00.000040448,30.864,46.3,138.9,3.5035337e-05,4.1152,305.0
2003-09-07 09:00:00.000040448,32.4072,46.3,144.456,3.5529305e-05,4.6296,305.0
2003-09-07 12:00:00.000040448,33.436,46.3,148.16,3.626943e-05,6.1728,305.0
2003-09-07 15:00:00.000040448,34.979202,46.3,148.16,3.7254722e-05,7.2016,305.0
2003-09-07 18:00:00.000040448,36.008,46.3,148.16,3.8238195e-05,7.2016,300.0
2003-09-07 21:00:00.000040448,38.58,46.3,148.16,3.897458e-05,6.6872,295.0
2003-09-08 00:00:00.000040448,41.152,46.3,148.16,3.9709896e-05,6.6872,300.0
2003-09-08 03:00:00.000040448,45.2672,46.3,157.42,4.0444127e-05,7.2016,300.0
2003-09-08 06:00:00.000040448,48.868,46.3,166.68,4.142137e-05,6.6872,300.0
2003-09-08 09:00:00.000040448,52.9832,46.3,166.68,4.2152973e-05,6.1728,300.0
2003-09-08 12:00:00.000040448,56.584,46.3,166.68,4.288343e-05,6.1728,295.0
2003-09-08 15:00:00.000040448,56.584,46.3,185.20001,4.3369746e-05,6.1728,295.0
2003-09-08 18:00:00.000040448,56.584,46.3,203.72,4.409823e-05,5.6584,300.0
2003-09-08 21:00:00.000040448,58.1272,46.3,198.164,4.4825505e-05,5.6584,300.0
2003-09-09 00:00:00.000040448,59.156002,46.3,192.14499,4.5551555e-05,6.1728,305.0
2003-09-09 03:00:00.000040448,59.156002,46.3,206.035,4.651767e-05,6.6872,305.0
2003-09-09 06:00:00.000040448,59.156002,46.3,219.925,4.7240763e-05,6.1728,300.0
2003-09-09 09:00:00.000040448,59.156002,46.3,219.925,4.796257e-05,6.1728,295.0
2003-09-09 12:00:00.000040448,59.156002,46.3,219.925,4.844305e-05,5.6584,300.0
2003-09-09 15:00:00.000040448,59.156002,46.3,219.925,4.916265e-05,5.6584,305.0
2003-09-09 18:00:00.000040448,59.156002,46.3,219.925,4.9880902e-05,5.6584,300.0
2003-09-09 21:00:00.000040448,58.1272,46.3,225.944,5.059779e-05,5.6584,300.0
2003-09-10 00:00:00.000040448,56.584,46.3,231.5,5.1074945e-05,5.6584,295.0
2003-09-10 03:00:00.000040448,56.584,46.3,231.5,5.155148e-05,5.6584,290.0
2003-09-10 06:00:00.000040448,56.584,46.3,231.5,5.2027382e-05,5.144,285.0
2003-09-10 09:00:00.000040448,58.1272,46.3,240.76,5.22651e-05,5.144,280.0
2003-09-10 12:00:00.000040448,59.156002,46.3,250.02,5.250265e-05,4.6296,275.0
2003-09-10 15:00:00.000040448,60.6992,46.3,254.65001,5.250265e-05,4.6296,270.0
2003-09-10 18:00:00.000040448,61.728,46.3,259.28,5.250265e-05,4.6296,270.0
2003-09-10 21:00:00.000040448,63.271202,42.596,245.39001,5.250265e-05,4.1152,275.0
2003-09-11 00:00:00.000040448,64.3,37.04,231.5,5.2740055e-05,4.1152,275.0
2003-09-11 03:00:00.000040448,64.3,37.04,231.5,5.2740055e-05,4.1152,275.0
2003-09-11 06:00:00.000040448,64.3,37.04,231.5,5.2977284e-05,4.1152,275.0
2003-09-11 09:00:00.000040448,66.872,37.04,231.5,5.2977284e-05,4.1152,280.0
2003-09-11 12:00:00.000040448,69.444,37.04,231.5,5.321436e-05,3.6008,280.0
2003-09-11 15:00:00.000040448,72.016,37.04,236.13,5.321436e-05,4.1152,280.0
2003-09-11 18:00:00.000040448,74.588,37.04,240.76001,5.345127e-05,4.1152,275.0
2003-09-11 21:00:00.000040448,73.559204,37.04,240.76001,5.345127e-05,4.1152,275.0
2003-09-12 00:00:00.000040448,72.016,37.04,240.76001,5.3688025e-05,4.6296,280.0
2003-09-12 03:00:00.000040448,72.016,37.04,240.76001,5.392461e-05,4.1152,275.0
2003-09-12 06:00:00.000040448,72.016,37.04,240.76001,5.392461e-05,4.1152,270.0
2003-09-12 09:00:00.000040448,72.016,42.596,240.76001,5.3688025e-05,4.1152,260.0
2003-09-12 12:00:00.000040448,72.016,46.3,240.76001,5.3688025e-05,3.6008,270.0
2003-09-12 15:00:00.000040448,72.016,37.04,242.14899,5.3688025e-05,4.1152,280.0
2003-09-12 18:00:00.000040448,72.016,27.78,243.07501,5.392461e-05,4.1152,280.0
2003-09-12 21:00:00.000040448,70.9872,27.78,243.07501,5.392461e-05,4.1152,275.0
2003-09-13 00:00:00.000040448,69.444,27.78,243.07501,5.4161024e-05,4.6296,275.0
2003-09-13 03:00:00.000040448,68.4152,27.78,238.445,5.4161024e-05,4.6296,275.0
2003-09-13 06:00:00.000040448,66.872,27.78,233.815,5.439729e-05,4.6296,280.0
2003-09-13 09:00:00.000040448,68.4152,33.336,239.83401,5.4633376e-05,4.6296,285.0
2003-09-13 12:00:00.000040448,69.444,37.04,245.39001,5.4869302e-05,5.144,290.0
2003-09-13 15:00:00.000040448,70.9872,37.04,245.39001,5.5340646e-05,5.6584,290.0
2003-09-13 18:00:00.000040448,72.016,37.04,245.39001,5.581132e-05,6.1728,290.0
2003-09-13 21:00:00.000040448,70.9872,42.596,256.965,5.6281307e-05,6.1728,290.0
2003-09-14 00:00:00.000040448,69.444,46.3,268.53998,5.6750614e-05,6.1728,285.0
2003-09-14 03:00:00.000040448,69.444,46.3,291.227,5.721923e-05,6.1728,285.0
2003-09-14 06:00:00.000040448,69.444,46.3,312.52502,5.7453286e-05,6.1728,285.0
2003-09-14 09:00:00.000040448,69.444,46.3,312.52502,5.768715e-05,5.6584,285.0
2003-09-14 12:00:00.000040448,69.444,46.3,312.52502,5.8154368e-05,6.1728,285.0
2003-09-14 15:00:00.000040448,70.9872,46.3,312.52502,5.862087e-05,6.1728,290.0
2003-09-14 18:00:00.000040448,72.016,46.3,312.52502,5.9086666e-05,5.144,295.0
2003-09-14 21:00:00.000040448,69.444,46.3,323.637,5.9551734e-05,4.6296,295.0
2003-09-15 00:00:00.000040448,66.872,46.3,333.36,6.0016075e-05,4.6296,290.0
2003-09-15 03:00:00.000040448,65.8432,55.56,333.36,6.0247978e-05,4.1152,285.0
2003-09-15 06:00:00.000040448,64.3,64.82,333.36,6.0479695e-05,3.6008,290.0
2003-09-15 09:00:00.000040448,63.271202,61.116,333.36,6.0711227e-05,3.0864,300.0
2003-09-15 12:00:00.000040448,61.728,55.56,333.36,6.1173734e-05,3.0864,315.0
2003-09-15 15:00:00.000040448,60.6992,55.56,314.84,6.1635496e-05,3.0864,325.0
2003-09-15 18:00:00.000040448,59.156002,55.56,296.32,6.2326726e-05,3.0864,320.0
2003-09-15 21:00:00.000040448,56.584,55.56,293.079,6.278661e-05,2.572,320.0
2003-09-16 00:00:00.000040448,54.012,55.56,289.375,6.324571e-05,3.0864,330.0
2003-09-16 03:00:00.000040448,52.9832,64.82,289.375,6.393293e-05,3.6008,335.0
2003-09-16 06:00:00.000040448,51.440002,74.08,289.375,6.461839e-05,3.0864,330.0
2003-09-16 09:00:00.000040448,50.4112,83.34,295.39398,6.530208e-05,3.0864,325.0
2003-09-16 12:00:00.000040448,48.868,92.6,300.95,6.575688e-05,3.0864,330.0
2003-09-16 15:00:00.000040448,48.868,98.156,321.78497,6.643758e-05,3.6008,335.0
2003-09-16 18:00:00.000040448,48.868,101.86,342.62,6.711647e-05,3.6008,340.0
2003-09-16 21:00:00.000040448,48.868,101.86,354.195,6.7793495e-05,4.1152,340.0
2003-09-17 00:00:00.000040448,48.868,101.86,365.77,6.869332e-05,4.1152,340.0
2003-09-17 03:00:00.000040448,48.868,101.86,368.548,6.958979e-05,4.6296,335.0
2003-09-17 06:00:00.000040448,48.868,101.86,370.4,7.048288e-05,4.6296,330.0
2003-09-17 09:00:00.000040448,47.8392,101.86,370.4,7.137252e-05,5.144,325.0
2003-09-17 12:00:00.000040448,46.296,101.86,370.4,7.2258685e-05,5.144,330.0
2003-09-17 15:00:00.000040448,46.296,88.895996,387.99402,7.314133e-05,5.144,335.0
2003-09-17 18:00:00.000040448,46.296,74.08,405.125,7.423962e-05,5.144,335.0
2003-09-17 21:00:00.000040448,46.296,74.08,405.125,7.511419e-05,5.144,335.0
2003-09-18 00:00:00.000040448,46.296,74.08,405.125,7.620224e-05,5.6584,330.0
2003-09-18 03:00:00.000040448,46.296,79.636,411.144,7.728449e-05,6.1728,325.0
2003-09-18 06:00:00.000040448,46.296,83.34,416.69998,7.8360856e-05,6.6872,325.0
2003-09-18 09:00:00.000040448,46.296,83.34,428.27496,7.9644604e-05,7.2016,330.0
2003-09-18 12:00:00.000040448,46.296,83.34,439.84998,8.0919635e-05,8.2304,325.0
2003-09-18 15:00:00.000040448,46.296,77.784,428.27502,8.239592e-05,9.2592,325.0
2003-09-18 17:00:00.000053760,46.296,74.08,420.404,8.34429e-05,8.744801,325.0
2003-09-18 18:00:00.000040448,43.724,83.34,416.7,8.3859915e-05,8.744801,325.0
