Time,Vmax,Rmax_IBT,R34,fcor,u_trans,v_trans
2020-08-21 09:00:00.000039936,18.004,120.38,87.97,4.239659e-05,9.2592,275.0
2020-08-21 12:00:00.000039936,20.576,111.12,87.97,4.2640077e-05,8.744801,275.0
2020-08-21 15:00:00.000039936,20.576,111.12,113.435,4.288343e-05,8.2304,275.0
2020-08-21 18:00:00.000039936,20.576,111.12,138.9,4.288343e-05,8.2304,270.0
2020-08-21 20:30:00.000066560,20.576,111.12,138.9,4.288343e-05,8.2304,270.0
2020-08-21 21:00:00.000039936,20.576,111.12,138.9,4.288343e-05,7.716,270.0
2020-08-21 23:30:00.000066560,20.576,111.12,138.9,4.288343e-05,8.744801,270.0
2020-08-22 00:00:00.000039936,20.576,185.2,166.68,4.288343e-05,9.7736,275.0
2020-08-22 03:00:00.000039936,20.576,185.2,166.68,4.3126656e-05,8.2304,280.0
2020-08-22 06:00:00.000039936,20.576,185.2,166.68,4.3612705e-05,7.2016,285.0
2020-08-22 09:00:00.000039936,22.1192,185.2,166.68,4.409823e-05,7.716,280.0
2020-08-22 12:00:00.000039936,23.148,185.2,166.68,4.4340795e-05,7.716,280.0
2020-08-22 15:00:00.000039936,23.148,166.68,166.68,4.458322e-05,7.2016,280.0
2020-08-22 18:00:00.000039936,23.148,148.16,166.68,4.4825505e-05,7.2016,280.0
2020-08-22 21:00:00.000039936,23.148,129.64,152.79,4.506766e-05,7.2016,285.0
