Time,Vmax,Rmax_IBT,R34,fcor,u_trans,v_trans
2017-09-06 06:00:00.000039936,18.004,55.56,55.560005,5.510506e-05,2.572,115.0
2017-09-06 09:00:00.000039936,20.576,55.56,55.560005,5.4869302e-05,3.0864,110.0
2017-09-06 12:00:00.000039936,23.148,55.56,55.560005,5.4633376e-05,3.0864,110.0
2017-09-06 15:00:00.000039936,28.292,42.596,62.504997,5.439729e-05,3.0864,110.0
2017-09-06 18:00:00.000039936,33.436,27.78,69.45,5.4161024e-05,2.0576,110.0
2017-09-06 21:00:00.000039936,34.979202,18.52,69.45,5.392461e-05,1.5432,110.0
2017-09-07 00:00:00.000039936,36.008,9.26,69.45,5.392461e-05,1.5432,110.0
2017-09-07 03:00:00.000039936,36.008,9.26,69.45,5.3688025e-05,1.5432,110.0
2017-09-07 06:00:00.000039936,36.008,9.26,69.45,5.3688025e-05,0.5144,110.0
2017-09-07 09:00:00.000039936,36.008,9.26,69.45,5.3688025e-05,0.0,0.0
2017-09-07 12:00:00.000039936,36.008,9.26,69.45,5.3688025e-05,0.0,0.0
2017-09-07 15:00:00.000039936,36.008,9.26,71.765,5.3688025e-05,0.0,0.0
2017-09-07 18:00:00.000039936,36.008,9.26,74.08,5.3688025e-05,1.0288,255.0
2017-09-07 21:00:00.000039936,37.5512,14.816,81.025,5.3688025e-05,2.0576,255.0
2017-09-08 00:00:00.000039936,38.58,18.52,87.97,5.345127e-05,2.0576,255.0
2017-09-08 03:00:00.000039936,40.1232,18.52,87.97,5.345127e-05,1.5432,250.0
2017-09-08 06:00:00.000039936,41.152,18.52,87.97,5.321436e-05,2.0576,235.0
2017-09-08 09:00:00.000039936,42.6952,18.52,94.915,5.2740055e-05,2.572,230.0
2017-09-08 12:00:00.000039936,43.724,18.52,101.86,5.250265e-05,2.0576,250.0
2017-09-08 15:00:00.000039936,45.2672,18.52,101.86,5.250265e-05,2.572,270.0
2017-09-08 18:00:00.000039936,46.296,18.52,101.86,5.250265e-05,3.0864,260.0
2017-09-08 21:00:00.000039936,41.152,24.076,94.915,5.22651e-05,3.6008,245.0
2017-09-09 00:00:00.000039936,36.008,27.78,87.97,5.178951e-05,3.0864,235.0
