Time,Vmax,Rmax_IBT,R34,fcor,u_trans,v_trans
2019-09-23 06:00:00.000039936,18.004,166.68,18.52,2.7827968e-05,7.2016,270.0
2019-09-23 09:00:00.000039936,19.5472,101.86,18.52,2.7827968e-05,7.2016,275.0
2019-09-23 12:00:00.000039936,20.576,37.04,18.52,2.807779e-05,6.6872,275.0
2019-09-23 15:00:00.000039936,22.1192,37.04,27.779999,2.807779e-05,6.6872,275.0
2019-09-23 18:00:00.000039936,23.148,37.04,37.04,2.8327528e-05,6.6872,275.0
2019-09-23 21:00:00.000039936,24.6912,37.04,64.82,2.857718e-05,6.6872,280.0
2019-09-24 00:00:00.000039936,25.720001,37.04,92.600006,2.882674e-05,6.6872,285.0
2019-09-24 03:00:00.000039936,27.2632,33.336,104.175,2.9325609e-05,6.6872,285.0
2019-09-24 06:00:00.000039936,28.292,27.78,115.75,2.9824112e-05,7.2016,285.0
2019-09-24 09:00:00.000039936,28.292,27.78,148.16,3.0322259e-05,7.716,285.0
2019-09-24 12:00:00.000039936,28.292,27.78,180.56999,3.0820032e-05,7.716,285.0
2019-09-24 15:00:00.000039936,28.292,27.78,192.14499,3.131743e-05,7.716,285.0
2019-09-24 18:00:00.000039936,28.292,27.78,203.71999,3.1814445e-05,7.716,285.0
2019-09-24 21:00:00.000039936,29.835201,27.78,219.925,3.231108e-05,7.2016,285.0
2019-09-25 00:00:00.000039936,30.864,27.78,236.13,3.280731e-05,7.2016,285.0
2019-09-25 03:00:00.000039936,33.436,33.336,238.445,3.330315e-05,7.2016,285.0
2019-09-25 06:00:00.000039936,36.008,37.04,240.76001,3.3798577e-05,7.716,290.0
2019-09-25 09:00:00.000039936,37.5512,37.04,236.13,3.4293596e-05,7.716,290.0
2019-09-25 12:00:00.000039936,38.58,37.04,231.5,3.5035337e-05,8.2304,290.0
2019-09-25 15:00:00.000039936,40.1232,37.04,238.445,3.577612e-05,7.716,290.0
2019-09-25 18:00:00.000039936,41.152,37.04,245.38998,3.626943e-05,7.716,280.0
2019-09-25 21:00:00.000039936,42.6952,37.04,252.33499,3.651592e-05,7.716,275.0
2019-09-26 00:00:00.000039936,43.724,37.04,259.28,3.651592e-05,7.2016,275.0
2019-09-26 03:00:00.000039936,46.296,37.04,259.28,3.67623e-05,6.6872,280.0
2019-09-26 06:00:00.000039936,48.868,37.04,259.28,3.700857e-05,6.1728,285.0
2019-09-26 09:00:00.000039936,51.440002,37.04,284.745,3.7500762e-05,5.6584,295.0
2019-09-26 12:00:00.000039936,54.012,37.04,310.21,3.8238195e-05,5.6584,305.0
2019-09-26 15:00:00.000039936,56.584,37.04,310.21,3.9219805e-05,5.6584,315.0
2019-09-26 18:00:00.000039936,59.156002,37.04,310.21,4.0199502e-05,6.1728,325.0
2019-09-26 21:00:00.000039936,61.728,37.04,324.1,4.142137e-05,6.1728,330.0
2019-09-27 00:00:00.000039936,64.3,37.04,337.99,4.288343e-05,6.1728,330.0
2019-09-27 03:00:00.000039936,64.3,37.04,342.62,4.409823e-05,6.1728,325.0
2019-09-27 06:00:00.000039936,64.3,37.04,347.25,4.5309676e-05,6.1728,320.0
2019-09-27 09:00:00.000039936,63.271202,37.04,356.51,4.627635e-05,5.6584,315.0
2019-09-27 12:00:00.000039936,61.728,37.04,365.77002,4.7240763e-05,5.6584,315.0
2019-09-27 15:00:00.000039936,59.156002,37.04,368.08502,4.8202877e-05,5.144,315.0
2019-09-27 18:00:00.000039936,56.584,37.04,370.4,4.892293e-05,5.144,315.0
2019-09-27 21:00:00.000039936,55.5552,37.04,368.085,4.9641636e-05,5.144,315.0
2019-09-28 00:00:00.000039936,54.012,37.04,365.77002,5.059779e-05,4.6296,325.0
2019-09-28 03:00:00.000039936,52.9832,37.04,361.14,5.155148e-05,4.6296,335.0
2019-09-28 06:00:00.000039936,51.440002,37.04,356.51,5.250265e-05,4.6296,340.0
2019-09-28 09:00:00.000039936,52.9832,37.04,349.565,5.345127e-05,4.6296,345.0
2019-09-28 12:00:00.000039936,54.012,37.04,342.62,5.4633376e-05,4.6296,350.0
2019-09-28 15:00:00.000039936,56.584,37.04,340.305,5.5576067e-05,4.6296,355.0
2019-09-28 18:00:00.000039936,59.156002,37.04,337.99,5.6750614e-05,4.6296,355.0
2019-09-28 21:00:00.000039936,63.271202,37.04,337.99,5.768715e-05,4.6296,0.0
2019-09-29 00:00:00.000039936,66.872,37.04,337.99,5.8853857e-05,5.144,0.0
2019-09-29 03:00:00.000039936,72.016,37.04,337.99,6.0016075e-05,4.6296,0.0
2019-09-29 06:00:00.000039936,66.872,37.04,337.99,6.0942573e-05,4.6296,5.0
2019-09-29 09:00:00.000039936,61.728,37.04,337.99,6.186609e-05,4.6296,10.0
2019-09-29 12:00:00.000039936,56.584,37.04,337.99,6.3016254e-05,4.6296,20.0
2019-09-29 15:00:00.000039936,51.440002,37.04,344.935,6.393293e-05,4.6296,25.0
2019-09-29 18:00:00.000039936,46.296,37.04,351.87997,6.4846485e-05,4.6296,25.0
2019-09-29 21:00:00.000039936,46.296,42.596,368.085,6.575688e-05,4.6296,25.0
2019-09-30 00:00:00.000039936,46.296,46.3,384.29,6.666408e-05,5.144,20.0
2019-09-30 03:00:00.000039936,46.296,46.3,384.29,6.7793495e-05,5.6584,20.0
2019-09-30 06:00:00.000039936,46.296,46.3,384.29,6.8917754e-05,5.6584,20.0
2019-09-30 09:00:00.000039936,46.296,46.3,395.865,7.003676e-05,5.6584,20.0
2019-09-30 12:00:00.000039936,46.296,46.3,407.44,7.115043e-05,5.6584,20.0
2019-09-30 15:00:00.000039936,46.296,46.3,421.33002,7.2258685e-05,5.6584,25.0
2019-09-30 18:00:00.000039936,46.296,46.3,435.22003,7.336144e-05,5.6584,30.0
2019-09-30 21:00:00.000039936,46.296,51.856,456.055,7.4458614e-05,6.1728,35.0
2019-10-01 00:00:00.000039936,46.296,55.56,476.89,7.5550095e-05,7.716,35.0
2019-10-01 03:00:00.000039936,45.2672,55.56,476.89,7.6852295e-05,8.744801,35.0
2019-10-01 06:00:00.000039936,43.724,55.56,476.89,7.85754e-05,10.288,35.0
2019-10-01 09:00:00.000039936,43.724,55.56,488.46503,8.028322e-05,11.3168,40.0
2019-10-01 12:00:00.000039936,43.724,55.56,500.04004,8.2185776e-05,11.8312,45.0
2019-10-01 15:00:00.000039936,43.724,55.56,518.56,8.3859915e-05,12.3456,50.0
2019-10-01 18:00:00.000039936,43.724,55.56,537.08,8.551773e-05,12.860001,50.0
2019-10-01 21:00:00.000039936,43.724,64.82,548.65497,8.7362794e-05,13.8888,45.0
2019-10-02 00:00:00.000039936,43.724,74.08,560.23,8.938759e-05,15.432,45.0
2019-10-02 03:00:00.000039936,42.6952,74.08,560.23,9.1583395e-05,16.9752,45.0
2019-10-02 06:00:00.000039936,41.152,74.08,560.23,9.413484e-05,18.5184,45.0
2019-10-02 09:00:00.000039936,38.58,111.12,560.23,9.682832e-05,19.5472,40.0
2019-10-02 12:00:00.000039936,36.008,148.16,560.23,9.9464e-05,20.0616,45.0
2019-10-02 15:00:00.000039936,34.979202,148.16,560.23,0.00010204031,20.0616,40.0
2019-10-02 18:00:00.000039936,33.436,148.16,560.23,0.00010473298,20.0616,35.0
2019-10-02 21:00:00.000039936,32.4072,148.16,574.12,0.00010769781,19.5472,30.0
2019-10-03 00:00:00.000039936,30.864,148.16,588.01,0.00011040168,18.5184,30.0
2019-10-03 03:00:00.000039936,30.864,148.16,588.01,0.000112858404,16.9752,30.0
2019-10-03 06:00:00.000039936,30.864,148.16,588.01,0.00011492507,16.4608,35.0
2019-10-03 09:00:00.000039936,30.864,148.16,583.38,0.00011708451,15.9464,35.0
2019-10-03 12:00:00.000039936,30.864,148.16,578.75,0.000118732234,12.860001,40.0
2019-10-03 15:00:00.000039936,30.864,148.16,555.6,0.00012004786,9.7736,45.0
2019-10-03 18:00:00.000039936,30.864,148.16,532.44995,0.00012062309,7.716,75.0
2019-10-03 21:00:00.000039936,29.835201,148.16,493.095,0.00012062309,8.2304,105.0
2019-10-04 00:00:00.000039936,28.292,148.16,453.74,0.00012004786,8.744801,120.0
2019-10-04 03:00:00.000039936,27.2632,148.16,319.47,0.00011946678,8.2304,125.0
