Time,Vmax,Rmax_IBT,R34,fcor,u_trans,v_trans
2023-09-05 18:00:00.000039936,18.004,111.12,55.56,3.2559245e-05,7.716,290.0
2023-09-05 21:00:00.000039936,20.576,111.12,60.190002,3.305528e-05,7.2016,280.0
2023-09-06 00:00:00.000039936,23.148,111.12,64.82,3.330315e-05,7.2016,280.0
2023-09-06 03:00:00.000039936,25.720001,83.34,81.025,3.3550914e-05,7.2016,280.0
2023-09-06 06:00:00.000039936,28.292,55.56,97.229996,3.404614e-05,6.6872,290.0
2023-09-06 09:00:00.000039936,29.835201,55.56,104.175,3.454095e-05,6.1728,295.0
2023-09-06 12:00:00.000039936,30.864,55.56,111.12001,3.5282377e-05,6.1728,300.0
2023-09-06 15:00:00.000039936,32.4072,42.596,118.065,3.6022833e-05,6.1728,300.0
2023-09-06 18:00:00.000039936,33.436,27.78,125.009995,3.67623e-05,6.1728,300.0
2023-09-06 21:00:00.000039936,34.979202,27.78,125.009995,3.7500762e-05,5.6584,295.0
2023-09-07 00:00:00.000039936,36.008,27.78,125.009995,3.7992504e-05,5.6584,295.0
2023-09-07 03:00:00.000039936,37.5512,27.78,129.64,3.8483773e-05,6.1728,295.0
2023-09-07 06:00:00.000039936,38.58,27.78,134.27,3.9219805e-05,6.1728,295.0
2023-09-07 09:00:00.000039936,41.152,27.78,148.16,3.9709896e-05,6.6872,295.0
2023-09-07 12:00:00.000039936,43.724,27.78,162.05,4.0444127e-05,6.6872,295.0
2023-09-07 15:00:00.000039936,48.868,27.78,164.365,4.1177245e-05,6.6872,290.0
2023-09-07 18:00:00.000039936,54.012,27.78,166.68,4.1665367e-05,6.1728,290.0
2023-09-07 21:00:00.000039936,61.728,24.076,166.68,4.2152973e-05,5.6584,290.0
2023-09-08 00:00:00.000039936,69.444,18.52,166.68,4.2640077e-05,6.1728,290.0
2023-09-08 03:00:00.000039936,72.016,18.52,166.68,4.3126656e-05,6.6872,295.0
2023-09-08 06:00:00.000039936,74.588,18.52,166.68,4.385554e-05,6.1728,290.0
2023-09-08 09:00:00.000039936,72.016,18.52,168.995,4.4340795e-05,5.6584,290.0
2023-09-08 12:00:00.000039936,69.444,18.52,171.31,4.4825505e-05,5.6584,295.0
2023-09-08 15:00:00.000039936,66.872,18.52,178.25499,4.5551555e-05,5.6584,300.0
2023-09-08 18:00:00.000039936,64.3,18.52,185.2,4.627635e-05,5.6584,300.0
2023-09-08 21:00:00.000039936,59.156002,18.52,194.46,4.6999867e-05,5.144,300.0
2023-09-09 00:00:00.000039936,54.012,18.52,203.72,4.748151e-05,5.144,300.0
2023-09-09 03:00:00.000039936,52.9832,18.52,203.72,4.796257e-05,5.6584,300.0
2023-09-09 06:00:00.000039936,51.440002,18.52,203.72,4.868306e-05,5.144,300.0
2023-09-09 09:00:00.000039936,51.440002,18.52,203.72,4.9402213e-05,5.144,300.0
2023-09-09 12:00:00.000039936,51.440002,18.52,203.72,4.9880902e-05,5.144,300.0
2023-09-09 15:00:00.000039936,50.4112,18.52,217.61,5.035898e-05,4.6296,295.0
2023-09-09 18:00:00.000039936,48.868,18.52,231.5,5.083645e-05,4.1152,300.0
2023-09-09 21:00:00.000039936,46.296,18.52,231.5,5.131329e-05,4.1152,300.0
2023-09-10 00:00:00.000039936,43.724,18.52,231.5,5.178951e-05,4.1152,300.0
2023-09-10 03:00:00.000039936,45.2672,24.076,222.23999,5.22651e-05,4.1152,300.0
2023-09-10 06:00:00.000039936,46.296,27.78,212.97998,5.2740055e-05,3.6008,300.0
2023-09-10 09:00:00.000039936,47.8392,27.78,212.97998,5.2977284e-05,3.0864,300.0
2023-09-10 12:00:00.000039936,48.868,27.78,212.97998,5.345127e-05,3.6008,300.0
2023-09-10 15:00:00.000039936,51.440002,27.78,229.185,5.392461e-05,3.6008,305.0
2023-09-10 18:00:00.000039936,54.012,27.78,245.38998,5.439729e-05,3.0864,310.0
2023-09-10 21:00:00.000039936,54.012,27.78,245.38998,5.4869302e-05,3.0864,310.0
2023-09-11 00:00:00.000039936,54.012,27.78,245.38998,5.5340646e-05,3.6008,315.0
2023-09-11 03:00:00.000039936,54.012,27.78,254.65,5.581132e-05,3.6008,310.0
2023-09-11 06:00:00.000039936,54.012,27.78,263.90997,5.6516048e-05,4.1152,305.0
2023-09-11 09:00:00.000039936,54.012,27.78,263.90997,5.698501e-05,4.1152,300.0
2023-09-11 12:00:00.000039936,54.012,27.78,263.90997,5.7453286e-05,3.6008,300.0
2023-09-11 15:00:00.000039936,52.9832,27.78,263.90997,5.7920843e-05,3.6008,295.0
2023-09-11 18:00:00.000039936,51.440002,27.78,263.90997,5.8154368e-05,3.0864,290.0
2023-09-11 21:00:00.000039936,51.440002,37.04,266.22498,5.83877e-05,3.0864,290.0
2023-09-12 00:00:00.000039936,51.440002,46.3,268.53998,5.862087e-05,3.0864,290.0
2023-09-12 03:00:00.000039936,51.440002,46.3,268.53998,5.8853857e-05,3.0864,290.0
2023-09-12 06:00:00.000039936,51.440002,46.3,268.53998,5.9086666e-05,3.0864,290.0
2023-09-12 09:00:00.000039936,51.440002,51.856,284.745,5.9319285e-05,3.0864,290.0
2023-09-12 12:00:00.000039936,51.440002,55.56,300.95,5.9551734e-05,3.0864,300.0
2023-09-12 15:00:00.000039936,51.440002,55.56,319.47,6.0016075e-05,3.0864,310.0
2023-09-12 18:00:00.000039936,51.440002,55.56,337.99,6.0479695e-05,3.0864,315.0
2023-09-12 21:00:00.000039936,51.440002,55.56,337.99,6.0942573e-05,2.572,320.0
2023-09-13 00:00:00.000039936,51.440002,55.56,337.99,6.14047e-05,2.572,320.0
2023-09-13 03:00:00.000039936,51.440002,55.56,342.62,6.186609e-05,2.572,325.0
2023-09-13 06:00:00.000039936,51.440002,55.56,347.25,6.2326726e-05,3.0864,335.0
2023-09-13 09:00:00.000039936,50.4112,64.82,347.25,6.3016254e-05,4.1152,340.0
2023-09-13 12:00:00.000039936,48.868,74.08,347.25,6.393293e-05,4.1152,335.0
2023-09-13 15:00:00.000039936,47.8392,83.34,361.13998,6.4846485e-05,4.6296,335.0
2023-09-13 18:00:00.000039936,46.296,92.6,375.03,6.575688e-05,4.1152,340.0
2023-09-13 21:00:00.000039936,46.296,92.6,375.03,6.666408e-05,4.1152,345.0
2023-09-14 00:00:00.000039936,46.296,92.6,375.03,6.756802e-05,4.1152,350.0
2023-09-14 03:00:00.000039936,45.2672,92.6,386.605,6.8468675e-05,4.6296,350.0
2023-09-14 06:00:00.000039936,43.724,92.6,398.18,6.958979e-05,5.6584,350.0
2023-09-14 09:00:00.000039936,42.6952,92.6,402.81,7.092813e-05,6.6872,350.0
2023-09-14 12:00:00.000039936,41.152,92.6,407.44,7.247968e-05,7.2016,355.0
2023-09-14 15:00:00.000039936,40.1232,101.86,423.645,7.402041e-05,6.6872,355.0
2023-09-14 18:00:00.000039936,38.58,111.12,439.85,7.533226e-05,5.6584,10.0
2023-09-14 21:00:00.000039936,38.58,111.12,439.85,7.641916e-05,5.6584,25.0
2023-09-15 00:00:00.000039936,38.58,111.12,439.85,7.750023e-05,6.6872,15.0
2023-09-15 03:00:00.000039936,38.58,111.12,446.79498,7.900381e-05,7.716,5.0
2023-09-15 06:00:00.000039936,38.58,111.12,453.74,8.070772e-05,7.716,10.0
2023-09-15 09:00:00.000039936,38.58,111.12,453.74,8.2185776e-05,8.2304,15.0
2023-09-15 12:00:00.000039936,38.58,111.12,453.74,8.3859915e-05,9.2592,10.0
2023-09-15 15:00:00.000039936,38.58,125.936,476.89,8.592957e-05,10.288,10.0
2023-09-15 18:00:00.000039936,38.58,138.9,500.04,8.7973065e-05,9.7736,15.0
2023-09-15 21:00:00.000039936,38.58,153.716,516.245,8.958859e-05,8.744801,20.0
2023-09-16 00:00:00.000039936,38.58,166.68,532.44995,9.1186645e-05,9.7736,10.0
2023-09-16 03:00:00.000039936,37.5512,175.94,525.505,9.335488e-05,11.3168,360.0
2023-09-16 06:00:00.000039936,36.008,185.2,518.56,9.548872e-05,10.802401,355.0
2023-09-16 09:00:00.000039936,34.979202,185.2,453.74002,9.7398035e-05,9.2592,355.0
2023-09-16 12:00:00.000039936,33.436,185.2,388.92,9.890416e-05,7.2016,350.0
2023-09-16 15:00:00.000039936,30.864,185.2,388.92,9.983573e-05,5.6584,355.0
2023-09-16 18:00:00.000039936,28.292,185.2,388.92,0.00010094355,6.6872,5.0
2023-09-16 20:00:00.000053248,28.292,185.2,388.92,0.00010185829,6.6872,5.0
2023-09-16 21:00:00.000039936,28.292,185.2,381.049,0.00010204031,3.0864,10.0
2023-09-17 00:00:00.000039936,28.292,185.2,356.50998,0.00010258449,4.6296,30.0
2023-09-17 03:00:00.000039936,27.2632,203.72,319.47,0.00010348522,8.2304,40.0
