Time,Vmax,Rmax_IBT,R34,fcor,u_trans,v_trans
2011-09-02 12:00:00.000039936,18.004,148.16,138.9,6.666408e-05,1.5432,5.0
2011-09-02 15:00:00.000039936,19.5472,148.16,150.938,6.689037e-05,1.5432,0.0
2011-09-02 18:00:00.000039936,20.576,148.16,162.05,6.734234e-05,2.0576,355.0
2011-09-02 21:00:00.000039936,20.576,144.456,182.88501,6.7793495e-05,2.572,350.0
2011-09-03 00:00:00.000039936,20.576,138.9,203.72,6.8468675e-05,3.0864,340.0
2011-09-03 03:00:00.000039936,22.1192,138.9,203.72,6.914198e-05,3.0864,330.0
2011-09-03 06:00:00.000039936,23.148,138.9,203.72,6.958979e-05,3.0864,335.0
2011-09-03 09:00:00.000039936,24.6912,181.496,230.574,7.025991e-05,2.572,340.0
2011-09-03 12:00:00.000039936,25.720001,222.24,256.965,7.07056e-05,2.0576,335.0
2011-09-03 15:00:00.000039936,24.6912,222.24,266.225,7.092813e-05,1.5432,320.0
2011-09-03 18:00:00.000039936,23.148,222.24,275.485,7.115043e-05,1.5432,310.0
2011-09-03 21:00:00.000039936,22.1192,250.02,284.28198,7.137252e-05,1.5432,305.0
2011-09-04 00:00:00.000039936,20.576,277.8,291.69,7.159438e-05,1.0288,310.0
2011-09-04 03:00:00.000039936,20.576,277.8,294.46802,7.181604e-05,0.5144,0.0
2011-09-04 06:00:00.000039936,20.576,277.8,296.32,7.181604e-05,1.5432,85.0
2011-09-04 09:00:00.000039936,20.576,255.576,296.32,7.181604e-05,2.572,75.0
