Time,Vmax,Rmax_IBT,R34,fcor,u_trans,v_trans
2023-09-07 18:00:00.000039936,18.004,37.04,18.52,4.0199502e-05,6.6872,290.0
2023-09-07 21:00:00.000039936,18.004,37.04,18.52,4.0688625e-05,6.6872,290.0
2023-09-08 00:00:00.000039936,18.004,37.04,18.52,4.142137e-05,7.2016,290.0
2023-09-08 03:00:00.000039936,18.004,37.04,18.52,4.2152973e-05,8.2304,295.0
2023-09-08 06:00:00.000039936,18.004,37.04,18.52,4.288343e-05,8.744801,295.0
2023-09-08 09:00:00.000039936,18.004,37.04,18.52,4.3612705e-05,9.2592,295.0
2023-09-08 12:00:00.000039936,18.004,37.04,18.52,4.458322e-05,9.2592,295.0
2023-09-08 15:00:00.000039936,18.004,37.04,20.835,4.5551555e-05,9.7736,290.0
2023-09-08 18:00:00.000039936,18.004,37.04,23.150002,4.627635e-05,8.744801,290.0
2023-09-08 21:00:00.000039936,18.004,37.04,23.150002,4.6999867e-05,7.716,295.0
2023-09-09 00:00:00.000039936,18.004,37.04,23.150002,4.7722115e-05,7.2016,295.0
2023-09-09 03:00:00.000039936,19.5472,37.04,25.465,4.844305e-05,7.2016,295.0
2023-09-09 06:00:00.000039936,20.576,37.04,27.78,4.916265e-05,6.6872,295.0
2023-09-09 09:00:00.000039936,20.576,37.04,32.41,4.9880902e-05,6.1728,295.0
2023-09-09 12:00:00.000039936,20.576,37.04,37.04,5.035898e-05,5.144,300.0
2023-09-09 15:00:00.000039936,20.576,37.04,41.67,5.083645e-05,4.6296,305.0
2023-09-09 18:00:00.000039936,20.576,37.04,46.300003,5.155148e-05,4.1152,310.0
2023-09-09 21:00:00.000039936,22.1192,37.04,62.504997,5.2027382e-05,4.1152,310.0
2023-09-10 00:00:00.000039936,23.148,37.04,78.71,5.2740055e-05,3.6008,315.0
2023-09-10 03:00:00.000039936,23.148,37.04,81.024994,5.345127e-05,4.1152,320.0
2023-09-10 06:00:00.000039936,23.148,37.04,83.34,5.4161024e-05,4.1152,325.0
2023-09-10 09:00:00.000039936,23.148,37.04,85.655,5.4869302e-05,4.1152,330.0
2023-09-10 12:00:00.000039936,23.148,37.04,87.97,5.581132e-05,4.1152,340.0
2023-09-10 15:00:00.000039936,24.6912,37.04,101.86,5.6750614e-05,4.1152,345.0
2023-09-10 18:00:00.000039936,25.720001,37.04,115.75,5.768715e-05,4.1152,355.0
2023-09-10 21:00:00.000039936,27.2632,37.04,129.64,5.862087e-05,3.6008,0.0
2023-09-11 00:00:00.000039936,28.292,37.04,143.53,5.9319285e-05,3.6008,0.0
2023-09-11 03:00:00.000039936,28.292,33.336,157.42001,6.0016075e-05,3.6008,0.0
2023-09-11 06:00:00.000039936,28.292,27.78,171.31,6.0942573e-05,3.6008,0.0
2023-09-11 09:00:00.000039936,29.835201,27.78,182.88501,6.186609e-05,4.1152,0.0
2023-09-11 12:00:00.000039936,30.864,27.78,194.45999,6.278661e-05,4.1152,0.0
2023-09-11 15:00:00.000039936,32.4072,27.78,206.035,6.370404e-05,4.6296,5.0
2023-09-11 18:00:00.000039936,33.436,27.78,217.60999,6.4846485e-05,5.144,10.0
2023-09-11 21:00:00.000039936,34.979202,27.78,229.185,6.5983986e-05,5.6584,15.0
2023-09-12 00:00:00.000039936,36.008,27.78,240.76,6.734234e-05,5.6584,10.0
2023-09-12 03:00:00.000039936,37.5512,24.076,254.65001,6.8468675e-05,5.6584,10.0
2023-09-12 06:00:00.000039936,38.58,18.52,268.54,6.981338e-05,6.1728,5.0
2023-09-12 09:00:00.000039936,38.58,18.52,287.06,7.115043e-05,6.1728,5.0
2023-09-12 12:00:00.000039936,38.58,18.52,305.58002,7.247968e-05,6.1728,0.0
2023-09-12 15:00:00.000039936,38.58,18.52,314.84,7.380098e-05,6.1728,355.0
2023-09-12 18:00:00.000039936,38.58,18.52,324.1,7.511419e-05,6.1728,355.0
2023-09-12 21:00:00.000039936,38.58,18.52,328.73,7.641916e-05,5.6584,350.0
2023-09-13 00:00:00.000039936,38.58,18.52,333.36,7.750023e-05,5.144,350.0
2023-09-13 03:00:00.000039936,40.1232,18.52,333.36,7.85754e-05,4.6296,345.0
2023-09-13 06:00:00.000039936,41.152,18.52,333.36,7.943125e-05,4.1152,340.0
2023-09-13 09:00:00.000039936,41.152,18.52,333.36,8.028322e-05,4.1152,335.0
2023-09-13 12:00:00.000039936,41.152,18.52,333.36,8.0919635e-05,4.1152,335.0
2023-09-13 15:00:00.000039936,40.1232,18.52,333.36,8.155382e-05,3.6008,340.0
2023-09-13 18:00:00.000039936,38.58,18.52,333.36,8.239592e-05,3.6008,345.0
2023-09-13 21:00:00.000039936,38.58,18.52,328.73,8.302487e-05,3.6008,355.0
2023-09-14 00:00:00.000039936,38.58,18.52,324.1,8.3859915e-05,3.6008,5.0
2023-09-14 03:00:00.000039936,37.5512,55.56,321.785,8.469088e-05,3.6008,15.0
2023-09-14 06:00:00.000039936,36.008,92.6,319.47,8.5311396e-05,3.6008,25.0
2023-09-14 09:00:00.000039936,36.008,101.86,319.47,8.592957e-05,3.0864,35.0
2023-09-14 12:00:00.000039936,36.008,111.12,319.47,8.6340384e-05,2.572,45.0
2023-09-14 15:00:00.000039936,36.008,111.12,321.785,8.675015e-05,2.572,55.0
2023-09-14 18:00:00.000039936,36.008,111.12,324.1,8.695463e-05,2.572,65.0
2023-09-14 21:00:00.000039936,34.979202,111.12,326.415,8.7158856e-05,2.0576,75.0
2023-09-15 00:00:00.000039936,33.436,111.12,328.73,8.7158856e-05,2.0576,85.0
2023-09-15 03:00:00.000039936,32.4072,111.12,333.36002,8.7158856e-05,2.0576,90.0
2023-09-15 06:00:00.000039936,30.864,111.12,337.99002,8.7158856e-05,2.0576,105.0
2023-09-15 09:00:00.000039936,29.835201,111.12,342.62,8.695463e-05,2.0576,115.0
2023-09-15 12:00:00.000039936,28.292,111.12,347.25003,8.675015e-05,2.572,135.0
2023-09-15 15:00:00.000039936,28.292,111.12,351.88,8.6340384e-05,2.572,150.0
2023-09-15 18:00:00.000039936,28.292,111.12,356.51,8.592957e-05,2.0576,165.0
2023-09-15 21:00:00.000039936,28.292,111.12,358.825,8.551773e-05,2.0576,0.0
2023-09-16 00:00:00.000039936,28.292,111.12,361.14,8.510482e-05,2.572,190.0
2023-09-16 03:00:00.000039936,28.292,120.38,347.25,8.469088e-05,2.572,200.0
2023-09-16 06:00:00.000039936,28.292,129.64,333.36002,8.4068044e-05,3.0864,210.0
2023-09-16 09:00:00.000039936,27.2632,138.9,319.47,8.34429e-05,3.0864,220.0
2023-09-16 12:00:00.000039936,25.720001,148.16,305.58002,8.302487e-05,3.6008,225.0
2023-09-16 15:00:00.000039936,24.6912,148.16,291.69,8.2605824e-05,3.6008,235.0
2023-09-16 18:00:00.000039936,23.148,148.16,277.8,8.2185776e-05,4.1152,240.0
2023-09-16 21:00:00.000039936,22.1192,148.16,250.01999,8.176471e-05,4.1152,250.0
2023-09-17 00:00:00.000039936,20.576,148.16,222.24,8.155382e-05,4.1152,260.0
2023-09-17 03:00:00.000039936,19.5472,148.16,187.515,8.155382e-05,4.1152,270.0
2023-09-17 06:00:00.000039936,18.004,148.16,152.79,8.155382e-05,4.1152,280.0
2023-09-17 09:00:00.000039936,18.004,148.16,131.955,8.176471e-05,4.1152,290.0
2023-09-17 12:00:00.000039936,18.004,148.16,111.119995,8.2185776e-05,4.6296,295.0
2023-09-17 15:00:00.000039936,18.004,148.16,111.119995,8.2605824e-05,4.6296,295.0
