Time,Vmax,Rmax_IBT,R34,fcor,u_trans,v_trans
2016-09-28 12:00:00.000039936,25.720001,148.16,208.34999,3.3798577e-05,7.2016,275.0
2016-09-28 15:00:00.000039936,25.720001,138.9,210.665,3.404614e-05,7.2016,280.0
2016-09-28 18:00:00.000039936,25.720001,129.64,212.98,3.4293596e-05,7.2016,280.0
2016-09-28 21:00:00.000039936,27.2632,120.38,215.295,3.47882e-05,7.2016,280.0
2016-09-29 00:00:00.000039936,28.292,111.12,217.60999,3.5035337e-05,7.2016,280.0
2016-09-29 03:00:00.000039936,28.292,101.86,215.29498,3.5282377e-05,7.2016,275.0
2016-09-29 06:00:00.000039936,28.292,92.6,212.98,3.5282377e-05,7.2016,275.0
2016-09-29 09:00:00.000039936,29.835201,83.34,222.23999,3.5282377e-05,7.716,275.0
2016-09-29 12:00:00.000039936,30.864,74.08,231.5,3.5529305e-05,7.2016,275.0
2016-09-29 15:00:00.000039936,32.4072,64.82,229.185,3.577612e-05,7.2016,275.0
2016-09-29 18:00:00.000039936,33.436,55.56,226.87,3.577612e-05,6.6872,275.0
2016-09-29 21:00:00.000039936,34.979202,51.856,226.87,3.577612e-05,6.1728,270.0
2016-09-30 00:00:00.000039936,36.008,46.3,226.87,3.577612e-05,6.1728,265.0
2016-09-30 03:00:00.000039936,40.1232,42.596,224.555,3.5529305e-05,6.1728,260.0
2016-09-30 06:00:00.000039936,43.724,37.04,222.23999,3.5282377e-05,6.1728,260.0
2016-09-30 09:00:00.000039936,47.8392,33.336,222.23999,3.5035337e-05,5.6584,260.0
2016-09-30 12:00:00.000039936,51.440002,27.78,222.23999,3.47882e-05,5.144,255.0
2016-09-30 15:00:00.000039936,56.584,24.076,224.555,3.4293596e-05,4.1152,250.0
2016-09-30 18:00:00.000039936,61.728,18.52,226.87,3.404614e-05,3.6008,255.0
2016-09-30 21:00:00.000039936,68.4152,14.816,226.87,3.3798577e-05,3.6008,260.0
2016-10-01 00:00:00.000039936,74.588,9.26,226.87,3.3798577e-05,3.0864,265.0
2016-10-01 03:00:00.000039936,73.559204,9.26,224.555,3.3798577e-05,3.0864,270.0
2016-10-01 06:00:00.000039936,72.016,9.26,222.23999,3.3798577e-05,3.0864,270.0
2016-10-01 09:00:00.000039936,70.9872,9.26,224.555,3.3798577e-05,3.0864,270.0
2016-10-01 12:00:00.000039936,69.444,9.26,226.87,3.3798577e-05,2.0576,270.0
2016-10-01 15:00:00.000039936,68.4152,9.26,229.185,3.3798577e-05,1.0288,270.0
2016-10-01 18:00:00.000039936,66.872,9.26,231.5,3.3798577e-05,1.0288,285.0
2016-10-01 21:00:00.000039936,66.872,9.26,229.185,3.3798577e-05,1.0288,295.0
2016-10-02 00:00:00.000039936,66.872,9.26,226.87,3.404614e-05,1.5432,295.0
2016-10-02 03:00:00.000039936,65.8432,9.26,222.24,3.4293596e-05,2.0576,295.0
2016-10-02 06:00:00.000039936,64.3,9.26,217.61,3.454095e-05,2.572,305.0
2016-10-02 09:00:00.000039936,65.8432,14.816,217.61,3.47882e-05,2.572,310.0
2016-10-02 12:00:00.000039936,66.872,18.52,217.61,3.5282377e-05,2.572,300.0
2016-10-02 15:00:00.000039936,68.4152,18.52,217.61002,3.5529305e-05,2.0576,295.0
2016-10-02 18:00:00.000039936,69.444,18.52,217.60999,3.577612e-05,2.0576,305.0
2016-10-02 21:00:00.000039936,68.4152,18.52,219.925,3.6022833e-05,2.0576,315.0
2016-10-03 00:00:00.000039936,66.872,18.52,222.23999,3.651592e-05,2.0576,340.0
2016-10-03 03:00:00.000039936,65.8432,18.52,224.555,3.700857e-05,2.0576,0.0
2016-10-03 06:00:00.000039936,64.3,18.52,226.87,3.7500762e-05,2.572,5.0
2016-10-03 09:00:00.000039936,64.3,18.52,226.87,3.7992504e-05,2.572,0.0
2016-10-03 12:00:00.000039936,64.3,18.52,226.87,3.872924e-05,2.572,5.0
2016-10-03 15:00:00.000039936,64.3,24.076,231.49998,3.9219805e-05,2.572,10.0
2016-10-03 18:00:00.000039936,64.3,27.78,236.12999,3.995476e-05,3.0864,20.0
2016-10-03 21:00:00.000039936,65.8432,27.78,236.12999,4.0688625e-05,4.1152,20.0
2016-10-04 00:00:00.000039936,66.872,27.78,236.13,4.1665367e-05,4.6296,20.0
2016-10-04 03:00:00.000039936,66.872,27.78,236.13,4.2640077e-05,4.6296,10.0
2016-10-04 06:00:00.000039936,66.872,27.78,236.13,4.385554e-05,5.144,10.0
2016-10-04 09:00:00.000039936,66.872,27.78,236.13,4.506766e-05,5.144,5.0
