Time,Vmax,Rmax_IBT,R34,fcor,u_trans,v_trans
2020-08-22 00:00:00.000039936,18.004,37.04,37.04,4.5793287e-05,5.144,335.0
2020-08-22 03:00:00.000039936,19.5472,37.04,32.41,4.675884e-05,5.144,330.0
2020-08-22 06:00:00.000039936,20.576,37.04,27.78,4.796257e-05,5.6584,345.0
2020-08-22 09:00:00.000039936,24.6912,27.78,41.67,4.916265e-05,5.6584,355.0
2020-08-22 12:00:00.000039936,28.292,18.52,55.56,5.059779e-05,5.6584,355.0
2020-08-22 15:00:00.000039936,28.292,18.52,69.45,5.178951e-05,5.144,345.0
2020-08-22 18:00:00.000039936,28.292,18.52,83.34,5.2977284e-05,5.144,335.0
2020-08-22 21:00:00.000039936,28.292,18.52,78.71,5.4161024e-05,5.6584,330.0
2020-08-23 00:00:00.000039936,28.292,18.52,74.08,5.510506e-05,5.6584,330.0
2020-08-23 03:00:00.000039936,29.835201,18.52,69.450005,5.6281307e-05,5.6584,330.0
2020-08-23 06:00:00.000039936,30.864,18.52,64.82,5.7453286e-05,6.1728,335.0
2020-08-23 09:00:00.000039936,32.4072,18.52,76.395004,5.8853857e-05,6.1728,335.0
2020-08-23 12:00:00.000039936,33.436,18.52,87.97,6.0016075e-05,5.6584,345.0
2020-08-23 15:00:00.000039936,33.436,24.076,101.86,6.1173734e-05,5.144,350.0
2020-08-23 18:00:00.000039936,33.436,27.78,115.75,6.2326726e-05,5.6584,350.0
2020-08-23 21:00:00.000039936,30.864,33.336,108.80499,6.370404e-05,5.6584,350.0
2020-08-24 00:00:00.000039936,28.292,37.04,101.86,6.4846485e-05,5.144,350.0
2020-08-24 03:00:00.000039936,27.2632,46.3,87.97,6.5983986e-05,4.6296,345.0
2020-08-24 06:00:00.000039936,25.720001,55.56,74.08,6.689037e-05,4.6296,340.0
2020-08-24 09:00:00.000039936,24.6912,64.82,64.82,6.7793495e-05,4.6296,335.0
2020-08-24 12:00:00.000039936,23.148,74.08,55.559998,6.869332e-05,4.1152,340.0
2020-08-24 15:00:00.000039936,22.1192,83.34,43.985,6.936598e-05,3.6008,335.0
2020-08-24 18:00:00.000039936,20.576,92.6,32.41,7.003676e-05,3.0864,315.0
2020-08-24 21:00:00.000039936,19.5472,111.12,32.41,7.048288e-05,3.0864,290.0
