Time,Vmax,Rmax_IBT,R34,fcor,u_trans,v_trans
2012-09-12 00:00:00.000039936,18.004,46.3,64.82,4.385554e-05,6.1728,300.0
2012-09-12 03:00:00.000039936,20.576,51.856,85.655,4.458322e-05,6.1728,300.0
2012-09-12 06:00:00.000039936,23.148,55.56,106.49,4.5309676e-05,6.6872,300.0
2012-09-12 09:00:00.000039936,24.6912,46.3,122.69499,4.6034886e-05,6.6872,300.0
2012-09-12 12:00:00.000039936,25.720001,37.04,138.9,4.6999867e-05,6.6872,300.0
2012-09-12 15:00:00.000039936,27.2632,37.04,145.845,4.7722115e-05,6.6872,300.0
2012-09-12 18:00:00.000039936,28.292,37.04,152.79,4.868306e-05,6.6872,300.0
2012-09-12 21:00:00.000039936,29.835201,33.336,166.68001,4.9402213e-05,6.6872,300.0
2012-09-13 00:00:00.000039936,30.864,27.78,180.57,5.035898e-05,6.6872,305.0
2012-09-13 03:00:00.000039936,30.864,27.78,189.83,5.131329e-05,6.6872,310.0
2012-09-13 06:00:00.000039936,30.864,27.78,199.09,5.22651e-05,7.2016,310.0
2012-09-13 09:00:00.000039936,30.864,27.78,215.295,5.345127e-05,7.2016,315.0
2012-09-13 12:00:00.000039936,30.864,27.78,231.5,5.4633376e-05,7.716,320.0
2012-09-13 15:00:00.000039936,30.864,27.78,247.705,5.6046403e-05,7.716,325.0
2012-09-13 18:00:00.000039936,30.864,27.78,263.90997,5.7453286e-05,7.716,325.0
2012-09-13 21:00:00.000039936,30.864,27.78,268.53998,5.8853857e-05,7.2016,330.0
2012-09-14 00:00:00.000039936,30.864,27.78,273.16998,6.0247978e-05,7.2016,330.0
2012-09-14 03:00:00.000039936,30.864,27.78,273.16998,6.1635496e-05,6.6872,335.0
2012-09-14 06:00:00.000039936,30.864,27.78,273.16998,6.3016254e-05,6.6872,350.0
2012-09-14 09:00:00.000039936,30.864,27.78,273.16998,6.461839e-05,7.2016,0.0
2012-09-14 12:00:00.000039936,30.864,27.78,273.16998,6.621089e-05,7.2016,5.0
2012-09-14 15:00:00.000039936,32.4072,27.78,273.16998,6.7793495e-05,6.6872,10.0
2012-09-14 18:00:00.000039936,33.436,27.78,273.16998,6.914198e-05,7.2016,10.0
2012-09-14 21:00:00.000039936,34.979202,33.336,270.855,7.07056e-05,7.2016,15.0
2012-09-15 00:00:00.000039936,36.008,37.04,268.54,7.2037474e-05,6.6872,30.0
2012-09-15 03:00:00.000039936,36.008,37.04,273.16998,7.314133e-05,6.6872,45.0
2012-09-15 06:00:00.000039936,36.008,37.04,277.8,7.402041e-05,6.6872,65.0
2012-09-15 09:00:00.000039936,36.008,37.04,273.17,7.4458614e-05,6.6872,75.0
2012-09-15 12:00:00.000039936,36.008,37.04,268.54,7.467736e-05,7.2016,85.0
2012-09-15 15:00:00.000039936,36.008,37.04,268.54,7.467736e-05,7.2016,90.0
2012-09-15 18:00:00.000039936,36.008,37.04,268.54,7.467736e-05,6.6872,95.0
2012-09-15 21:00:00.000039936,36.008,37.04,263.91,7.467736e-05,7.2016,95.0
2012-09-16 00:00:00.000039936,36.008,37.04,259.28,7.4458614e-05,8.2304,95.0
2012-09-16 03:00:00.000039936,34.979202,37.04,263.91,7.423962e-05,9.2592,95.0
2012-09-16 06:00:00.000039936,33.436,37.04,268.54,7.423962e-05,10.288,90.0
2012-09-16 09:00:00.000039936,33.436,37.04,268.54,7.423962e-05,10.802401,90.0
2012-09-16 12:00:00.000039936,33.436,37.04,268.54,7.423962e-05,10.802401,85.0
2012-09-16 15:00:00.000039936,33.436,37.04,268.54,7.4458614e-05,10.802401,85.0
2012-09-16 18:00:00.000039936,33.436,37.04,268.54,7.467736e-05,9.2592,80.0
2012-09-16 21:00:00.000039936,32.4072,46.3,268.54,7.4895885e-05,8.2304,80.0
2012-09-17 00:00:00.000039936,30.864,55.56,268.54,7.533226e-05,8.2304,75.0
2012-09-17 03:00:00.000039936,30.864,64.82,270.855,7.5985095e-05,8.2304,70.0
2012-09-17 06:00:00.000039936,30.864,74.08,273.17,7.663584e-05,7.716,60.0
2012-09-17 09:00:00.000039936,29.835201,74.08,273.17,7.750023e-05,6.6872,50.0
2012-09-17 12:00:00.000039936,28.292,74.08,273.17,7.8360856e-05,5.6584,50.0
2012-09-17 15:00:00.000039936,28.292,74.08,275.48502,7.900381e-05,4.6296,50.0
2012-09-17 18:00:00.000039936,28.292,74.08,277.8,7.9644604e-05,3.6008,50.0
2012-09-17 21:00:00.000039936,27.2632,74.08,277.8,8.007058e-05,3.0864,50.0
2012-09-18 00:00:00.000039936,25.720001,74.08,277.8,8.049559e-05,3.0864,50.0
2012-09-18 03:00:00.000039936,25.720001,83.34,282.43,8.0919635e-05,3.0864,50.0
2012-09-18 06:00:00.000039936,25.720001,92.6,287.06,8.134267e-05,3.0864,50.0
2012-09-18 09:00:00.000039936,25.720001,92.6,287.06,8.176471e-05,3.0864,50.0
2012-09-18 12:00:00.000039936,25.720001,92.6,287.06,8.2185776e-05,3.6008,45.0
2012-09-18 15:00:00.000039936,25.720001,111.12,317.155,8.2815466e-05,4.1152,40.0
2012-09-18 18:00:00.000039936,25.720001,129.64,347.25,8.34429e-05,3.6008,35.0
2012-09-18 21:00:00.000039936,25.720001,129.64,347.25,8.4068044e-05,3.6008,30.0
2012-09-19 00:00:00.000039936,25.720001,129.64,347.25,8.469088e-05,3.6008,25.0
2012-09-19 03:00:00.000039936,25.720001,129.64,347.25,8.5311396e-05,3.0864,20.0
2012-09-19 06:00:00.000039936,25.720001,129.64,347.25,8.592957e-05,3.0864,10.0
2012-09-19 09:00:00.000039936,25.720001,129.64,342.62,8.6545406e-05,3.0864,0.0
2012-09-19 12:00:00.000039936,25.720001,129.64,337.99,8.7158856e-05,2.572,355.0
2012-09-19 15:00:00.000039936,25.720001,129.64,337.99,8.756649e-05,2.0576,0.0
2012-09-19 18:00:00.000039936,25.720001,129.64,337.99,8.7973065e-05,1.5432,30.0
2012-09-19 21:00:00.000039936,25.720001,162.976,342.62,8.8175955e-05,1.5432,75.0
2012-09-20 00:00:00.000039936,25.720001,194.46,347.25,8.8175955e-05,2.572,105.0
2012-09-20 03:00:00.000039936,25.720001,194.46,340.305,8.7973065e-05,3.0864,120.0
2012-09-20 06:00:00.000039936,25.720001,194.46,333.36,8.756649e-05,4.1152,120.0
2012-09-20 09:00:00.000039936,25.720001,194.46,340.305,8.7158856e-05,4.1152,120.0
2012-09-20 12:00:00.000039936,25.720001,194.46,347.25,8.675015e-05,4.6296,115.0
2012-09-20 15:00:00.000039936,27.2632,190.756,361.14,8.6340384e-05,4.6296,110.0
2012-09-20 18:00:00.000039936,28.292,185.2,375.02997,8.613512e-05,4.1152,110.0
2012-09-20 21:00:00.000039936,28.292,157.42,391.235,8.592957e-05,3.6008,115.0
2012-09-21 00:00:00.000039936,28.292,129.64,407.44,8.551773e-05,4.1152,120.0
2012-09-21 03:00:00.000039936,28.292,129.64,407.44,8.510482e-05,4.1152,130.0
2012-09-21 06:00:00.000039936,28.292,129.64,407.44,8.448353e-05,3.6008,150.0
2012-09-21 09:00:00.000039936,27.2632,129.64,400.495,8.365155e-05,4.1152,175.0
2012-09-21 12:00:00.000039936,25.720001,129.64,393.55,8.2815466e-05,4.6296,180.0
2012-09-21 15:00:00.000039936,25.720001,129.64,388.91998,8.176471e-05,5.144,175.0
2012-09-21 18:00:00.000039936,25.720001,129.64,384.28998,8.070772e-05,5.6584,170.0
2012-09-21 21:00:00.000039936,24.6912,129.64,379.65997,7.943125e-05,5.6584,165.0
2012-09-22 00:00:00.000039936,23.148,129.64,375.02997,7.8360856e-05,4.6296,165.0
2012-09-22 03:00:00.000039936,23.148,129.64,365.77,7.750023e-05,3.6008,165.0
2012-09-22 06:00:00.000039936,23.148,129.64,356.50998,7.6852295e-05,4.1152,165.0
2012-09-22 09:00:00.000039936,23.148,129.64,349.565,7.5985095e-05,4.1152,160.0
2012-09-22 12:00:00.000039936,23.148,129.64,342.62,7.511419e-05,3.6008,165.0
2012-09-22 15:00:00.000039936,23.148,129.64,340.305,7.4458614e-05,2.572,160.0
2012-09-22 18:00:00.000039936,23.148,129.64,337.99,7.402041e-05,2.0576,145.0
2012-09-22 21:00:00.000039936,23.148,116.676,337.99,7.380098e-05,1.5432,110.0
2012-09-23 00:00:00.000039936,23.148,101.86,337.99,7.380098e-05,1.5432,95.0
2012-09-23 03:00:00.000039936,24.6912,83.34,337.99,7.380098e-05,1.5432,90.0
2012-09-23 06:00:00.000039936,25.720001,64.82,337.99,7.380098e-05,1.5432,70.0
2012-09-23 09:00:00.000039936,25.720001,61.116,326.41498,7.402041e-05,1.5432,40.0
2012-09-23 12:00:00.000039936,25.720001,55.56,314.84,7.423962e-05,1.5432,345.0
2012-09-23 15:00:00.000039936,25.720001,55.56,310.21,7.467736e-05,2.572,310.0
2012-09-23 18:00:00.000039936,25.720001,55.56,305.58,7.4895885e-05,2.572,305.0
2012-09-23 21:00:00.000039936,24.6912,74.08,305.58,7.511419e-05,2.0576,300.0
2012-09-24 00:00:00.000039936,23.148,92.6,305.58,7.533226e-05,2.0576,295.0
2012-09-24 03:00:00.000039936,23.148,92.6,296.32,7.5550095e-05,2.572,295.0
2012-09-24 06:00:00.000039936,23.148,92.6,287.06,7.576771e-05,3.0864,290.0
2012-09-24 09:00:00.000039936,23.148,92.6,273.16998,7.5985095e-05,3.0864,290.0
2012-09-24 12:00:00.000039936,23.148,92.6,259.27997,7.620224e-05,3.6008,290.0
2012-09-24 15:00:00.000039936,23.148,83.34,250.01999,7.641916e-05,3.6008,295.0
2012-09-24 18:00:00.000039936,23.148,74.08,240.76,7.6852295e-05,3.6008,300.0
2012-09-24 21:00:00.000039936,22.1192,74.08,233.815,7.728449e-05,3.6008,295.0
2012-09-25 00:00:00.000039936,20.576,74.08,226.87,7.750023e-05,3.0864,285.0
2012-09-25 03:00:00.000039936,20.576,74.08,226.87,7.750023e-05,3.0864,270.0
2012-09-25 06:00:00.000039936,20.576,74.08,226.87,7.750023e-05,2.572,265.0
2012-09-25 09:00:00.000039936,20.576,74.08,226.87,7.750023e-05,2.0576,255.0
2012-09-25 12:00:00.000039936,20.576,74.08,226.87,7.728449e-05,1.5432,230.0
2012-09-25 15:00:00.000039936,20.576,74.08,219.925,7.70685e-05,1.5432,210.0
2012-09-25 18:00:00.000039936,20.576,74.08,212.98,7.663584e-05,2.0576,205.0
2012-09-25 21:00:00.000039936,20.576,74.08,203.71999,7.641916e-05,1.5432,210.0
2012-09-26 00:00:00.000039936,20.576,74.08,194.45999,7.5985095e-05,1.5432,205.0
2012-09-26 03:00:00.000039936,20.576,92.6,185.2,7.576771e-05,1.5432,195.0
2012-09-26 06:00:00.000039936,20.576,111.12,175.94,7.533226e-05,2.0576,190.0
2012-09-26 09:00:00.000039936,22.1192,92.6,175.94,7.4895885e-05,2.0576,190.0
2012-09-26 12:00:00.000039936,23.148,74.08,175.94,7.4458614e-05,2.572,195.0
2012-09-26 15:00:00.000039936,24.6912,74.08,175.94,7.402041e-05,2.572,200.0
2012-09-26 18:00:00.000039936,25.720001,74.08,175.94,7.336144e-05,3.0864,200.0
2012-09-26 21:00:00.000039936,25.720001,74.08,173.625,7.270045e-05,3.6008,205.0
2012-09-27 00:00:00.000039936,25.720001,74.08,171.31,7.2037474e-05,3.0864,210.0
2012-09-27 03:00:00.000039936,25.720001,74.08,171.31,7.137252e-05,3.0864,215.0
2012-09-27 06:00:00.000039936,25.720001,74.08,171.31,7.092813e-05,3.0864,220.0
2012-09-27 09:00:00.000039936,25.720001,74.08,171.31,7.048288e-05,3.0864,230.0
2012-09-27 12:00:00.000039936,25.720001,74.08,171.31,7.003676e-05,3.0864,235.0
2012-09-27 15:00:00.000039936,27.2632,64.82,178.255,6.981338e-05,3.0864,250.0
2012-09-27 18:00:00.000039936,28.292,55.56,185.20001,6.958979e-05,3.0864,260.0
2012-09-27 21:00:00.000039936,28.292,55.56,185.20001,6.958979e-05,3.0864,270.0
2012-09-28 00:00:00.000039936,28.292,55.56,185.20001,6.958979e-05,3.0864,280.0
2012-09-28 03:00:00.000039936,29.835201,55.56,180.57,6.981338e-05,3.0864,290.0
2012-09-28 06:00:00.000039936,30.864,55.56,175.94002,7.003676e-05,3.0864,305.0
2012-09-28 09:00:00.000039936,32.4072,51.856,168.995,7.048288e-05,3.6008,320.0
2012-09-28 12:00:00.000039936,33.436,46.3,162.05,7.115043e-05,3.0864,325.0
2012-09-28 15:00:00.000039936,33.436,46.3,162.05,7.159438e-05,3.0864,325.0
2012-09-28 18:00:00.000039936,33.436,46.3,162.05,7.2258685e-05,4.1152,330.0
2012-09-28 21:00:00.000039936,33.436,46.3,152.79,7.314133e-05,4.6296,330.0
2012-09-29 00:00:00.000039936,33.436,46.3,143.53,7.402041e-05,4.6296,335.0
2012-09-29 03:00:00.000039936,33.436,46.3,143.53,7.4895885e-05,5.144,340.0
2012-09-29 06:00:00.000039936,33.436,46.3,143.53,7.5985095e-05,5.6584,345.0
2012-09-29 09:00:00.000039936,33.436,42.596,143.53,7.728449e-05,6.6872,345.0
2012-09-29 12:00:00.000039936,33.436,37.04,143.53,7.85754e-05,6.6872,345.0
2012-09-29 15:00:00.000039936,34.979202,37.04,143.53,7.9857724e-05,6.6872,340.0
2012-09-29 18:00:00.000039936,36.008,37.04,143.53,8.113127e-05,6.6872,340.0
2012-09-29 21:00:00.000039936,37.5512,46.3,143.53,8.239592e-05,6.6872,340.0
2012-09-30 00:00:00.000039936,38.58,55.56,143.53,8.365155e-05,6.1728,340.0
2012-09-30 03:00:00.000039936,38.58,51.856,143.53,8.469088e-05,5.6584,340.0
2012-09-30 06:00:00.000039936,38.58,46.3,143.53,8.5723776e-05,5.144,330.0
2012-09-30 09:00:00.000039936,40.1232,46.3,143.53,8.6545406e-05,5.144,325.0
2012-09-30 12:00:00.000039936,41.152,46.3,143.53,8.7362794e-05,4.1152,320.0
2012-09-30 15:00:00.000039936,41.152,46.3,152.79001,8.7973065e-05,3.0864,310.0
2012-09-30 18:00:00.000039936,41.152,46.3,162.04999,8.8175955e-05,2.572,275.0
2012-09-30 21:00:00.000039936,40.1232,51.856,162.04999,8.7973065e-05,2.572,235.0
2012-10-01 00:00:00.000039936,38.58,55.56,162.04999,8.756649e-05,2.572,205.0
2012-10-01 03:00:00.000039936,36.008,55.56,166.68,8.7158856e-05,2.572,180.0
2012-10-01 06:00:00.000039936,33.436,55.56,171.31,8.6545406e-05,2.572,175.0
2012-10-01 09:00:00.000039936,32.4072,55.56,173.625,8.613512e-05,2.572,180.0
2012-10-01 12:00:00.000039936,30.864,55.56,175.93999,8.551773e-05,2.572,180.0
2012-10-01 15:00:00.000039936,29.835201,55.56,175.93999,8.510482e-05,2.572,180.0
2012-10-01 18:00:00.000039936,28.292,55.56,175.93999,8.448353e-05,3.0864,170.0
2012-10-01 21:00:00.000039936,28.292,55.56,175.94,8.3859915e-05,3.0864,160.0
2012-10-02 00:00:00.000039936,28.292,55.56,175.94,8.3234e-05,3.0864,140.0
2012-10-02 03:00:00.000039936,28.292,64.82,175.94,8.2815466e-05,3.0864,120.0
2012-10-02 06:00:00.000039936,28.292,74.08,175.94,8.2605824e-05,3.0864,115.0
2012-10-02 09:00:00.000039936,28.292,70.376,159.735,8.239592e-05,2.572,110.0
2012-10-02 12:00:00.000039936,28.292,64.82,143.53,8.2185776e-05,3.0864,100.0
2012-10-02 15:00:00.000039936,28.292,51.856,141.215,8.2185776e-05,3.6008,90.0
2012-10-02 18:00:00.000039936,28.292,37.04,138.9,8.2185776e-05,3.6008,85.0
2012-10-02 21:00:00.000039936,27.2632,37.04,136.58499,8.2185776e-05,3.6008,80.0
2012-10-03 00:00:00.000039936,25.720001,37.04,134.27,8.239592e-05,3.6008,80.0
2012-10-03 03:00:00.000039936,24.6912,55.56,134.27,8.2605824e-05,4.1152,75.0
2012-10-03 06:00:00.000039936,23.148,74.08,134.27,8.2815466e-05,4.6296,75.0
2012-10-03 09:00:00.000039936,23.148,83.34,143.53,8.302487e-05,5.6584,75.0
2012-10-03 12:00:00.000039936,23.148,92.6,152.79,8.34429e-05,6.1728,70.0
2012-10-03 15:00:00.000039936,22.1192,101.86,159.735,8.3859915e-05,6.6872,70.0
2012-10-03 18:00:00.000039936,20.576,111.12,166.68,8.448353e-05,7.2016,60.0
2012-10-03 21:00:00.000039936,20.576,129.64,185.2,8.5311396e-05,8.2304,55.0
2012-10-04 00:00:00.000039936,20.576,148.16,203.72,8.6340384e-05,9.2592,50.0
2012-10-04 03:00:00.000039936,20.576,148.16,203.72,8.756649e-05,9.7736,50.0
