Time,Vmax,Rmax_IBT,R34,fcor,u_trans,v_trans
2021-09-12 12:00:00.000039936,18.004,148.16,41.67,5.22651e-05,7.716,345.0
2021-09-12 15:00:00.000039936,18.004,148.16,41.67,5.392461e-05,7.716,345.0
2021-09-12 18:00:00.000039936,18.004,148.16,41.67,5.5576067e-05,7.2016,345.0
2021-09-12 21:00:00.000039936,19.5472,120.38,43.985,5.721923e-05,7.2016,340.0
2021-09-13 00:00:00.000039936,20.576,92.6,46.3,5.862087e-05,6.6872,340.0
2021-09-13 03:00:00.000039936,23.148,74.08,64.82,6.0016075e-05,6.1728,340.0
2021-09-13 06:00:00.000039936,25.720001,55.56,83.34,6.1173734e-05,5.6584,345.0
2021-09-13 09:00:00.000039936,25.720001,55.56,90.284996,6.2326726e-05,5.6584,350.0
2021-09-13 12:00:00.000039936,25.720001,55.56,97.229996,6.370404e-05,5.6584,355.0
2021-09-13 15:00:00.000039936,27.2632,55.56,104.175,6.507438e-05,5.6584,5.0
2021-09-13 18:00:00.000039936,28.292,55.56,111.119995,6.621089e-05,5.6584,10.0
2021-09-13 21:00:00.000039936,30.864,51.856,127.325,6.734234e-05,5.6584,20.0
2021-09-14 00:00:00.000039936,33.436,46.3,143.53,6.8468675e-05,5.144,30.0
2021-09-14 03:00:00.000039936,33.436,40.744,143.53,6.914198e-05,4.6296,30.0
2021-09-14 05:30:00.000066560,33.436,37.04,143.53,7.003676e-05,5.144,15.0
