Time,Vmax,Rmax_IBT,R34,fcor,u_trans,v_trans
2005-09-02 12:00:00.000039936,18.004,55.56,41.670002,5.250265e-05,5.144,300.0
2005-09-02 15:00:00.000039936,19.5472,55.56,48.614998,5.2977284e-05,4.1152,300.0
2005-09-02 18:00:00.000039936,20.576,55.56,55.56,5.345127e-05,4.1152,300.0
2005-09-02 21:00:00.000039936,22.1192,55.56,69.450005,5.392461e-05,4.6296,305.0
2005-09-03 00:00:00.000039936,23.148,55.56,83.340004,5.4633376e-05,5.6584,310.0
2005-09-03 03:00:00.000039936,23.148,55.56,83.340004,5.5576067e-05,7.2016,315.0
2005-09-03 06:00:00.000039936,23.148,55.56,83.340004,5.698501e-05,8.2304,320.0
2005-09-03 09:00:00.000039936,24.6912,55.56,85.655,5.862087e-05,8.744801,325.0
2005-09-03 12:00:00.000039936,25.720001,55.56,87.97,6.0247978e-05,8.2304,325.0
2005-09-03 15:00:00.000039936,27.2632,51.856,99.54499,6.1635496e-05,7.2016,325.0
2005-09-03 18:00:00.000039936,28.292,46.3,111.12,6.278661e-05,6.1728,325.0
2005-09-03 21:00:00.000039936,29.835201,46.3,113.435,6.393293e-05,5.6584,330.0
2005-09-04 00:00:00.000039936,30.864,46.3,115.75,6.507438e-05,5.6584,335.0
2005-09-04 03:00:00.000039936,32.4072,46.3,115.75,6.621089e-05,5.6584,335.0
2005-09-04 06:00:00.000039936,33.436,46.3,115.75,6.734234e-05,5.6584,340.0
2005-09-04 09:00:00.000039936,33.436,37.04,125.473,6.8468675e-05,6.1728,340.0
2005-09-04 12:00:00.000039936,33.436,27.78,134.26999,6.981338e-05,6.1728,340.0
2005-09-04 15:00:00.000039936,36.008,27.78,134.26999,7.092813e-05,5.6584,335.0
2005-09-04 18:00:00.000039936,38.58,27.78,134.26999,7.2037474e-05,4.6296,330.0
2005-09-04 21:00:00.000039936,38.58,27.78,134.26999,7.270045e-05,3.6008,325.0
2005-09-05 00:00:00.000039936,38.58,27.78,134.26999,7.336144e-05,3.6008,330.0
2005-09-05 03:00:00.000039936,40.1232,27.78,137.974,7.402041e-05,3.6008,340.0
2005-09-05 06:00:00.000039936,41.152,27.78,141.215,7.4895885e-05,3.6008,350.0
2005-09-05 09:00:00.000039936,42.6952,27.78,149.549,7.5550095e-05,3.0864,0.0
2005-09-05 12:00:00.000039936,43.724,27.78,157.42,7.620224e-05,3.0864,5.0
2005-09-05 15:00:00.000039936,45.2672,27.78,157.42,7.6852295e-05,3.0864,10.0
2005-09-05 18:00:00.000039936,46.296,27.78,157.42,7.750023e-05,3.0864,10.0
2005-09-05 21:00:00.000039936,48.868,27.78,157.42,7.814606e-05,2.572,10.0
2005-09-06 00:00:00.000039936,51.440002,27.78,157.42,7.85754e-05,2.0576,10.0
2005-09-06 03:00:00.000039936,48.868,27.78,157.42,7.900381e-05,2.0576,10.0
2005-09-06 06:00:00.000039936,46.296,27.78,157.42,7.943125e-05,2.572,30.0
2005-09-06 09:00:00.000039936,43.724,27.78,166.68,8.007058e-05,3.6008,40.0
2005-09-06 12:00:00.000039936,41.152,27.78,175.94,8.049559e-05,3.6008,45.0
2005-09-06 15:00:00.000039936,40.1232,27.78,175.94,8.0919635e-05,3.0864,50.0
2005-09-06 18:00:00.000039936,38.58,27.78,175.94,8.134267e-05,3.6008,50.0
2005-09-06 21:00:00.000039936,36.008,33.336,175.94,8.176471e-05,4.1152,55.0
2005-09-07 00:00:00.000039936,33.436,37.04,175.94,8.239592e-05,5.144,65.0
2005-09-07 03:00:00.000039936,34.979202,37.04,212.97998,8.2815466e-05,5.6584,70.0
2005-09-07 06:00:00.000039936,36.008,37.04,250.01999,8.3234e-05,6.6872,65.0
2005-09-07 09:00:00.000039936,37.5512,46.3,281.504,8.4068044e-05,7.716,55.0
2005-09-07 12:00:00.000039936,38.58,55.56,312.525,8.489798e-05,7.2016,50.0
2005-09-07 15:00:00.000039936,38.58,55.56,312.525,8.592957e-05,6.1728,40.0
2005-09-07 18:00:00.000039936,38.58,55.56,312.525,8.675015e-05,5.6584,40.0
2005-09-07 21:00:00.000039936,37.5512,70.376,325.026,8.756649e-05,5.144,45.0
2005-09-08 00:00:00.000039936,36.008,83.34,335.675,8.8175955e-05,5.144,45.0
2005-09-08 03:00:00.000039936,34.979202,83.34,335.675,8.8782996e-05,5.144,45.0
2005-09-08 06:00:00.000039936,33.436,83.34,335.675,8.958859e-05,5.6584,45.0
2005-09-08 09:00:00.000039936,33.436,98.156,347.71298,9.038981e-05,5.6584,45.0
2005-09-08 12:00:00.000039936,33.436,111.12,358.82498,9.1186645e-05,4.6296,50.0
2005-09-08 15:00:00.000039936,33.436,111.12,358.82498,9.1583395e-05,3.6008,55.0
2005-09-08 18:00:00.000039936,33.436,111.12,358.82498,9.197902e-05,3.0864,60.0
2005-09-08 21:00:00.000039936,32.4072,111.12,358.82498,9.217642e-05,3.6008,65.0
2005-09-09 00:00:00.000039936,30.864,111.12,358.82498,9.257037e-05,4.6296,70.0
2005-09-09 03:00:00.000039936,29.835201,111.12,347.71298,9.296319e-05,6.1728,70.0
2005-09-09 06:00:00.000039936,28.292,111.12,335.675,9.335488e-05,6.6872,65.0
2005-09-09 09:00:00.000039936,28.292,101.86,319.00702,9.3940274e-05,6.6872,60.0
2005-09-09 12:00:00.000039936,28.292,92.6,300.94998,9.452311e-05,6.1728,60.0
2005-09-09 15:00:00.000039936,27.2632,92.6,300.94998,9.5103336e-05,6.1728,55.0
2005-09-09 18:00:00.000039936,25.720001,92.6,300.94998,9.587293e-05,6.6872,55.0
2005-09-09 21:00:00.000039936,25.720001,92.6,300.94998,9.6637836e-05,7.2016,55.0
2005-09-10 00:00:00.000039936,25.720001,92.6,300.94998,9.7398035e-05,7.2016,50.0
2005-09-10 03:00:00.000039936,25.720001,101.86,312.525,9.815349e-05,7.2016,45.0
