Time,Vmax,Rmax_IBT,R34,fcor,u_trans,v_trans
2022-10-11 18:00:00.000039936,18.004,185.2,138.9,4.892293e-05,3.6008,330.0
2022-10-11 21:00:00.000039936,18.004,175.94,127.325005,4.9641636e-05,3.6008,335.0
2022-10-12 00:00:00.000039936,18.004,166.68,115.75,5.035898e-05,3.6008,345.0
2022-10-12 03:00:00.000039936,18.004,157.42,104.175,5.1074945e-05,3.6008,350.0
2022-10-12 06:00:00.000039936,18.004,148.16,92.6,5.2027382e-05,3.6008,0.0
2022-10-12 09:00:00.000039936,19.5472,138.9,99.545006,5.2740055e-05,3.0864,10.0
2022-10-12 12:00:00.000039936,20.576,129.64,106.49,5.345127e-05,3.0864,15.0
2022-10-12 15:00:00.000039936,23.148,120.38,97.23,5.4161024e-05,2.572,20.0
2022-10-12 18:00:00.000039936,25.720001,111.12,87.97,5.4633376e-05,2.572,30.0
2022-10-12 21:00:00.000039936,25.720001,101.86,85.655,5.510506e-05,2.572,35.0
2022-10-13 00:00:00.000039936,25.720001,92.6,83.34,5.5576067e-05,1.5432,30.0
2022-10-13 03:00:00.000039936,24.6912,83.34,85.65501,5.581132e-05,0.0,0.0
2022-10-13 06:00:00.000039936,23.148,74.08,87.97,5.5576067e-05,1.5432,160.0
2022-10-13 09:00:00.000039936,23.148,74.08,90.285,5.510506e-05,3.0864,150.0
2022-10-13 12:00:00.000039936,23.148,74.08,92.600006,5.439729e-05,3.6008,150.0
2022-10-13 15:00:00.000039936,22.1192,83.34,62.504997,5.3688025e-05,3.6008,150.0
2022-10-13 18:00:00.000039936,20.576,92.6,32.41,5.2977284e-05,3.6008,135.0
2022-10-13 21:00:00.000039936,20.576,92.6,30.095,5.250265e-05,3.6008,125.0
2022-10-14 00:00:00.000039936,20.576,92.6,27.78,5.2027382e-05,3.6008,135.0
2022-10-14 03:00:00.000039936,19.5472,92.6,25.465,5.131329e-05,3.6008,150.0
2022-10-14 06:00:00.000039936,18.004,92.6,23.15,5.059779e-05,3.0864,165.0
2022-10-14 09:00:00.000039936,18.004,92.6,23.15,4.9880902e-05,2.572,180.0
2022-10-14 12:00:00.000039936,18.004,92.6,23.15,4.9402213e-05,2.0576,0.0
2022-10-14 15:00:00.000039936,18.004,83.34,20.835,4.892293e-05,2.0576,0.0
