Time,Vmax,Rmax_IBT,R34,fcor,u_trans,v_trans
2018-10-07 12:00:00.000039936,18.004,222.24,138.9,4.6999867e-05,3.6008,60.0
2018-10-07 15:00:00.000039936,20.576,166.68,138.9,4.7240763e-05,3.6008,65.0
2018-10-07 18:00:00.000039936,23.148,111.12,138.9,4.7722115e-05,3.0864,45.0
2018-10-07 21:00:00.000039936,24.6912,88.895996,173.625,4.844305e-05,3.0864,20.0
2018-10-08 00:00:00.000039936,25.720001,64.82,208.34999,4.916265e-05,3.0864,10.0
2018-10-08 03:00:00.000039936,28.292,64.82,208.34999,4.9641636e-05,2.572,10.0
2018-10-08 06:00:00.000039936,30.864,64.82,208.34999,5.035898e-05,3.0864,20.0
2018-10-08 09:00:00.000039936,32.4072,61.116,208.34999,5.1074945e-05,4.1152,20.0
2018-10-08 12:00:00.000039936,33.436,55.56,208.34999,5.2027382e-05,4.1152,10.0
2018-10-08 15:00:00.000039936,36.008,51.856,206.03499,5.2977284e-05,4.1152,0.0
2018-10-08 18:00:00.000039936,38.58,46.3,203.71999,5.392461e-05,4.6296,360.0
2018-10-08 21:00:00.000039936,41.152,42.596,215.295,5.510506e-05,5.144,355.0
2018-10-09 00:00:00.000039936,43.724,37.04,226.87,5.6281307e-05,5.6584,340.0
2018-10-09 03:00:00.000039936,43.724,37.04,233.815,5.7453286e-05,5.6584,330.0
2018-10-09 06:00:00.000039936,43.724,37.04,240.76001,5.862087e-05,5.6584,330.0
2018-10-09 09:00:00.000039936,45.2672,33.336,238.445,5.9551734e-05,5.144,340.0
2018-10-09 12:00:00.000039936,46.296,27.78,236.13,6.0711227e-05,5.144,345.0
2018-10-09 15:00:00.000039936,48.868,27.78,236.13,6.186609e-05,5.144,350.0
2018-10-09 18:00:00.000039936,51.440002,27.78,236.13,6.3016254e-05,5.144,355.0
2018-10-09 21:00:00.000039936,54.012,27.78,236.13,6.416161e-05,5.144,355.0
2018-10-10 00:00:00.000039936,56.584,27.78,236.13,6.530208e-05,5.144,355.0
2018-10-10 03:00:00.000039936,59.156002,27.78,236.13,6.643758e-05,5.6584,355.0
2018-10-10 06:00:00.000039936,61.728,27.78,236.13,6.7793495e-05,6.1728,5.0
2018-10-10 09:00:00.000039936,63.271202,24.076,231.5,6.936598e-05,6.6872,10.0
2018-10-10 12:00:00.000039936,64.3,18.52,226.87,7.07056e-05,5.6584,25.0
2018-10-10 15:00:00.000039936,68.4152,18.52,206.49799,7.159438e-05,6.6872,35.0
