Time,Vmax,Rmax_IBT,R34,fcor,u_trans,v_trans
2011-09-07 00:00:00.000039936,18.004,138.9,27.78,3.0073232e-05,8.2304,285.0
2011-09-07 03:00:00.000039936,19.5472,138.9,27.78,3.0571195e-05,8.2304,285.0
2011-09-07 06:00:00.000039936,20.576,138.9,27.78,3.1068776e-05,9.2592,285.0
2011-09-07 09:00:00.000039936,22.1192,107.416,49.078,3.1814445e-05,9.7736,285.0
2011-09-07 12:00:00.000039936,23.148,74.08,69.45,3.231108e-05,9.7736,280.0
2011-09-07 15:00:00.000039936,23.148,74.08,73.154,3.2559245e-05,10.288,275.0
2011-09-07 18:00:00.000039936,23.148,74.08,76.395,3.280731e-05,10.288,275.0
2011-09-07 21:00:00.000039936,23.148,74.08,82.414,3.305528e-05,11.3168,275.0
2011-09-08 00:00:00.000039936,23.148,74.08,87.97,3.330315e-05,11.8312,275.0
2011-09-08 03:00:00.000039936,23.148,74.08,99.545,3.330315e-05,12.3456,270.0
2011-09-08 06:00:00.000039936,23.148,74.08,111.119995,3.330315e-05,12.3456,265.0
2011-09-08 09:00:00.000039936,22.1192,74.08,111.119995,3.305528e-05,11.8312,265.0
2011-09-08 12:00:00.000039936,20.576,74.08,111.119995,3.280731e-05,11.3168,270.0
2011-09-08 15:00:00.000039936,20.576,74.08,107.879,3.305528e-05,10.288,275.0
2011-09-08 18:00:00.000039936,20.576,74.08,104.175,3.330315e-05,9.2592,280.0
2011-09-08 21:00:00.000039936,20.576,83.34,104.175,3.3550914e-05,8.2304,280.0
2011-09-09 00:00:00.000039936,20.576,92.6,104.175,3.404614e-05,7.716,285.0
2011-09-09 03:00:00.000039936,20.576,92.6,106.490005,3.454095e-05,7.716,285.0
2011-09-09 06:00:00.000039936,20.576,92.6,108.805,3.5035337e-05,7.716,285.0
2011-09-09 09:00:00.000039936,22.1192,92.6,108.805,3.5529305e-05,7.2016,285.0
2011-09-09 12:00:00.000039936,23.148,92.6,108.805,3.6022833e-05,7.2016,290.0
2011-09-09 15:00:00.000039936,23.148,92.6,122.69501,3.67623e-05,7.2016,295.0
2011-09-09 18:00:00.000039936,23.148,92.6,136.585,3.7500762e-05,6.6872,295.0
2011-09-09 21:00:00.000039936,23.148,101.86,157.883,3.7992504e-05,6.1728,295.0
2011-09-10 00:00:00.000039936,23.148,111.12,178.255,3.872924e-05,5.6584,300.0
2011-09-10 03:00:00.000039936,23.148,111.12,168.069,3.9464914e-05,5.6584,300.0
2011-09-10 06:00:00.000039936,23.148,111.12,157.42,4.0199502e-05,6.6872,305.0
2011-09-10 09:00:00.000039936,23.148,129.64,113.435,4.1177245e-05,7.2016,310.0
2011-09-10 12:00:00.000039936,23.148,148.16,69.45,4.239659e-05,7.2016,315.0
2011-09-10 15:00:00.000039936,23.148,148.16,69.45,4.3612705e-05,6.1728,315.0
2011-09-10 18:00:00.000039936,23.148,148.16,69.45,4.458322e-05,5.144,315.0
2011-09-10 21:00:00.000039936,23.148,129.64,93.989,4.5309676e-05,4.1152,305.0
2011-09-11 00:00:00.000039936,23.148,111.12,118.064995,4.5793287e-05,4.1152,305.0
2011-09-11 03:00:00.000039936,24.6912,111.12,118.064995,4.627635e-05,4.1152,300.0
2011-09-11 06:00:00.000039936,25.720001,111.12,118.064995,4.675884e-05,4.1152,300.0
2011-09-11 09:00:00.000039936,25.720001,111.12,139.363,4.7240763e-05,4.1152,300.0
2011-09-11 12:00:00.000039936,25.720001,111.12,159.73499,4.7722115e-05,4.1152,305.0
2011-09-11 15:00:00.000039936,25.720001,111.12,165.754,4.8202877e-05,4.1152,310.0
2011-09-11 18:00:00.000039936,25.720001,111.12,171.31,4.892293e-05,3.6008,310.0
2011-09-11 21:00:00.000039936,25.720001,111.12,171.31,4.9402213e-05,3.6008,305.0
2011-09-12 00:00:00.000039936,25.720001,111.12,171.31,4.9880902e-05,4.1152,300.0
2011-09-12 03:00:00.000039936,25.720001,111.12,171.31,5.035898e-05,4.6296,300.0
2011-09-12 06:00:00.000039936,25.720001,111.12,171.31,5.083645e-05,4.6296,290.0
2011-09-12 09:00:00.000039936,25.720001,148.16,164.36499,5.1074945e-05,4.1152,285.0
2011-09-12 12:00:00.000039936,25.720001,185.2,157.42,5.131329e-05,2.572,290.0
2011-09-12 15:00:00.000039936,25.720001,162.976,175.94,5.155148e-05,1.5432,315.0
2011-09-12 18:00:00.000039936,25.720001,138.9,194.45999,5.178951e-05,1.0288,325.0
2011-09-12 21:00:00.000039936,24.6912,138.9,201.405,5.2027382e-05,1.5432,315.0
2011-09-13 00:00:00.000039936,23.148,138.9,208.35,5.22651e-05,1.5432,320.0
2011-09-13 03:00:00.000039936,23.148,138.9,187.515,5.250265e-05,2.0576,330.0
2011-09-13 06:00:00.000039936,23.148,138.9,166.68,5.2977284e-05,2.0576,330.0
2011-09-13 09:00:00.000039936,23.148,162.976,166.68,5.345127e-05,2.0576,335.0
2011-09-13 12:00:00.000039936,23.148,185.2,166.68,5.392461e-05,2.572,335.0
2011-09-13 15:00:00.000039936,23.148,185.2,152.79,5.4633376e-05,3.6008,335.0
2011-09-13 18:00:00.000039936,23.148,185.2,138.9,5.5340646e-05,4.1152,330.0
2011-09-13 21:00:00.000039936,23.148,185.2,152.79,5.6281307e-05,4.6296,330.0
2011-09-14 00:00:00.000039936,23.148,185.2,166.68,5.721923e-05,5.144,330.0
2011-09-14 03:00:00.000039936,24.6912,148.16,166.68,5.8154368e-05,4.6296,330.0
2011-09-14 06:00:00.000039936,25.720001,111.12,166.68,5.9086666e-05,4.6296,335.0
2011-09-14 09:00:00.000039936,25.720001,101.86,166.68,6.0016075e-05,4.1152,340.0
2011-09-14 12:00:00.000039936,25.720001,92.6,166.68,6.0942573e-05,4.6296,350.0
2011-09-14 15:00:00.000039936,27.2632,92.6,152.79,6.20965e-05,5.6584,0.0
2011-09-14 18:00:00.000039936,28.292,92.6,138.9,6.3474974e-05,6.6872,10.0
2011-09-14 21:00:00.000039936,29.835201,111.12,152.79,6.507438e-05,7.716,15.0
2011-09-15 00:00:00.000039936,30.864,129.64,166.68,6.666408e-05,8.2304,15.0
2011-09-15 03:00:00.000039936,30.864,129.64,166.68,6.8243826e-05,8.744801,15.0
2011-09-15 06:00:00.000039936,30.864,129.64,166.68,7.025991e-05,9.7736,15.0
2011-09-15 09:00:00.000039936,30.864,129.64,166.68,7.247968e-05,11.3168,15.0
2011-09-15 12:00:00.000039936,30.864,129.64,166.68,7.4895885e-05,12.860001,15.0
2011-09-15 15:00:00.000039936,32.4072,98.156,194.45999,7.771575e-05,14.917601,15.0
2011-09-15 18:00:00.000039936,33.436,64.82,222.23999,8.0919635e-05,16.9752,20.0
2011-09-15 21:00:00.000039936,34.979202,55.56,222.23999,8.4068044e-05,18.004,30.0
2011-09-16 00:00:00.000039936,36.008,46.3,222.23999,8.7362794e-05,18.5184,30.0
2011-09-16 03:00:00.000039936,36.008,46.3,222.23999,9.038981e-05,19.0328,35.0
2011-09-16 06:00:00.000039936,36.008,46.3,222.23999,9.335488e-05,20.0616,40.0
2011-09-16 09:00:00.000039936,34.979202,55.56,236.13,9.625596e-05,22.1192,45.0
2011-09-16 12:00:00.000039936,33.436,64.82,250.01999,9.92777e-05,23.6624,40.0
2011-09-16 15:00:00.000039936,32.4072,98.156,284.745,0.00010276526,25.2056,40.0
