Time,Vmax,Rmax_IBT,R34,fcor,u_trans,v_trans
2019-10-11 06:00:00.000039936,28.292,222.24,347.25,9.058944e-05,3.6008,315.0
2019-10-11 09:00:00.000039936,27.2632,212.98,340.305,9.098784e-05,3.0864,290.0
2019-10-11 12:00:00.000039936,25.720001,203.72,333.36,9.098784e-05,2.572,255.0
2019-10-11 15:00:00.000039936,25.720001,185.2,319.47,9.058944e-05,2.572,210.0
2019-10-11 18:00:00.000039936,25.720001,166.68,305.58002,9.0189926e-05,2.572,165.0
2019-10-11 21:00:00.000039936,25.720001,250.02,291.69,8.9789304e-05,3.0864,130.0
2019-10-12 00:00:00.000039936,25.720001,333.36,277.80002,8.938759e-05,3.0864,105.0
2019-10-12 03:00:00.000039936,24.6912,333.36,256.965,8.938759e-05,3.0864,80.0
2019-10-12 06:00:00.000039936,23.148,333.36,236.12999,8.958859e-05,3.0864,80.0
2019-10-12 09:00:00.000039936,23.148,185.2,222.23999,8.958859e-05,3.6008,80.0
2019-10-12 12:00:00.000039936,23.148,37.04,208.34999,8.9789304e-05,4.1152,80.0
2019-10-12 15:00:00.000039936,23.148,37.04,152.79,8.998974e-05,5.144,80.0
2019-10-12 18:00:00.000039936,23.148,37.04,97.229996,9.0189926e-05,5.6584,75.0
2019-10-12 21:00:00.000039936,23.148,37.04,90.284996,9.058944e-05,6.1728,70.0
2019-10-13 00:00:00.000039936,23.148,37.04,83.34,9.098784e-05,6.1728,65.0
2019-10-13 03:00:00.000039936,22.1192,37.04,69.45,9.138516e-05,6.1728,65.0
2019-10-13 06:00:00.000039936,20.576,37.04,55.56,9.197902e-05,6.6872,70.0
2019-10-13 09:00:00.000039936,20.576,37.04,55.56,9.2373535e-05,7.2016,75.0
2019-10-13 12:00:00.000039936,20.576,37.04,55.56,9.2766924e-05,7.716,80.0
2019-10-13 15:00:00.000039936,19.5472,46.3,55.56,9.296319e-05,7.716,80.0
2019-10-13 18:00:00.000039936,18.004,55.56,55.56,9.315918e-05,7.716,80.0
2019-10-13 21:00:00.000039936,18.004,55.56,55.56,9.335488e-05,7.716,80.0
2019-10-14 00:00:00.000039936,18.004,55.56,55.56,9.374543e-05,8.744801,75.0
2019-10-14 03:00:00.000039936,18.004,74.08,55.56,9.413484e-05,9.7736,75.0
2019-10-14 06:00:00.000039936,18.004,92.6,55.56,9.47168e-05,9.7736,75.0
2019-10-14 09:00:00.000039936,18.004,92.6,69.45,9.5103336e-05,10.288,80.0
2019-10-14 12:00:00.000039936,18.004,92.6,83.34,9.529617e-05,11.3168,85.0
2019-10-14 15:00:00.000039936,18.004,92.6,83.34,9.548872e-05,11.8312,90.0
