Time,Vmax,Rmax_IBT,R34,fcor,u_trans,v_trans
2013-11-17 00:00:00.000039936,18.004,277.8,222.24,5.9086666e-05,2.572,320.0
2013-11-17 03:00:00.000039936,18.004,277.8,222.24,5.9551734e-05,2.572,325.0
2013-11-17 06:00:00.000039936,18.004,277.8,222.24,6.0016075e-05,3.0864,335.0
2013-11-17 09:00:00.000039936,18.004,277.8,222.24,6.0711227e-05,3.6008,345.0
2013-11-17 12:00:00.000039936,18.004,277.8,222.24,6.1635496e-05,4.6296,355.0
2013-11-17 15:00:00.000039936,19.5472,250.02,284.745,6.278661e-05,5.144,0.0
2013-11-17 18:00:00.000039936,20.576,222.24,347.25,6.393293e-05,5.6584,5.0
2013-11-17 21:00:00.000039936,22.1192,203.72,347.25,6.507438e-05,5.6584,10.0
2013-11-18 00:00:00.000039936,23.148,185.2,347.25,6.643758e-05,6.1728,5.0
2013-11-18 03:00:00.000039936,23.148,175.94,354.195,6.7793495e-05,6.1728,0.0
2013-11-18 06:00:00.000039936,23.148,166.68,361.14,6.914198e-05,5.6584,340.0
2013-11-18 09:00:00.000039936,24.6912,157.42,381.97498,7.003676e-05,5.144,320.0
2013-11-18 12:00:00.000039936,25.720001,148.16,402.81,7.092813e-05,4.6296,315.0
2013-11-18 15:00:00.000039936,25.720001,138.9,402.81,7.159438e-05,4.1152,320.0
2013-11-18 18:00:00.000039936,25.720001,129.64,402.81,7.2258685e-05,3.6008,315.0
2013-11-18 21:00:00.000039936,25.720001,120.38,402.81,7.2921e-05,3.6008,320.0
2013-11-19 00:00:00.000039936,25.720001,111.12,402.81,7.336144e-05,3.0864,330.0
2013-11-19 03:00:00.000039936,27.2632,111.12,388.91998,7.402041e-05,3.0864,345.0
2013-11-19 06:00:00.000039936,28.292,111.12,375.03,7.467736e-05,3.6008,355.0
2013-11-19 09:00:00.000039936,28.292,111.12,361.13998,7.5550095e-05,4.1152,0.0
2013-11-19 12:00:00.000039936,28.292,111.12,347.25,7.641916e-05,4.6296,5.0
2013-11-19 15:00:00.000039936,27.2632,111.12,333.36,7.728449e-05,4.6296,15.0
2013-11-19 18:00:00.000039936,25.720001,111.12,319.46997,7.8360856e-05,5.6584,35.0
2013-11-19 21:00:00.000039936,24.6912,111.12,300.94998,7.921766e-05,6.6872,50.0
2013-11-20 00:00:00.000039936,23.148,111.12,282.43,8.007058e-05,7.716,60.0
2013-11-20 03:00:00.000039936,23.148,101.86,266.225,8.0919635e-05,8.744801,60.0
2013-11-20 06:00:00.000039936,23.148,92.6,250.01999,8.176471e-05,10.288,65.0
2013-11-20 09:00:00.000039936,23.148,83.34,247.70499,8.2815466e-05,11.3168,65.0
2013-11-20 12:00:00.000039936,23.148,74.08,245.38998,8.3859915e-05,11.8312,60.0
2013-11-20 15:00:00.000039936,23.148,74.08,240.76,8.510482e-05,12.3456,60.0
2013-11-20 18:00:00.000039936,23.148,74.08,236.12999,8.6340384e-05,12.860001,60.0
2013-11-20 21:00:00.000039936,23.148,74.08,243.075,8.756649e-05,13.3744,65.0
2013-11-21 00:00:00.000039936,23.148,74.08,250.01999,8.8782996e-05,14.917601,65.0
2013-11-21 03:00:00.000039936,24.6912,83.34,250.01999,9.0189926e-05,15.432,65.0
2013-11-21 06:00:00.000039936,25.720001,92.6,250.01999,9.138516e-05,15.432,65.0
2013-11-21 09:00:00.000039936,27.2632,101.86,263.91,9.257037e-05,14.4032,65.0
2013-11-21 12:00:00.000039936,28.292,111.12,277.8,9.35503e-05,13.8888,70.0
2013-11-21 15:00:00.000039936,28.292,111.12,284.745,9.4329116e-05,13.3744,70.0
2013-11-21 18:00:00.000039936,28.292,111.12,291.69,9.5103336e-05,12.860001,75.0
2013-11-21 21:00:00.000039936,27.2632,120.38,256.965,9.568096e-05,12.3456,75.0
2013-11-22 00:00:00.000039936,25.720001,129.64,222.24,9.625596e-05,11.3168,80.0
2013-11-22 03:00:00.000039936,24.6912,138.9,222.24,9.6637836e-05,10.288,80.0
2013-11-22 06:00:00.000039936,23.148,148.16,222.24,9.682832e-05,10.288,85.0
2013-11-22 09:00:00.000039936,22.1192,157.42,222.24,9.682832e-05,10.802401,90.0
2013-11-22 12:00:00.000039936,20.576,166.68,222.24,9.682832e-05,10.802401,95.0
2013-11-22 15:00:00.000039936,20.576,166.68,222.24,9.6637836e-05,10.288,100.0
2013-11-22 18:00:00.000039936,20.576,166.68,222.24,9.625596e-05,10.288,100.0
2013-11-22 21:00:00.000039936,19.5472,175.94,208.35,9.587293e-05,9.7736,105.0
2013-11-23 00:00:00.000039936,18.004,185.2,194.46,9.529617e-05,10.288,110.0
2013-11-23 03:00:00.000039936,18.004,185.2,194.46,9.452311e-05,10.288,115.0
