Time,Vmax,Rmax_IBT,R34,fcor,u_trans,v_trans
2017-09-16 15:00:00.000039936,18.004,74.08,37.04,3.0820032e-05,10.288,270.0
2017-09-16 18:00:00.000039936,20.576,74.08,37.04,3.0820032e-05,8.744801,275.0
2017-09-16 21:00:00.000039936,22.1192,64.82,43.985,3.1068776e-05,7.2016,280.0
2017-09-17 00:00:00.000039936,23.148,55.56,50.93,3.131743e-05,6.6872,285.0
2017-09-17 03:00:00.000039936,25.720001,46.3,57.875,3.1814445e-05,6.6872,290.0
2017-09-17 06:00:00.000039936,28.292,37.04,64.82,3.231108e-05,7.2016,290.0
2017-09-17 09:00:00.000039936,29.835201,37.04,74.08,3.305528e-05,7.2016,290.0
2017-09-17 12:00:00.000039936,30.864,37.04,83.340004,3.3550914e-05,7.2016,285.0
2017-09-17 15:00:00.000039936,32.4072,33.336,94.91499,3.404614e-05,6.6872,285.0
2017-09-17 18:00:00.000039936,33.436,27.78,106.490005,3.4293596e-05,6.1728,285.0
2017-09-17 21:00:00.000039936,36.008,24.076,113.435,3.47882e-05,5.6584,290.0
2017-09-18 00:00:00.000039936,38.58,18.52,120.380005,3.5282377e-05,5.144,290.0
2017-09-18 03:00:00.000039936,40.1232,18.52,120.380005,3.577612e-05,5.144,285.0
2017-09-18 06:00:00.000039936,41.152,18.52,120.380005,3.6022833e-05,4.6296,285.0
2017-09-18 09:00:00.000039936,46.296,18.52,143.53,3.626943e-05,3.6008,285.0
2017-09-18 12:00:00.000039936,51.440002,18.52,166.68,3.651592e-05,3.6008,295.0
2017-09-18 15:00:00.000039936,54.012,18.52,168.995,3.700857e-05,4.1152,300.0
2017-09-18 18:00:00.000039936,56.584,18.52,171.31,3.7500762e-05,4.1152,300.0
2017-09-18 21:00:00.000039936,65.8432,18.52,175.93999,3.7992504e-05,4.1152,300.0
2017-09-19 00:00:00.000039936,74.588,18.52,180.56999,3.8483773e-05,4.6296,300.0
2017-09-19 01:15:00.000053248,74.588,18.52,180.56999,3.872924e-05,5.144,295.0
2017-09-19 03:00:00.000039936,72.5304,18.52,182.422,3.897458e-05,4.1152,295.0
2017-09-19 06:00:00.000039936,69.444,18.52,185.2,3.9464914e-05,4.1152,295.0
2017-09-19 09:00:00.000039936,70.9872,14.816,187.515,3.995476e-05,4.6296,295.0
2017-09-19 12:00:00.000039936,72.016,9.26,189.83,4.0444127e-05,4.6296,300.0
2017-09-19 15:00:00.000039936,73.559204,9.26,189.83,4.093299e-05,4.6296,305.0
2017-09-19 18:00:00.000039936,74.588,9.26,189.83,4.1665367e-05,4.6296,300.0
2017-09-19 21:00:00.000039936,76.1312,9.26,199.09001,4.2152973e-05,4.6296,300.0
2017-09-20 00:00:00.000039936,77.16,9.26,208.35,4.2640077e-05,4.6296,305.0
2017-09-20 03:00:00.000039936,77.16,9.26,208.35,4.3369746e-05,5.144,310.0
2017-09-20 06:00:00.000039936,72.016,27.78,208.35,4.409823e-05,5.6584,300.0
2017-09-20 09:00:00.000039936,69.958405,27.78,208.35,4.4825505e-05,6.1728,300.0
