Time,Vmax,Rmax_IBT,R34,fcor,u_trans,v_trans
2008-10-14 00:00:00.000039936,18.004,83.34,37.04,3.651592e-05,2.0576,130.0
2008-10-14 03:00:00.000039936,19.5472,83.34,50.467003,3.626943e-05,2.0576,125.0
2008-10-14 06:00:00.000039936,20.576,83.34,62.504997,3.6022833e-05,1.5432,120.0
2008-10-14 09:00:00.000039936,23.148,79.636,77.321,3.6022833e-05,1.0288,115.0
2008-10-14 12:00:00.000039936,25.720001,74.08,90.285,3.577612e-05,1.5432,135.0
2008-10-14 15:00:00.000039936,28.292,51.856,100.008,3.5282377e-05,2.0576,135.0
2008-10-14 18:00:00.000039936,30.864,27.78,108.80499,3.5035337e-05,2.0576,100.0
2008-10-14 21:00:00.000039936,32.4072,27.78,115.74999,3.5282377e-05,2.572,70.0
2008-10-15 00:00:00.000039936,33.436,27.78,122.69499,3.5529305e-05,2.572,55.0
2008-10-15 03:00:00.000039936,34.979202,24.076,137.974,3.577612e-05,2.0576,45.0
2008-10-15 06:00:00.000039936,36.008,18.52,152.79001,3.626943e-05,3.0864,45.0
2008-10-15 09:00:00.000039936,37.5512,18.52,156.957,3.67623e-05,4.1152,50.0
2008-10-15 12:00:00.000039936,38.58,18.52,159.73499,3.7500762e-05,4.6296,50.0
2008-10-15 15:00:00.000039936,40.1232,18.52,167.606,3.8238195e-05,5.6584,50.0
2008-10-15 18:00:00.000039936,41.152,18.52,173.625,3.9219805e-05,7.2016,50.0
2008-10-15 21:00:00.000039936,45.2672,18.52,174.08801,4.0444127e-05,8.744801,50.0
2008-10-16 00:00:00.000039936,48.868,18.52,173.625,4.1909232e-05,9.2592,45.0
2008-10-16 03:00:00.000039936,54.012,18.52,170.847,4.3612705e-05,10.288,40.0
2008-10-16 06:00:00.000039936,59.156002,18.52,166.68,4.5551555e-05,10.802401,45.0
2008-10-16 09:00:00.000039936,52.9832,24.076,166.68,4.7240763e-05,11.3168,50.0
2008-10-16 12:00:00.000039936,46.296,27.78,166.68,4.892293e-05,11.3168,50.0
2008-10-16 15:00:00.000039936,41.152,33.336,163.439,5.059779e-05,11.3168,45.0
2008-10-16 18:00:00.000039936,36.008,37.04,159.73502,5.250265e-05,11.3168,45.0
2008-10-16 21:00:00.000039936,34.979202,51.856,163.43901,5.439729e-05,11.8312,40.0
2008-10-17 00:00:00.000039936,33.436,64.82,166.68001,5.6516048e-05,12.860001,40.0
2008-10-17 03:00:00.000039936,34.979202,64.82,163.902,5.9086666e-05,14.4032,35.0
2008-10-17 06:00:00.000039936,36.008,64.82,159.735,6.186609e-05,15.432,30.0
2008-10-17 09:00:00.000039936,37.5512,46.3,159.735,6.507438e-05,15.9464,25.0
2008-10-17 12:00:00.000039936,38.58,27.78,159.735,6.8243826e-05,14.917601,25.0
2008-10-17 15:00:00.000039936,36.008,27.78,153.25299,7.092813e-05,12.860001,25.0
2008-10-17 18:00:00.000039936,33.436,27.78,145.845,7.314133e-05,10.288,35.0
2008-10-17 21:00:00.000039936,30.864,33.336,139.36299,7.467736e-05,8.2304,40.0
2008-10-18 00:00:00.000039936,28.292,37.04,131.955,7.576771e-05,7.716,40.0
2008-10-18 03:00:00.000039936,27.2632,37.04,131.955,7.70685e-05,7.2016,40.0
2008-10-18 06:00:00.000039936,25.720001,37.04,131.955,7.814606e-05,6.1728,45.0
2008-10-18 09:00:00.000039936,23.148,37.04,104.638,7.878973e-05,4.6296,50.0
