Time,Vmax,Rmax_IBT,R34,fcor,u_trans,v_trans
2016-10-04 06:00:00.000039936,18.004,148.16,41.67,5.7453286e-05,3.0864,300.0
2016-10-04 09:00:00.000039936,19.5472,129.64,57.875,5.7920843e-05,2.572,305.0
2016-10-04 12:00:00.000039936,20.576,111.12,74.08,5.8154368e-05,2.572,305.0
2016-10-04 15:00:00.000039936,22.1192,111.12,74.08,5.83877e-05,2.572,310.0
2016-10-04 18:00:00.000039936,23.148,111.12,74.08,5.8853857e-05,2.572,305.0
2016-10-04 21:00:00.000039936,23.148,111.12,74.08,5.9086666e-05,2.572,305.0
2016-10-05 00:00:00.000039936,23.148,111.12,74.08,5.9551734e-05,2.572,305.0
2016-10-05 03:00:00.000039936,23.148,111.12,74.08,5.9784e-05,2.572,305.0
2016-10-05 06:00:00.000039936,23.148,111.12,74.08,6.0247978e-05,3.6008,295.0
2016-10-05 09:00:00.000039936,23.148,111.12,74.08,6.0479695e-05,4.1152,290.0
2016-10-05 12:00:00.000039936,23.148,111.12,74.08,6.0942573e-05,4.1152,295.0
2016-10-05 15:00:00.000039936,24.6912,74.08,81.025,6.14047e-05,4.1152,300.0
2016-10-05 18:00:00.000039936,25.720001,37.04,87.97,6.186609e-05,4.1152,310.0
2016-10-05 21:00:00.000039936,25.720001,37.04,87.97,6.255676e-05,4.1152,320.0
2016-10-06 00:00:00.000039936,25.720001,37.04,87.97,6.324571e-05,4.1152,315.0
2016-10-06 03:00:00.000039936,27.2632,37.04,87.97,6.393293e-05,3.6008,315.0
2016-10-06 06:00:00.000039936,28.292,37.04,87.97,6.43901e-05,3.0864,320.0
2016-10-06 09:00:00.000039936,29.835201,37.04,87.97,6.4846485e-05,3.0864,330.0
2016-10-06 12:00:00.000039936,30.864,37.04,87.97,6.552959e-05,3.0864,335.0
2016-10-06 15:00:00.000039936,34.979202,33.336,90.285,6.621089e-05,3.6008,335.0
2016-10-06 18:00:00.000039936,38.58,27.78,92.600006,6.689037e-05,2.572,335.0
2016-10-06 21:00:00.000039936,42.6952,27.78,99.545006,6.711647e-05,1.0288,335.0
2016-10-07 00:00:00.000039936,46.296,27.78,106.490005,6.734234e-05,0.5144,345.0
2016-10-07 03:00:00.000039936,42.6952,27.78,106.490005,6.756802e-05,0.5144,0.0
2016-10-07 06:00:00.000039936,38.58,27.78,106.490005,6.756802e-05,0.5144,0.0
2016-10-07 09:00:00.000039936,34.979202,27.78,106.490005,6.756802e-05,0.0,0.0
2016-10-07 12:00:00.000039936,30.864,27.78,106.490005,6.756802e-05,1.0288,195.0
2016-10-07 15:00:00.000039936,29.835201,33.336,106.490005,6.711647e-05,2.0576,190.0
2016-10-07 18:00:00.000039936,28.292,37.04,106.490005,6.666408e-05,2.572,190.0
2016-10-07 21:00:00.000039936,27.2632,37.04,106.490005,6.5983986e-05,3.0864,190.0
2016-10-08 00:00:00.000039936,25.720001,37.04,106.490005,6.530208e-05,3.0864,190.0
2016-10-08 03:00:00.000039936,23.148,46.3,106.490005,6.461839e-05,3.0864,190.0
2016-10-08 06:00:00.000039936,20.576,55.56,106.490005,6.393293e-05,3.0864,190.0
2016-10-08 09:00:00.000039936,20.576,55.56,106.490005,6.324571e-05,2.572,190.0
2016-10-08 12:00:00.000039936,20.576,55.56,106.490005,6.278661e-05,2.572,190.0
2016-10-08 15:00:00.000039936,22.1192,55.56,115.75,6.20965e-05,2.572,190.0
2016-10-08 18:00:00.000039936,23.148,55.56,125.01,6.1635496e-05,2.0576,0.0
2016-10-08 21:00:00.000039936,23.148,55.56,122.695,6.1173734e-05,2.0576,170.0
2016-10-09 00:00:00.000039936,23.148,55.56,120.380005,6.0711227e-05,2.572,165.0
2016-10-09 03:00:00.000039936,25.720001,55.56,127.325005,6.0016075e-05,2.572,170.0
2016-10-09 06:00:00.000039936,28.292,55.56,134.26999,5.9551734e-05,1.5432,165.0
2016-10-09 09:00:00.000039936,28.292,55.56,134.26999,5.9319285e-05,0.5144,140.0
2016-10-09 12:00:00.000039936,28.292,55.56,134.26999,5.9319285e-05,0.5144,75.0
2016-10-09 15:00:00.000039936,28.292,55.56,141.215,5.9319285e-05,0.5144,40.0
2016-10-09 18:00:00.000039936,28.292,55.56,148.16,5.9551734e-05,1.0288,35.0
2016-10-09 21:00:00.000039936,27.2632,55.56,148.16,5.9784e-05,1.0288,25.0
2016-10-10 00:00:00.000039936,25.720001,55.56,148.16,6.0016075e-05,2.0576,5.0
2016-10-10 03:00:00.000039936,25.720001,64.82,150.475,6.0479695e-05,2.572,0.0
2016-10-10 06:00:00.000039936,25.720001,74.08,152.79,6.1173734e-05,3.0864,0.0
2016-10-10 09:00:00.000039936,25.720001,74.08,152.79,6.186609e-05,3.0864,0.0
2016-10-10 12:00:00.000039936,25.720001,74.08,152.79,6.255676e-05,3.0864,355.0
2016-10-10 15:00:00.000039936,25.720001,74.08,152.79,6.324571e-05,3.0864,350.0
2016-10-10 18:00:00.000039936,25.720001,74.08,152.79,6.393293e-05,3.0864,345.0
2016-10-10 21:00:00.000039936,25.720001,74.08,145.845,6.461839e-05,2.572,340.0
2016-10-11 00:00:00.000039936,25.720001,74.08,138.9,6.507438e-05,2.0576,340.0
2016-10-11 03:00:00.000039936,25.720001,64.82,138.9,6.552959e-05,1.5432,345.0
2016-10-11 06:00:00.000039936,25.720001,55.56,138.9,6.575688e-05,1.5432,340.0
2016-10-11 09:00:00.000039936,28.292,55.56,138.9,6.621089e-05,2.0576,330.0
2016-10-11 12:00:00.000039936,30.864,55.56,138.9,6.643758e-05,1.5432,305.0
2016-10-11 15:00:00.000039936,33.436,51.856,150.475,6.666408e-05,2.0576,285.0
2016-10-11 18:00:00.000039936,36.008,46.3,162.05,6.666408e-05,2.0576,290.0
2016-10-11 21:00:00.000039936,37.5512,46.3,162.05,6.689037e-05,2.0576,300.0
2016-10-12 00:00:00.000039936,38.58,46.3,162.05,6.711647e-05,1.5432,305.0
2016-10-12 03:00:00.000039936,41.152,46.3,162.05,6.734234e-05,1.5432,320.0
2016-10-12 06:00:00.000039936,43.724,46.3,162.05,6.756802e-05,1.5432,335.0
2016-10-12 09:00:00.000039936,46.296,51.856,173.625,6.801876e-05,2.0576,350.0
2016-10-12 12:00:00.000039936,48.868,55.56,185.2,6.8468675e-05,3.0864,0.0
2016-10-12 15:00:00.000039936,51.440002,55.56,203.72002,6.914198e-05,3.6008,5.0
2016-10-12 18:00:00.000039936,54.012,55.56,222.23999,7.003676e-05,4.1152,15.0
2016-10-12 21:00:00.000039936,56.584,37.04,236.13,7.092813e-05,4.6296,15.0
2016-10-13 00:00:00.000039936,59.156002,18.52,250.01999,7.2037474e-05,5.144,15.0
2016-10-13 03:00:00.000039936,60.6992,24.076,250.01999,7.314133e-05,5.144,15.0
2016-10-13 06:00:00.000039936,61.728,27.78,250.01999,7.423962e-05,5.6584,25.0
2016-10-13 09:00:00.000039936,59.156002,33.336,256.965,7.533226e-05,6.6872,40.0
2016-10-13 12:00:00.000039936,56.584,37.04,263.90997,7.641916e-05,8.2304,40.0
2016-10-13 15:00:00.000039936,54.012,37.04,263.90997,7.793102e-05,9.2592,40.0
2016-10-13 18:00:00.000039936,48.868,37.04,263.90997,7.943125e-05,9.7736,50.0
2016-10-13 21:00:00.000039936,46.296,42.596,284.745,8.049559e-05,9.2592,55.0
2016-10-14 00:00:00.000039936,43.724,46.3,305.58,8.155382e-05,8.744801,55.0
2016-10-14 03:00:00.000039936,41.152,46.3,305.58,8.2605824e-05,8.2304,55.0
2016-10-14 06:00:00.000039936,38.58,46.3,305.58,8.34429e-05,7.716,60.0
2016-10-14 09:00:00.000039936,37.5512,61.116,361.14,8.427592e-05,7.716,60.0
2016-10-14 12:00:00.000039936,36.008,74.08,416.7,8.489798e-05,9.2592,65.0
2016-10-14 15:00:00.000039936,34.979202,74.08,416.7,8.5723776e-05,10.802401,70.0
2016-10-14 18:00:00.000039936,33.436,74.08,416.7,8.6545406e-05,10.802401,70.0
2016-10-14 21:00:00.000039936,33.436,83.34,423.64502,8.7362794e-05,10.288,65.0
2016-10-15 00:00:00.000039936,33.436,92.6,430.59003,8.8175955e-05,8.744801,65.0
2016-10-15 03:00:00.000039936,36.008,92.6,451.42502,8.898478e-05,7.716,60.0
2016-10-15 06:00:00.000039936,38.58,92.6,472.26,8.9789304e-05,7.2016,55.0
2016-10-15 09:00:00.000039936,38.58,116.676,534.765,9.058944e-05,7.2016,60.0
2016-10-15 12:00:00.000039936,38.58,138.9,597.26996,9.1186645e-05,6.1728,65.0
2016-10-15 15:00:00.000039936,38.58,138.9,604.21497,9.1583395e-05,5.6584,75.0
2016-10-15 18:00:00.000039936,38.58,138.9,611.16,9.1781345e-05,5.144,70.0
2016-10-15 21:00:00.000039936,38.58,138.9,631.995,9.217642e-05,4.6296,70.0
2016-10-16 00:00:00.000039936,38.58,138.9,652.82996,9.2373535e-05,3.6008,85.0
2016-10-16 03:00:00.000039936,37.5512,138.9,652.82996,9.217642e-05,3.0864,110.0
2016-10-16 06:00:00.000039936,36.008,138.9,652.82996,9.197902e-05,3.0864,115.0
2016-10-16 09:00:00.000039936,36.008,138.9,638.93994,9.1583395e-05,3.6008,110.0
2016-10-16 12:00:00.000039936,36.008,138.9,625.0499,9.1583395e-05,3.6008,80.0
2016-10-16 15:00:00.000039936,34.979202,138.9,631.995,9.197902e-05,4.1152,50.0
2016-10-16 18:00:00.000039936,33.436,138.9,638.93994,9.257037e-05,4.6296,40.0
2016-10-16 21:00:00.000039936,33.436,138.9,631.995,9.315918e-05,4.1152,35.0
2016-10-17 00:00:00.000039936,33.436,138.9,625.05,9.3940274e-05,3.6008,25.0
2016-10-17 03:00:00.000039936,33.436,138.9,611.16,9.452311e-05,3.0864,25.0
2016-10-17 06:00:00.000039936,33.436,138.9,597.27,9.491022e-05,2.0576,30.0
2016-10-17 09:00:00.000039936,33.436,138.9,597.27,9.5103336e-05,2.0576,45.0
2016-10-17 12:00:00.000039936,33.436,138.9,597.27,9.548872e-05,4.6296,55.0
2016-10-17 15:00:00.000039936,33.436,138.9,583.38,9.606459e-05,7.2016,50.0
2016-10-17 18:00:00.000039936,33.436,138.9,569.49,9.720843e-05,9.2592,45.0
2016-10-17 21:00:00.000039936,32.4072,125.936,534.76495,9.871694e-05,10.802401,35.0
2016-10-18 00:00:00.000039936,30.864,111.12,500.04,0.000100391015,12.3456,40.0
2016-10-18 03:00:00.000039936,29.835201,111.12,486.15,0.00010204031,13.3744,35.0
2016-10-18 06:00:00.000039936,28.292,111.12,472.26,0.000104200124,15.432,25.0
2016-10-18 09:00:00.000039936,28.292,111.12,472.26,0.00010700863,18.004,15.0
2016-10-18 12:00:00.000039936,28.292,111.12,472.26,0.000110068366,20.0616,5.0
2016-10-18 15:00:00.000039936,27.2632,111.12,472.26,0.00011350054,20.576,0.0
2016-10-18 18:00:00.000039936,25.720001,111.12,472.26,0.000116474606,15.9464,0.0
2016-10-18 21:00:00.000039936,25.720001,111.12,472.26,0.00011828717,10.802401,10.0
2016-10-19 00:00:00.000039936,25.720001,111.12,472.26,0.000119612596,9.7736,15.0
2016-10-19 03:00:00.000039936,25.720001,111.12,472.26,0.00012105066,10.288,15.0
2016-10-19 06:00:00.000039936,25.720001,111.12,472.26,0.0001223134,10.288,15.0
2016-10-19 09:00:00.000039936,25.720001,111.12,472.26,0.00012368103,10.288,10.0
