Time,Vmax,Rmax_IBT,R34,fcor,u_trans,v_trans
2012-10-03 18:00:00.000039936,18.004,222.24,111.12,4.5551555e-05,4.6296,330.0
2012-10-03 21:00:00.000039936,19.5472,222.24,115.75,4.651767e-05,4.1152,340.0
2012-10-04 00:00:00.000039936,20.576,222.24,120.380005,4.7240763e-05,3.6008,345.0
2012-10-04 03:00:00.000039936,20.576,222.24,127.325,4.796257e-05,3.0864,350.0
2012-10-04 06:00:00.000039936,20.576,222.24,134.27,4.868306e-05,3.0864,5.0
2012-10-04 09:00:00.000039936,22.1192,194.46,141.215,4.9402213e-05,3.6008,15.0
2012-10-04 12:00:00.000039936,23.148,166.68,148.16,5.035898e-05,4.1152,25.0
2012-10-04 15:00:00.000039936,23.148,166.68,148.16,5.131329e-05,4.6296,30.0
2012-10-04 18:00:00.000039936,23.148,166.68,148.16,5.22651e-05,5.144,40.0
2012-10-04 21:00:00.000039936,23.148,166.68,148.16,5.321436e-05,6.1728,45.0
2012-10-05 00:00:00.000039936,23.148,166.68,148.16,5.4161024e-05,6.6872,50.0
2012-10-05 03:00:00.000039936,23.148,166.68,148.16,5.510506e-05,7.2016,50.0
2012-10-05 06:00:00.000039936,23.148,166.68,148.16,5.6281307e-05,8.2304,55.0
2012-10-05 09:00:00.000039936,23.148,166.68,148.16,5.721923e-05,8.744801,60.0
