Time,Vmax,Rmax_IBT,R34,fcor,u_trans,v_trans
2003-09-26 00:00:00.000040448,28.292,37.04,206.03499,7.4895885e-05,1.5432,345.0
2003-09-26 03:00:00.000040448,29.835201,37.04,206.03499,7.511419e-05,1.0288,10.0
2003-09-26 06:00:00.000040448,30.864,37.04,206.03499,7.533226e-05,2.0576,350.0
2003-09-26 09:00:00.000040448,32.4072,37.04,206.03499,7.5985095e-05,3.6008,345.0
2003-09-26 12:00:00.000040448,33.436,37.04,206.03499,7.6852295e-05,3.6008,355.0
2003-09-26 15:00:00.000040448,34.979202,37.04,206.03499,7.750023e-05,3.6008,0.0
2003-09-26 18:00:00.000040448,36.008,37.04,206.03499,7.8360856e-05,3.6008,0.0
2003-09-26 21:00:00.000040448,37.5512,37.04,206.03499,7.921766e-05,4.1152,0.0
2003-09-27 00:00:00.000040448,38.58,37.04,206.03499,8.007058e-05,5.144,355.0
2003-09-27 03:00:00.000040448,38.58,37.04,208.34999,8.113127e-05,5.6584,350.0
2003-09-27 06:00:00.000040448,38.58,37.04,210.665,8.239592e-05,5.6584,340.0
2003-09-27 09:00:00.000040448,38.58,37.04,208.34999,8.34429e-05,4.6296,330.0
2003-09-27 12:00:00.000040448,38.58,37.04,206.03499,8.4068044e-05,3.6008,320.0
2003-09-27 15:00:00.000040448,42.6952,37.04,206.03499,8.427592e-05,2.0576,315.0
2003-09-27 18:00:00.000040448,46.296,37.04,206.03499,8.469088e-05,3.0864,330.0
2003-09-27 21:00:00.000040448,46.296,37.04,210.665,8.551773e-05,4.6296,340.0
2003-09-28 00:00:00.000040448,46.296,37.04,215.295,8.6340384e-05,4.6296,335.0
2003-09-28 03:00:00.000040448,46.296,37.04,222.24,8.7158856e-05,4.6296,340.0
2003-09-28 06:00:00.000040448,46.296,37.04,229.185,8.7973065e-05,5.6584,350.0
2003-09-28 09:00:00.000040448,46.296,37.04,258.354,8.9186324e-05,7.2016,355.0
2003-09-28 12:00:00.000040448,46.296,37.04,287.06,9.078879e-05,7.716,360.0
2003-09-28 15:00:00.000040448,46.296,37.04,287.06,9.2373535e-05,8.744801,0.0
2003-09-28 18:00:00.000040448,46.296,37.04,287.06,9.413484e-05,10.802401,0.0
2003-09-28 21:00:00.000040448,45.2672,37.04,247.70502,9.644705e-05,13.3744,5.0
