Time,Vmax,Rmax_IBT,R34,fcor,u_trans,v_trans
2021-09-17 18:00:00.000039936,18.004,148.16,148.16,8.551773e-05,7.2016,50.0
2021-09-17 21:00:00.000039936,19.5472,157.42,150.475,8.6545406e-05,7.2016,50.0
2021-09-18 00:00:00.000039936,20.576,166.68,152.79,8.7362794e-05,6.6872,50.0
2021-09-18 03:00:00.000039936,20.576,166.68,164.365,8.8175955e-05,6.6872,50.0
2021-09-18 06:00:00.000039936,20.576,166.68,175.94,8.898478e-05,7.2016,60.0
2021-09-18 09:00:00.000039936,20.576,166.68,185.2,8.9789304e-05,8.2304,65.0
2021-09-18 12:00:00.000039936,20.576,166.68,194.45999,9.038981e-05,8.2304,70.0
2021-09-18 15:00:00.000039936,20.576,194.46,201.405,9.078879e-05,8.744801,75.0
2021-09-18 18:00:00.000039936,20.576,222.24,208.34999,9.1186645e-05,8.744801,75.0
2021-09-18 21:00:00.000039936,22.1192,222.24,215.295,9.1583395e-05,8.744801,75.0
2021-09-19 00:00:00.000039936,23.148,222.24,222.24,9.217642e-05,8.744801,70.0
2021-09-19 03:00:00.000039936,23.148,222.24,229.185,9.2766924e-05,9.2592,70.0
2021-09-19 06:00:00.000039936,23.148,222.24,236.12999,9.35503e-05,10.288,60.0
2021-09-19 09:00:00.000039936,23.148,212.98,243.075,9.452311e-05,11.3168,60.0
2021-09-19 12:00:00.000039936,23.148,203.72,250.01999,9.587293e-05,12.860001,55.0
2021-09-19 15:00:00.000039936,24.6912,185.2,270.855,9.7398035e-05,13.3744,50.0
2021-09-19 18:00:00.000039936,25.720001,166.68,291.69,9.890416e-05,12.860001,50.0
2021-09-19 21:00:00.000039936,27.2632,148.16,300.95,0.000100391015,11.8312,50.0
2021-09-20 00:00:00.000039936,28.292,129.64,310.21,0.000101493315,11.3168,55.0
2021-09-20 03:00:00.000039936,28.292,129.64,310.21,0.00010258449,10.288,65.0
2021-09-20 06:00:00.000039936,28.292,129.64,310.21,0.000103125865,8.2304,80.0
2021-09-20 09:00:00.000039936,27.2632,129.64,310.21,0.000103125865,7.2016,105.0
2021-09-20 12:00:00.000039936,25.720001,129.64,310.21,0.00010258449,6.6872,110.0
2021-09-20 15:00:00.000039936,25.720001,120.38,317.155,0.00010222201,6.1728,115.0
2021-09-20 18:00:00.000039936,25.720001,111.12,324.09998,0.000101675956,6.6872,125.0
2021-09-20 21:00:00.000039936,25.720001,111.12,324.09998,0.00010094355,7.716,135.0
2021-09-21 00:00:00.000039936,25.720001,111.12,324.09998,9.983573e-05,8.2304,140.0
2021-09-21 03:00:00.000039936,25.720001,111.12,321.78497,9.852942e-05,8.744801,150.0
2021-09-21 06:00:00.000039936,25.720001,111.12,319.46997,9.720843e-05,9.2592,145.0
2021-09-21 09:00:00.000039936,24.6912,111.12,319.46997,9.568096e-05,9.2592,140.0
2021-09-21 12:00:00.000039936,23.148,111.12,319.46997,9.452311e-05,8.744801,125.0
2021-09-21 15:00:00.000039936,23.148,111.12,319.46997,9.374543e-05,7.716,110.0
2021-09-21 18:00:00.000039936,23.148,111.12,319.47,9.35503e-05,7.716,95.0
2021-09-21 21:00:00.000039936,23.148,111.12,319.47,9.35503e-05,7.2016,80.0
2021-09-22 00:00:00.000039936,23.148,111.12,319.47,9.413484e-05,5.6584,45.0
2021-09-22 03:00:00.000039936,23.148,111.12,312.525,9.5103336e-05,5.6584,10.0
2021-09-22 06:00:00.000039936,23.148,111.12,305.58,9.625596e-05,6.1728,355.0
2021-09-22 09:00:00.000039936,23.148,111.12,291.69,9.720843e-05,5.6584,350.0
2021-09-22 12:00:00.000039936,23.148,111.12,277.8,9.834162e-05,6.1728,340.0
2021-09-22 15:00:00.000039936,22.1192,111.12,250.01999,9.9464e-05,6.1728,340.0
2021-09-22 18:00:00.000039936,20.576,111.12,222.23999,0.000100391015,5.144,335.0
2021-09-22 21:00:00.000039936,20.576,111.12,201.40501,0.000101127116,3.6008,335.0
2021-09-23 00:00:00.000039936,20.576,111.12,180.56999,0.000101493315,2.572,315.0
2021-09-23 03:00:00.000039936,20.576,111.12,180.56999,0.000101675956,2.0576,285.0
2021-09-23 06:00:00.000039936,20.576,111.12,180.56999,0.000101675956,2.572,265.0
2021-09-23 09:00:00.000039936,20.576,111.12,175.94,0.000101675956,2.0576,255.0
2021-09-23 12:00:00.000039936,20.576,111.12,171.31,0.000101493315,1.5432,195.0
2021-09-23 15:00:00.000039936,19.5472,111.12,152.79,0.000101127116,2.0576,135.0
2021-09-23 18:00:00.000039936,18.004,111.12,134.27,0.00010094355,2.0576,90.0
2021-09-23 21:00:00.000039936,18.004,111.12,106.49,0.000101127116,2.572,55.0
2021-09-24 00:00:00.000039936,18.004,111.12,78.71,0.000101493315,2.0576,55.0
2021-09-24 03:00:00.000039936,18.004,111.12,78.71,0.000101675956,1.5432,90.0
2021-09-24 06:00:00.000039936,18.004,111.12,78.71,0.000101493315,2.0576,130.0
2021-09-24 09:00:00.000039936,18.004,111.12,78.71,0.000101127116,3.0864,145.0
2021-09-24 12:00:00.000039936,18.004,111.12,78.71,0.00010057548,4.1152,155.0
2021-09-24 15:00:00.000039936,18.004,111.12,78.71,9.983573e-05,5.144,160.0
2021-09-24 18:00:00.000039936,18.004,111.12,78.71,9.890416e-05,5.6584,160.0
2021-09-24 21:00:00.000039936,18.004,111.12,76.395,9.796507e-05,6.1728,160.0
2021-09-25 00:00:00.000039936,18.004,111.12,74.08,9.682832e-05,6.6872,160.0
2021-09-25 03:00:00.000039936,18.004,111.12,74.08,9.568096e-05,7.2016,160.0
2021-09-25 06:00:00.000039936,18.004,111.12,74.08,9.4329116e-05,7.716,155.0
2021-09-25 09:00:00.000039936,18.004,111.12,57.875,9.296319e-05,7.716,160.0
2021-09-25 12:00:00.000039936,18.004,111.12,41.67,9.1583395e-05,7.716,170.0
2021-09-25 15:00:00.000039936,18.004,111.12,41.67,8.998974e-05,8.2304,185.0
2021-09-25 18:00:00.000039936,18.004,111.12,41.67,8.837856e-05,8.2304,190.0
2021-09-25 21:00:00.000039936,18.004,111.12,41.67,8.675015e-05,8.2304,195.0
