Time,Vmax,Rmax_IBT,R34,fcor,u_trans,v_trans
2023-09-17 00:00:00.000039936,18.004,148.16,64.82,5.321436e-05,7.2016,325.0
2023-09-17 03:00:00.000039936,20.576,111.12,104.174995,5.4633376e-05,6.6872,330.0
2023-09-17 06:00:00.000039936,23.148,74.08,143.53,5.581132e-05,6.1728,335.0
2023-09-17 09:00:00.000039936,24.6912,74.08,143.53,5.698501e-05,5.6584,335.0
2023-09-17 12:00:00.000039936,25.720001,74.08,143.53,5.8154368e-05,5.6584,335.0
2023-09-17 15:00:00.000039936,27.2632,74.08,143.53,5.9319285e-05,5.6584,330.0
2023-09-17 18:00:00.000039936,28.292,74.08,143.53,6.0479695e-05,5.6584,330.0
2023-09-17 21:00:00.000039936,29.835201,64.82,159.735,6.14047e-05,5.144,325.0
2023-09-18 00:00:00.000039936,30.864,55.56,175.94,6.2326726e-05,4.6296,325.0
2023-09-18 03:00:00.000039936,32.4072,46.3,180.57,6.3016254e-05,4.6296,320.0
2023-09-18 06:00:00.000039936,33.436,37.04,185.2,6.393293e-05,4.6296,325.0
2023-09-18 09:00:00.000039936,33.436,37.04,189.82999,6.4846485e-05,4.6296,330.0
2023-09-18 12:00:00.000039936,33.436,37.04,194.45999,6.575688e-05,4.6296,330.0
2023-09-18 15:00:00.000039936,34.979202,37.04,206.035,6.666408e-05,4.6296,325.0
2023-09-18 18:00:00.000039936,36.008,37.04,217.61002,6.734234e-05,4.6296,320.0
2023-09-18 21:00:00.000039936,37.5512,46.3,219.92502,6.801876e-05,4.6296,320.0
2023-09-19 00:00:00.000039936,38.58,55.56,222.23999,6.8917754e-05,5.144,320.0
2023-09-19 03:00:00.000039936,38.58,55.56,222.23999,6.981338e-05,5.6584,320.0
2023-09-19 06:00:00.000039936,38.58,55.56,222.23999,7.07056e-05,5.6584,320.0
2023-09-19 09:00:00.000039936,40.1232,55.56,222.23999,7.159438e-05,5.6584,320.0
2023-09-19 12:00:00.000039936,41.152,55.56,222.23999,7.270045e-05,6.6872,325.0
2023-09-19 15:00:00.000039936,42.6952,55.56,231.5,7.402041e-05,6.6872,335.0
2023-09-19 18:00:00.000039936,43.724,55.56,240.76,7.533226e-05,6.6872,340.0
2023-09-19 21:00:00.000039936,43.724,55.56,240.76,7.663584e-05,6.6872,350.0
2023-09-20 00:00:00.000039936,43.724,55.56,240.76,7.814606e-05,6.6872,350.0
2023-09-20 03:00:00.000039936,43.724,55.56,236.13,7.943125e-05,6.6872,355.0
2023-09-20 06:00:00.000039936,43.724,55.56,231.5,8.0919635e-05,7.2016,5.0
2023-09-20 09:00:00.000039936,42.6952,55.56,231.5,8.239592e-05,8.2304,15.0
2023-09-20 12:00:00.000039936,41.152,55.56,231.5,8.4068044e-05,8.2304,25.0
2023-09-20 15:00:00.000039936,41.152,55.56,231.5,8.551773e-05,8.744801,30.0
2023-09-20 18:00:00.000039936,41.152,55.56,231.5,8.7158856e-05,10.288,40.0
2023-09-20 21:00:00.000039936,41.152,55.56,231.5,8.8782996e-05,11.8312,45.0
2023-09-21 00:00:00.000039936,41.152,55.56,231.5,9.038981e-05,12.3456,45.0
2023-09-21 03:00:00.000039936,40.1232,55.56,231.5,9.217642e-05,12.860001,50.0
2023-09-21 06:00:00.000039936,38.58,55.56,231.5,9.374543e-05,12.860001,55.0
2023-09-21 09:00:00.000039936,38.58,55.56,236.13,9.5103336e-05,13.3744,60.0
2023-09-21 12:00:00.000039936,38.58,55.56,240.76001,9.625596e-05,14.4032,60.0
2023-09-21 15:00:00.000039936,37.5512,64.82,266.225,9.758735e-05,15.432,60.0
2023-09-21 18:00:00.000039936,36.008,74.08,291.69,9.909108e-05,16.4608,60.0
2023-09-21 21:00:00.000039936,34.979202,74.08,300.94998,0.00010057548,16.9752,65.0
2023-09-22 00:00:00.000039936,33.436,74.08,310.21,0.00010185829,16.9752,70.0
2023-09-22 03:00:00.000039936,32.4072,74.08,312.525,0.00010276526,16.9752,70.0
2023-09-22 06:00:00.000039936,30.864,74.08,314.84,0.000103843304,16.9752,65.0
2023-09-22 09:00:00.000039936,29.835201,74.08,312.525,0.00010543897,16.9752,60.0
2023-09-22 12:00:00.000039936,28.292,74.08,310.21,0.00010700863,15.9464,55.0
2023-09-22 15:00:00.000039936,28.292,74.08,268.54,0.00010838173,14.4032,55.0
2023-09-22 18:00:00.000039936,28.292,74.08,226.87,0.00010990119,13.8888,50.0
2023-09-22 21:00:00.000039936,28.292,74.08,226.87,0.00011139354,13.8888,40.0
2023-09-23 00:00:00.000039936,28.292,74.08,226.87,0.00011318017,13.8888,35.0
2023-09-23 03:00:00.000039936,28.292,74.08,317.155,0.0001150816,13.3744,25.0
2023-09-23 06:00:00.000039936,28.292,74.08,407.43997,0.00011693256,12.3456,10.0
2023-09-23 09:00:00.000039936,28.292,74.08,453.74,0.000118732234,11.8312,355.0
2023-09-23 12:00:00.000039936,28.292,74.08,500.03998,0.0001203362,11.8312,350.0
2023-09-23 15:00:00.000039936,28.292,74.08,437.535,0.00012203539,10.802401,355.0
2023-09-23 18:00:00.000039936,28.292,74.08,375.03,0.00012327469,8.2304,330.0
2023-09-23 21:00:00.000039936,27.2632,74.08,409.755,0.00012395006,7.2016,295.0
2023-09-24 00:00:00.000039936,25.720001,74.08,444.48,0.00012408399,6.6872,260.0
2023-09-24 03:00:00.000039936,25.720001,83.34,444.48,0.00012368103,6.6872,225.0
2023-09-24 06:00:00.000039936,25.720001,92.6,444.48,0.00012286495,7.2016,195.0
2023-09-24 09:00:00.000039936,24.6912,92.6,666.72,0.00012189582,7.2016,165.0
2023-09-24 12:00:00.000039936,23.148,92.6,888.96,0.00012105066,7.2016,115.0
2023-09-24 15:00:00.000039936,23.148,92.6,854.235,0.0001209085,9.2592,80.0
2023-09-24 18:00:00.000039936,23.148,92.6,819.51,0.000121474906,10.288,60.0
2023-09-24 21:00:00.000039936,22.1192,92.6,812.565,0.00012245185,10.802401,40.0
2023-09-25 00:00:00.000039936,20.576,92.6,805.62006,0.00012368103,12.3456,35.0
2023-09-25 03:00:00.000039936,20.576,92.6,805.62006,0.00012514192,12.3456,30.0
2023-09-25 06:00:00.000039936,20.576,92.6,805.62006,0.00012642995,8.744801,20.0
2023-09-25 09:00:00.000039936,20.576,92.6,805.62006,0.00012718434,4.6296,5.0
2023-09-25 12:00:00.000039936,20.576,92.6,805.62006,0.0001275563,3.6008,340.0
2023-09-25 15:00:00.000039936,20.576,92.6,805.62006,0.00012792475,3.6008,320.0
2023-09-25 18:00:00.000039936,20.576,92.6,805.62006,0.00012816844,3.0864,290.0
2023-09-25 21:00:00.000039936,20.576,92.6,805.62006,0.00012816844,3.6008,270.0
2023-09-26 00:00:00.000039936,20.576,92.6,805.62006,0.00012816844,4.1152,265.0
2023-09-26 03:00:00.000039936,20.576,92.6,805.62006,0.00012816844,4.1152,270.0
2023-09-26 06:00:00.000039936,20.576,92.6,805.62006,0.00012816844,3.0864,270.0
2023-09-26 09:00:00.000039936,20.576,92.6,805.62006,0.00012816844,2.0576,270.0
