Time,Vmax,Rmax_IBT,R34,fcor,u_trans,v_trans
2005-09-06 00:00:00.000039936,18.004,55.56,74.08,6.936598e-05,1.0288,75.0
2005-09-06 03:00:00.000039936,19.5472,51.856,74.08,6.936598e-05,0.5144,40.0
2005-09-06 06:00:00.000039936,20.576,46.3,74.08,6.958979e-05,0.5144,25.0
2005-09-06 09:00:00.000039936,23.148,46.3,74.08,6.958979e-05,0.0,0.0
2005-09-06 12:00:00.000039936,25.720001,46.3,74.08,6.958979e-05,0.5144,40.0
2005-09-06 15:00:00.000039936,25.720001,46.3,87.97,6.958979e-05,0.5144,40.0
2005-09-06 18:00:00.000039936,25.720001,46.3,101.86,6.981338e-05,1.0288,40.0
2005-09-06 21:00:00.000039936,27.2632,46.3,106.490005,7.003676e-05,0.5144,40.0
2005-09-07 00:00:00.000039936,28.292,46.3,111.119995,7.003676e-05,0.5144,50.0
2005-09-07 03:00:00.000039936,29.835201,42.596,111.119995,7.003676e-05,0.0,0.0
2005-09-07 06:00:00.000039936,30.864,37.04,111.119995,7.003676e-05,0.5144,30.0
2005-09-07 09:00:00.000039936,32.4072,33.336,134.27,7.025991e-05,1.0288,25.0
2005-09-07 12:00:00.000039936,33.436,27.78,157.42,7.048288e-05,1.5432,20.0
2005-09-07 15:00:00.000039936,34.979202,27.78,157.42,7.092813e-05,2.0576,25.0
2005-09-07 18:00:00.000039936,36.008,27.78,157.42,7.137252e-05,2.0576,30.0
2005-09-07 21:00:00.000039936,37.5512,27.78,157.42,7.159438e-05,2.0576,40.0
2005-09-08 00:00:00.000039936,38.58,27.78,157.42,7.2037474e-05,2.572,50.0
2005-09-08 03:00:00.000039936,38.58,27.78,157.42,7.247968e-05,3.6008,55.0
2005-09-08 06:00:00.000039936,38.58,27.78,157.42,7.2921e-05,5.144,65.0
2005-09-08 09:00:00.000039936,38.58,27.78,162.05,7.336144e-05,6.1728,65.0
2005-09-08 12:00:00.000039936,38.58,27.78,166.68001,7.402041e-05,6.1728,55.0
2005-09-08 15:00:00.000039936,38.58,27.78,166.68001,7.4895885e-05,6.6872,45.0
2005-09-08 18:00:00.000039936,38.58,27.78,166.68001,7.5985095e-05,8.2304,45.0
2005-09-08 21:00:00.000039936,40.1232,27.78,219.925,7.728449e-05,9.2592,50.0
2005-09-09 00:00:00.000039936,41.152,27.78,273.17,7.85754e-05,9.2592,55.0
2005-09-09 03:00:00.000039936,38.58,27.78,282.43,7.943125e-05,9.7736,65.0
2005-09-09 06:00:00.000039936,36.008,27.78,291.69,8.028322e-05,12.3456,75.0
2005-09-09 09:00:00.000039936,34.979202,27.78,298.635,8.0919635e-05,14.4032,80.0
2005-09-09 12:00:00.000039936,33.436,27.78,305.58,8.155382e-05,12.860001,75.0
2005-09-09 15:00:00.000039936,30.864,33.336,305.58,8.2185776e-05,10.288,75.0
2005-09-09 18:00:00.000039936,28.292,37.04,305.58,8.2605824e-05,10.802401,80.0
2005-09-09 21:00:00.000039936,28.292,37.04,291.69,8.2815466e-05,10.802401,85.0
2005-09-10 00:00:00.000039936,28.292,37.04,277.8,8.302487e-05,8.744801,90.0
2005-09-10 03:00:00.000039936,25.720001,37.04,277.8,8.302487e-05,7.716,95.0
2005-09-10 06:00:00.000039936,23.148,37.04,277.8,8.2815466e-05,10.802401,95.0
2005-09-10 09:00:00.000039936,23.148,101.86,267.151,8.2605824e-05,13.3744,90.0
