Time,Vmax,Rmax_IBT,R34,fcor,u_trans,v_trans
2011-09-07 12:00:00.000039936,18.004,111.12,34.725,5.059779e-05,1.5432,90.0
2011-09-07 15:00:00.000039936,19.5472,98.156,52.319,5.059779e-05,1.5432,90.0
2011-09-07 18:00:00.000039936,20.576,83.34,69.45,5.059779e-05,1.0288,105.0
2011-09-07 21:00:00.000039936,22.1192,83.34,90.284996,5.059779e-05,0.5144,135.0
2011-09-08 00:00:00.000039936,23.148,83.34,111.119995,5.035898e-05,0.5144,145.0
2011-09-08 03:00:00.000039936,24.6912,88.895996,121.769005,5.035898e-05,0.5144,135.0
2011-09-08 06:00:00.000039936,25.720001,92.6,131.95499,5.012002e-05,1.0288,145.0
2011-09-08 09:00:00.000039936,27.2632,70.376,142.604,4.9880902e-05,1.0288,155.0
2011-09-08 12:00:00.000039936,28.292,46.3,152.79001,4.9641636e-05,1.0288,170.0
2011-09-08 15:00:00.000039936,30.864,46.3,159.73499,4.9402213e-05,1.0288,170.0
2011-09-08 18:00:00.000039936,33.436,46.3,166.68,4.916265e-05,1.0288,140.0
2011-09-08 21:00:00.000039936,33.436,51.856,170.384,4.916265e-05,1.0288,90.0
2011-09-09 00:00:00.000039936,33.436,55.56,173.625,4.916265e-05,0.5144,30.0
2011-09-09 03:00:00.000039936,30.864,64.82,160.198,4.9402213e-05,1.0288,335.0
2011-09-09 06:00:00.000039936,28.292,74.08,145.845,4.9641636e-05,1.0288,320.0
2011-09-09 09:00:00.000039936,27.2632,74.08,145.845,4.9880902e-05,1.0288,300.0
2011-09-09 12:00:00.000039936,25.720001,74.08,145.845,4.9880902e-05,1.0288,280.0
2011-09-09 15:00:00.000039936,24.6912,98.156,138.9,4.9880902e-05,1.5432,270.0
2011-09-09 18:00:00.000039936,23.148,120.38,131.955,4.9880902e-05,1.5432,270.0
2011-09-09 21:00:00.000039936,23.148,120.38,131.955,4.9880902e-05,1.5432,270.0
2011-09-10 00:00:00.000039936,23.148,120.38,131.955,4.9880902e-05,1.5432,270.0
2011-09-10 03:00:00.000039936,23.148,116.676,131.955,4.9880902e-05,2.0576,270.0
2011-09-10 06:00:00.000039936,23.148,111.12,131.955,4.9880902e-05,2.0576,280.0
2011-09-10 09:00:00.000039936,24.6912,111.12,135.659,4.9880902e-05,2.0576,285.0
2011-09-10 12:00:00.000039936,25.720001,111.12,138.9,5.012002e-05,2.0576,280.0
2011-09-10 15:00:00.000039936,27.2632,83.34,146.308,5.012002e-05,2.0576,270.0
2011-09-10 18:00:00.000039936,28.292,55.56,152.79,5.012002e-05,2.0576,270.0
2011-09-10 21:00:00.000039936,28.292,55.56,152.79,5.012002e-05,2.572,270.0
2011-09-11 00:00:00.000039936,28.292,55.56,152.79,5.012002e-05,3.0864,260.0
2011-09-11 03:00:00.000039936,27.2632,55.56,139.826,4.9880902e-05,3.6008,260.0
2011-09-11 06:00:00.000039936,25.720001,55.56,125.01,4.9880902e-05,4.1152,275.0
2011-09-11 09:00:00.000039936,23.148,55.56,101.396996,5.012002e-05,5.144,290.0
2011-09-11 12:00:00.000039936,20.576,55.56,76.395,5.059779e-05,5.144,290.0
2011-09-11 15:00:00.000039936,20.576,70.376,76.395,5.1074945e-05,4.6296,290.0
