Time,Vmax,Rmax_IBT,R34,fcor,u_trans,v_trans
2018-10-09 12:00:00.000039936,18.004,55.56,23.150002,2.6327272e-05,3.6008,300.0
2018-10-09 15:00:00.000039936,19.5472,51.856,34.725,2.6827835e-05,3.6008,305.0
2018-10-09 18:00:00.000039936,20.576,46.3,46.3,2.7328068e-05,3.6008,305.0
2018-10-09 21:00:00.000039936,23.148,42.596,60.190002,2.7827968e-05,3.0864,310.0
2018-10-10 00:00:00.000039936,25.720001,37.04,74.08,2.8327528e-05,3.0864,330.0
2018-10-10 03:00:00.000039936,27.2632,33.336,83.34,2.9076216e-05,3.0864,340.0
2018-10-10 06:00:00.000039936,28.292,27.78,92.6,2.9824112e-05,3.6008,330.0
2018-10-10 09:00:00.000039936,28.292,27.78,97.229996,3.0571195e-05,3.6008,315.0
2018-10-10 12:00:00.000039936,28.292,27.78,101.86,3.1068776e-05,4.1152,310.0
2018-10-10 15:00:00.000039936,27.2632,33.336,101.86,3.1814445e-05,4.1152,310.0
2018-10-10 18:00:00.000039936,25.720001,37.04,101.86,3.231108e-05,3.6008,315.0
2018-10-10 21:00:00.000039936,25.720001,42.596,99.545,3.305528e-05,3.6008,315.0
2018-10-11 00:00:00.000039936,25.720001,46.3,97.229996,3.3550914e-05,3.6008,310.0
2018-10-11 03:00:00.000039936,24.6912,46.3,94.915,3.404614e-05,3.6008,295.0
2018-10-11 06:00:00.000039936,23.148,46.3,92.6,3.4293596e-05,3.6008,295.0
2018-10-11 09:00:00.000039936,23.148,46.3,87.97,3.454095e-05,3.6008,295.0
2018-10-11 12:00:00.000039936,23.148,46.3,83.340004,3.5035337e-05,4.1152,295.0
2018-10-11 15:00:00.000039936,23.148,51.856,83.340004,3.5529305e-05,4.6296,295.0
2018-10-11 18:00:00.000039936,23.148,55.56,83.340004,3.6022833e-05,4.1152,305.0
2018-10-11 21:00:00.000039936,22.1192,55.56,71.765,3.651592e-05,3.0864,320.0
2018-10-12 00:00:00.000039936,20.576,55.56,60.190002,3.7254722e-05,3.0864,330.0
2018-10-12 03:00:00.000039936,20.576,55.56,60.190002,3.7746686e-05,3.0864,330.0
2018-10-12 06:00:00.000039936,20.576,55.56,60.190002,3.8483773e-05,3.0864,330.0
2018-10-12 09:00:00.000039936,19.5472,64.82,53.245,3.9219805e-05,3.0864,320.0
