Time,Vmax,Rmax_IBT,R34,fcor,u_trans,v_trans
2022-10-30 18:00:00.000039936,18.004,129.64,69.45,3.9464914e-05,5.6584,270.0
2022-10-30 21:00:00.000039936,18.004,129.64,69.45,3.9464914e-05,5.6584,270.0
2022-10-31 00:00:00.000039936,18.004,129.64,69.45,3.9464914e-05,5.6584,265.0
2022-10-31 03:00:00.000039936,18.004,129.64,71.765,3.9464914e-05,5.6584,265.0
2022-10-31 06:00:00.000039936,18.004,129.64,74.08,3.9219805e-05,5.6584,265.0
2022-10-31 09:00:00.000039936,18.004,129.64,74.08,3.897458e-05,6.1728,265.0
2022-10-31 12:00:00.000039936,18.004,129.64,74.08,3.897458e-05,5.6584,265.0
2022-10-31 15:00:00.000039936,19.5472,129.64,74.08,3.897458e-05,5.6584,270.0
2022-10-31 18:00:00.000039936,20.576,129.64,74.08,3.897458e-05,5.144,270.0
2022-10-31 21:00:00.000039936,20.576,111.12,74.08,3.897458e-05,5.144,275.0
2022-11-01 00:00:00.000039936,20.576,92.6,74.08,3.9219805e-05,5.144,280.0
2022-11-01 03:00:00.000039936,20.576,79.636,74.08,3.9464914e-05,5.6584,285.0
2022-11-01 06:00:00.000039936,20.576,64.82,74.08,3.995476e-05,6.1728,285.0
2022-11-01 09:00:00.000039936,22.1192,46.3,69.45,4.0199502e-05,6.6872,285.0
2022-11-01 12:00:00.000039936,23.148,27.78,64.82,4.0688625e-05,6.6872,285.0
2022-11-01 15:00:00.000039936,24.6912,27.78,64.82,4.1177245e-05,6.6872,285.0
2022-11-01 18:00:00.000039936,25.720001,27.78,64.82,4.142137e-05,7.2016,280.0
2022-11-01 21:00:00.000039936,27.2632,27.78,78.71001,4.1665367e-05,7.716,275.0
2022-11-02 00:00:00.000039936,28.292,27.78,92.6,4.1909232e-05,7.716,280.0
2022-11-02 03:00:00.000039936,29.835201,24.076,92.6,4.239659e-05,7.2016,285.0
2022-11-02 06:00:00.000039936,30.864,18.52,92.6,4.2640077e-05,6.6872,280.0
2022-11-02 09:00:00.000039936,33.436,18.52,92.6,4.288343e-05,6.1728,275.0
2022-11-02 12:00:00.000039936,36.008,18.52,92.6,4.288343e-05,5.144,280.0
2022-11-02 15:00:00.000039936,37.5512,24.076,87.97,4.3126656e-05,5.144,280.0
2022-11-02 18:00:00.000039936,38.58,27.78,83.34,4.3369746e-05,5.144,280.0
2022-11-02 21:00:00.000039936,40.6376,27.78,79.173,4.3612705e-05,5.144,280.0
