Time,Vmax,Rmax_IBT,R34,fcor,u_trans,v_trans
2005-09-07 06:00:00.000039936,18.004,92.6,55.56,6.8243826e-05,4.1152,335.0
2005-09-07 09:00:00.000039936,19.5472,92.6,55.56,6.914198e-05,4.6296,335.0
2005-09-07 12:00:00.000039936,20.576,92.6,55.56,7.003676e-05,2.572,335.0
2005-09-07 15:00:00.000039936,22.1192,92.6,66.209,7.025991e-05,0.5144,320.0
2005-09-07 18:00:00.000039936,23.148,92.6,76.395004,7.025991e-05,0.0,0.0
2005-09-07 21:00:00.000039936,23.148,61.116,76.395004,7.025991e-05,0.0,0.0
2005-09-08 00:00:00.000039936,23.148,27.78,76.395004,7.025991e-05,1.0288,250.0
2005-09-08 03:00:00.000039936,24.6912,27.78,84.729004,7.025991e-05,1.5432,250.0
2005-09-08 06:00:00.000039936,25.720001,27.78,92.600006,7.003676e-05,1.0288,235.0
2005-09-08 09:00:00.000039936,27.2632,27.78,92.600006,6.981338e-05,0.5144,0.0
2005-09-08 12:00:00.000039936,28.292,27.78,92.600006,6.981338e-05,0.5144,130.0
2005-09-08 15:00:00.000039936,29.835201,27.78,111.119995,6.981338e-05,0.5144,90.0
2005-09-08 18:00:00.000039936,30.864,27.78,129.64,6.981338e-05,1.0288,95.0
2005-09-08 21:00:00.000039936,32.4072,33.336,120.38,6.981338e-05,1.0288,90.0
2005-09-09 00:00:00.000039936,33.436,37.04,111.12,6.981338e-05,1.0288,30.0
2005-09-09 03:00:00.000039936,30.864,37.04,108.80501,7.003676e-05,1.5432,0.0
2005-09-09 06:00:00.000039936,28.292,37.04,106.490005,7.048288e-05,2.0576,5.0
2005-09-09 09:00:00.000039936,28.292,37.04,108.80501,7.092813e-05,2.0576,25.0
2005-09-09 12:00:00.000039936,28.292,37.04,111.12,7.137252e-05,3.0864,35.0
2005-09-09 15:00:00.000039936,30.864,33.336,118.991005,7.181604e-05,3.6008,45.0
2005-09-09 18:00:00.000039936,33.436,27.78,125.009995,7.247968e-05,4.6296,60.0
2005-09-09 21:00:00.000039936,32.4072,27.78,127.325,7.2921e-05,5.144,65.0
2005-09-10 00:00:00.000039936,30.864,27.78,129.64,7.336144e-05,4.6296,55.0
2005-09-10 03:00:00.000039936,30.864,42.596,143.067,7.402041e-05,4.6296,35.0
2005-09-10 06:00:00.000039936,30.864,55.56,155.105,7.4895885e-05,4.1152,25.0
2005-09-10 09:00:00.000039936,32.4072,55.56,171.77301,7.5550095e-05,3.6008,25.0
2005-09-10 12:00:00.000039936,33.436,55.56,187.515,7.620224e-05,2.572,35.0
2005-09-10 15:00:00.000039936,34.979202,51.856,198.627,7.641916e-05,2.0576,60.0
2005-09-10 18:00:00.000039936,36.008,46.3,208.35,7.663584e-05,2.0576,65.0
2005-09-10 21:00:00.000039936,36.008,46.3,210.665,7.6852295e-05,1.5432,70.0
2005-09-11 00:00:00.000039936,36.008,46.3,212.98,7.6852295e-05,0.5144,95.0
2005-09-11 03:00:00.000039936,37.5512,42.596,217.61,7.6852295e-05,0.5144,0.0
2005-09-11 06:00:00.000039936,38.58,37.04,222.23999,7.663584e-05,0.5144,140.0
2005-09-11 09:00:00.000039936,37.5512,37.04,224.555,7.663584e-05,1.0288,120.0
2005-09-11 12:00:00.000039936,36.008,37.04,226.87,7.641916e-05,1.0288,0.0
2005-09-11 15:00:00.000039936,34.979202,37.04,231.5,7.620224e-05,1.5432,220.0
2005-09-11 18:00:00.000039936,33.436,37.04,236.13,7.5985095e-05,1.5432,225.0
2005-09-11 21:00:00.000039936,32.4072,37.04,238.445,7.576771e-05,1.5432,230.0
2005-09-12 00:00:00.000039936,30.864,37.04,240.76001,7.5550095e-05,1.5432,250.0
2005-09-12 03:00:00.000039936,30.864,42.596,240.76001,7.5550095e-05,1.5432,270.0
2005-09-12 06:00:00.000039936,30.864,46.3,240.76001,7.5550095e-05,1.5432,300.0
2005-09-12 09:00:00.000039936,29.835201,46.3,236.13,7.576771e-05,2.0576,320.0
2005-09-12 12:00:00.000039936,28.292,46.3,231.5,7.620224e-05,2.0576,315.0
2005-09-12 15:00:00.000039936,29.835201,61.116,231.5,7.641916e-05,2.0576,300.0
2005-09-12 18:00:00.000039936,30.864,74.08,231.5,7.663584e-05,2.0576,290.0
2005-09-12 21:00:00.000039936,30.864,79.636,231.5,7.6852295e-05,2.0576,285.0
2005-09-13 00:00:00.000039936,30.864,83.34,231.5,7.6852295e-05,1.5432,290.0
2005-09-13 03:00:00.000039936,30.864,83.34,231.5,7.6852295e-05,1.0288,300.0
2005-09-13 06:00:00.000039936,30.864,83.34,231.5,7.70685e-05,1.0288,325.0
2005-09-13 09:00:00.000039936,30.864,83.34,222.23999,7.728449e-05,1.0288,335.0
2005-09-13 12:00:00.000039936,30.864,83.34,212.98001,7.750023e-05,1.0288,335.0
2005-09-13 15:00:00.000039936,30.864,83.34,212.98001,7.771575e-05,1.0288,335.0
2005-09-13 18:00:00.000039936,30.864,83.34,212.98001,7.793102e-05,1.5432,345.0
2005-09-13 21:00:00.000039936,32.4072,83.34,208.35,7.814606e-05,1.5432,0.0
2005-09-14 00:00:00.000039936,33.436,83.34,203.72,7.85754e-05,1.5432,10.0
2005-09-14 03:00:00.000039936,34.979202,83.34,196.775,7.878973e-05,1.5432,15.0
2005-09-14 06:00:00.000039936,36.008,83.34,189.83,7.921766e-05,2.0576,25.0
2005-09-14 09:00:00.000039936,37.5512,74.08,189.83,7.9644604e-05,3.0864,25.0
2005-09-14 12:00:00.000039936,38.58,64.82,189.83,8.028322e-05,3.0864,20.0
2005-09-14 15:00:00.000039936,38.58,61.116,189.83,8.0919635e-05,2.572,20.0
2005-09-14 18:00:00.000039936,38.58,55.56,189.83,8.134267e-05,2.572,40.0
2005-09-14 21:00:00.000039936,38.58,55.56,185.2,8.176471e-05,3.0864,60.0
2005-09-15 00:00:00.000039936,38.58,55.56,180.56999,8.197536e-05,3.0864,60.0
2005-09-15 03:00:00.000039936,37.5512,55.56,180.56999,8.239592e-05,3.0864,60.0
2005-09-15 06:00:00.000039936,36.008,55.56,180.56999,8.2605824e-05,2.572,60.0
2005-09-15 09:00:00.000039936,34.979202,55.56,180.56999,8.2815466e-05,2.572,65.0
2005-09-15 12:00:00.000039936,33.436,55.56,180.56999,8.302487e-05,1.5432,70.0
2005-09-15 15:00:00.000039936,33.436,55.56,180.56999,8.302487e-05,1.0288,90.0
2005-09-15 18:00:00.000039936,33.436,55.56,180.56999,8.302487e-05,1.5432,105.0
2005-09-15 21:00:00.000039936,32.4072,55.56,175.94,8.2815466e-05,2.0576,105.0
2005-09-16 00:00:00.000039936,30.864,55.56,171.31,8.2815466e-05,1.5432,100.0
2005-09-16 03:00:00.000039936,29.835201,64.82,163.439,8.2815466e-05,1.5432,70.0
2005-09-16 06:00:00.000039936,28.292,74.08,155.105,8.302487e-05,2.572,30.0
2005-09-16 09:00:00.000039936,27.2632,83.34,155.105,8.365155e-05,4.1152,25.0
2005-09-16 12:00:00.000039936,25.720001,92.6,155.105,8.448353e-05,5.144,30.0
2005-09-16 15:00:00.000039936,27.2632,61.116,155.105,8.551773e-05,6.1728,35.0
2005-09-16 18:00:00.000039936,28.292,27.78,155.105,8.6545406e-05,6.1728,35.0
2005-09-16 21:00:00.000039936,28.292,33.336,162.513,8.7362794e-05,6.1728,40.0
2005-09-17 00:00:00.000039936,28.292,37.04,168.995,8.837856e-05,7.2016,35.0
2005-09-17 03:00:00.000039936,27.2632,55.56,179.644,8.9789304e-05,8.744801,35.0
2005-09-17 06:00:00.000039936,25.720001,74.08,189.82999,9.1186645e-05,9.2592,40.0
2005-09-17 09:00:00.000039936,25.720001,74.08,189.82999,9.2373535e-05,9.2592,45.0
2005-09-17 12:00:00.000039936,25.720001,74.08,189.82999,9.374543e-05,10.802401,50.0
2005-09-17 15:00:00.000039936,25.720001,74.08,189.82999,9.529617e-05,12.3456,50.0
2005-09-17 18:00:00.000039936,25.720001,74.08,189.82999,9.682832e-05,12.860001,50.0
2005-09-17 21:00:00.000039936,24.6912,92.6,187.51498,9.834162e-05,12.3456,50.0
