Time,Vmax,Rmax_IBT,R34,fcor,u_trans,v_trans
2022-10-30 18:00:00.000039936,20.576,185.2,138.9,8.197536e-05,4.1152,60.0
2022-10-30 21:00:00.000039936,22.1192,175.94,138.9,8.239592e-05,4.1152,60.0
2022-10-31 00:00:00.000039936,23.148,166.68,138.9,8.2815466e-05,4.1152,65.0
2022-10-31 03:00:00.000039936,23.148,157.42,145.845,8.3234e-05,4.1152,70.0
2022-10-31 06:00:00.000039936,23.148,148.16,152.79,8.34429e-05,3.0864,70.0
2022-10-31 09:00:00.000039936,22.1192,138.9,152.79,8.365155e-05,2.572,80.0
2022-10-31 12:00:00.000039936,20.576,129.64,152.79,8.365155e-05,2.572,85.0
2022-10-31 15:00:00.000039936,20.576,120.38,152.79,8.365155e-05,3.0864,90.0
2022-10-31 18:00:00.000039936,20.576,111.12,152.79,8.365155e-05,4.1152,85.0
2022-10-31 21:00:00.000039936,19.5472,101.86,155.105,8.365155e-05,5.6584,85.0
2022-11-01 00:00:00.000039936,18.004,92.6,157.42,8.3859915e-05,6.6872,85.0
2022-11-01 03:00:00.000039936,18.004,83.34,143.53,8.4068044e-05,7.2016,85.0
2022-11-01 06:00:00.000039936,18.004,74.08,129.64,8.4068044e-05,6.1728,85.0
2022-11-01 09:00:00.000039936,19.5472,64.82,134.27,8.427592e-05,5.144,85.0
2022-11-01 12:00:00.000039936,20.576,55.56,138.9,8.427592e-05,5.144,85.0
2022-11-01 15:00:00.000039936,22.1192,46.3,143.53,8.427592e-05,5.6584,90.0
2022-11-01 18:00:00.000039936,23.148,37.04,148.16,8.427592e-05,5.144,95.0
2022-11-01 21:00:00.000039936,24.6912,37.04,148.16,8.4068044e-05,5.144,100.0
2022-11-02 00:00:00.000039936,25.720001,37.04,148.16,8.3859915e-05,4.6296,100.0
2022-11-02 03:00:00.000039936,27.2632,46.3,159.735,8.365155e-05,5.144,95.0
2022-11-02 06:00:00.000039936,28.292,55.56,171.31,8.365155e-05,7.2016,90.0
2022-11-02 09:00:00.000039936,30.864,55.56,175.94,8.365155e-05,8.744801,85.0
2022-11-02 12:00:00.000039936,33.436,55.56,180.57,8.3859915e-05,9.2592,75.0
2022-11-02 15:00:00.000039936,36.008,55.56,192.145,8.469088e-05,9.7736,60.0
2022-11-02 18:00:00.000039936,38.58,55.56,203.72,8.592957e-05,11.8312,50.0
2022-11-02 21:00:00.000039936,38.58,55.56,233.815,8.776991e-05,14.4032,45.0
2022-11-03 00:00:00.000039936,38.58,55.56,263.90997,8.9789304e-05,14.917601,45.0
2022-11-03 03:00:00.000039936,38.58,61.116,333.36002,9.1781345e-05,16.4608,45.0
2022-11-03 06:00:00.000039936,38.58,64.82,402.81,9.4329116e-05,21.0904,45.0
2022-11-03 09:00:00.000039936,38.58,64.82,479.20502,9.720843e-05,25.2056,45.0
2022-11-03 12:00:00.000039936,38.58,64.82,555.6,0.00010075968,29.3208,35.0
2022-11-03 15:00:00.000039936,38.58,70.376,638.93994,0.00010543897,29.835201,25.0
2022-11-03 18:00:00.000039936,38.58,74.08,722.28,0.000110068366,24.6912,0.0
2022-11-03 21:00:00.000039936,37.5512,83.34,791.73004,0.00011350054,21.0904,335.0
2022-11-04 00:00:00.000039936,36.008,92.6,861.18005,0.00011601345,15.432,340.0
2022-11-04 03:00:00.000039936,34.979202,101.86,875.06995,0.00011783886,10.288,5.0
2022-11-04 06:00:00.000039936,33.436,111.12,888.95996,0.00011902714,7.716,15.0
2022-11-04 09:00:00.000039936,32.4072,111.12,930.63,0.00011990313,5.6584,15.0
2022-11-04 12:00:00.000039936,30.864,111.12,972.2999,0.00012062309,4.6296,25.0
2022-11-04 15:00:00.000039936,29.835201,111.12,958.4099,0.00012119245,4.1152,30.0
