Time,Vmax,Rmax_IBT,R34,fcor,u_trans,v_trans
2021-09-19 06:00:00.000039936,18.004,74.08,60.19,4.2152973e-05,8.2304,285.0
2021-09-19 09:00:00.000039936,19.5472,74.08,62.505,4.2640077e-05,7.2016,290.0
2021-09-19 12:00:00.000039936,20.576,74.08,64.82,4.3369746e-05,7.2016,295.0
2021-09-19 15:00:00.000039936,22.1192,83.34,57.875,4.409823e-05,6.6872,300.0
2021-09-19 18:00:00.000039936,23.148,92.6,50.93,4.4825505e-05,6.1728,300.0
2021-09-19 21:00:00.000039936,23.148,92.6,50.93,4.5551555e-05,5.6584,300.0
2021-09-20 00:00:00.000039936,23.148,92.6,50.93,4.6034886e-05,5.144,295.0
2021-09-20 03:00:00.000039936,23.148,101.86,50.93,4.651767e-05,5.144,295.0
2021-09-20 06:00:00.000039936,23.148,111.12,50.93,4.6999867e-05,5.6584,290.0
2021-09-20 09:00:00.000039936,23.148,111.12,50.93,4.748151e-05,5.6584,290.0
2021-09-20 12:00:00.000039936,23.148,111.12,50.93,4.796257e-05,5.6584,290.0
2021-09-20 15:00:00.000039936,23.148,111.12,55.56,4.844305e-05,5.6584,285.0
2021-09-20 18:00:00.000039936,23.148,111.12,60.19,4.868306e-05,5.6584,280.0
2021-09-20 21:00:00.000039936,23.148,111.12,64.82,4.892293e-05,5.144,275.0
2021-09-21 00:00:00.000039936,23.148,111.12,69.45,4.892293e-05,5.144,270.0
2021-09-21 03:00:00.000039936,22.1192,111.12,69.45,4.892293e-05,4.1152,270.0
2021-09-21 06:00:00.000039936,20.576,111.12,69.45,4.892293e-05,4.1152,275.0
2021-09-21 09:00:00.000039936,19.5472,111.12,64.82,4.916265e-05,4.1152,285.0
