Time,Vmax,Rmax_IBT,R34,fcor,u_trans,v_trans
2020-09-01 06:00:00.000039936,18.004,74.08,27.78,3.995476e-05,8.2304,285.0
2020-09-01 09:00:00.000039936,19.5472,55.56,41.670002,4.0444127e-05,8.2304,285.0
2020-09-01 12:00:00.000039936,20.576,37.04,55.56,4.093299e-05,8.2304,285.0
2020-09-01 15:00:00.000039936,23.148,27.78,55.56,4.142137e-05,8.2304,285.0
2020-09-01 18:00:00.000039936,25.720001,18.52,55.56,4.1909232e-05,8.2304,285.0
2020-09-01 21:00:00.000039936,25.720001,18.52,62.505005,4.239659e-05,8.744801,280.0
2020-09-02 00:00:00.000039936,25.720001,18.52,69.450005,4.2640077e-05,8.744801,275.0
2020-09-02 03:00:00.000039936,25.720001,18.52,69.450005,4.2640077e-05,8.744801,270.0
2020-09-02 06:00:00.000039936,25.720001,18.52,69.450005,4.2640077e-05,8.744801,270.0
2020-09-02 09:00:00.000039936,25.720001,18.52,69.450005,4.2640077e-05,8.744801,275.0
2020-09-02 12:00:00.000039936,25.720001,18.52,69.450005,4.288343e-05,8.2304,270.0
2020-09-02 15:00:00.000039936,25.720001,18.52,69.450005,4.288343e-05,7.716,270.0
2020-09-02 18:00:00.000039936,25.720001,18.52,69.450005,4.288343e-05,7.716,270.0
2020-09-02 21:00:00.000039936,28.292,18.52,76.395004,4.288343e-05,7.2016,265.0
2020-09-03 00:00:00.000039936,30.864,18.52,83.340004,4.2640077e-05,7.2016,265.0
2020-09-03 03:00:00.000039936,33.436,18.52,83.340004,4.239659e-05,7.716,260.0
