Time,Vmax,Rmax_IBT,R34,fcor,u_trans,v_trans
2003-09-27 18:00:00.000040448,18.004,74.08,23.15,5.22651e-05,5.6584,340.0
2003-09-27 21:00:00.000040448,20.576,74.08,74.08,5.345127e-05,5.144,345.0
2003-09-28 00:00:00.000040448,23.148,74.08,125.009995,5.4633376e-05,5.144,355.0
2003-09-28 03:00:00.000040448,24.6912,70.376,125.009995,5.581132e-05,5.144,10.0
2003-09-28 06:00:00.000040448,25.720001,64.82,125.009995,5.698501e-05,5.144,25.0
2003-09-28 09:00:00.000040448,25.720001,64.82,131.955,5.8154368e-05,5.6584,35.0
2003-09-28 12:00:00.000040448,25.720001,64.82,138.90001,5.9086666e-05,6.1728,45.0
2003-09-28 15:00:00.000040448,25.720001,64.82,138.90001,6.0016075e-05,6.6872,45.0
2003-09-28 18:00:00.000040448,25.720001,64.82,138.90001,6.1173734e-05,7.716,45.0
2003-09-28 21:00:00.000040448,25.720001,61.116,148.16,6.255676e-05,9.2592,40.0
2003-09-29 00:00:00.000040448,25.720001,55.56,157.42,6.416161e-05,8.744801,45.0
2003-09-29 03:00:00.000040448,27.2632,55.56,182.885,6.552959e-05,8.744801,50.0
2003-09-29 06:00:00.000040448,28.292,55.56,208.34999,6.666408e-05,9.2592,50.0
2003-09-29 09:00:00.000040448,28.292,46.3,219.92499,6.801876e-05,9.7736,55.0
2003-09-29 12:00:00.000040448,28.292,37.04,231.49998,6.914198e-05,8.744801,55.0
2003-09-29 15:00:00.000040448,30.864,37.04,231.49998,7.025991e-05,7.716,55.0
2003-09-29 18:00:00.000040448,33.436,37.04,231.49998,7.115043e-05,7.716,55.0
2003-09-29 21:00:00.000040448,33.436,37.04,217.61,7.2037474e-05,7.716,55.0
2003-09-30 00:00:00.000040448,33.436,37.04,203.71999,7.2921e-05,6.1728,50.0
2003-09-30 03:00:00.000040448,30.864,37.04,203.71999,7.380098e-05,5.144,35.0
2003-09-30 06:00:00.000040448,28.292,37.04,203.71999,7.467736e-05,4.6296,5.0
2003-09-30 09:00:00.000040448,28.292,37.04,203.71999,7.576771e-05,5.144,345.0
2003-09-30 12:00:00.000040448,28.292,37.04,203.71999,7.6852295e-05,5.6584,330.0
2003-09-30 15:00:00.000040448,27.2632,37.04,196.775,7.793102e-05,5.6584,315.0
2003-09-30 18:00:00.000040448,25.720001,37.04,189.82999,7.85754e-05,4.6296,290.0
2003-09-30 21:00:00.000040448,25.720001,37.04,205.572,7.85754e-05,4.6296,265.0
2003-10-01 00:00:00.000040448,25.720001,37.04,219.92499,7.8360856e-05,5.144,260.0
2003-10-01 03:00:00.000040448,25.720001,37.04,219.92499,7.8360856e-05,5.144,265.0
2003-10-01 06:00:00.000040448,25.720001,37.04,219.92499,7.814606e-05,5.6584,265.0
2003-10-01 09:00:00.000040448,27.2632,37.04,225.944,7.793102e-05,5.6584,260.0
2003-10-01 12:00:00.000040448,28.292,37.04,231.5,7.771575e-05,6.1728,255.0
2003-10-01 15:00:00.000040448,30.864,37.04,231.5,7.728449e-05,6.1728,245.0
2003-10-01 18:00:00.000040448,33.436,37.04,231.5,7.663584e-05,6.1728,245.0
2003-10-01 21:00:00.000040448,33.436,37.04,247.242,7.5985095e-05,6.1728,240.0
2003-10-02 00:00:00.000040448,33.436,37.04,261.595,7.533226e-05,6.1728,230.0
2003-10-02 03:00:00.000040448,36.008,37.04,261.595,7.4458614e-05,5.6584,225.0
2003-10-02 06:00:00.000040448,38.58,37.04,261.595,7.3581316e-05,4.1152,230.0
2003-10-02 09:00:00.000040448,38.58,37.04,261.595,7.336144e-05,3.0864,250.0
2003-10-02 12:00:00.000040448,38.58,37.04,261.595,7.314133e-05,3.6008,260.0
2003-10-02 15:00:00.000040448,40.1232,37.04,269.929,7.2921e-05,5.144,260.0
2003-10-02 18:00:00.000040448,41.152,37.04,277.8,7.270045e-05,5.144,255.0
2003-10-02 21:00:00.000040448,41.152,37.04,277.8,7.2258685e-05,5.144,255.0
2003-10-03 00:00:00.000040448,41.152,37.04,277.8,7.2037474e-05,5.144,255.0
2003-10-03 03:00:00.000040448,43.724,37.04,277.8,7.181604e-05,5.144,260.0
2003-10-03 06:00:00.000040448,46.296,37.04,277.8,7.159438e-05,4.6296,265.0
2003-10-03 09:00:00.000040448,46.296,37.04,266.225,7.159438e-05,4.1152,270.0
2003-10-03 12:00:00.000040448,46.296,37.04,254.65,7.159438e-05,5.144,275.0
2003-10-03 15:00:00.000040448,48.868,37.04,266.225,7.181604e-05,5.6584,280.0
2003-10-03 18:00:00.000040448,51.440002,37.04,277.8,7.2037474e-05,5.6584,285.0
2003-10-03 21:00:00.000040448,51.440002,37.04,277.8,7.2258685e-05,5.6584,285.0
2003-10-04 00:00:00.000040448,51.440002,37.04,277.8,7.270045e-05,5.6584,285.0
2003-10-04 03:00:00.000040448,51.440002,37.04,277.8,7.2921e-05,5.6584,280.0
2003-10-04 06:00:00.000040448,51.440002,37.04,277.8,7.314133e-05,5.6584,275.0
2003-10-04 09:00:00.000040448,52.9832,37.04,249.557,7.314133e-05,5.144,270.0
2003-10-04 12:00:00.000040448,54.012,37.04,219.925,7.314133e-05,5.6584,270.0
2003-10-04 15:00:00.000040448,55.5552,37.04,219.925,7.314133e-05,5.144,275.0
2003-10-04 18:00:00.000040448,56.584,37.04,219.925,7.336144e-05,4.1152,275.0
2003-10-04 21:00:00.000040448,54.012,37.04,226.40701,7.336144e-05,3.0864,280.0
2003-10-05 00:00:00.000040448,51.440002,37.04,231.5,7.3581316e-05,3.0864,280.0
2003-10-05 03:00:00.000040448,50.4112,37.04,231.5,7.3581316e-05,3.6008,280.0
2003-10-05 06:00:00.000040448,48.868,37.04,231.5,7.380098e-05,3.6008,285.0
2003-10-05 09:00:00.000040448,47.8392,33.336,231.5,7.402041e-05,3.0864,300.0
2003-10-05 12:00:00.000040448,46.296,27.78,231.5,7.4458614e-05,3.0864,320.0
2003-10-05 15:00:00.000040448,45.2672,27.78,231.5,7.511419e-05,3.6008,340.0
2003-10-05 18:00:00.000040448,43.724,27.78,231.5,7.5985095e-05,4.1152,360.0
2003-10-05 21:00:00.000040448,42.6952,27.78,231.5,7.6852295e-05,4.6296,10.0
2003-10-06 00:00:00.000040448,41.152,27.78,231.5,7.793102e-05,5.144,10.0
2003-10-06 03:00:00.000040448,41.152,27.78,231.5,7.900381e-05,6.1728,10.0
2003-10-06 06:00:00.000040448,41.152,27.78,231.5,8.049559e-05,7.716,10.0
2003-10-06 09:00:00.000040448,40.1232,33.336,231.5,8.2185776e-05,8.744801,10.0
2003-10-06 12:00:00.000040448,38.58,37.04,231.5,8.4068044e-05,9.2592,15.0
2003-10-06 15:00:00.000040448,37.5512,37.04,249.557,8.5723776e-05,9.2592,15.0
2003-10-06 18:00:00.000040448,36.008,37.04,266.225,8.756649e-05,9.2592,20.0
2003-10-06 21:00:00.000040448,34.979202,37.04,255.113,8.9186324e-05,9.7736,25.0
2003-10-07 00:00:00.000040448,33.436,37.04,243.07501,9.098784e-05,10.288,35.0
2003-10-07 03:00:00.000040448,32.4072,37.04,261.13202,9.257037e-05,12.3456,40.0
2003-10-07 06:00:00.000040448,30.864,37.04,277.8,9.47168e-05,15.9464,35.0
2003-10-07 09:00:00.000040448,30.864,46.3,277.8,9.758735e-05,19.5472,30.0
2003-10-07 12:00:00.000040448,30.864,55.56,277.8,0.00010094355,20.576,25.0
2003-10-07 15:00:00.000040448,30.864,64.82,324.563,0.000104200124,20.576,25.0
