Time,Vmax,Rmax_IBT,R34,fcor,u_trans,v_trans
2016-11-21 06:00:00.000039936,18.004,27.78,37.04,2.857718e-05,0.5144,90.0
2016-11-21 09:00:00.000039936,19.5472,27.78,43.985,2.857718e-05,0.5144,90.0
2016-11-21 12:00:00.000039936,20.576,27.78,50.93,2.857718e-05,0.5144,130.0
2016-11-21 15:00:00.000039936,22.1192,27.78,50.93,2.8327528e-05,1.0288,155.0
2016-11-21 18:00:00.000039936,23.148,27.78,50.93,2.807779e-05,1.5432,170.0
2016-11-21 21:00:00.000039936,24.6912,24.076,50.93,2.7827968e-05,1.5432,0.0
2016-11-22 00:00:00.000039936,25.720001,18.52,50.93,2.7328068e-05,1.5432,0.0
2016-11-22 03:00:00.000039936,27.2632,18.52,69.45,2.707799e-05,1.0288,170.0
2016-11-22 06:00:00.000039936,28.292,18.52,87.97,2.6827835e-05,1.0288,195.0
2016-11-22 09:00:00.000039936,29.835201,18.52,90.284996,2.6577594e-05,1.0288,205.0
2016-11-22 12:00:00.000039936,30.864,18.52,92.6,2.6327272e-05,1.0288,250.0
2016-11-22 15:00:00.000039936,30.864,18.52,92.6,2.6327272e-05,1.0288,295.0
2016-11-22 18:00:00.000039936,30.864,18.52,92.6,2.6577594e-05,1.0288,300.0
2016-11-22 21:00:00.000039936,30.864,18.52,92.6,2.6577594e-05,1.0288,295.0
2016-11-23 00:00:00.000039936,30.864,18.52,92.6,2.6827835e-05,1.5432,295.0
2016-11-23 03:00:00.000039936,30.864,18.52,92.6,2.707799e-05,2.0576,295.0
2016-11-23 06:00:00.000039936,30.864,18.52,92.6,2.7328068e-05,2.0576,300.0
2016-11-23 09:00:00.000039936,30.864,24.076,92.6,2.7578055e-05,2.0576,295.0
2016-11-23 12:00:00.000039936,30.864,27.78,92.6,2.7827968e-05,3.0864,290.0
2016-11-23 15:00:00.000039936,32.4072,27.78,92.6,2.807779e-05,3.6008,285.0
2016-11-23 18:00:00.000039936,33.436,27.78,92.6,2.8327528e-05,3.6008,280.0
2016-11-23 21:00:00.000039936,37.5512,24.076,92.6,2.8327528e-05,3.6008,270.0
2016-11-24 00:00:00.000039936,41.152,18.52,92.6,2.8327528e-05,3.0864,265.0
2016-11-24 03:00:00.000039936,43.724,18.52,92.6,2.8327528e-05,3.0864,260.0
2016-11-24 06:00:00.000039936,46.296,18.52,92.6,2.807779e-05,3.0864,260.0
2016-11-24 09:00:00.000039936,48.868,18.52,92.6,2.7827968e-05,3.0864,260.0
2016-11-24 12:00:00.000039936,51.440002,18.52,92.6,2.7827968e-05,3.6008,265.0
2016-11-24 15:00:00.000039936,51.440002,18.52,92.6,2.7827968e-05,4.6296,270.0
