Time,Vmax,Rmax_IBT,R34,fcor,u_trans,v_trans
2019-10-17 12:00:00.000039936,18.004,166.68,27.78,5.510506e-05,3.0864,50.0
2019-10-17 15:00:00.000039936,18.004,175.94,50.93,5.5576067e-05,3.0864,50.0
2019-10-17 18:00:00.000039936,18.004,185.2,74.08,5.6046403e-05,3.6008,45.0
2019-10-17 21:00:00.000039936,19.5472,185.2,60.19,5.6750614e-05,4.6296,45.0
2019-10-18 00:00:00.000039936,20.576,185.2,46.3,5.7453286e-05,6.6872,55.0
2019-10-18 03:00:00.000039936,22.1192,185.2,69.45,5.83877e-05,8.2304,55.0
2019-10-18 06:00:00.000039936,23.148,185.2,92.6,5.9551734e-05,9.7736,55.0
2019-10-18 09:00:00.000039936,24.6912,157.42,108.805,6.0711227e-05,10.288,55.0
2019-10-18 12:00:00.000039936,25.720001,129.64,125.009995,6.20965e-05,10.288,55.0
2019-10-18 15:00:00.000039936,25.720001,111.12,120.380005,6.3474974e-05,10.288,55.0
2019-10-18 18:00:00.000039936,25.720001,92.6,115.75,6.4846485e-05,10.802401,50.0
2019-10-18 21:00:00.000039936,25.720001,101.86,115.75,6.643758e-05,10.288,45.0
2019-10-19 00:00:00.000039936,25.720001,111.12,115.75,6.801876e-05,7.716,40.0
2019-10-19 03:00:00.000039936,25.720001,129.64,111.119995,6.914198e-05,5.144,40.0
2019-10-19 06:00:00.000039936,25.720001,148.16,106.49,6.981338e-05,4.6296,40.0
2019-10-19 09:00:00.000039936,23.148,166.68,106.49,7.048288e-05,4.6296,40.0
2019-10-19 12:00:00.000039936,20.576,185.2,106.49,7.137252e-05,5.6584,45.0
2019-10-19 15:00:00.000039936,20.576,287.06,101.86,7.2258685e-05,6.6872,45.0
