Time,Vmax,Rmax_IBT,R34,fcor,u_trans,v_trans
2012-10-11 06:00:00.000039936,18.004,92.6,27.78,6.255676e-05,0.5144,60.0
2012-10-11 09:00:00.000039936,18.004,101.86,27.78,6.255676e-05,0.5144,0.0
2012-10-11 12:00:00.000039936,18.004,111.12,27.78,6.278661e-05,0.5144,335.0
2012-10-11 15:00:00.000039936,18.004,101.86,39.355,6.3016254e-05,0.5144,320.0
2012-10-11 18:00:00.000039936,18.004,92.6,50.93,6.3016254e-05,0.5144,270.0
2012-10-11 21:00:00.000039936,19.5472,92.6,57.875,6.3016254e-05,0.5144,220.0
2012-10-12 00:00:00.000039936,20.576,92.6,64.82,6.278661e-05,0.5144,0.0
2012-10-12 03:00:00.000039936,20.576,92.6,62.504997,6.278661e-05,0.5144,140.0
2012-10-12 06:00:00.000039936,20.576,92.6,60.190002,6.255676e-05,1.0288,140.0
2012-10-12 09:00:00.000039936,20.576,92.6,55.559998,6.2326726e-05,0.5144,140.0
2012-10-12 12:00:00.000039936,20.576,92.6,50.93,6.2326726e-05,0.5144,85.0
2012-10-12 15:00:00.000039936,19.5472,88.895996,46.3,6.2326726e-05,0.5144,40.0
2012-10-12 18:00:00.000039936,18.004,83.34,41.670002,6.255676e-05,1.0288,60.0
2012-10-12 21:00:00.000039936,18.004,88.895996,34.725,6.255676e-05,1.0288,90.0
