Time,Vmax,Rmax_IBT,R34,fcor,u_trans,v_trans
2018-10-26 18:00:00.000039936,18.004,129.64,74.08,6.255676e-05,5.6584,10.0
2018-10-26 21:00:00.000039936,19.5472,129.64,99.545,6.370404e-05,5.144,0.0
2018-10-27 00:00:00.000039936,20.576,129.64,125.009995,6.4846485e-05,5.144,330.0
2018-10-27 03:00:00.000039936,22.1192,129.64,131.955,6.575688e-05,6.6872,305.0
2018-10-27 06:00:00.000039936,23.148,129.64,138.9,6.643758e-05,7.2016,295.0
2018-10-27 09:00:00.000039936,24.6912,92.6,152.79,6.689037e-05,7.2016,285.0
2018-10-27 12:00:00.000039936,25.720001,55.56,166.68,6.711647e-05,8.2304,270.0
2018-10-27 15:00:00.000039936,25.720001,64.82,168.995,6.711647e-05,8.744801,260.0
2018-10-27 18:00:00.000039936,25.720001,74.08,171.31,6.643758e-05,8.744801,240.0
2018-10-27 21:00:00.000039936,27.2632,61.116,162.05,6.507438e-05,8.2304,220.0
2018-10-28 00:00:00.000039936,28.292,46.3,152.79,6.370404e-05,6.6872,225.0
2018-10-28 03:00:00.000039936,28.292,46.3,145.845,6.3016254e-05,5.144,240.0
2018-10-28 06:00:00.000039936,28.292,46.3,138.9,6.255676e-05,4.6296,255.0
2018-10-28 09:00:00.000039936,29.835201,42.596,138.9,6.2326726e-05,5.144,270.0
2018-10-28 12:00:00.000039936,30.864,37.04,138.9,6.255676e-05,6.6872,280.0
2018-10-28 15:00:00.000039936,32.4072,33.336,127.325005,6.3016254e-05,8.2304,280.0
2018-10-28 18:00:00.000039936,33.436,27.78,115.75,6.324571e-05,8.2304,270.0
2018-10-28 21:00:00.000039936,33.436,27.78,101.86,6.3016254e-05,7.716,260.0
2018-10-29 00:00:00.000039936,33.436,27.78,87.97001,6.278661e-05,6.6872,265.0
2018-10-29 03:00:00.000039936,34.979202,27.78,87.97001,6.278661e-05,5.144,270.0
2018-10-29 06:00:00.000039936,36.008,27.78,87.97001,6.278661e-05,4.1152,275.0
2018-10-29 09:00:00.000039936,37.5512,24.076,87.97001,6.3016254e-05,3.0864,290.0
2018-10-29 12:00:00.000039936,38.58,18.52,87.97001,6.324571e-05,3.0864,310.0
2018-10-29 15:00:00.000039936,41.152,18.52,87.97001,6.370404e-05,3.0864,325.0
2018-10-29 18:00:00.000039936,43.724,18.52,87.97001,6.43901e-05,3.6008,345.0
2018-10-29 21:00:00.000039936,46.296,18.52,87.97001,6.530208e-05,4.1152,0.0
2018-10-30 00:00:00.000039936,48.868,18.52,87.97001,6.621089e-05,4.6296,5.0
2018-10-30 03:00:00.000039936,47.8392,18.52,97.229996,6.734234e-05,5.144,5.0
2018-10-30 06:00:00.000039936,46.296,18.52,106.49,6.8468675e-05,5.144,10.0
2018-10-30 09:00:00.000039936,45.2672,18.52,120.380005,6.958979e-05,5.6584,20.0
2018-10-30 12:00:00.000039936,43.724,18.52,134.27,7.07056e-05,6.1728,20.0
2018-10-30 15:00:00.000039936,41.152,18.52,157.42,7.2037474e-05,7.2016,25.0
2018-10-30 18:00:00.000039936,38.58,18.52,180.56999,7.3581316e-05,8.2304,30.0
2018-10-30 21:00:00.000039936,37.5512,27.78,192.145,7.511419e-05,9.2592,40.0
2018-10-31 00:00:00.000039936,36.008,37.04,203.72,7.663584e-05,8.744801,40.0
2018-10-31 03:00:00.000039936,36.008,37.04,217.61,7.793102e-05,9.2592,40.0
2018-10-31 06:00:00.000039936,36.008,37.04,231.5,7.943125e-05,12.3456,40.0
2018-10-31 09:00:00.000039936,36.008,37.04,275.48502,8.176471e-05,15.432,35.0
2018-10-31 12:00:00.000039936,36.008,37.04,319.47,8.448353e-05,15.9464,35.0
2018-10-31 15:00:00.000039936,36.008,46.3,388.92,8.7158856e-05,15.432,30.0
2018-10-31 18:00:00.000039936,36.008,55.56,458.37003,8.9789304e-05,15.432,30.0
2018-10-31 21:00:00.000039936,37.5512,101.86,567.175,9.2373535e-05,15.432,25.0
2018-11-01 00:00:00.000039936,38.58,148.16,675.98,9.5103336e-05,15.432,25.0
2018-11-01 03:00:00.000039936,38.58,148.16,708.39,9.7776356e-05,15.432,25.0
2018-11-01 06:00:00.000039936,38.58,148.16,740.8,0.00010020622,15.432,30.0
2018-11-01 09:00:00.000039936,36.008,148.16,761.635,0.00010258449,15.432,30.0
2018-11-01 12:00:00.000039936,33.436,148.16,782.47,0.00010490995,15.432,35.0
2018-11-01 15:00:00.000039936,32.4072,148.16,782.47,0.00010683552,14.917601,40.0
2018-11-01 18:00:00.000039936,30.864,148.16,782.47,0.000108721724,15.432,45.0
2018-11-01 21:00:00.000039936,30.864,148.16,782.47,0.00011056783,15.432,45.0
2018-11-02 00:00:00.000039936,30.864,148.16,782.47,0.000112210764,14.917601,45.0
2018-11-02 03:00:00.000039936,30.864,148.16,784.785,0.00011397852,14.4032,45.0
2018-11-02 06:00:00.000039936,30.864,148.16,787.10004,0.00011539363,11.8312,45.0
2018-11-02 09:00:00.000039936,30.864,148.16,789.41504,0.00011632124,9.2592,55.0
2018-11-02 12:00:00.000039936,30.864,148.16,791.73,0.00011708451,8.744801,60.0
2018-11-02 15:00:00.000039936,32.4072,148.16,805.62,0.00011768871,9.2592,65.0
2018-11-02 18:00:00.000039936,33.436,148.16,819.51,0.00011828717,10.802401,65.0
2018-11-02 21:00:00.000039936,34.979202,148.16,891.275,0.00011902714,11.8312,60.0
2018-11-03 00:00:00.000039936,36.008,148.16,963.04,0.00011990313,12.3456,60.0
2018-11-03 03:00:00.000039936,34.979202,148.16,1023.23004,0.00012076598,12.3456,60.0
2018-11-03 06:00:00.000039936,33.436,148.16,1083.42,0.00012175588,12.3456,55.0
2018-11-03 09:00:00.000039936,30.864,148.16,1125.09,0.00012272761,11.8312,55.0
2018-11-03 12:00:00.000039936,28.292,148.16,1166.76,0.00012354596,10.288,55.0
2018-11-03 15:00:00.000039936,27.2632,148.16,1083.4199,0.00012421756,8.2304,55.0
2018-11-03 18:00:00.000039936,25.720001,148.16,1000.08,0.0001248797,8.2304,55.0
2018-11-03 21:00:00.000039936,24.6912,148.16,888.96,0.00012540258,8.2304,55.0
2018-11-04 00:00:00.000039936,23.148,148.16,777.83997,0.00012604757,7.716,55.0
2018-11-04 03:00:00.000039936,22.1192,148.16,673.66504,0.00012655665,7.716,50.0
2018-11-04 06:00:00.000039936,20.576,148.16,569.49,0.0001273087,9.2592,45.0
2018-11-04 09:00:00.000039936,20.576,148.16,458.37,0.00012816844,10.802401,40.0
