Time,Vmax,Rmax_IBT,R34,fcor,u_trans,v_trans
2023-09-23 18:00:00.000039936,18.004,111.12,46.3,3.9464914e-05,4.6296,275.0
2023-09-23 21:00:00.000039936,19.5472,101.86,46.3,3.9464914e-05,3.6008,280.0
2023-09-24 00:00:00.000039936,20.576,92.6,46.3,3.9709896e-05,3.6008,285.0
2023-09-24 03:00:00.000039936,22.1192,92.6,60.19,3.995476e-05,3.6008,285.0
2023-09-24 06:00:00.000039936,23.148,92.6,74.08,4.0199502e-05,4.1152,290.0
2023-09-24 09:00:00.000039936,23.148,83.34,97.229996,4.0444127e-05,4.1152,290.0
2023-09-24 12:00:00.000039936,23.148,74.08,120.38,4.093299e-05,4.1152,295.0
2023-09-24 15:00:00.000039936,23.148,74.08,120.38,4.1177245e-05,3.6008,295.0
2023-09-24 18:00:00.000039936,23.148,74.08,120.38,4.1665367e-05,4.1152,290.0
2023-09-24 21:00:00.000039936,23.148,74.08,115.74999,4.2152973e-05,4.6296,290.0
2023-09-25 00:00:00.000039936,23.148,74.08,111.119995,4.239659e-05,4.6296,285.0
2023-09-25 03:00:00.000039936,24.6912,64.82,111.119995,4.2640077e-05,4.6296,285.0
2023-09-25 06:00:00.000039936,25.720001,55.56,111.119995,4.288343e-05,4.6296,275.0
2023-09-25 09:00:00.000039936,25.720001,55.56,111.119995,4.288343e-05,5.144,270.0
2023-09-25 12:00:00.000039936,25.720001,55.56,111.119995,4.288343e-05,6.1728,270.0
2023-09-25 15:00:00.000039936,24.6912,64.82,115.75,4.288343e-05,6.6872,270.0
2023-09-25 18:00:00.000039936,23.148,74.08,120.38,4.288343e-05,6.1728,280.0
2023-09-25 21:00:00.000039936,23.148,83.34,136.58499,4.3126656e-05,5.6584,285.0
2023-09-26 00:00:00.000039936,23.148,92.6,152.79,4.3612705e-05,5.6584,280.0
2023-09-26 03:00:00.000039936,23.148,92.6,155.105,4.385554e-05,6.1728,275.0
2023-09-26 06:00:00.000039936,23.148,92.6,157.41998,4.385554e-05,6.1728,270.0
2023-09-26 09:00:00.000039936,22.1192,101.86,148.15999,4.385554e-05,6.1728,265.0
2023-09-26 12:00:00.000039936,20.576,111.12,138.9,4.3612705e-05,5.6584,260.0
2023-09-26 15:00:00.000039936,20.576,120.38,145.845,4.3126656e-05,5.6584,255.0
2023-09-26 18:00:00.000039936,20.576,129.64,152.79001,4.288343e-05,4.6296,260.0
2023-09-26 21:00:00.000039936,20.576,138.9,159.73499,4.288343e-05,4.1152,275.0
2023-09-27 00:00:00.000039936,20.576,148.16,166.68,4.3126656e-05,3.6008,285.0
2023-09-27 03:00:00.000039936,20.576,148.16,162.04999,4.3369746e-05,3.6008,285.0
2023-09-27 06:00:00.000039936,20.576,148.16,157.42,4.3612705e-05,3.6008,280.0
2023-09-27 09:00:00.000039936,22.1192,148.16,143.53,4.3612705e-05,3.6008,280.0
2023-09-27 12:00:00.000039936,23.148,148.16,129.64,4.385554e-05,3.6008,285.0
2023-09-27 15:00:00.000039936,23.148,148.16,127.325,4.409823e-05,3.6008,295.0
2023-09-27 18:00:00.000039936,23.148,148.16,125.009995,4.458322e-05,3.6008,295.0
2023-09-27 21:00:00.000039936,22.1192,157.42,122.695,4.4825505e-05,3.0864,300.0
2023-09-28 00:00:00.000039936,20.576,166.68,120.38,4.5309676e-05,2.572,315.0
2023-09-28 03:00:00.000039936,20.576,166.68,115.75,4.5793287e-05,2.0576,335.0
2023-09-28 06:00:00.000039936,20.576,166.68,111.12,4.627635e-05,2.0576,335.0
2023-09-28 09:00:00.000039936,20.576,166.68,111.12,4.651767e-05,1.5432,315.0
2023-09-28 12:00:00.000039936,20.576,166.68,111.12,4.675884e-05,0.5144,285.0
2023-09-28 15:00:00.000039936,20.576,166.68,106.49,4.675884e-05,0.5144,225.0
2023-09-28 18:00:00.000039936,20.576,166.68,101.86,4.651767e-05,1.0288,215.0
2023-09-28 21:00:00.000039936,20.576,157.42,101.86,4.651767e-05,0.5144,225.0
2023-09-29 00:00:00.000039936,20.576,148.16,101.86,4.627635e-05,0.5144,220.0
2023-09-29 03:00:00.000039936,20.576,148.16,99.545,4.627635e-05,0.5144,225.0
2023-09-29 06:00:00.000039936,20.576,148.16,97.229996,4.6034886e-05,1.0288,230.0
2023-09-29 09:00:00.000039936,22.1192,148.16,97.229996,4.5793287e-05,1.5432,235.0
2023-09-29 12:00:00.000039936,23.148,148.16,97.229996,4.5551555e-05,2.0576,240.0
2023-09-29 15:00:00.000039936,23.148,148.16,97.229996,4.5309676e-05,1.5432,235.0
2023-09-29 18:00:00.000039936,23.148,148.16,97.229996,4.506766e-05,2.0576,215.0
2023-09-29 21:00:00.000039936,23.148,148.16,97.229996,4.458322e-05,2.0576,195.0
2023-09-30 00:00:00.000039936,23.148,148.16,97.229996,4.409823e-05,2.0576,190.0
2023-09-30 03:00:00.000039936,23.148,148.16,113.435,4.3612705e-05,2.0576,195.0
2023-09-30 06:00:00.000039936,23.148,148.16,129.64,4.3126656e-05,2.0576,200.0
2023-09-30 09:00:00.000039936,23.148,148.16,131.955,4.2640077e-05,2.0576,205.0
2023-09-30 12:00:00.000039936,23.148,148.16,134.27,4.2152973e-05,2.572,210.0
2023-09-30 15:00:00.000039936,24.6912,138.9,141.215,4.1665367e-05,2.572,215.0
2023-09-30 18:00:00.000039936,25.720001,129.64,148.16,4.1177245e-05,2.572,220.0
2023-09-30 21:00:00.000039936,25.720001,129.64,145.845,4.0688625e-05,2.572,230.0
2023-10-01 00:00:00.000039936,25.720001,129.64,143.53,4.0444127e-05,3.0864,250.0
2023-10-01 03:00:00.000039936,25.720001,129.64,141.215,4.0199502e-05,4.1152,265.0
2023-10-01 06:00:00.000039936,25.720001,129.64,138.9,4.0199502e-05,4.6296,265.0
2023-10-01 09:00:00.000039936,24.6912,129.64,125.009995,4.0199502e-05,4.6296,270.0
2023-10-01 12:00:00.000039936,23.148,129.64,111.119995,4.0199502e-05,3.6008,280.0
2023-10-01 15:00:00.000039936,23.148,129.64,113.435,4.0444127e-05,2.0576,295.0
2023-10-01 18:00:00.000039936,23.148,129.64,115.75,4.0688625e-05,1.5432,320.0
2023-10-01 21:00:00.000039936,23.148,129.64,115.75,4.093299e-05,2.0576,325.0
2023-10-02 00:00:00.000039936,23.148,129.64,115.75,4.142137e-05,2.572,310.0
2023-10-02 03:00:00.000039936,23.148,129.64,115.75,4.1909232e-05,3.6008,295.0
2023-10-02 06:00:00.000039936,23.148,129.64,115.75,4.2152973e-05,4.1152,285.0
2023-10-02 09:00:00.000039936,23.148,129.64,115.75,4.2152973e-05,4.1152,275.0
2023-10-02 12:00:00.000039936,23.148,129.64,115.75,4.239659e-05,4.1152,290.0
2023-10-02 15:00:00.000039936,23.148,129.64,118.065,4.288343e-05,4.1152,300.0
2023-10-02 18:00:00.000039936,23.148,129.64,120.38,4.3369746e-05,4.6296,300.0
2023-10-02 21:00:00.000039936,23.148,129.64,120.38,4.385554e-05,4.1152,300.0
2023-10-02 22:45:00.000066560,23.148,129.64,120.38,4.409823e-05,3.0864,285.0
2023-10-03 00:00:00.000039936,23.148,148.16,120.38,4.409823e-05,3.6008,295.0
2023-10-03 03:00:00.000039936,23.148,148.16,120.38,4.458322e-05,4.6296,305.0
2023-10-03 06:00:00.000039936,23.148,148.16,120.38,4.5309676e-05,5.144,305.0
2023-10-03 09:00:00.000039936,22.1192,157.42,120.38,4.5793287e-05,5.144,300.0
2023-10-03 12:00:00.000039936,20.576,166.68,120.38,4.651767e-05,5.144,300.0
2023-10-03 15:00:00.000039936,20.576,166.68,115.75,4.7240763e-05,5.144,300.0
2023-10-03 18:00:00.000039936,20.576,166.68,111.119995,4.7722115e-05,4.6296,300.0
2023-10-03 21:00:00.000039936,20.576,166.68,111.12,4.8202877e-05,4.1152,300.0
2023-10-04 00:00:00.000039936,20.576,166.68,111.119995,4.868306e-05,3.6008,320.0
2023-10-04 03:00:00.000039936,20.576,175.94,113.435,4.9402213e-05,3.6008,345.0
2023-10-04 06:00:00.000039936,20.576,185.2,115.75,5.035898e-05,4.6296,350.0
2023-10-04 09:00:00.000039936,20.576,185.2,118.065,5.155148e-05,5.144,350.0
2023-10-04 12:00:00.000039936,20.576,185.2,120.38,5.2740055e-05,5.6584,350.0
2023-10-04 15:00:00.000039936,19.5472,185.2,125.009995,5.392461e-05,5.144,350.0
2023-10-04 18:00:00.000039936,18.004,185.2,129.64,5.510506e-05,5.144,350.0
2023-10-04 21:00:00.000039936,18.004,185.2,129.64,5.6281307e-05,4.6296,350.0
2023-10-05 00:00:00.000039936,18.004,185.2,129.64,5.721923e-05,4.6296,350.0
2023-10-05 03:00:00.000039936,19.5472,175.94,134.27,5.8154368e-05,4.6296,350.0
2023-10-05 06:00:00.000039936,20.576,166.68,138.9,5.9319285e-05,5.144,350.0
2023-10-05 09:00:00.000039936,22.1192,157.42,143.53,6.0479695e-05,5.6584,355.0
2023-10-05 12:00:00.000039936,23.148,148.16,148.16,6.186609e-05,6.1728,5.0
2023-10-05 15:00:00.000039936,23.148,148.16,148.16,6.324571e-05,6.6872,10.0
2023-10-05 18:00:00.000039936,23.148,148.16,148.16,6.4846485e-05,6.6872,5.0
2023-10-05 21:00:00.000039936,23.148,157.42,171.31,6.621089e-05,6.1728,5.0
2023-10-06 00:00:00.000039936,23.148,166.68,194.46,6.756802e-05,6.1728,10.0
2023-10-06 03:00:00.000039936,23.148,175.94,196.775,6.8917754e-05,6.1728,20.0
