Time,Vmax,Rmax_IBT,R34,fcor,u_trans,v_trans
2021-09-19 18:00:00.000039936,18.004,46.3,27.78,3.47882e-05,7.716,315.0
2021-09-19 21:00:00.000039936,18.004,46.3,27.78,3.6022833e-05,7.716,310.0
2021-09-20 00:00:00.000039936,18.004,46.3,27.78,3.700857e-05,7.716,305.0
2021-09-20 03:00:00.000039936,18.004,46.3,34.725002,3.7992504e-05,7.716,310.0
2021-09-20 06:00:00.000039936,18.004,46.3,41.670002,3.9219805e-05,7.716,310.0
2021-09-20 09:00:00.000039936,18.004,46.3,41.670002,4.0444127e-05,7.716,315.0
2021-09-20 12:00:00.000039936,18.004,46.3,41.670002,4.1909232e-05,7.716,315.0
2021-09-20 15:00:00.000039936,19.5472,46.3,57.875,4.3126656e-05,7.716,310.0
2021-09-20 18:00:00.000039936,20.576,46.3,74.08,4.4340795e-05,8.2304,310.0
2021-09-20 21:00:00.000039936,23.148,51.856,83.34,4.5551555e-05,8.2304,315.0
2021-09-21 00:00:00.000039936,25.720001,55.56,92.600006,4.6999867e-05,7.716,320.0
2021-09-21 03:00:00.000039936,23.148,74.08,92.600006,4.844305e-05,7.2016,330.0
2021-09-21 06:00:00.000039936,20.576,92.6,92.600006,4.9880902e-05,6.6872,330.0
2021-09-21 09:00:00.000039936,19.5472,111.12,83.340004,5.131329e-05,6.1728,335.0
2021-09-21 12:00:00.000039936,18.004,129.64,74.08,5.250265e-05,6.1728,330.0
2021-09-21 15:00:00.000039936,18.004,129.64,74.08,5.3688025e-05,6.1728,330.0
2021-09-21 18:00:00.000039936,18.004,129.64,74.08,5.4869302e-05,4.6296,330.0
2021-09-21 21:00:00.000039936,18.004,138.9,78.71,5.5576067e-05,3.6008,330.0
