Time,Vmax,Rmax_IBT,R34,fcor,u_trans,v_trans
2010-10-06 09:00:00.000039936,18.004,185.2,83.34,5.5340646e-05,4.1152,315.0
2010-10-06 12:00:00.000039936,20.576,148.16,166.68,5.6046403e-05,3.6008,320.0
2010-10-06 15:00:00.000039936,23.148,138.9,166.68,5.6516048e-05,2.572,325.0
2010-10-06 18:00:00.000039936,25.720001,129.64,166.68,5.698501e-05,1.5432,330.0
2010-10-06 21:00:00.000039936,27.2632,101.86,166.68,5.721923e-05,1.0288,335.0
2010-10-07 00:00:00.000039936,28.292,74.08,166.68,5.7453286e-05,1.0288,335.0
2010-10-07 03:00:00.000039936,27.2632,74.08,166.68,5.768715e-05,1.0288,335.0
2010-10-07 06:00:00.000039936,25.720001,74.08,166.68,5.7920843e-05,1.0288,335.0
2010-10-07 09:00:00.000039936,24.6912,51.856,166.68,5.8154368e-05,1.0288,10.0
2010-10-07 12:00:00.000039936,23.148,27.78,166.68,5.83877e-05,1.5432,50.0
2010-10-07 15:00:00.000039936,24.6912,27.78,166.68,5.862087e-05,2.572,65.0
2010-10-07 18:00:00.000039936,25.720001,27.78,166.68,5.8853857e-05,3.0864,75.0
2010-10-07 21:00:00.000039936,27.2632,27.78,173.625,5.9086666e-05,4.1152,75.0
2010-10-08 00:00:00.000039936,28.292,27.78,180.57,5.9319285e-05,4.1152,70.0
2010-10-08 03:00:00.000039936,29.835201,42.596,180.57,5.9784e-05,4.6296,65.0
2010-10-08 06:00:00.000039936,30.864,55.56,180.57,6.0247978e-05,6.1728,60.0
2010-10-08 09:00:00.000039936,32.4072,55.56,185.20001,6.1173734e-05,7.2016,55.0
2010-10-08 12:00:00.000039936,33.436,55.56,189.82999,6.20965e-05,8.2304,55.0
2010-10-08 15:00:00.000039936,34.979202,46.3,189.82999,6.324571e-05,8.744801,55.0
2010-10-08 18:00:00.000039936,36.008,37.04,189.82999,6.43901e-05,8.744801,55.0
2010-10-08 21:00:00.000039936,37.5512,33.336,194.46,6.552959e-05,8.744801,55.0
2010-10-09 00:00:00.000039936,38.58,27.78,199.09,6.666408e-05,9.7736,55.0
2010-10-09 03:00:00.000039936,38.58,27.78,199.09,6.801876e-05,11.3168,55.0
2010-10-09 06:00:00.000039936,38.58,27.78,199.09,6.958979e-05,12.3456,55.0
2010-10-09 09:00:00.000039936,37.5512,27.78,199.09,7.115043e-05,13.3744,55.0
2010-10-09 12:00:00.000039936,36.008,27.78,199.09,7.2921e-05,14.4032,60.0
2010-10-09 15:00:00.000039936,34.979202,27.78,199.09,7.4458614e-05,14.917601,60.0
2010-10-09 18:00:00.000039936,33.436,27.78,199.09,7.5985095e-05,15.432,65.0
2010-10-09 21:00:00.000039936,32.4072,33.336,206.035,7.728449e-05,16.4608,65.0
2010-10-10 00:00:00.000039936,30.864,37.04,212.98,7.878973e-05,17.489601,65.0
2010-10-10 03:00:00.000039936,29.835201,55.56,231.5,8.028322e-05,18.5184,65.0
2010-10-10 06:00:00.000039936,28.292,74.08,250.01999,8.2185776e-05,20.0616,60.0
2010-10-10 09:00:00.000039936,28.292,74.08,250.01999,8.427592e-05,21.604801,60.0
