Time,Vmax,Rmax_IBT,R34,fcor,u_trans,v_trans
2022-11-06 18:00:00.000039936,18.004,185.2,55.56,5.5576067e-05,8.744801,350.0
2022-11-06 21:00:00.000039936,18.004,185.2,138.9,5.7453286e-05,8.2304,335.0
2022-11-07 00:00:00.000039936,18.004,185.2,222.24,5.9086666e-05,8.2304,335.0
2022-11-07 03:00:00.000039936,19.5472,277.8,222.24,6.0711227e-05,7.716,335.0
2022-11-07 06:00:00.000039936,20.576,370.4,222.24,6.20965e-05,6.6872,320.0
2022-11-07 09:00:00.000039936,20.576,370.4,238.445,6.3016254e-05,6.1728,305.0
2022-11-07 12:00:00.000039936,20.576,370.4,254.65001,6.370404e-05,6.1728,300.0
2022-11-07 15:00:00.000039936,20.576,370.4,270.855,6.43901e-05,5.144,300.0
2022-11-07 18:00:00.000039936,20.576,370.4,287.06,6.4846485e-05,3.6008,305.0
2022-11-07 21:00:00.000039936,20.576,370.4,310.21,6.530208e-05,2.572,320.0
2022-11-08 00:00:00.000039936,20.576,370.4,333.36,6.575688e-05,3.6008,330.0
2022-11-08 03:00:00.000039936,20.576,370.4,354.195,6.666408e-05,4.1152,330.0
2022-11-08 06:00:00.000039936,20.576,370.4,375.03,6.734234e-05,4.1152,310.0
2022-11-08 09:00:00.000039936,22.1192,259.28,375.03,6.7793495e-05,4.1152,285.0
2022-11-08 12:00:00.000039936,23.148,148.16,375.03,6.7793495e-05,5.144,270.0
2022-11-08 15:00:00.000039936,24.6912,129.64,375.03,6.7793495e-05,5.6584,265.0
2022-11-08 18:00:00.000039936,25.720001,111.12,375.03,6.756802e-05,5.144,255.0
2022-11-08 21:00:00.000039936,28.292,111.12,395.865,6.711647e-05,5.144,245.0
2022-11-09 00:00:00.000039936,30.864,111.12,416.7,6.666408e-05,5.144,245.0
2022-11-09 03:00:00.000039936,30.864,111.12,425.96,6.621089e-05,5.144,245.0
2022-11-09 06:00:00.000039936,30.864,111.12,435.21997,6.575688e-05,4.6296,245.0
2022-11-09 09:00:00.000039936,29.835201,74.08,435.21997,6.530208e-05,4.6296,250.0
2022-11-09 12:00:00.000039936,28.292,37.04,435.21997,6.507438e-05,4.6296,260.0
2022-11-09 15:00:00.000039936,29.835201,37.04,435.21997,6.507438e-05,5.144,270.0
2022-11-09 17:00:00.000053248,30.864,37.04,435.21997,6.507438e-05,5.144,270.0
2022-11-09 18:00:00.000039936,30.864,37.04,439.85,6.507438e-05,5.144,270.0
2022-11-09 21:00:00.000039936,32.4072,37.04,439.85,6.507438e-05,5.144,275.0
2022-11-09 23:00:00.000053248,33.436,37.04,439.85,6.530208e-05,5.6584,290.0
2022-11-10 00:00:00.000039936,33.436,37.04,439.85,6.552959e-05,6.6872,295.0
2022-11-10 03:00:00.000039936,33.436,37.04,442.16498,6.621089e-05,7.2016,295.0
2022-11-10 06:00:00.000039936,33.436,37.04,444.48,6.689037e-05,8.2304,300.0
2022-11-10 07:45:00.000066560,33.436,37.04,444.48,6.756802e-05,9.2592,300.0
