Time,Vmax,Rmax_IBT,R34,fcor,u_trans,v_trans
2008-11-06 06:00:00.000039936,18.004,64.82,9.26,3.7254722e-05,3.0864,0.0
2008-11-06 09:00:00.000039936,19.5472,61.116,27.78,3.7992504e-05,3.0864,10.0
2008-11-06 12:00:00.000039936,20.576,55.56,46.300003,3.872924e-05,3.6008,10.0
2008-11-06 15:00:00.000039936,24.6912,42.596,64.82,3.9464914e-05,3.6008,10.0
2008-11-06 18:00:00.000039936,28.292,27.78,83.340004,4.0444127e-05,3.6008,10.0
2008-11-06 21:00:00.000039936,30.864,27.78,87.97,4.142137e-05,3.6008,10.0
2008-11-07 00:00:00.000039936,33.436,27.78,92.600006,4.2152973e-05,3.6008,10.0
2008-11-07 03:00:00.000039936,33.436,24.076,95.378006,4.288343e-05,3.0864,10.0
2008-11-07 06:00:00.000039936,33.436,18.52,97.229996,4.3612705e-05,3.0864,10.0
2008-11-07 09:00:00.000039936,36.008,18.52,108.341995,4.4340795e-05,3.0864,10.0
2008-11-07 12:00:00.000039936,38.58,18.52,118.065,4.506766e-05,3.0864,10.0
2008-11-07 15:00:00.000039936,40.1232,18.52,131.492,4.5793287e-05,3.0864,20.0
2008-11-07 18:00:00.000039936,41.152,18.52,143.53,4.651767e-05,3.0864,30.0
2008-11-07 21:00:00.000039936,46.296,18.52,148.16,4.6999867e-05,3.0864,45.0
2008-11-08 00:00:00.000039936,51.440002,18.52,152.79001,4.748151e-05,3.0864,50.0
2008-11-08 03:00:00.000039936,54.012,18.52,155.10501,4.796257e-05,3.6008,55.0
2008-11-08 06:00:00.000039936,56.584,18.52,157.42001,4.844305e-05,4.1152,60.0
2008-11-08 09:00:00.000039936,60.6992,18.52,155.105,4.892293e-05,4.6296,60.0
2008-11-08 12:00:00.000039936,64.3,18.52,152.79,4.9402213e-05,4.6296,65.0
2008-11-08 15:00:00.000039936,64.3,18.52,145.845,4.9880902e-05,4.6296,60.0
2008-11-08 18:00:00.000039936,64.3,18.52,138.9,5.035898e-05,5.144,60.0
2008-11-08 21:00:00.000039936,55.5552,24.076,127.325,5.1074945e-05,4.6296,55.0
