Time,Vmax,Rmax_IBT,R34,fcor,u_trans,v_trans
2017-10-08 06:00:00.000039936,18.004,74.08,37.04,7.511419e-05,2.0576,190.0
2017-10-08 09:00:00.000039936,18.004,74.08,37.04,7.467736e-05,2.0576,190.0
2017-10-08 12:00:00.000039936,18.004,74.08,37.04,7.423962e-05,2.0576,215.0
2017-10-08 15:00:00.000039936,18.004,74.08,39.355,7.402041e-05,2.0576,240.0
2017-10-08 18:00:00.000039936,18.004,74.08,41.67,7.380098e-05,1.0288,255.0
2017-10-08 21:00:00.000039936,18.004,74.08,41.67,7.380098e-05,0.5144,0.0
2017-10-09 00:00:00.000039936,18.004,74.08,41.67,7.402041e-05,1.5432,15.0
2017-10-09 03:00:00.000039936,18.004,74.08,43.985,7.4458614e-05,2.0576,10.0
2017-10-09 06:00:00.000039936,18.004,74.08,46.300003,7.4895885e-05,2.0576,0.0
2017-10-09 09:00:00.000039936,18.004,74.08,46.300003,7.533226e-05,2.0576,0.0
2017-10-09 12:00:00.000039936,18.004,74.08,46.300003,7.576771e-05,2.0576,20.0
2017-10-09 15:00:00.000039936,19.5472,70.376,57.875,7.620224e-05,2.572,40.0
2017-10-09 18:00:00.000039936,20.576,64.82,69.450005,7.663584e-05,3.0864,50.0
2017-10-09 21:00:00.000039936,20.576,64.82,81.024994,7.70685e-05,2.572,55.0
2017-10-10 00:00:00.000039936,20.576,64.82,92.6,7.728449e-05,2.0576,75.0
2017-10-10 03:00:00.000039936,22.1192,61.116,94.915,7.728449e-05,1.5432,110.0
2017-10-10 06:00:00.000039936,23.148,55.56,97.229996,7.70685e-05,1.5432,135.0
2017-10-10 09:00:00.000039936,23.148,55.56,104.175,7.6852295e-05,2.0576,140.0
2017-10-10 12:00:00.000039936,23.148,55.56,111.12,7.641916e-05,2.0576,140.0
2017-10-10 15:00:00.000039936,23.148,51.856,111.12,7.620224e-05,2.0576,140.0
2017-10-10 18:00:00.000039936,23.148,46.3,111.12,7.576771e-05,2.0576,140.0
2017-10-10 21:00:00.000039936,24.6912,46.3,111.12,7.533226e-05,2.572,140.0
2017-10-11 00:00:00.000039936,25.720001,46.3,111.12,7.4895885e-05,3.0864,135.0
2017-10-11 03:00:00.000039936,27.2632,46.3,111.12,7.4458614e-05,3.6008,135.0
2017-10-11 06:00:00.000039936,28.292,46.3,111.12,7.380098e-05,3.6008,135.0
2017-10-11 09:00:00.000039936,29.835201,42.596,111.12,7.336144e-05,3.0864,135.0
2017-10-11 12:00:00.000039936,30.864,37.04,111.12,7.2921e-05,2.572,125.0
2017-10-11 15:00:00.000039936,32.4072,37.04,111.12,7.270045e-05,2.572,115.0
2017-10-11 18:00:00.000039936,33.436,37.04,111.12,7.247968e-05,2.0576,95.0
2017-10-11 21:00:00.000039936,34.979202,37.04,111.12,7.247968e-05,2.0576,75.0
2017-10-12 00:00:00.000039936,36.008,37.04,111.12,7.270045e-05,1.5432,45.0
2017-10-12 03:00:00.000039936,37.5512,33.336,111.12,7.2921e-05,1.5432,15.0
2017-10-12 06:00:00.000039936,38.58,27.78,111.12,7.336144e-05,1.5432,0.0
2017-10-12 09:00:00.000039936,40.1232,27.78,111.12,7.3581316e-05,1.0288,10.0
2017-10-12 12:00:00.000039936,41.152,27.78,111.12,7.380098e-05,1.0288,0.0
2017-10-12 15:00:00.000039936,42.6952,27.78,120.38,7.402041e-05,0.5144,40.0
2017-10-12 18:00:00.000039936,43.724,27.78,129.64,7.402041e-05,1.5432,85.0
2017-10-12 21:00:00.000039936,45.2672,27.78,129.64,7.402041e-05,2.0576,90.0
2017-10-13 00:00:00.000039936,46.296,27.78,129.64,7.402041e-05,3.0864,70.0
2017-10-13 03:00:00.000039936,46.296,27.78,129.64,7.4458614e-05,3.6008,55.0
2017-10-13 06:00:00.000039936,46.296,27.78,129.64,7.4895885e-05,4.6296,60.0
2017-10-13 09:00:00.000039936,43.724,27.78,134.27,7.533226e-05,5.144,60.0
2017-10-13 12:00:00.000039936,41.152,27.78,138.90001,7.5985095e-05,5.144,55.0
2017-10-13 15:00:00.000039936,41.152,27.78,141.215,7.663584e-05,5.144,50.0
2017-10-13 18:00:00.000039936,41.152,27.78,143.53,7.728449e-05,5.144,50.0
2017-10-13 21:00:00.000039936,42.6952,27.78,143.53,7.793102e-05,5.144,55.0
2017-10-14 00:00:00.000039936,43.724,27.78,143.53,7.85754e-05,7.2016,60.0
2017-10-14 03:00:00.000039936,46.296,27.78,148.16,7.943125e-05,8.744801,60.0
2017-10-14 06:00:00.000039936,48.868,27.78,152.79,8.028322e-05,9.2592,65.0
2017-10-14 09:00:00.000039936,50.4112,24.076,162.04999,8.113127e-05,9.2592,65.0
2017-10-14 12:00:00.000039936,51.440002,18.52,171.31,8.197536e-05,10.802401,65.0
2017-10-14 15:00:00.000039936,51.440002,18.52,178.255,8.302487e-05,11.8312,60.0
2017-10-14 18:00:00.000039936,51.440002,18.52,185.2,8.427592e-05,12.3456,65.0
2017-10-14 21:00:00.000039936,50.4112,24.076,199.09,8.5311396e-05,12.3456,60.0
2017-10-15 00:00:00.000039936,48.868,27.78,212.98,8.6545406e-05,12.860001,60.0
2017-10-15 03:00:00.000039936,47.8392,33.336,226.87001,8.7973065e-05,13.8888,55.0
2017-10-15 06:00:00.000039936,46.296,37.04,240.75998,8.958859e-05,14.4032,55.0
2017-10-15 09:00:00.000039936,45.2672,42.596,263.91,9.138516e-05,15.432,50.0
2017-10-15 12:00:00.000039936,43.724,46.3,287.06,9.35503e-05,17.489601,40.0
2017-10-15 15:00:00.000039936,42.6952,51.856,317.15503,9.625596e-05,19.5472,30.0
2017-10-15 18:00:00.000039936,41.152,55.56,347.25,9.965002e-05,22.1192,20.0
2017-10-15 21:00:00.000039936,40.1232,61.116,365.77,0.000103843304,23.148,10.0
2017-10-16 00:00:00.000039936,38.58,64.82,384.29,0.00010769781,18.5184,10.0
2017-10-16 03:00:00.000039936,37.5512,70.376,386.605,0.000110068366,12.860001,20.0
2017-10-16 06:00:00.000039936,36.008,74.08,388.92,0.000111721456,12.3456,25.0
2017-10-16 09:00:00.000039936,34.4648,79.636,388.92,0.00011350054,13.3744,30.0
2017-10-16 11:00:00.000053248,33.436,83.34,388.92,0.00011476819,13.8888,30.0
2017-10-16 12:00:00.000039936,33.436,92.6,398.18002,0.00011539363,15.9464,25.0
