Time,Vmax,Rmax_IBT,R34,fcor,u_trans,v_trans
2005-09-17 18:00:00.000039936,18.004,55.56,34.725,3.404614e-05,2.0576,315.0
2005-09-17 21:00:00.000039936,19.5472,51.856,46.762997,3.454095e-05,2.0576,335.0
2005-09-18 00:00:00.000039936,20.576,46.3,57.875,3.5035337e-05,2.572,340.0
2005-09-18 03:00:00.000039936,22.1192,42.596,59.726997,3.5529305e-05,2.572,340.0
2005-09-18 06:00:00.000039936,23.148,37.04,60.190002,3.626943e-05,2.572,340.0
2005-09-18 09:00:00.000039936,24.6912,37.04,64.82,3.67623e-05,2.572,340.0
2005-09-18 12:00:00.000039936,25.720001,37.04,69.450005,3.7500762e-05,3.0864,340.0
2005-09-18 15:00:00.000039936,27.2632,37.04,83.34,3.8238195e-05,3.6008,345.0
2005-09-18 18:00:00.000039936,28.292,37.04,97.23,3.9219805e-05,3.6008,350.0
2005-09-18 21:00:00.000039936,30.864,33.336,97.23,3.995476e-05,3.0864,350.0
2005-09-19 00:00:00.000039936,33.436,27.78,97.23,4.0688625e-05,3.0864,350.0
2005-09-19 03:00:00.000039936,33.436,24.076,92.600006,4.142137e-05,2.572,350.0
2005-09-19 06:00:00.000039936,33.436,18.52,87.97,4.1909232e-05,2.572,340.0
2005-09-19 09:00:00.000039936,33.436,18.52,90.284996,4.2640077e-05,3.0864,330.0
2005-09-19 12:00:00.000039936,33.436,18.52,92.6,4.3126656e-05,2.572,330.0
2005-09-19 15:00:00.000039936,33.436,18.52,95.378,4.3612705e-05,2.0576,330.0
2005-09-19 18:00:00.000039936,33.436,18.52,97.229996,4.385554e-05,1.5432,320.0
2005-09-19 21:00:00.000039936,34.979202,18.52,97.229996,4.409823e-05,1.5432,315.0
2005-09-20 00:00:00.000039936,36.008,18.52,97.229996,4.4340795e-05,1.5432,315.0
2005-09-20 03:00:00.000039936,34.979202,18.52,106.953,4.458322e-05,1.5432,315.0
2005-09-20 06:00:00.000039936,33.436,18.52,115.75,4.4825505e-05,1.5432,315.0
2005-09-20 09:00:00.000039936,32.4072,18.52,115.75,4.506766e-05,1.5432,315.0
2005-09-20 12:00:00.000039936,30.864,18.52,115.75,4.5309676e-05,2.0576,325.0
2005-09-20 15:00:00.000039936,29.835201,24.076,110.194,4.5793287e-05,2.0576,335.0
2005-09-20 18:00:00.000039936,28.292,27.78,104.174995,4.627635e-05,2.0576,345.0
2005-09-20 21:00:00.000039936,28.292,27.78,104.174995,4.675884e-05,2.0576,0.0
2005-09-21 00:00:00.000039936,28.292,27.78,104.174995,4.7240763e-05,2.572,5.0
2005-09-21 03:00:00.000039936,27.2632,27.78,114.824,4.7722115e-05,2.572,10.0
2005-09-21 06:00:00.000039936,25.720001,27.78,125.01,4.844305e-05,2.572,15.0
2005-09-21 09:00:00.000039936,24.6912,27.78,118.065,4.892293e-05,2.572,10.0
2005-09-21 12:00:00.000039936,23.148,27.78,111.12,4.9641636e-05,3.6008,10.0
2005-09-21 15:00:00.000039936,22.1192,27.78,101.86,5.059779e-05,4.6296,5.0
2005-09-21 18:00:00.000039936,20.576,27.78,92.6,5.178951e-05,6.6872,5.0
2005-09-21 21:00:00.000039936,19.5472,33.336,87.97,5.3688025e-05,8.2304,5.0
2005-09-22 00:00:00.000039936,18.004,37.04,83.34,5.5576067e-05,8.2304,5.0
2005-09-22 03:00:00.000039936,18.004,37.04,76.858,5.721923e-05,7.2016,355.0
2005-09-22 06:00:00.000039936,18.004,37.04,69.45,5.8853857e-05,7.2016,350.0
2005-09-22 09:00:00.000039936,18.004,37.04,69.45,6.0479695e-05,7.716,345.0
2005-09-22 12:00:00.000039936,18.004,37.04,69.45,6.20965e-05,7.716,345.0
2005-09-22 15:00:00.000039936,18.004,74.08,52.319,6.370404e-05,8.2304,345.0
2005-09-22 18:00:00.000039936,18.004,111.12,34.725,6.552959e-05,8.2304,345.0
2005-09-22 21:00:00.000039936,18.004,111.12,52.319,6.734234e-05,8.744801,340.0
2005-09-23 00:00:00.000039936,18.004,111.12,69.45,6.914198e-05,11.3168,330.0
2005-09-23 03:00:00.000039936,18.004,111.12,62.968,7.137252e-05,12.860001,320.0
