Time,Vmax,Rmax_IBT,R34,fcor,u_trans,v_trans
2020-09-07 12:00:00.000039936,18.004,92.6,27.78,4.288343e-05,1.5432,300.0
2020-09-07 15:00:00.000039936,18.004,92.6,27.78,4.3126656e-05,1.5432,315.0
2020-09-07 18:00:00.000039936,18.004,92.6,27.78,4.3369746e-05,1.5432,335.0
2020-09-07 21:00:00.000039936,19.5472,92.6,41.67,4.3612705e-05,1.5432,345.0
2020-09-08 00:00:00.000039936,20.576,92.6,55.559998,4.409823e-05,1.5432,340.0
2020-09-08 03:00:00.000039936,22.1192,92.6,81.025,4.4340795e-05,2.0576,330.0
2020-09-08 06:00:00.000039936,23.148,92.6,106.490005,4.4825505e-05,2.572,325.0
2020-09-08 09:00:00.000039936,24.6912,83.34,111.119995,4.5309676e-05,3.0864,315.0
2020-09-08 12:00:00.000039936,25.720001,74.08,115.75,4.5793287e-05,3.0864,305.0
2020-09-08 15:00:00.000039936,25.720001,74.08,115.75,4.627635e-05,3.6008,295.0
2020-09-08 18:00:00.000039936,25.720001,74.08,115.75,4.651767e-05,4.1152,290.0
2020-09-08 21:00:00.000039936,25.720001,83.34,129.64,4.6999867e-05,4.1152,290.0
2020-09-09 00:00:00.000039936,25.720001,92.6,143.53,4.7240763e-05,4.1152,290.0
2020-09-09 03:00:00.000039936,25.720001,92.6,157.42,4.748151e-05,3.6008,295.0
2020-09-09 06:00:00.000039936,25.720001,92.6,171.31,4.796257e-05,4.1152,295.0
2020-09-09 09:00:00.000039936,25.720001,101.86,194.45999,4.844305e-05,4.6296,300.0
2020-09-09 12:00:00.000039936,25.720001,111.12,217.60999,4.892293e-05,4.6296,300.0
2020-09-09 15:00:00.000039936,25.720001,111.12,217.60999,4.9402213e-05,4.6296,300.0
2020-09-09 18:00:00.000039936,25.720001,111.12,217.60999,4.9880902e-05,4.6296,300.0
2020-09-09 21:00:00.000039936,25.720001,111.12,217.60999,5.035898e-05,4.6296,300.0
2020-09-10 00:00:00.000039936,25.720001,111.12,217.60999,5.083645e-05,4.1152,300.0
2020-09-10 03:00:00.000039936,25.720001,111.12,217.60999,5.131329e-05,4.1152,300.0
2020-09-10 06:00:00.000039936,25.720001,111.12,217.60999,5.178951e-05,3.6008,305.0
2020-09-10 09:00:00.000039936,24.6912,111.12,219.92499,5.22651e-05,4.1152,310.0
2020-09-10 12:00:00.000039936,23.148,111.12,222.23999,5.2977284e-05,4.1152,310.0
2020-09-10 15:00:00.000039936,23.148,111.12,222.23999,5.345127e-05,4.1152,305.0
2020-09-10 18:00:00.000039936,23.148,111.12,222.23999,5.4161024e-05,4.1152,310.0
2020-09-10 21:00:00.000039936,24.6912,92.6,222.23999,5.4633376e-05,4.1152,310.0
2020-09-11 00:00:00.000039936,25.720001,74.08,222.23999,5.5340646e-05,4.1152,305.0
2020-09-11 03:00:00.000039936,27.2632,74.08,222.23999,5.581132e-05,4.6296,305.0
2020-09-11 06:00:00.000039936,28.292,74.08,222.23999,5.6516048e-05,5.144,300.0
2020-09-11 09:00:00.000039936,28.292,74.08,222.23999,5.721923e-05,5.6584,305.0
2020-09-11 12:00:00.000039936,28.292,74.08,222.23999,5.7920843e-05,6.1728,310.0
2020-09-11 15:00:00.000039936,28.292,74.08,222.23999,5.8853857e-05,6.6872,315.0
2020-09-11 18:00:00.000039936,28.292,74.08,222.23999,6.0016075e-05,7.2016,315.0
2020-09-11 21:00:00.000039936,29.835201,74.08,224.555,6.1173734e-05,8.2304,315.0
2020-09-12 00:00:00.000039936,30.864,74.08,226.87,6.255676e-05,8.2304,315.0
2020-09-12 03:00:00.000039936,30.864,74.08,226.87,6.370404e-05,7.716,310.0
2020-09-12 06:00:00.000039936,30.864,74.08,226.87,6.4846485e-05,7.2016,310.0
2020-09-12 09:00:00.000039936,30.864,74.08,226.87,6.5983986e-05,6.6872,315.0
2020-09-12 12:00:00.000039936,30.864,74.08,226.87,6.689037e-05,6.1728,310.0
2020-09-12 15:00:00.000039936,30.864,74.08,226.87,6.7793495e-05,6.1728,305.0
2020-09-12 18:00:00.000039936,30.864,74.08,226.87,6.8468675e-05,6.1728,300.0
2020-09-12 21:00:00.000039936,32.4072,55.56,233.815,6.914198e-05,6.6872,300.0
2020-09-13 00:00:00.000039936,33.436,37.04,240.75998,6.981338e-05,6.1728,295.0
2020-09-13 03:00:00.000039936,33.436,37.04,240.75998,7.048288e-05,6.1728,295.0
2020-09-13 06:00:00.000039936,33.436,37.04,240.75998,7.092813e-05,5.6584,295.0
2020-09-13 09:00:00.000039936,34.979202,37.04,240.75998,7.137252e-05,5.6584,300.0
2020-09-13 12:00:00.000039936,36.008,37.04,240.75998,7.2037474e-05,5.6584,300.0
2020-09-13 15:00:00.000039936,37.5512,37.04,231.50002,7.270045e-05,6.1728,300.0
2020-09-13 18:00:00.000039936,38.58,37.04,222.24,7.336144e-05,6.1728,305.0
2020-09-13 21:00:00.000039936,38.58,42.596,222.24,7.402041e-05,5.6584,310.0
2020-09-14 00:00:00.000039936,38.58,46.3,222.24,7.4895885e-05,5.6584,315.0
2020-09-14 03:00:00.000039936,40.1232,42.596,222.24,7.576771e-05,5.6584,325.0
2020-09-14 06:00:00.000039936,41.152,37.04,222.24,7.6852295e-05,6.1728,330.0
2020-09-14 08:50:00.000035840,43.724,37.04,222.24,7.793102e-05,6.1728,335.0
2020-09-14 09:00:00.000039936,43.724,37.04,222.24,7.793102e-05,6.1728,345.0
2020-09-14 12:00:00.000039936,43.724,37.04,222.24,7.921766e-05,5.6584,355.0
2020-09-14 15:00:00.000039936,45.2672,37.04,231.49998,8.028322e-05,5.6584,25.0
2020-09-14 18:00:00.000039936,46.296,37.04,240.76,8.134267e-05,6.6872,35.0
2020-09-14 21:00:00.000039936,46.296,37.04,256.965,8.2605824e-05,7.716,35.0
2020-09-15 00:00:00.000039936,46.296,37.04,273.16998,8.3859915e-05,7.716,40.0
2020-09-15 03:00:00.000039936,46.296,37.04,282.43,8.510482e-05,8.2304,40.0
2020-09-15 06:00:00.000039936,46.296,37.04,291.69,8.6340384e-05,10.288,50.0
2020-09-15 09:00:00.000039936,46.296,37.04,298.63498,8.776991e-05,12.3456,55.0
2020-09-15 12:00:00.000039936,46.296,37.04,305.58,8.898478e-05,12.860001,60.0
2020-09-15 15:00:00.000039936,45.2672,37.04,317.155,8.998974e-05,12.860001,65.0
2020-09-15 18:00:00.000039936,43.724,37.04,328.72998,9.1186645e-05,12.3456,60.0
2020-09-15 21:00:00.000039936,43.724,55.56,328.72998,9.2373535e-05,12.860001,60.0
2020-09-16 00:00:00.000039936,43.724,74.08,328.72998,9.374543e-05,12.860001,60.0
2020-09-16 03:00:00.000039936,42.6952,74.08,349.565,9.491022e-05,13.8888,65.0
2020-09-16 06:00:00.000039936,41.152,74.08,370.40002,9.606459e-05,15.432,65.0
2020-09-16 09:00:00.000039936,40.1232,74.08,370.40002,9.7398035e-05,16.4608,65.0
2020-09-16 12:00:00.000039936,38.58,74.08,370.40002,9.871694e-05,16.9752,60.0
2020-09-16 15:00:00.000039936,37.5512,74.08,381.97504,0.00010020622,16.4608,60.0
2020-09-16 18:00:00.000039936,36.008,74.08,393.55,0.00010185829,16.4608,60.0
2020-09-16 21:00:00.000039936,34.979202,74.08,405.125,0.0001033057,15.9464,60.0
2020-09-17 00:00:00.000039936,33.436,74.08,416.7,0.00010473298,13.8888,60.0
2020-09-17 03:00:00.000039936,32.4072,74.08,416.7,0.000105965104,11.3168,60.0
2020-09-17 06:00:00.000039936,30.864,74.08,416.7,0.0001066621,8.744801,70.0
2020-09-17 09:00:00.000039936,29.835201,74.08,400.495,0.00010683552,7.2016,90.0
2020-09-17 12:00:00.000039936,28.292,74.08,384.28998,0.0001066621,6.1728,105.0
2020-09-17 15:00:00.000039936,27.2632,74.08,372.71503,0.00010631424,5.6584,110.0
2020-09-17 18:00:00.000039936,25.720001,74.08,361.14,0.000105965104,5.144,115.0
2020-09-17 21:00:00.000039936,24.6912,74.08,351.88,0.00010561469,5.144,125.0
2020-09-18 00:00:00.000039936,23.148,74.08,342.62,0.00010490995,5.6584,150.0
2020-09-18 03:00:00.000039936,23.148,74.08,342.62,0.000103843304,7.2016,170.0
2020-09-18 06:00:00.000039936,23.148,74.08,342.62,0.00010240341,8.744801,175.0
2020-09-18 09:00:00.000039936,22.1192,101.86,263.91,0.00010075968,9.2592,180.0
2020-09-18 12:00:00.000039936,20.576,129.64,185.2,9.909108e-05,9.2592,180.0
2020-09-18 15:00:00.000039936,20.576,129.64,185.2,9.7398035e-05,9.2592,175.0
2020-09-18 18:00:00.000039936,20.576,129.64,185.2,9.568096e-05,9.7736,180.0
2020-09-18 21:00:00.000039936,20.576,120.38,120.380005,9.374543e-05,9.7736,180.0
2020-09-19 00:00:00.000039936,20.576,111.12,55.56,9.197902e-05,8.744801,0.0
2020-09-19 03:00:00.000039936,20.576,111.12,55.56,9.038981e-05,7.2016,0.0
2020-09-19 06:00:00.000039936,20.576,111.12,55.56,8.9186324e-05,6.6872,170.0
2020-09-19 09:00:00.000039936,20.576,111.12,55.56,8.776991e-05,6.6872,160.0
2020-09-19 12:00:00.000039936,20.576,111.12,55.56,8.675015e-05,5.6584,150.0
2020-09-19 15:00:00.000039936,19.5472,111.12,55.56,8.592957e-05,4.1152,135.0
2020-09-19 18:00:00.000039936,18.004,111.12,55.56,8.551773e-05,3.0864,130.0
2020-09-19 21:00:00.000039936,18.004,101.86,67.135,8.5311396e-05,1.5432,130.0
2020-09-20 00:00:00.000039936,18.004,92.6,78.71,8.510482e-05,1.0288,135.0
2020-09-20 03:00:00.000039936,18.004,92.6,78.71,8.489798e-05,1.0288,155.0
2020-09-20 06:00:00.000039936,18.004,92.6,78.71,8.469088e-05,1.5432,190.0
2020-09-20 09:00:00.000039936,18.004,98.156,78.71,8.427592e-05,2.572,210.0
2020-09-20 12:00:00.000039936,18.004,101.86,78.71,8.3859915e-05,3.6008,235.0
2020-09-20 15:00:00.000039936,18.004,101.86,78.71,8.34429e-05,4.1152,240.0
2020-09-20 18:00:00.000039936,18.004,101.86,78.71,8.302487e-05,4.1152,235.0
2020-09-20 21:00:00.000039936,18.004,101.86,78.71,8.239592e-05,4.1152,220.0
2020-09-21 00:00:00.000039936,18.004,101.86,78.71,8.176471e-05,4.1152,205.0
2020-09-21 03:00:00.000039936,18.004,101.86,78.71,8.0919635e-05,4.1152,180.0
2020-09-21 06:00:00.000039936,18.004,101.86,78.71,8.007058e-05,4.6296,140.0
2020-09-21 09:00:00.000039936,18.004,101.86,78.71,7.943125e-05,6.1728,110.0
2020-09-21 12:00:00.000039936,18.004,101.86,78.71,7.921766e-05,7.2016,90.0
2020-09-21 15:00:00.000039936,19.5472,101.86,94.91499,7.943125e-05,7.716,75.0
2020-09-21 18:00:00.000039936,20.576,101.86,111.12,8.007058e-05,8.2304,70.0
2020-09-21 21:00:00.000039936,23.148,79.636,99.545,8.049559e-05,8.2304,70.0
2020-09-22 00:00:00.000039936,25.720001,55.56,87.97,8.113127e-05,8.2304,65.0
2020-09-22 03:00:00.000039936,25.720001,55.56,81.025,8.197536e-05,8.2304,65.0
2020-09-22 06:00:00.000039936,25.720001,55.56,74.08,8.2605824e-05,7.2016,70.0
2020-09-22 09:00:00.000039936,23.148,55.56,67.135,8.302487e-05,6.6872,75.0
2020-09-22 12:00:00.000039936,20.576,55.56,60.190002,8.3234e-05,5.6584,85.0
2020-09-22 15:00:00.000039936,19.5472,55.56,60.190002,8.3234e-05,5.6584,95.0
2020-09-22 18:00:00.000039936,18.004,55.56,60.190002,8.302487e-05,5.6584,90.0
2020-09-22 21:00:00.000039936,18.004,55.56,60.190002,8.302487e-05,5.6584,85.0
2020-09-23 00:00:00.000039936,18.004,55.56,60.190002,8.3234e-05,5.6584,85.0
2020-09-23 03:00:00.000039936,19.5472,51.856,55.559998,8.34429e-05,5.6584,80.0
2020-09-23 06:00:00.000039936,20.576,46.3,50.93,8.365155e-05,5.6584,70.0
2020-09-23 09:00:00.000039936,22.1192,42.596,60.190002,8.427592e-05,5.6584,55.0
2020-09-23 12:00:00.000039936,23.148,37.04,69.45,8.489798e-05,5.6584,50.0
2020-09-23 15:00:00.000039936,23.148,37.04,69.45,8.551773e-05,4.6296,50.0
2020-09-23 18:00:00.000039936,23.148,37.04,69.45,8.613512e-05,3.6008,60.0
2020-09-23 21:00:00.000039936,22.1192,37.04,71.765,8.6340384e-05,2.0576,90.0
2020-09-24 00:00:00.000039936,20.576,37.04,74.08,8.613512e-05,1.5432,125.0
2020-09-24 03:00:00.000039936,19.5472,37.04,53.245003,8.592957e-05,1.5432,165.0
2020-09-24 06:00:00.000039936,18.004,37.04,32.41,8.551773e-05,2.0576,205.0
2020-09-24 09:00:00.000039936,18.004,37.04,32.41,8.510482e-05,3.6008,225.0
2020-09-24 12:00:00.000039936,18.004,37.04,32.41,8.448353e-05,5.144,230.0
2020-09-24 15:00:00.000039936,18.004,37.04,32.41,8.365155e-05,6.6872,230.0
2020-09-24 18:00:00.000039936,18.004,37.04,32.41,8.2815466e-05,7.2016,230.0
2020-09-24 21:00:00.000039936,18.004,37.04,32.41,8.176471e-05,7.716,230.0
