Time,Vmax,Rmax_IBT,R34,fcor,u_trans,v_trans
2012-10-12 18:00:00.000039936,18.004,222.24,69.45,3.700857e-05,3.0864,305.0
2012-10-12 21:00:00.000039936,18.004,250.02,69.45,3.7500762e-05,3.0864,300.0
2012-10-13 00:00:00.000039936,18.004,277.8,69.45,3.7746686e-05,3.0864,300.0
2012-10-13 03:00:00.000039936,18.004,277.8,69.45,3.8238195e-05,3.0864,300.0
2012-10-13 06:00:00.000039936,18.004,277.8,69.45,3.8483773e-05,2.0576,310.0
2012-10-13 09:00:00.000039936,18.004,277.8,69.45,3.872924e-05,1.5432,345.0
2012-10-13 12:00:00.000039936,18.004,277.8,69.45,3.9219805e-05,3.6008,5.0
2012-10-13 15:00:00.000039936,19.5472,277.8,69.45,4.0444127e-05,5.6584,10.0
2012-10-13 18:00:00.000039936,20.576,277.8,69.45,4.1909232e-05,6.1728,10.0
2012-10-13 21:00:00.000039936,22.1192,222.24,104.174995,4.3369746e-05,6.1728,5.0
2012-10-14 00:00:00.000039936,23.148,166.68,138.9,4.4825505e-05,5.6584,0.0
2012-10-14 03:00:00.000039936,23.148,157.42,138.9,4.6034886e-05,5.144,355.0
2012-10-14 06:00:00.000039936,23.148,148.16,138.9,4.7240763e-05,4.6296,345.0
2012-10-14 09:00:00.000039936,24.6912,138.9,152.79,4.8202877e-05,4.6296,340.0
2012-10-14 12:00:00.000039936,25.720001,129.64,166.68,4.916265e-05,4.1152,335.0
2012-10-14 15:00:00.000039936,27.2632,129.64,175.94,4.9880902e-05,4.1152,330.0
2012-10-14 18:00:00.000039936,28.292,129.64,185.2,5.083645e-05,4.6296,335.0
2012-10-14 21:00:00.000039936,29.835201,101.86,185.2,5.178951e-05,5.144,340.0
2012-10-15 00:00:00.000039936,30.864,74.08,185.2,5.2977284e-05,4.6296,335.0
2012-10-15 03:00:00.000039936,32.4072,64.82,196.775,5.392461e-05,4.1152,325.0
2012-10-15 06:00:00.000039936,33.436,55.56,208.34999,5.4633376e-05,4.1152,325.0
2012-10-15 09:00:00.000039936,34.979202,55.56,226.87,5.5340646e-05,3.6008,330.0
2012-10-15 12:00:00.000039936,36.008,55.56,245.38998,5.6046403e-05,4.6296,340.0
2012-10-15 15:00:00.000039936,37.5512,51.856,252.33499,5.721923e-05,5.144,350.0
2012-10-15 18:00:00.000039936,38.58,46.3,259.28,5.83877e-05,5.144,0.0
2012-10-15 21:00:00.000039936,40.1232,42.596,259.28,5.9551734e-05,5.144,10.0
2012-10-16 00:00:00.000039936,41.152,37.04,259.28,6.0711227e-05,6.1728,10.0
2012-10-16 03:00:00.000039936,41.152,37.04,261.595,6.20965e-05,6.6872,10.0
2012-10-16 06:00:00.000039936,41.152,37.04,263.91,6.370404e-05,7.716,10.0
2012-10-16 09:00:00.000039936,41.152,33.336,266.22498,6.552959e-05,8.744801,10.0
2012-10-16 12:00:00.000039936,41.152,27.78,268.53998,6.756802e-05,9.7736,15.0
2012-10-16 15:00:00.000039936,40.1232,42.596,268.53998,6.958979e-05,10.288,20.0
2012-10-16 18:00:00.000039936,38.58,55.56,268.54,7.181604e-05,10.802401,20.0
2012-10-16 21:00:00.000039936,38.58,55.56,268.54,7.402041e-05,11.8312,25.0
2012-10-17 00:00:00.000039936,38.58,55.56,268.54,7.641916e-05,12.860001,25.0
2012-10-17 03:00:00.000039936,37.5512,74.08,294.005,7.900381e-05,13.8888,25.0
2012-10-17 06:00:00.000039936,36.008,92.6,319.47,8.155382e-05,14.4032,25.0
2012-10-17 09:00:00.000039936,34.979202,92.6,347.25,8.427592e-05,14.4032,30.0
2012-10-17 12:00:00.000039936,33.436,92.6,375.03003,8.675015e-05,14.4032,30.0
2012-10-17 15:00:00.000039936,33.436,92.6,386.60504,8.898478e-05,14.4032,35.0
