Time,Vmax,Rmax_IBT,R34,fcor,u_trans,v_trans
2011-10-24 00:00:00.000039936,18.004,92.6,55.56,4.0199502e-05,2.572,335.0
2011-10-24 03:00:00.000039936,19.5472,92.6,60.190002,4.093299e-05,3.0864,330.0
2011-10-24 06:00:00.000039936,20.576,92.6,64.82,4.142137e-05,3.0864,325.0
2011-10-24 09:00:00.000039936,23.148,64.82,87.97,4.1909232e-05,3.0864,315.0
2011-10-24 12:00:00.000039936,25.720001,37.04,111.12,4.239659e-05,2.572,305.0
2011-10-24 15:00:00.000039936,29.835201,27.78,124.084,4.2640077e-05,2.0576,300.0
2011-10-24 18:00:00.000039936,33.436,18.52,136.585,4.288343e-05,1.5432,295.0
2011-10-24 21:00:00.000039936,36.008,18.52,136.585,4.3126656e-05,1.0288,300.0
2011-10-25 00:00:00.000039936,38.58,18.52,136.585,4.3126656e-05,1.0288,295.0
2011-10-25 03:00:00.000039936,42.6952,18.52,136.585,4.3369746e-05,1.5432,290.0
2011-10-25 06:00:00.000039936,46.296,18.52,136.585,4.3369746e-05,1.5432,280.0
2011-10-25 09:00:00.000039936,47.8392,18.52,136.585,4.3369746e-05,1.5432,270.0
2011-10-25 12:00:00.000039936,48.868,18.52,136.585,4.3369746e-05,1.5432,265.0
2011-10-25 15:00:00.000039936,50.4112,18.52,143.993,4.3369746e-05,2.0576,270.0
2011-10-25 18:00:00.000039936,51.440002,18.52,150.47499,4.3369746e-05,2.0576,275.0
2011-10-25 21:00:00.000039936,51.440002,18.52,150.47499,4.3369746e-05,2.0576,285.0
2011-10-26 00:00:00.000039936,51.440002,18.52,150.47499,4.3612705e-05,2.0576,285.0
2011-10-26 03:00:00.000039936,51.440002,18.52,154.642,4.3612705e-05,2.0576,285.0
2011-10-26 06:00:00.000039936,51.440002,18.52,157.42,4.385554e-05,2.0576,290.0
2011-10-26 09:00:00.000039936,47.8392,18.52,157.42,4.409823e-05,2.0576,300.0
2011-10-26 12:00:00.000039936,43.724,18.52,157.42,4.4340795e-05,2.572,305.0
2011-10-26 15:00:00.000039936,42.6952,18.52,150.475,4.458322e-05,2.572,310.0
2011-10-26 18:00:00.000039936,41.152,18.52,143.53,4.506766e-05,2.572,305.0
2011-10-26 21:00:00.000039936,41.152,18.52,143.53,4.5551555e-05,3.0864,300.0
2011-10-27 00:00:00.000039936,41.152,18.52,143.53,4.5793287e-05,2.572,305.0
2011-10-27 03:00:00.000039936,37.5512,24.076,131.029,4.6034886e-05,2.572,310.0
2011-10-27 06:00:00.000039936,33.436,27.78,118.064995,4.651767e-05,2.0576,320.0
2011-10-27 09:00:00.000039936,32.4072,24.076,118.064995,4.6999867e-05,2.0576,335.0
2011-10-27 12:00:00.000039936,30.864,18.52,118.064995,4.748151e-05,2.572,340.0
2011-10-27 15:00:00.000039936,30.864,24.076,112.509,4.796257e-05,2.572,340.0
2011-10-27 18:00:00.000039936,30.864,27.78,106.49,4.868306e-05,3.0864,345.0
2011-10-27 21:00:00.000039936,29.835201,27.78,96.304,4.9402213e-05,3.6008,350.0
2011-10-28 00:00:00.000039936,28.292,27.78,85.655,5.035898e-05,4.1152,355.0
2011-10-28 02:00:00.000053248,25.720001,31.484,85.655,5.1074945e-05,4.1152,5.0
