Time,Vmax,Rmax_IBT,R34,fcor,u_trans,v_trans
2005-09-18 18:00:00.000039936,18.004,83.34,97.229996,5.510506e-05,3.6008,290.0
2005-09-18 21:00:00.000039936,20.576,70.376,104.638,5.5340646e-05,3.6008,285.0
2005-09-19 00:00:00.000039936,23.148,55.56,111.119995,5.5576067e-05,3.6008,285.0
2005-09-19 03:00:00.000039936,24.6912,55.56,111.119995,5.581132e-05,4.1152,285.0
2005-09-19 06:00:00.000039936,25.720001,55.56,111.119995,5.6046403e-05,4.1152,285.0
2005-09-19 09:00:00.000039936,27.2632,55.56,127.325,5.6281307e-05,4.6296,285.0
2005-09-19 12:00:00.000039936,28.292,55.56,143.53,5.6516048e-05,5.144,285.0
2005-09-19 15:00:00.000039936,29.835201,51.856,145.845,5.6750614e-05,5.6584,285.0
2005-09-19 18:00:00.000039936,30.864,46.3,148.16,5.721923e-05,6.1728,285.0
2005-09-19 21:00:00.000039936,30.864,46.3,150.938,5.7453286e-05,6.1728,280.0
2005-09-20 00:00:00.000039936,30.864,46.3,152.79001,5.768715e-05,7.2016,280.0
2005-09-20 03:00:00.000039936,30.864,55.56,152.79001,5.7920843e-05,7.716,280.0
2005-09-20 06:00:00.000039936,30.864,64.82,152.79001,5.8154368e-05,7.716,280.0
2005-09-20 09:00:00.000039936,33.436,64.82,157.883,5.83877e-05,7.2016,280.0
2005-09-20 12:00:00.000039936,36.008,64.82,162.05,5.862087e-05,6.6872,280.0
2005-09-20 15:00:00.000039936,40.1232,64.82,170.384,5.8853857e-05,6.1728,280.0
2005-09-20 18:00:00.000039936,43.724,64.82,178.255,5.9086666e-05,5.6584,280.0
2005-09-20 21:00:00.000039936,46.296,51.856,178.255,5.9319285e-05,5.144,280.0
2005-09-21 00:00:00.000039936,48.868,37.04,178.255,5.9551734e-05,5.6584,280.0
2005-09-21 03:00:00.000039936,52.9832,33.336,178.255,5.9784e-05,6.1728,275.0
2005-09-21 06:00:00.000039936,56.584,27.78,178.255,5.9784e-05,6.1728,270.0
2005-09-21 09:00:00.000039936,59.156002,27.78,194.923,5.9784e-05,5.6584,270.0
2005-09-21 12:00:00.000039936,61.728,27.78,210.66501,5.9784e-05,5.144,270.0
2005-09-21 15:00:00.000039936,68.4152,33.336,227.333,5.9784e-05,4.6296,275.0
2005-09-21 18:00:00.000039936,74.588,37.04,243.075,6.0016075e-05,4.1152,280.0
2005-09-21 21:00:00.000039936,76.1312,42.596,251.409,6.0247978e-05,3.6008,285.0
2005-09-22 00:00:00.000039936,77.16,46.3,259.28,6.0479695e-05,3.6008,295.0
2005-09-22 03:00:00.000039936,79.732,33.336,259.28,6.0942573e-05,3.6008,295.0
2005-09-22 06:00:00.000039936,79.732,18.52,259.28,6.1173734e-05,3.0864,295.0
2005-09-22 09:00:00.000039936,76.1312,18.52,259.28,6.1635496e-05,4.1152,300.0
2005-09-22 12:00:00.000039936,72.016,18.52,259.28,6.20965e-05,4.1152,300.0
2005-09-22 15:00:00.000039936,68.4152,18.52,259.28,6.255676e-05,4.1152,300.0
2005-09-22 18:00:00.000039936,64.3,18.52,259.28,6.3016254e-05,4.1152,300.0
2005-09-22 21:00:00.000039936,63.271202,24.076,261.595,6.3474974e-05,4.1152,300.0
2005-09-23 00:00:00.000039936,61.728,27.78,263.91,6.393293e-05,4.1152,300.0
2005-09-23 03:00:00.000039936,60.6992,33.336,268.54,6.43901e-05,4.6296,305.0
2005-09-23 06:00:00.000039936,59.156002,37.04,273.16998,6.507438e-05,4.6296,310.0
2005-09-23 09:00:00.000039936,59.156002,37.04,277.8,6.575688e-05,4.6296,310.0
2005-09-23 12:00:00.000039936,59.156002,37.04,282.43,6.643758e-05,5.144,310.0
2005-09-23 15:00:00.000039936,58.1272,37.04,282.43,6.711647e-05,5.144,315.0
2005-09-23 18:00:00.000039936,56.584,37.04,282.43,6.801876e-05,5.144,320.0
2005-09-23 21:00:00.000039936,55.5552,37.04,275.485,6.8917754e-05,5.144,320.0
2005-09-24 00:00:00.000039936,54.012,37.04,268.54,6.981338e-05,5.144,325.0
2005-09-24 03:00:00.000039936,52.9832,37.04,268.54,7.07056e-05,5.144,325.0
2005-09-24 06:00:00.000039936,51.440002,37.04,268.54,7.159438e-05,5.144,335.0
2005-09-24 07:40:00.000045056,51.440002,37.04,244.46399,7.2258685e-05,6.1728,340.0
