Time,Vmax,Rmax_IBT,R34,fcor,u_trans,v_trans
2012-10-22 18:00:00.000039936,18.004,111.12,50.93,3.206281e-05,1.5432,155.0
2012-10-22 21:00:00.000039936,19.5472,92.6,50.93,3.1814445e-05,1.5432,110.0
2012-10-23 00:00:00.000039936,20.576,74.08,50.93,3.1814445e-05,1.5432,70.0
2012-10-23 03:00:00.000039936,20.576,92.6,60.190002,3.206281e-05,2.0576,45.0
2012-10-23 06:00:00.000039936,20.576,111.12,69.45,3.2559245e-05,2.572,30.0
2012-10-23 09:00:00.000039936,20.576,111.12,81.024994,3.305528e-05,2.572,20.0
2012-10-23 12:00:00.000039936,20.576,111.12,92.6,3.3798577e-05,3.0864,25.0
2012-10-23 15:00:00.000039936,22.1192,111.12,97.229996,3.454095e-05,3.6008,25.0
2012-10-23 18:00:00.000039936,23.148,111.12,101.86,3.5282377e-05,3.6008,25.0
2012-10-23 21:00:00.000039936,25.720001,111.12,127.325005,3.6022833e-05,4.1152,25.0
2012-10-24 00:00:00.000039936,28.292,111.12,152.79001,3.700857e-05,4.1152,15.0
2012-10-24 03:00:00.000039936,29.835201,98.156,157.41998,3.7992504e-05,4.6296,10.0
2012-10-24 06:00:00.000039936,30.864,83.34,162.04999,3.9219805e-05,5.144,10.0
2012-10-24 09:00:00.000039936,32.4072,79.636,178.255,4.0444127e-05,5.144,10.0
2012-10-24 12:00:00.000039936,33.436,74.08,194.46,4.1665367e-05,5.6584,10.0
2012-10-24 15:00:00.000039936,36.008,61.116,206.035,4.288343e-05,5.6584,10.0
2012-10-24 18:00:00.000039936,38.58,46.3,217.61,4.4340795e-05,6.1728,15.0
