Time,Vmax,Rmax_IBT,R34,fcor,u_trans,v_trans
2021-09-23 06:00:00.000039936,18.004,55.56,27.78,2.6327272e-05,8.2304,280.0
2021-09-23 09:00:00.000039936,20.576,55.56,32.41,2.6577594e-05,8.2304,280.0
2021-09-23 12:00:00.000039936,23.148,55.56,37.04,2.707799e-05,7.716,280.0
2021-09-23 15:00:00.000039936,24.6912,46.3,43.985,2.7328068e-05,7.2016,280.0
2021-09-23 18:00:00.000039936,25.720001,37.04,50.93,2.7578055e-05,6.6872,280.0
2021-09-23 21:00:00.000039936,28.292,33.336,55.56,2.7827968e-05,6.6872,280.0
2021-09-24 00:00:00.000039936,30.864,27.78,60.19,2.807779e-05,6.6872,280.0
2021-09-24 03:00:00.000039936,32.4072,27.78,67.135,2.8327528e-05,6.6872,285.0
2021-09-24 06:00:00.000039936,33.436,27.78,74.08,2.882674e-05,7.2016,280.0
2021-09-24 09:00:00.000039936,33.436,27.78,74.08,2.9076216e-05,7.2016,280.0
2021-09-24 12:00:00.000039936,33.436,27.78,74.08,2.9325609e-05,7.2016,280.0
2021-09-24 15:00:00.000039936,34.979202,27.78,76.395,2.9574905e-05,6.6872,285.0
2021-09-24 18:00:00.000039936,36.008,27.78,78.71,3.0073232e-05,6.1728,285.0
2021-09-24 21:00:00.000039936,40.1232,24.076,78.71,3.0571195e-05,5.6584,290.0
2021-09-25 00:00:00.000039936,43.724,18.52,78.71,3.1068776e-05,5.144,290.0
2021-09-25 03:00:00.000039936,46.296,18.52,78.71,3.156599e-05,4.6296,290.0
2021-09-25 06:00:00.000039936,48.868,18.52,78.71,3.1814445e-05,4.6296,285.0
2021-09-25 09:00:00.000039936,51.440002,18.52,99.545,3.206281e-05,4.6296,285.0
2021-09-25 12:00:00.000039936,54.012,18.52,120.380005,3.231108e-05,4.6296,285.0
2021-09-25 15:00:00.000039936,56.584,18.52,120.380005,3.2559245e-05,4.6296,290.0
2021-09-25 18:00:00.000039936,59.156002,18.52,120.380005,3.305528e-05,4.1152,290.0
2021-09-25 21:00:00.000039936,63.271202,18.52,122.69499,3.3550914e-05,3.6008,295.0
2021-09-26 00:00:00.000039936,66.872,18.52,125.009995,3.3798577e-05,3.6008,290.0
2021-09-26 03:00:00.000039936,66.872,18.52,122.69501,3.404614e-05,3.0864,290.0
2021-09-26 06:00:00.000039936,66.872,18.52,120.380005,3.4293596e-05,3.0864,285.0
2021-09-26 09:00:00.000039936,66.872,18.52,125.01,3.454095e-05,3.0864,290.0
2021-09-26 12:00:00.000039936,66.872,18.52,129.64,3.47882e-05,2.572,300.0
2021-09-26 15:00:00.000039936,68.4152,14.816,131.955,3.5035337e-05,2.0576,315.0
2021-09-26 18:00:00.000039936,69.444,9.26,134.27,3.5529305e-05,2.0576,325.0
2021-09-26 21:00:00.000039936,68.4152,14.816,134.27,3.6022833e-05,2.572,325.0
2021-09-27 00:00:00.000039936,66.872,18.52,134.27,3.651592e-05,3.0864,320.0
2021-09-27 03:00:00.000039936,63.271202,18.52,138.9,3.700857e-05,3.6008,315.0
2021-09-27 06:00:00.000039936,59.156002,18.52,143.53,3.7746686e-05,3.6008,310.0
2021-09-27 09:00:00.000039936,56.584,18.52,143.53,3.8238195e-05,3.6008,305.0
2021-09-27 12:00:00.000039936,54.012,18.52,143.53,3.872924e-05,3.6008,305.0
2021-09-27 15:00:00.000039936,54.012,18.52,143.53,3.9219805e-05,4.1152,310.0
2021-09-27 18:00:00.000039936,54.012,18.52,143.53,3.995476e-05,4.1152,315.0
2021-09-27 21:00:00.000039936,54.012,24.076,155.10501,4.0688625e-05,4.1152,315.0
2021-09-28 00:00:00.000039936,54.012,27.78,166.68,4.142137e-05,4.1152,310.0
2021-09-28 03:00:00.000039936,56.584,27.78,166.68,4.1909232e-05,3.6008,305.0
2021-09-28 06:00:00.000039936,59.156002,27.78,166.68,4.239659e-05,3.6008,305.0
2021-09-28 09:00:00.000039936,59.156002,27.78,182.885,4.288343e-05,3.6008,305.0
2021-09-28 12:00:00.000039936,59.156002,27.78,199.09,4.3369746e-05,3.6008,305.0
2021-09-28 15:00:00.000039936,59.156002,27.78,199.09,4.385554e-05,3.6008,305.0
2021-09-28 18:00:00.000039936,59.156002,27.78,199.09,4.4340795e-05,3.6008,305.0
2021-09-28 21:00:00.000039936,59.156002,27.78,192.145,4.4825505e-05,3.6008,305.0
2021-09-29 00:00:00.000039936,59.156002,27.78,185.2,4.5309676e-05,3.6008,310.0
2021-09-29 03:00:00.000039936,59.156002,27.78,185.2,4.5793287e-05,4.1152,310.0
2021-09-29 06:00:00.000039936,59.156002,27.78,185.2,4.651767e-05,4.1152,310.0
2021-09-29 09:00:00.000039936,59.156002,27.78,187.515,4.6999867e-05,4.1152,305.0
2021-09-29 12:00:00.000039936,59.156002,27.78,189.83,4.7722115e-05,4.6296,310.0
2021-09-29 15:00:00.000039936,59.156002,27.78,189.83,4.844305e-05,4.6296,310.0
2021-09-29 18:00:00.000039936,59.156002,27.78,189.83,4.916265e-05,4.6296,315.0
2021-09-29 21:00:00.000039936,61.728,27.78,196.775,4.9880902e-05,4.6296,310.0
2021-09-30 00:00:00.000039936,64.3,27.78,203.72,5.059779e-05,4.6296,310.0
2021-09-30 03:00:00.000039936,64.3,27.78,206.035,5.131329e-05,5.144,315.0
2021-09-30 06:00:00.000039936,64.3,27.78,208.35,5.22651e-05,5.6584,320.0
2021-09-30 09:00:00.000039936,64.3,27.78,208.35,5.345127e-05,6.6872,325.0
2021-09-30 12:00:00.000039936,64.3,27.78,208.35,5.4633376e-05,6.6872,325.0
2021-09-30 15:00:00.000039936,64.3,27.78,212.98001,5.581132e-05,6.1728,325.0
2021-09-30 18:00:00.000039936,64.3,27.78,217.60999,5.698501e-05,6.6872,330.0
2021-09-30 21:00:00.000039936,64.3,27.78,222.23999,5.83877e-05,7.2016,335.0
2021-10-01 00:00:00.000039936,64.3,27.78,226.87,6.0016075e-05,7.716,340.0
2021-10-01 03:00:00.000039936,65.8432,27.78,226.87,6.1635496e-05,8.2304,340.0
2021-10-01 06:00:00.000039936,66.872,27.78,226.87,6.3474974e-05,8.2304,345.0
2021-10-01 09:00:00.000039936,66.872,27.78,250.01999,6.530208e-05,8.2304,350.0
2021-10-01 12:00:00.000039936,66.872,27.78,273.16998,6.711647e-05,8.744801,355.0
2021-10-01 15:00:00.000039936,66.872,33.336,273.16998,6.914198e-05,9.2592,0.0
2021-10-01 18:00:00.000039936,66.872,37.04,273.16998,7.115043e-05,9.2592,5.0
2021-10-01 21:00:00.000039936,65.8432,37.04,273.16998,7.2921e-05,8.2304,10.0
2021-10-02 00:00:00.000039936,64.3,37.04,273.16998,7.467736e-05,7.716,15.0
2021-10-02 03:00:00.000039936,63.271202,37.04,282.43,7.620224e-05,7.2016,20.0
2021-10-02 06:00:00.000039936,61.728,37.04,291.69,7.750023e-05,7.2016,25.0
2021-10-02 09:00:00.000039936,60.6992,37.04,317.155,7.900381e-05,7.716,30.0
2021-10-02 12:00:00.000039936,59.156002,37.04,342.62,8.028322e-05,7.716,30.0
2021-10-02 15:00:00.000039936,58.1272,37.04,342.62,8.176471e-05,7.716,35.0
2021-10-02 18:00:00.000039936,56.584,37.04,342.62,8.302487e-05,7.716,35.0
2021-10-02 21:00:00.000039936,54.012,37.04,342.62,8.427592e-05,7.716,40.0
2021-10-03 00:00:00.000039936,51.440002,37.04,342.62,8.5311396e-05,7.2016,45.0
2021-10-03 03:00:00.000039936,48.868,37.04,347.25,8.6340384e-05,7.2016,50.0
2021-10-03 06:00:00.000039936,46.296,37.04,351.88,8.7158856e-05,6.1728,55.0
2021-10-03 09:00:00.000039936,45.2672,37.04,351.88,8.776991e-05,5.6584,60.0
2021-10-03 12:00:00.000039936,43.724,37.04,351.88,8.837856e-05,6.1728,60.0
2021-10-03 15:00:00.000039936,43.724,37.04,368.08502,8.898478e-05,7.2016,60.0
2021-10-03 18:00:00.000039936,43.724,37.04,384.29,8.9789304e-05,7.2016,60.0
2021-10-03 21:00:00.000039936,45.2672,37.04,386.605,9.038981e-05,7.716,60.0
2021-10-04 00:00:00.000039936,46.296,37.04,388.92,9.1186645e-05,9.2592,60.0
2021-10-04 03:00:00.000039936,46.296,37.04,395.86502,9.217642e-05,10.802401,55.0
2021-10-04 06:00:00.000039936,46.296,37.04,402.81003,9.35503e-05,12.3456,55.0
2021-10-04 09:00:00.000039936,45.2672,37.04,405.125,9.491022e-05,13.3744,55.0
2021-10-04 12:00:00.000039936,43.724,37.04,407.44,9.644705e-05,15.9464,50.0
2021-10-04 15:00:00.000039936,42.6952,55.56,423.64502,9.852942e-05,18.004,45.0
2021-10-04 18:00:00.000039936,41.152,74.08,439.85,0.00010094355,18.5184,45.0
2021-10-04 21:00:00.000039936,40.1232,74.08,476.89,0.0001033057,18.004,40.0
2021-10-05 00:00:00.000039936,38.58,74.08,513.93,0.000105790044,15.9464,25.0
2021-10-05 03:00:00.000039936,37.5512,74.08,513.93,0.00010821125,14.917601,10.0
2021-10-05 06:00:00.000039936,36.008,74.08,513.93,0.00011073365,16.4608,5.0
2021-10-05 09:00:00.000039936,34.979202,74.08,525.505,0.00011350054,14.4032,0.0
2021-10-05 12:00:00.000039936,33.436,74.08,537.08,0.000115237795,6.1728,295.0
2021-10-05 15:00:00.000039936,33.436,74.08,532.45,0.00011445337,11.3168,225.0
2021-10-05 18:00:00.000039936,33.436,74.08,527.82,0.00011269701,8.2304,175.0
2021-10-05 21:00:00.000039936,32.4072,74.08,583.38,0.0001118849,11.3168,110.0
2021-10-06 00:00:00.000039936,30.864,74.08,638.94,0.000111557674,12.3456,90.0
2021-10-06 03:00:00.000039936,29.835201,74.08,618.105,0.0001118849,11.8312,75.0
2021-10-06 06:00:00.000039936,28.292,74.08,597.27,0.00011253527,11.3168,70.0
2021-10-06 09:00:00.000039936,27.2632,74.08,472.25998,0.00011318017,11.3168,65.0
2021-10-06 12:00:00.000039936,25.720001,74.08,347.25,0.00011413715,12.3456,55.0
2021-10-06 15:00:00.000039936,24.6912,74.08,347.25,0.000115237795,13.3744,50.0
2021-10-06 18:00:00.000039936,23.148,74.08,347.25,0.00011662762,14.4032,50.0
2021-10-06 21:00:00.000039936,23.148,92.6,284.745,0.00011813809,15.432,45.0
2021-10-07 00:00:00.000039936,23.148,111.12,222.24,0.00011975806,16.4608,35.0
2021-10-07 03:00:00.000039936,22.1192,129.64,173.625,0.00012175588,17.489601,30.0
