Time,Vmax,Rmax_IBT,R34,fcor,u_trans,v_trans
2023-09-28 06:00:00.000039936,18.004,111.12,50.93,3.9219805e-05,7.716,340.0
2023-09-28 09:00:00.000039936,18.004,101.86,57.875,4.093299e-05,7.2016,335.0
2023-09-28 12:00:00.000039936,18.004,92.6,64.82,4.239659e-05,6.6872,330.0
2023-09-28 15:00:00.000039936,18.004,92.6,64.82,4.3612705e-05,5.144,320.0
2023-09-28 18:00:00.000039936,18.004,92.6,64.82,4.4340795e-05,4.1152,320.0
2023-09-28 21:00:00.000039936,19.5472,92.6,69.45,4.506766e-05,3.0864,325.0
2023-09-29 00:00:00.000039936,20.576,92.6,74.08,4.5551555e-05,2.572,330.0
2023-09-29 03:00:00.000039936,22.1192,83.34,81.024994,4.6034886e-05,2.0576,335.0
2023-09-29 06:00:00.000039936,23.148,74.08,87.97,4.651767e-05,2.572,335.0
2023-09-29 09:00:00.000039936,23.148,74.08,92.6,4.6999867e-05,3.0864,330.0
2023-09-29 12:00:00.000039936,23.148,74.08,97.229996,4.7722115e-05,4.1152,320.0
2023-09-29 15:00:00.000039936,23.148,74.08,101.86,4.868306e-05,5.144,315.0
2023-09-29 18:00:00.000039936,23.148,74.08,106.49,4.9402213e-05,5.144,305.0
2023-09-29 21:00:00.000039936,23.148,74.08,120.38,4.9880902e-05,4.6296,295.0
2023-09-30 00:00:00.000039936,23.148,74.08,134.27,5.035898e-05,4.1152,295.0
2023-09-30 03:00:00.000039936,23.148,74.08,125.009995,5.059779e-05,3.6008,295.0
2023-09-30 06:00:00.000039936,23.148,74.08,115.75,5.1074945e-05,4.1152,295.0
2023-09-30 09:00:00.000039936,22.1192,64.82,87.97,5.155148e-05,5.144,300.0
2023-09-30 12:00:00.000039936,20.576,55.56,60.190002,5.22651e-05,6.1728,315.0
2023-09-30 15:00:00.000039936,20.576,55.56,60.190002,5.345127e-05,7.2016,320.0
2023-09-30 18:00:00.000039936,20.576,55.56,60.190002,5.4869302e-05,7.716,315.0
2023-09-30 21:00:00.000039936,19.5472,55.56,53.245003,5.6046403e-05,7.2016,310.0
2023-10-01 00:00:00.000039936,18.004,55.56,46.3,5.698501e-05,7.2016,305.0
2023-10-01 03:00:00.000039936,18.004,55.56,41.67,5.7920843e-05,6.6872,310.0
2023-10-01 06:00:00.000039936,18.004,55.56,37.04,5.8853857e-05,7.2016,310.0
2023-10-01 09:00:00.000039936,18.004,64.82,30.095,6.0016075e-05,7.2016,315.0
