Time,Vmax,Rmax_IBT,R34,fcor,u_trans,v_trans
2019-10-23 18:00:00.000039936,20.576,111.12,111.12,9.374543e-05,2.572,30.0
2019-10-23 21:00:00.000039936,23.148,111.12,152.79,9.413484e-05,1.0288,335.0
2019-10-24 00:00:00.000039936,25.720001,111.12,194.45999,9.413484e-05,4.6296,240.0
2019-10-24 03:00:00.000039936,25.720001,111.12,201.405,9.335488e-05,8.744801,225.0
2019-10-24 06:00:00.000039936,25.720001,111.12,208.34999,9.1781345e-05,9.7736,195.0
2019-10-24 09:00:00.000039936,25.720001,92.6,236.13,8.958859e-05,11.3168,165.0
2019-10-24 12:00:00.000039936,25.720001,74.08,263.91,8.756649e-05,11.3168,140.0
2019-10-24 15:00:00.000039936,24.6912,74.08,145.845,8.613512e-05,11.3168,120.0
2019-10-24 18:00:00.000039936,23.148,74.08,27.78,8.5311396e-05,9.7736,105.0
2019-10-24 21:00:00.000039936,23.148,74.08,41.670002,8.510482e-05,7.716,85.0
2019-10-25 00:00:00.000039936,23.148,74.08,55.56,8.551773e-05,6.1728,75.0
2019-10-25 03:00:00.000039936,23.148,64.82,55.56,8.592957e-05,5.144,65.0
2019-10-25 06:00:00.000039936,23.148,55.56,55.56,8.6340384e-05,4.1152,65.0
2019-10-25 09:00:00.000039936,22.1192,55.56,32.41,8.6545406e-05,3.6008,80.0
2019-10-25 12:00:00.000039936,20.576,55.56,9.26,8.6545406e-05,2.572,115.0
2019-10-25 15:00:00.000039936,20.576,46.3,9.26,8.613512e-05,3.0864,140.0
2019-10-25 18:00:00.000039936,20.576,37.04,9.26,8.551773e-05,3.6008,135.0
2019-10-25 21:00:00.000039936,20.576,37.04,11.575,8.510482e-05,4.1152,120.0
2019-10-26 00:00:00.000039936,20.576,37.04,13.89,8.469088e-05,4.6296,115.0
2019-10-26 03:00:00.000039936,20.576,37.04,27.78,8.427592e-05,4.6296,110.0
2019-10-26 06:00:00.000039936,20.576,37.04,41.670002,8.4068044e-05,5.6584,105.0
2019-10-26 09:00:00.000039936,22.1192,37.04,43.985,8.3859915e-05,6.6872,95.0
2019-10-26 12:00:00.000039936,23.148,37.04,46.3,8.3859915e-05,8.744801,85.0
2019-10-26 15:00:00.000039936,24.6912,27.78,48.614998,8.4068044e-05,10.802401,75.0
2019-10-26 18:00:00.000039936,25.720001,18.52,50.93,8.489798e-05,12.3456,65.0
2019-10-26 21:00:00.000039936,27.2632,18.52,62.505,8.592957e-05,13.8888,60.0
2019-10-27 00:00:00.000039936,28.292,18.52,74.08,8.776991e-05,16.4608,50.0
2019-10-27 03:00:00.000039936,29.835201,18.52,76.395,9.0189926e-05,18.004,45.0
2019-10-27 06:00:00.000039936,30.864,18.52,78.71,9.2766924e-05,16.4608,40.0
2019-10-27 09:00:00.000039936,32.4072,18.52,78.71,9.5103336e-05,14.4032,30.0
2019-10-27 12:00:00.000039936,33.436,18.52,78.71,9.7398035e-05,13.8888,30.0
2019-10-27 15:00:00.000039936,34.979202,18.52,78.71,9.965002e-05,12.860001,25.0
2019-10-27 18:00:00.000039936,36.008,18.52,78.71,0.000101493315,10.288,20.0
2019-10-27 21:00:00.000039936,33.436,18.52,71.76501,0.000102945734,7.2016,10.0
2019-10-28 00:00:00.000039936,30.864,18.52,64.82,0.00010402188,5.6584,350.0
2019-10-28 03:00:00.000039936,27.2632,18.52,57.875,0.00010490995,4.6296,330.0
2019-10-28 06:00:00.000039936,23.148,18.52,50.93,0.00010543897,3.0864,320.0
2019-10-28 09:00:00.000039936,20.576,55.56,37.04,0.000105790044,1.5432,315.0
2019-10-28 12:00:00.000039936,18.004,92.6,23.15,0.000105790044,0.5144,340.0
2019-10-28 15:00:00.000039936,18.004,92.6,23.15,0.000105790044,1.0288,65.0
