Time,Vmax,Rmax_IBT,R34,fcor,u_trans,v_trans
2012-10-24 00:00:00.000039936,18.004,74.08,37.04,6.507438e-05,6.1728,50.0
2012-10-24 03:00:00.000039936,19.5472,74.08,53.245003,6.5983986e-05,6.1728,55.0
2012-10-24 06:00:00.000039936,20.576,74.08,69.45,6.666408e-05,7.2016,60.0
2012-10-24 09:00:00.000039936,22.1192,74.08,76.395,6.734234e-05,8.744801,65.0
2012-10-24 12:00:00.000039936,23.148,74.08,83.34,6.8243826e-05,9.7736,65.0
2012-10-24 15:00:00.000039936,23.148,74.08,83.34,6.914198e-05,10.288,65.0
2012-10-24 18:00:00.000039936,23.148,74.08,83.34,7.003676e-05,10.802401,65.0
2012-10-24 21:00:00.000039936,23.148,74.08,87.97,7.092813e-05,11.3168,70.0
2012-10-25 00:00:00.000039936,23.148,74.08,92.600006,7.181604e-05,11.3168,70.0
2012-10-25 03:00:00.000039936,23.148,74.08,99.545,7.247968e-05,11.3168,75.0
2012-10-25 06:00:00.000039936,23.148,74.08,106.490005,7.314133e-05,10.802401,75.0
2012-10-25 09:00:00.000039936,20.576,74.08,104.175,7.380098e-05,10.802401,75.0
2012-10-25 12:00:00.000039936,18.004,74.08,101.86,7.423962e-05,11.3168,80.0
2012-10-25 15:00:00.000039936,18.004,74.08,85.655,7.467736e-05,11.3168,80.0
