Time,Vmax,Rmax_IBT,R34,fcor,u_trans,v_trans
2019-10-27 00:00:00.000039936,18.004,203.72,138.9,9.47168e-05,13.8888,90.0
2019-10-27 03:00:00.000039936,22.1192,203.72,152.79,9.47168e-05,13.8888,90.0
2019-10-27 06:00:00.000039936,25.720001,203.72,166.68,9.452311e-05,13.3744,95.0
2019-10-27 09:00:00.000039936,28.292,194.46,180.57,9.4329116e-05,11.8312,95.0
2019-10-27 12:00:00.000039936,30.864,185.2,194.46,9.413484e-05,9.2592,95.0
2019-10-27 15:00:00.000039936,32.4072,185.2,263.91,9.413484e-05,7.2016,90.0
2019-10-27 18:00:00.000039936,33.436,185.2,333.36002,9.413484e-05,7.716,85.0
2019-10-27 21:00:00.000039936,34.979202,175.94,388.92,9.4329116e-05,8.2304,80.0
2019-10-28 00:00:00.000039936,36.008,166.68,444.47998,9.47168e-05,7.716,70.0
2019-10-28 03:00:00.000039936,36.008,166.68,463.0,9.529617e-05,7.2016,60.0
2019-10-28 06:00:00.000039936,36.008,166.68,481.51996,9.606459e-05,6.1728,35.0
2019-10-28 09:00:00.000039936,34.979202,175.94,523.19,9.720843e-05,6.1728,5.0
2019-10-28 12:00:00.000039936,33.436,185.2,564.86,9.834162e-05,5.6584,335.0
2019-10-28 15:00:00.000039936,32.4072,194.46,620.42,9.909108e-05,4.6296,305.0
2019-10-28 18:00:00.000039936,30.864,203.72,675.98,9.92777e-05,2.0576,240.0
2019-10-28 21:00:00.000039936,29.835201,203.72,708.39,9.871694e-05,3.6008,165.0
2019-10-29 00:00:00.000039936,28.292,203.72,740.8,9.796507e-05,5.144,115.0
2019-10-29 03:00:00.000039936,28.292,203.72,750.06,9.7776356e-05,6.1728,85.0
2019-10-29 06:00:00.000039936,28.292,203.72,759.32,9.815349e-05,4.1152,50.0
2019-10-29 09:00:00.000039936,28.292,203.72,777.84,9.871694e-05,4.1152,335.0
2019-10-29 12:00:00.000039936,28.292,203.72,796.36,9.9464e-05,5.6584,310.0
2019-10-29 15:00:00.000039936,27.2632,203.72,824.13995,0.00010020622,6.6872,290.0
2019-10-29 18:00:00.000039936,25.720001,203.72,851.92,0.00010020622,8.2304,250.0
2019-10-29 21:00:00.000039936,25.720001,194.46,851.92,9.909108e-05,11.3168,225.0
2019-10-30 00:00:00.000039936,25.720001,185.2,851.92,9.720843e-05,11.8312,215.0
2019-10-30 03:00:00.000039936,25.720001,175.94,851.92,9.529617e-05,10.288,200.0
2019-10-30 06:00:00.000039936,25.720001,166.68,851.92,9.35503e-05,9.7736,0.0
2019-10-30 09:00:00.000039936,24.6912,129.64,472.26,9.1781345e-05,8.744801,155.0
2019-10-30 12:00:00.000039936,23.148,92.6,92.600006,9.038981e-05,6.6872,135.0
2019-10-30 15:00:00.000039936,23.148,88.895996,92.600006,8.998974e-05,5.144,100.0
2019-10-30 18:00:00.000039936,23.148,83.34,92.600006,8.998974e-05,5.6584,85.0
2019-10-30 21:00:00.000039936,23.148,83.34,78.71,9.0189926e-05,6.1728,75.0
2019-10-31 00:00:00.000039936,23.148,83.34,64.82,9.058944e-05,8.744801,70.0
2019-10-31 03:00:00.000039936,22.1192,83.34,64.82,9.138516e-05,10.288,65.0
2019-10-31 06:00:00.000039936,20.576,83.34,64.82,9.2373535e-05,9.2592,55.0
2019-10-31 09:00:00.000039936,20.576,88.895996,46.3,9.335488e-05,7.716,50.0
2019-10-31 12:00:00.000039936,20.576,92.6,27.78,9.4329116e-05,7.716,50.0
2019-10-31 15:00:00.000039936,20.576,92.6,27.78,9.5103336e-05,7.716,60.0
2019-10-31 18:00:00.000039936,20.576,92.6,27.78,9.568096e-05,7.716,80.0
2019-10-31 21:00:00.000039936,19.5472,92.6,27.78,9.568096e-05,8.2304,95.0
2019-11-01 00:00:00.000039936,18.004,92.6,27.78,9.529617e-05,8.2304,100.0
2019-11-01 03:00:00.000039936,18.004,101.86,74.08,9.5103336e-05,8.744801,95.0
2019-11-01 06:00:00.000039936,18.004,111.12,120.380005,9.491022e-05,9.7736,95.0
2019-11-01 09:00:00.000039936,18.004,138.9,83.34,9.47168e-05,10.288,95.0
