Time,Vmax,Rmax_IBT,R34,fcor,u_trans,v_trans
2011-11-08 06:00:00.000039936,20.576,148.16,361.13998,6.7793495e-05,1.0288,300.0
2011-11-08 09:00:00.000039936,22.1192,148.16,388.91998,6.801876e-05,1.0288,300.0
2011-11-08 12:00:00.000039936,23.148,148.16,416.69995,6.801876e-05,0.5144,300.0
2011-11-08 15:00:00.000039936,23.148,135.196,363.455,6.801876e-05,0.0,0.0
2011-11-08 18:00:00.000039936,23.148,120.38,310.21,6.801876e-05,0.0,260.0
2011-11-08 21:00:00.000039936,23.148,120.38,321.785,6.801876e-05,0.5144,270.0
2011-11-09 00:00:00.000039936,23.148,120.38,333.36002,6.801876e-05,0.5144,265.0
2011-11-09 03:00:00.000039936,24.6912,116.676,337.99,6.801876e-05,0.5144,270.0
2011-11-09 06:00:00.000039936,25.720001,111.12,342.62,6.801876e-05,0.5144,280.0
2011-11-09 09:00:00.000039936,27.2632,101.86,342.62,6.801876e-05,1.0288,300.0
2011-11-09 12:00:00.000039936,28.292,92.6,342.62,6.8243826e-05,1.5432,320.0
2011-11-09 15:00:00.000039936,28.292,83.34,331.04498,6.869332e-05,2.0576,335.0
2011-11-09 18:00:00.000039936,28.292,74.08,319.47,6.914198e-05,3.0864,350.0
2011-11-09 21:00:00.000039936,28.292,74.08,312.525,6.981338e-05,3.6008,355.0
2011-11-10 00:00:00.000039936,28.292,74.08,305.58,7.07056e-05,4.1152,350.0
2011-11-10 03:00:00.000039936,28.292,74.08,280.115,7.159438e-05,3.6008,345.0
2011-11-10 06:00:00.000039936,28.292,74.08,254.65,7.2258685e-05,3.0864,355.0
2011-11-10 09:00:00.000039936,28.292,74.08,254.65,7.2921e-05,2.572,20.0
2011-11-10 12:00:00.000039936,28.292,74.08,254.65,7.336144e-05,2.572,45.0
2011-11-10 15:00:00.000039936,28.292,64.82,258.354,7.3581316e-05,3.6008,65.0
2011-11-10 18:00:00.000039936,28.292,55.56,261.595,7.402041e-05,4.1152,65.0
2011-11-10 21:00:00.000039936,28.292,55.56,261.595,7.4458614e-05,5.144,60.0
2011-11-11 00:00:00.000039936,28.292,55.56,261.595,7.511419e-05,7.716,55.0
2011-11-11 03:00:00.000039936,27.2632,55.56,230.574,7.620224e-05,9.7736,50.0
2011-11-11 06:00:00.000039936,25.720001,55.56,199.09,7.771575e-05,10.288,50.0
2011-11-11 09:00:00.000039936,24.6912,64.82,199.09,7.900381e-05,10.288,55.0
2011-11-11 12:00:00.000039936,23.148,74.08,199.09,8.028322e-05,11.8312,55.0
2011-11-11 15:00:00.000039936,22.1192,92.6,193.534,8.176471e-05,13.3744,60.0
2011-11-11 18:00:00.000039936,20.576,111.12,187.51498,8.3234e-05,14.4032,65.0
2011-11-11 21:00:00.000039936,19.5472,111.12,156.49399,8.427592e-05,14.4032,65.0
