Time,Vmax,Rmax_IBT,R34,fcor,u_trans,v_trans
2010-10-21 12:00:00.000039936,18.004,148.16,83.34,4.1909232e-05,2.0576,145.0
2010-10-21 15:00:00.000039936,18.004,138.9,83.34,4.142137e-05,2.0576,155.0
2010-10-21 18:00:00.000039936,18.004,129.64,83.34,4.093299e-05,2.0576,175.0
2010-10-21 21:00:00.000039936,18.004,129.64,83.34,4.0444127e-05,1.5432,195.0
2010-10-22 00:00:00.000039936,18.004,129.64,83.34,4.0199502e-05,1.5432,220.0
2010-10-22 03:00:00.000039936,18.004,129.64,83.34,3.995476e-05,1.0288,245.0
2010-10-22 06:00:00.000039936,18.004,129.64,83.34,3.995476e-05,1.5432,250.0
2010-10-22 09:00:00.000039936,18.004,129.64,62.504997,3.9709896e-05,1.5432,250.0
2010-10-22 12:00:00.000039936,18.004,129.64,41.67,3.9709896e-05,2.0576,265.0
2010-10-22 15:00:00.000039936,19.5472,107.416,52.319,3.9709896e-05,2.572,270.0
2010-10-22 18:00:00.000039936,20.576,83.34,62.504997,3.9709896e-05,3.0864,270.0
2010-10-22 21:00:00.000039936,20.576,107.416,62.504997,3.9709896e-05,3.0864,270.0
2010-10-23 00:00:00.000039936,20.576,129.64,62.504997,3.9709896e-05,2.572,270.0
2010-10-23 03:00:00.000039936,22.1192,120.38,62.504997,3.9709896e-05,2.572,270.0
2010-10-23 06:00:00.000039936,23.148,111.12,62.504997,3.9709896e-05,2.572,275.0
2010-10-23 09:00:00.000039936,24.6912,70.376,76.395,3.9709896e-05,2.572,280.0
2010-10-23 12:00:00.000039936,25.720001,27.78,90.284996,3.995476e-05,2.572,280.0
2010-10-23 15:00:00.000039936,27.2632,27.78,93.989,3.995476e-05,2.572,280.0
2010-10-23 18:00:00.000039936,28.292,27.78,97.229996,4.0199502e-05,3.0864,285.0
2010-10-23 21:00:00.000039936,29.835201,27.78,108.805,4.0444127e-05,3.6008,285.0
2010-10-24 00:00:00.000039936,30.864,27.78,120.380005,4.0688625e-05,4.1152,290.0
2010-10-24 03:00:00.000039936,32.4072,27.78,120.380005,4.093299e-05,4.6296,290.0
2010-10-24 06:00:00.000039936,33.436,27.78,120.380005,4.142137e-05,5.144,290.0
2010-10-24 09:00:00.000039936,36.008,27.78,122.69499,4.1909232e-05,5.6584,285.0
2010-10-24 12:00:00.000039936,38.58,27.78,125.009995,4.2152973e-05,5.6584,285.0
2010-10-24 15:00:00.000039936,40.1232,27.78,125.009995,4.239659e-05,5.144,280.0
2010-10-24 18:00:00.000039936,41.152,27.78,125.009995,4.2640077e-05,4.6296,285.0
2010-10-24 21:00:00.000039936,42.6952,27.78,122.695,4.288343e-05,4.6296,285.0
2010-10-25 00:00:00.000039936,43.724,27.78,120.38,4.3126656e-05,5.144,275.0
