Time,Vmax,Rmax_IBT,R34,fcor,u_trans,v_trans
2017-11-07 00:00:00.000039936,18.004,92.6,27.78,7.2921e-05,3.6008,10.0
2017-11-07 03:00:00.000039936,19.5472,88.895996,32.41,7.380098e-05,4.1152,5.0
2017-11-07 06:00:00.000039936,20.576,83.34,37.04,7.467736e-05,4.6296,15.0
2017-11-07 09:00:00.000039936,20.576,88.895996,60.19,7.576771e-05,5.6584,20.0
2017-11-07 12:00:00.000039936,20.576,92.6,83.34,7.6852295e-05,5.6584,20.0
2017-11-07 15:00:00.000039936,20.576,101.86,92.6,7.814606e-05,6.6872,15.0
2017-11-07 18:00:00.000039936,20.576,111.12,101.86,7.943125e-05,7.716,15.0
2017-11-07 21:00:00.000039936,22.1192,120.38,127.325005,8.113127e-05,8.2304,10.0
2017-11-08 00:00:00.000039936,23.148,129.64,152.79,8.2815466e-05,8.744801,5.0
2017-11-08 03:00:00.000039936,24.6912,129.64,159.735,8.469088e-05,9.2592,0.0
2017-11-08 06:00:00.000039936,25.720001,129.64,166.68,8.6545406e-05,9.7736,360.0
2017-11-08 09:00:00.000039936,24.6912,129.64,178.25499,8.837856e-05,9.7736,360.0
2017-11-08 12:00:00.000039936,23.148,129.64,189.83,9.038981e-05,9.7736,355.0
2017-11-08 15:00:00.000039936,23.148,129.64,201.405,9.217642e-05,9.2592,355.0
2017-11-08 18:00:00.000039936,23.148,129.64,212.98,9.3940274e-05,8.744801,360.0
2017-11-08 21:00:00.000039936,23.148,129.64,217.61,9.548872e-05,8.744801,5.0
2017-11-09 00:00:00.000039936,23.148,129.64,222.24,9.720843e-05,9.2592,10.0
2017-11-09 03:00:00.000039936,22.1192,148.16,224.555,9.890416e-05,9.7736,20.0
2017-11-09 06:00:00.000039936,20.576,166.68,226.87,0.00010057548,10.288,20.0
2017-11-09 09:00:00.000039936,20.576,175.94,238.445,0.00010222201,10.288,20.0
