Time,Vmax,Rmax_IBT,R34,fcor,u_trans,v_trans
2019-11-19 06:00:00.000039936,18.004,166.68,41.67,4.844305e-05,3.0864,330.0
2019-11-19 09:00:00.000039936,19.5472,157.42,69.45,4.916265e-05,3.0864,325.0
2019-11-19 12:00:00.000039936,20.576,148.16,97.229996,4.9641636e-05,4.1152,305.0
2019-11-19 15:00:00.000039936,20.576,138.9,101.86,5.012002e-05,4.6296,295.0
2019-11-19 18:00:00.000039936,20.576,129.64,106.49,5.059779e-05,4.6296,285.0
2019-11-19 21:00:00.000039936,20.576,129.64,106.49,5.083645e-05,4.6296,275.0
2019-11-20 00:00:00.000039936,20.576,129.64,106.49,5.083645e-05,4.1152,275.0
2019-11-20 03:00:00.000039936,22.1192,129.64,106.49,5.083645e-05,3.6008,280.0
2019-11-20 06:00:00.000039936,23.148,129.64,106.49,5.1074945e-05,3.6008,285.0
2019-11-20 09:00:00.000039936,23.148,129.64,108.805,5.131329e-05,3.6008,295.0
2019-11-20 12:00:00.000039936,23.148,129.64,111.119995,5.178951e-05,2.572,320.0
2019-11-20 15:00:00.000039936,23.148,129.64,111.119995,5.22651e-05,2.572,0.0
2019-11-20 18:00:00.000039936,23.148,129.64,111.119995,5.2977284e-05,3.0864,5.0
2019-11-20 21:00:00.000039936,24.6912,120.38,115.75,5.3688025e-05,3.0864,0.0
2019-11-21 00:00:00.000039936,25.720001,111.12,120.380005,5.439729e-05,3.0864,15.0
2019-11-21 03:00:00.000039936,25.720001,111.12,120.380005,5.510506e-05,3.0864,30.0
2019-11-21 06:00:00.000039936,25.720001,111.12,120.380005,5.5576067e-05,3.0864,35.0
2019-11-21 09:00:00.000039936,25.720001,111.12,120.380005,5.6046403e-05,3.6008,45.0
2019-11-21 12:00:00.000039936,25.720001,111.12,120.380005,5.6750614e-05,4.1152,45.0
2019-11-21 15:00:00.000039936,25.720001,111.12,120.380005,5.7453286e-05,5.144,50.0
2019-11-21 18:00:00.000039936,25.720001,111.12,120.380005,5.8154368e-05,6.1728,55.0
2019-11-21 21:00:00.000039936,25.720001,111.12,150.475,5.9086666e-05,7.2016,60.0
2019-11-22 00:00:00.000039936,25.720001,111.12,180.57,5.9784e-05,7.2016,70.0
2019-11-22 03:00:00.000039936,25.720001,101.86,175.94,6.0247978e-05,7.2016,80.0
2019-11-22 06:00:00.000039936,25.720001,92.6,171.31,6.0479695e-05,7.2016,75.0
2019-11-22 09:00:00.000039936,25.720001,83.34,164.365,6.0942573e-05,7.716,70.0
2019-11-22 12:00:00.000039936,25.720001,74.08,157.42,6.1635496e-05,7.2016,65.0
2019-11-22 15:00:00.000039936,27.2632,64.82,157.42,6.255676e-05,7.716,60.0
2019-11-22 18:00:00.000039936,28.292,55.56,157.42,6.3474974e-05,8.2304,60.0
2019-11-22 21:00:00.000039936,29.835201,46.3,157.42,6.43901e-05,9.7736,60.0
2019-11-23 00:00:00.000039936,30.864,37.04,157.42,6.552959e-05,10.802401,55.0
2019-11-23 03:00:00.000039936,30.864,37.04,157.42,6.711647e-05,11.8312,55.0
2019-11-23 06:00:00.000039936,30.864,37.04,157.42,6.869332e-05,12.3456,50.0
2019-11-23 09:00:00.000039936,29.835201,37.04,148.15999,7.025991e-05,12.3456,50.0
2019-11-23 12:00:00.000039936,28.292,37.04,138.9,7.2037474e-05,12.860001,45.0
2019-11-23 15:00:00.000039936,28.292,42.596,131.955,7.402041e-05,13.3744,40.0
2019-11-23 18:00:00.000039936,28.292,46.3,125.01,7.620224e-05,13.3744,40.0
2019-11-23 21:00:00.000039936,28.292,46.3,125.01,7.8360856e-05,13.3744,40.0
2019-11-24 00:00:00.000039936,28.292,46.3,125.01,8.049559e-05,13.8888,45.0
2019-11-24 03:00:00.000039936,28.292,46.3,134.26999,8.239592e-05,14.4032,55.0
2019-11-24 06:00:00.000039936,28.292,46.3,143.53,8.4068044e-05,14.917601,60.0
2019-11-24 09:00:00.000039936,28.292,51.856,168.995,8.551773e-05,14.917601,60.0
2019-11-24 12:00:00.000039936,28.292,55.56,194.46,8.695463e-05,16.4608,65.0
2019-11-24 15:00:00.000039936,28.292,55.56,217.61,8.858091e-05,17.489601,60.0
2019-11-24 18:00:00.000039936,28.292,55.56,240.76,9.0189926e-05,17.489601,60.0
2019-11-24 21:00:00.000039936,28.292,55.56,256.965,9.197902e-05,18.004,60.0
2019-11-25 00:00:00.000039936,28.292,55.56,273.17,9.374543e-05,18.5184,60.0
2019-11-25 03:00:00.000039936,29.835201,55.56,282.43,9.548872e-05,19.0328,60.0
2019-11-25 06:00:00.000039936,30.864,55.56,291.69,9.7398035e-05,19.5472,60.0
2019-11-25 09:00:00.000039936,30.864,70.376,305.58,9.92777e-05,20.576,60.0
2019-11-25 12:00:00.000039936,30.864,83.34,319.47,0.00010131037,23.148,60.0
2019-11-25 15:00:00.000039936,30.864,116.676,303.26498,0.00010348522,24.1768,60.0
2019-11-25 18:00:00.000039936,30.864,148.16,287.06,0.00010561469,21.604801,55.0
2019-11-25 21:00:00.000039936,29.835201,148.16,275.48502,0.00010769781,19.0328,50.0
2019-11-26 00:00:00.000039936,28.292,148.16,263.91,0.0001097337,18.004,40.0
2019-11-26 03:00:00.000039936,27.2632,148.16,259.28,0.00011204801,15.9464,35.0
2019-11-26 06:00:00.000039936,25.720001,148.16,254.65,0.00011381954,10.288,25.0
