Time,Vmax,Rmax_IBT,R34,fcor,u_trans,v_trans
2021-09-29 18:00:00.000039936,18.004,74.08,41.67,2.0549318e-05,4.6296,285.0
2021-09-29 21:00:00.000039936,18.004,74.08,41.67,2.0801292e-05,4.6296,285.0
2021-09-30 00:00:00.000039936,18.004,74.08,41.67,2.1053198e-05,5.144,285.0
2021-09-30 03:00:00.000039936,19.5472,74.08,48.614998,2.1556822e-05,6.1728,290.0
2021-09-30 06:00:00.000039936,20.576,74.08,55.559998,2.206018e-05,6.6872,290.0
2021-09-30 09:00:00.000039936,20.576,74.08,64.82,2.2563274e-05,7.2016,290.0
2021-09-30 12:00:00.000039936,20.576,74.08,74.08,2.3317392e-05,6.6872,295.0
2021-09-30 15:00:00.000039936,22.1192,74.08,78.71,2.4070872e-05,6.1728,300.0
2021-09-30 18:00:00.000039936,23.148,74.08,83.34,2.4823696e-05,6.6872,300.0
2021-09-30 21:00:00.000039936,24.6912,74.08,106.49,2.5826394e-05,6.6872,305.0
2021-10-01 00:00:00.000039936,25.720001,74.08,129.64,2.6577594e-05,6.6872,300.0
2021-10-01 03:00:00.000039936,25.720001,74.08,134.27,2.7328068e-05,6.6872,295.0
2021-10-01 06:00:00.000039936,25.720001,74.08,138.90001,2.7827968e-05,6.6872,290.0
2021-10-01 09:00:00.000039936,27.2632,74.08,157.42001,2.8327528e-05,6.1728,290.0
2021-10-01 12:00:00.000039936,28.292,74.08,175.94,2.882674e-05,5.6584,290.0
2021-10-01 15:00:00.000039936,28.292,79.636,175.94,2.9325609e-05,5.144,295.0
2021-10-01 18:00:00.000039936,28.292,83.34,175.94,2.9824112e-05,5.144,290.0
2021-10-01 21:00:00.000039936,27.2632,88.895996,157.42,3.0073232e-05,5.144,285.0
2021-10-02 00:00:00.000039936,25.720001,92.6,138.90001,3.0571195e-05,5.144,290.0
2021-10-02 03:00:00.000039936,24.6912,92.6,125.009995,3.1068776e-05,5.144,295.0
2021-10-02 06:00:00.000039936,23.148,92.6,111.12,3.156599e-05,4.6296,285.0
2021-10-02 09:00:00.000039936,20.576,101.86,83.34,3.1814445e-05,4.6296,285.0
