Time,Vmax,Rmax_IBT,R34,fcor,u_trans,v_trans
2023-10-18 18:00:00.000039936,18.004,148.16,55.56,3.2559245e-05,7.716,275.0
2023-10-18 21:00:00.000039936,18.004,129.64,69.450005,3.2559245e-05,7.716,275.0
2023-10-19 00:00:00.000039936,18.004,111.12,83.340004,3.280731e-05,7.716,275.0
2023-10-19 03:00:00.000039936,20.576,111.12,90.285,3.305528e-05,7.716,280.0
2023-10-19 06:00:00.000039936,23.148,111.12,97.23,3.330315e-05,7.2016,280.0
2023-10-19 09:00:00.000039936,24.6912,101.86,108.805,3.3550914e-05,6.6872,280.0
2023-10-19 12:00:00.000039936,25.720001,92.6,120.38,3.3798577e-05,6.1728,275.0
2023-10-19 15:00:00.000039936,25.720001,92.6,122.695,3.404614e-05,5.6584,275.0
2023-10-19 18:00:00.000039936,25.720001,92.6,125.009995,3.404614e-05,4.6296,275.0
2023-10-19 21:00:00.000039936,25.720001,92.6,134.27,3.404614e-05,4.1152,275.0
2023-10-20 00:00:00.000039936,25.720001,92.6,143.53,3.4293596e-05,3.6008,275.0
2023-10-20 03:00:00.000039936,25.720001,92.6,143.53,3.4293596e-05,3.6008,280.0
2023-10-20 06:00:00.000039936,25.720001,92.6,143.53,3.454095e-05,3.0864,285.0
2023-10-20 09:00:00.000039936,28.292,83.34,148.16,3.47882e-05,2.572,290.0
2023-10-20 12:00:00.000039936,30.864,74.08,152.79001,3.5035337e-05,2.572,295.0
2023-10-20 15:00:00.000039936,32.4072,55.56,152.79001,3.5282377e-05,2.572,290.0
2023-10-20 18:00:00.000039936,33.436,37.04,152.79001,3.5529305e-05,3.6008,295.0
2023-10-20 21:00:00.000039936,34.979202,33.336,152.79001,3.6022833e-05,4.1152,300.0
2023-10-21 00:00:00.000039936,36.008,27.78,152.79001,3.651592e-05,4.1152,300.0
2023-10-21 03:00:00.000039936,36.008,27.78,152.79001,3.700857e-05,4.1152,300.0
2023-10-21 06:00:00.000039936,36.008,27.78,152.79001,3.7500762e-05,3.6008,320.0
2023-10-21 09:00:00.000039936,37.5512,24.076,152.79001,3.8238195e-05,4.1152,335.0
2023-10-21 12:00:00.000039936,38.58,18.52,152.79001,3.9219805e-05,4.6296,340.0
2023-10-21 15:00:00.000039936,38.58,18.52,150.475,4.0444127e-05,5.6584,340.0
2023-10-21 18:00:00.000039936,38.58,18.52,148.16,4.1665367e-05,6.1728,330.0
2023-10-21 21:00:00.000039936,40.1232,18.52,148.16,4.288343e-05,5.6584,325.0
2023-10-22 00:00:00.000039936,41.152,18.52,148.16,4.385554e-05,4.6296,320.0
2023-10-22 01:15:00.000053248,41.152,18.52,148.16,4.409823e-05,3.6008,315.0
2023-10-22 03:00:00.000039936,40.1232,18.52,146.771,4.4340795e-05,3.6008,315.0
2023-10-22 06:00:00.000039936,38.58,18.52,143.53,4.506766e-05,4.1152,320.0
2023-10-22 09:00:00.000039936,38.58,18.52,143.53,4.5793287e-05,4.6296,320.0
2023-10-22 12:00:00.000039936,38.58,18.52,143.53,4.675884e-05,4.6296,320.0
2023-10-22 15:00:00.000039936,38.58,18.52,138.9,4.748151e-05,4.6296,320.0
2023-10-22 18:00:00.000039936,38.58,18.52,134.27,4.844305e-05,4.6296,325.0
2023-10-22 21:00:00.000039936,38.58,18.52,134.27,4.9402213e-05,4.6296,330.0
2023-10-23 00:00:00.000039936,38.58,18.52,134.27,5.035898e-05,4.6296,340.0
2023-10-23 03:00:00.000039936,37.5512,27.78,141.21501,5.131329e-05,4.1152,355.0
2023-10-23 06:00:00.000039936,36.008,37.04,148.16,5.22651e-05,3.6008,355.0
2023-10-23 09:00:00.000039936,36.008,37.04,148.16,5.2977284e-05,3.0864,0.0
2023-10-23 12:00:00.000039936,36.008,37.04,148.16,5.3688025e-05,2.572,10.0
2023-10-23 15:00:00.000039936,34.979202,37.04,148.16,5.439729e-05,2.572,20.0
2023-10-23 18:00:00.000039936,33.436,37.04,148.16,5.4869302e-05,3.0864,25.0
2023-10-23 21:00:00.000039936,33.436,37.04,152.79001,5.5340646e-05,3.0864,30.0
2023-10-24 00:00:00.000039936,33.436,37.04,157.42001,5.6046403e-05,3.0864,35.0
2023-10-24 03:00:00.000039936,33.436,37.04,157.42001,5.6516048e-05,3.0864,35.0
2023-10-24 06:00:00.000039936,33.436,37.04,157.42001,5.721923e-05,3.6008,40.0
2023-10-24 09:00:00.000039936,33.436,37.04,157.42001,5.7920843e-05,3.6008,45.0
2023-10-24 12:00:00.000039936,33.436,37.04,157.42001,5.83877e-05,3.6008,50.0
2023-10-24 15:00:00.000039936,33.436,37.04,162.05,5.8853857e-05,3.6008,55.0
2023-10-24 18:00:00.000039936,33.436,37.04,166.68,5.9319285e-05,4.1152,55.0
2023-10-24 21:00:00.000039936,36.008,37.04,173.625,5.9784e-05,4.6296,55.0
2023-10-25 00:00:00.000039936,38.58,37.04,180.57,6.0479695e-05,4.6296,55.0
2023-10-25 03:00:00.000039936,41.152,37.04,180.57,6.1173734e-05,4.6296,50.0
2023-10-25 06:00:00.000039936,43.724,37.04,180.57,6.186609e-05,5.6584,45.0
2023-10-25 09:00:00.000039936,46.296,37.04,185.2,6.278661e-05,7.2016,40.0
2023-10-25 12:00:00.000039936,48.868,37.04,189.83,6.416161e-05,8.2304,40.0
2023-10-25 15:00:00.000039936,46.296,37.04,201.405,6.575688e-05,8.744801,35.0
2023-10-25 18:00:00.000039936,43.724,37.04,212.98,6.734234e-05,9.2592,25.0
2023-10-25 21:00:00.000039936,42.6952,37.04,233.815,6.914198e-05,8.744801,15.0
2023-10-26 00:00:00.000039936,41.152,37.04,254.65,7.092813e-05,6.6872,360.0
2023-10-26 03:00:00.000039936,40.1232,37.04,259.28,7.2037474e-05,5.144,335.0
2023-10-26 06:00:00.000039936,38.58,37.04,263.91,7.2921e-05,4.1152,325.0
2023-10-26 09:00:00.000039936,37.5512,37.04,263.91,7.3581316e-05,3.6008,320.0
2023-10-26 12:00:00.000039936,36.008,37.04,263.91,7.402041e-05,3.6008,310.0
2023-10-26 15:00:00.000039936,34.979202,64.82,275.485,7.467736e-05,4.1152,310.0
2023-10-26 18:00:00.000039936,33.436,92.6,287.06,7.511419e-05,4.1152,310.0
2023-10-26 21:00:00.000039936,32.4072,92.6,291.68997,7.576771e-05,3.6008,315.0
2023-10-27 00:00:00.000039936,30.864,92.6,296.32,7.620224e-05,3.0864,310.0
2023-10-27 03:00:00.000039936,29.835201,83.34,266.225,7.663584e-05,2.572,305.0
2023-10-27 06:00:00.000039936,28.292,74.08,236.13,7.6852295e-05,2.0576,300.0
2023-10-27 09:00:00.000039936,28.292,74.08,229.185,7.70685e-05,2.0576,300.0
2023-10-27 12:00:00.000039936,28.292,74.08,222.23999,7.728449e-05,2.0576,305.0
2023-10-27 15:00:00.000039936,28.292,74.08,217.60999,7.750023e-05,2.572,310.0
2023-10-27 18:00:00.000039936,28.292,74.08,212.98001,7.793102e-05,2.0576,320.0
2023-10-27 21:00:00.000039936,27.2632,74.08,196.775,7.814606e-05,1.5432,345.0
2023-10-28 00:00:00.000039936,25.720001,74.08,180.57,7.85754e-05,1.5432,20.0
2023-10-28 03:00:00.000039936,24.6912,74.08,180.57,7.900381e-05,2.572,55.0
2023-10-28 06:00:00.000039936,23.148,74.08,180.57,7.921766e-05,4.6296,75.0
2023-10-28 09:00:00.000039936,23.148,74.08,180.57,7.943125e-05,6.6872,80.0
2023-10-28 12:00:00.000039936,23.148,74.08,180.57,7.9644604e-05,6.6872,80.0
2023-10-28 15:00:00.000039936,22.1192,74.08,166.68,8.007058e-05,6.6872,80.0
2023-10-28 18:00:00.000039936,20.576,74.08,152.79001,8.007058e-05,7.2016,95.0
2023-10-28 21:00:00.000039936,19.5472,83.34,108.80501,7.9644604e-05,8.744801,105.0
2023-10-29 00:00:00.000039936,18.004,92.6,64.82,7.900381e-05,8.2304,105.0
2023-10-29 03:00:00.000039936,18.004,92.6,64.82,7.878973e-05,7.716,100.0
2023-10-29 06:00:00.000039936,18.004,92.6,64.82,7.85754e-05,8.2304,105.0
2023-10-29 09:00:00.000039936,18.004,92.6,55.56,7.793102e-05,8.744801,120.0
2023-10-29 12:00:00.000039936,18.004,92.6,46.300003,7.6852295e-05,8.744801,120.0
2023-10-29 15:00:00.000039936,18.004,92.6,43.985,7.5985095e-05,8.2304,125.0
