Time,Vmax,Rmax_IBT,R34,fcor,u_trans,v_trans
2020-09-14 00:00:00.000039936,18.004,74.08,18.52,3.2559245e-05,7.716,275.0
2020-09-14 03:00:00.000039936,18.004,74.08,27.78,3.2559245e-05,8.744801,270.0
2020-09-14 06:00:00.000039936,18.004,74.08,37.04,3.2559245e-05,8.744801,270.0
2020-09-14 09:00:00.000039936,18.004,74.08,48.614998,3.2559245e-05,8.744801,270.0
2020-09-14 12:00:00.000039936,18.004,74.08,60.190002,3.2559245e-05,7.716,270.0
2020-09-14 15:00:00.000039936,19.5472,83.34,74.08,3.2559245e-05,6.6872,270.0
2020-09-14 18:00:00.000039936,20.576,92.6,87.97,3.2559245e-05,5.6584,270.0
2020-09-14 21:00:00.000039936,22.1192,83.34,97.229996,3.2559245e-05,5.6584,275.0
2020-09-15 00:00:00.000039936,23.148,74.08,106.49,3.280731e-05,5.144,285.0
2020-09-15 03:00:00.000039936,24.6912,55.56,120.37999,3.330315e-05,5.6584,290.0
2020-09-15 06:00:00.000039936,25.720001,37.04,134.27,3.3798577e-05,5.6584,290.0
2020-09-15 09:00:00.000039936,27.2632,37.04,159.735,3.4293596e-05,5.6584,290.0
2020-09-15 12:00:00.000039936,28.292,37.04,185.2,3.47882e-05,5.144,295.0
2020-09-15 15:00:00.000039936,28.292,37.04,189.83,3.5282377e-05,4.6296,295.0
2020-09-15 18:00:00.000039936,28.292,37.04,194.46,3.577612e-05,4.1152,305.0
2020-09-15 21:00:00.000039936,30.864,37.04,192.145,3.626943e-05,4.1152,310.0
2020-09-16 00:00:00.000039936,33.436,37.04,189.83,3.700857e-05,4.1152,315.0
2020-09-16 03:00:00.000039936,37.5512,37.04,189.83,3.7746686e-05,4.6296,320.0
2020-09-16 06:00:00.000039936,41.152,37.04,189.83,3.872924e-05,4.6296,320.0
2020-09-16 09:00:00.000039936,42.6952,37.04,199.09,3.9464914e-05,5.144,315.0
2020-09-16 12:00:00.000039936,43.724,37.04,208.34999,4.0444127e-05,5.6584,310.0
2020-09-16 15:00:00.000039936,43.724,37.04,226.87,4.142137e-05,5.6584,310.0
2020-09-16 18:00:00.000039936,43.724,37.04,245.39001,4.2152973e-05,5.6584,305.0
2020-09-16 21:00:00.000039936,43.724,37.04,254.65,4.288343e-05,5.6584,305.0
2020-09-17 00:00:00.000039936,43.724,37.04,263.91,4.3612705e-05,5.6584,305.0
2020-09-17 03:00:00.000039936,45.2672,37.04,263.91,4.4340795e-05,5.6584,310.0
2020-09-17 06:00:00.000039936,46.296,37.04,263.91,4.5309676e-05,5.6584,315.0
2020-09-17 09:00:00.000039936,48.868,37.04,268.54,4.627635e-05,5.6584,315.0
2020-09-17 12:00:00.000039936,51.440002,37.04,273.16998,4.7240763e-05,6.1728,315.0
2020-09-17 15:00:00.000039936,55.5552,37.04,280.115,4.8202877e-05,6.1728,315.0
2020-09-17 18:00:00.000039936,59.156002,37.04,287.06,4.916265e-05,5.6584,315.0
2020-09-17 21:00:00.000039936,60.6992,37.04,287.06,5.012002e-05,5.144,315.0
2020-09-18 00:00:00.000039936,61.728,37.04,287.06,5.083645e-05,5.144,320.0
2020-09-18 03:00:00.000039936,60.6992,42.596,287.06,5.178951e-05,5.144,315.0
2020-09-18 06:00:00.000039936,59.156002,46.3,287.06,5.250265e-05,4.6296,315.0
2020-09-18 09:00:00.000039936,58.1272,46.3,287.06,5.321436e-05,4.6296,315.0
2020-09-18 12:00:00.000039936,56.584,46.3,287.06,5.392461e-05,4.6296,315.0
2020-09-18 15:00:00.000039936,55.5552,46.3,287.06,5.4869302e-05,5.144,320.0
2020-09-18 18:00:00.000039936,54.012,46.3,287.06,5.581132e-05,5.6584,325.0
2020-09-18 21:00:00.000039936,54.012,46.3,291.69,5.698501e-05,6.1728,325.0
2020-09-19 00:00:00.000039936,54.012,46.3,296.32,5.8154368e-05,6.1728,325.0
2020-09-19 03:00:00.000039936,52.9832,46.3,307.89502,5.9086666e-05,5.6584,325.0
2020-09-19 06:00:00.000039936,51.440002,46.3,319.46997,6.0247978e-05,6.1728,325.0
2020-09-19 09:00:00.000039936,51.440002,46.3,319.46997,6.14047e-05,6.1728,325.0
2020-09-19 12:00:00.000039936,51.440002,46.3,319.46997,6.255676e-05,6.1728,320.0
2020-09-19 15:00:00.000039936,51.440002,46.3,319.46997,6.3474974e-05,6.1728,310.0
2020-09-19 18:00:00.000039936,51.440002,46.3,319.46997,6.43901e-05,6.1728,310.0
2020-09-19 21:00:00.000039936,50.4112,51.856,326.415,6.530208e-05,6.1728,305.0
2020-09-20 00:00:00.000039936,48.868,55.56,333.36,6.5983986e-05,6.1728,305.0
2020-09-20 03:00:00.000039936,47.8392,55.56,333.36,6.666408e-05,5.6584,300.0
2020-09-20 06:00:00.000039936,46.296,55.56,333.36,6.734234e-05,5.144,305.0
2020-09-20 09:00:00.000039936,45.2672,55.56,333.36,6.801876e-05,4.1152,310.0
2020-09-20 12:00:00.000039936,43.724,55.56,333.36,6.8468675e-05,4.1152,310.0
2020-09-20 15:00:00.000039936,42.6952,55.56,333.36,6.914198e-05,4.1152,310.0
2020-09-20 18:00:00.000039936,41.152,55.56,333.36,6.958979e-05,3.6008,315.0
2020-09-20 21:00:00.000039936,41.152,55.56,333.36,7.003676e-05,3.0864,325.0
2020-09-21 00:00:00.000039936,41.152,55.56,333.36,7.07056e-05,3.0864,350.0
2020-09-21 03:00:00.000039936,41.152,55.56,328.72998,7.137252e-05,3.6008,15.0
2020-09-21 06:00:00.000039936,41.152,55.56,324.09998,7.2258685e-05,4.1152,25.0
2020-09-21 09:00:00.000039936,41.152,83.34,324.09998,7.2921e-05,5.144,35.0
2020-09-21 12:00:00.000039936,41.152,111.12,324.09998,7.402041e-05,7.716,35.0
2020-09-21 15:00:00.000039936,41.152,111.12,349.565,7.5550095e-05,9.7736,30.0
2020-09-21 18:00:00.000039936,41.152,111.12,375.03003,7.771575e-05,11.3168,20.0
2020-09-21 21:00:00.000039936,42.6952,111.12,375.03003,8.007058e-05,12.3456,10.0
2020-09-22 00:00:00.000039936,43.724,111.12,375.03003,8.2815466e-05,14.917601,360.0
2020-09-22 03:00:00.000039936,45.2672,120.38,409.75497,8.613512e-05,15.9464,350.0
2020-09-22 06:00:00.000039936,46.296,129.64,444.47998,8.898478e-05,12.860001,340.0
2020-09-22 09:00:00.000039936,46.296,129.64,548.65497,9.078879e-05,9.7736,325.0
2020-09-22 12:00:00.000039936,46.296,129.64,652.83,9.197902e-05,7.716,325.0
2020-09-22 15:00:00.000039936,43.724,129.64,652.83,9.315918e-05,6.6872,335.0
2020-09-22 18:00:00.000039936,41.152,129.64,652.83,9.4329116e-05,7.2016,350.0
2020-09-22 21:00:00.000039936,37.5512,129.64,652.83,9.568096e-05,7.716,0.0
2020-09-23 00:00:00.000039936,33.436,129.64,652.83,9.720843e-05,7.716,15.0
2020-09-23 03:00:00.000039936,32.4072,129.64,627.365,9.852942e-05,7.716,25.0
2020-09-23 06:00:00.000039936,30.864,129.64,601.9,9.983573e-05,8.744801,25.0
2020-09-23 09:00:00.000039936,29.835201,129.64,453.74,0.00010131037,10.288,25.0
