Time,Vmax,Rmax_IBT,R34,fcor,u_trans,v_trans
2003-12-04 18:00:00.000040448,18.004,74.08,150.475,3.3550914e-05,3.6008,50.0
2003-12-04 21:00:00.000040448,20.576,64.82,150.475,3.404614e-05,3.0864,50.0
2003-12-05 00:00:00.000040448,23.148,55.56,150.475,3.454095e-05,2.572,55.0
2003-12-05 03:00:00.000040448,24.6912,55.56,150.475,3.47882e-05,2.0576,65.0
2003-12-05 06:00:00.000040448,25.720001,55.56,150.475,3.5035337e-05,2.0576,65.0
2003-12-05 09:00:00.000040448,25.720001,55.56,150.475,3.5282377e-05,2.0576,65.0
2003-12-05 12:00:00.000040448,25.720001,55.56,150.475,3.5529305e-05,2.572,70.0
2003-12-05 15:00:00.000040448,25.720001,55.56,170.384,3.577612e-05,3.0864,70.0
2003-12-05 18:00:00.000040448,25.720001,55.56,189.83,3.6022833e-05,4.1152,60.0
2003-12-05 21:00:00.000040448,25.720001,46.3,187.978,3.67623e-05,5.144,50.0
2003-12-06 00:00:00.000040448,25.720001,37.04,185.2,3.7746686e-05,5.6584,40.0
2003-12-06 03:00:00.000040448,27.2632,37.04,185.2,3.872924e-05,5.144,30.0
2003-12-06 06:00:00.000040448,28.292,37.04,185.2,3.995476e-05,4.6296,25.0
2003-12-06 09:00:00.000040448,28.292,37.04,185.2,4.093299e-05,4.1152,20.0
2003-12-06 12:00:00.000040448,28.292,37.04,185.2,4.1665367e-05,3.6008,15.0
2003-12-06 15:00:00.000040448,28.292,37.04,172.699,4.239659e-05,3.0864,20.0
2003-12-06 18:00:00.000040448,28.292,37.04,159.735,4.3126656e-05,4.1152,30.0
2003-12-06 21:00:00.000040448,26.7488,37.04,146.308,4.409823e-05,4.6296,40.0
