Time,Vmax,Rmax_IBT,R34,fcor,u_trans,v_trans
2021-10-25 18:00:00.000039936,18.004,74.08,27.78,7.8360856e-05,12.3456,45.0
2021-10-25 21:00:00.000039936,20.576,92.6,76.395,8.028322e-05,12.860001,45.0
2021-10-26 00:00:00.000039936,23.148,111.12,125.009995,8.197536e-05,13.8888,50.0
2021-10-26 03:00:00.000039936,23.148,111.12,173.625,8.365155e-05,14.917601,55.0
2021-10-26 06:00:00.000039936,23.148,111.12,222.24,8.551773e-05,14.4032,50.0
2021-10-26 09:00:00.000039936,24.6912,111.12,243.075,8.7362794e-05,12.860001,45.0
2021-10-26 12:00:00.000039936,25.720001,111.12,263.91,8.9186324e-05,11.3168,35.0
2021-10-26 15:00:00.000039936,27.2632,120.38,277.80002,9.098784e-05,9.7736,20.0
2021-10-26 18:00:00.000039936,28.292,129.64,291.69,9.2766924e-05,8.744801,20.0
2021-10-26 21:00:00.000039936,29.835201,138.9,305.57996,9.413484e-05,7.2016,20.0
2021-10-27 00:00:00.000039936,30.864,148.16,319.47,9.529617e-05,6.1728,335.0
2021-10-27 03:00:00.000039936,30.864,157.42,368.085,9.625596e-05,7.716,295.0
2021-10-27 06:00:00.000039936,30.864,166.68,416.69998,9.644705e-05,6.6872,245.0
2021-10-27 09:00:00.000039936,29.835201,175.94,472.26,9.529617e-05,8.2304,200.0
2021-10-27 12:00:00.000039936,28.292,185.2,527.82,9.35503e-05,8.744801,165.0
2021-10-27 15:00:00.000039936,27.2632,185.2,569.49,9.217642e-05,8.744801,135.0
2021-10-27 18:00:00.000039936,25.720001,185.2,611.16,9.1186645e-05,9.2592,105.0
2021-10-27 21:00:00.000039936,24.6912,277.8,618.10504,9.1186645e-05,10.288,80.0
2021-10-28 00:00:00.000039936,23.148,370.4,625.05,9.1781345e-05,9.7736,75.0
2021-10-28 03:00:00.000039936,23.148,370.4,618.105,9.217642e-05,8.2304,75.0
2021-10-28 06:00:00.000039936,23.148,370.4,611.16,9.257037e-05,8.2304,75.0
2021-10-28 09:00:00.000039936,23.148,370.4,611.16,9.296319e-05,8.2304,75.0
2021-10-28 12:00:00.000039936,23.148,370.4,611.16,9.335488e-05,8.2304,75.0
2021-10-28 15:00:00.000039936,23.148,351.88,583.38,9.374543e-05,8.744801,75.0
2021-10-28 18:00:00.000039936,23.148,333.36,555.60004,9.413484e-05,7.716,75.0
2021-10-28 21:00:00.000039936,23.148,305.58,534.765,9.452311e-05,7.2016,75.0
2021-10-29 00:00:00.000039936,23.148,277.8,513.93,9.491022e-05,5.6584,75.0
2021-10-29 03:00:00.000039936,23.148,277.8,500.03998,9.5103336e-05,5.144,85.0
2021-10-29 06:00:00.000039936,23.148,277.8,486.15,9.5103336e-05,4.6296,90.0
2021-10-29 09:00:00.000039936,23.148,277.8,479.205,9.5103336e-05,5.144,95.0
2021-10-29 12:00:00.000039936,23.148,277.8,472.25998,9.491022e-05,5.6584,100.0
2021-10-29 15:00:00.000039936,23.148,231.5,472.25998,9.47168e-05,6.1728,100.0
2021-10-29 18:00:00.000039936,23.148,185.2,472.25995,9.452311e-05,6.1728,100.0
2021-10-29 21:00:00.000039936,23.148,148.16,423.645,9.4329116e-05,6.6872,105.0
2021-10-30 00:00:00.000039936,23.148,111.12,375.03,9.3940274e-05,6.1728,115.0
2021-10-30 03:00:00.000039936,22.1192,111.12,321.785,9.335488e-05,6.1728,125.0
2021-10-30 06:00:00.000039936,20.576,111.12,268.54,9.257037e-05,6.6872,130.0
2021-10-30 09:00:00.000039936,20.576,111.12,224.555,9.1781345e-05,7.716,125.0
2021-10-30 12:00:00.000039936,20.576,111.12,180.56999,9.078879e-05,8.744801,125.0
2021-10-30 15:00:00.000039936,20.576,101.86,166.68,8.9789304e-05,8.744801,125.0
2021-10-30 18:00:00.000039936,20.576,92.6,152.79,8.8782996e-05,9.2592,125.0
2021-10-30 21:00:00.000039936,22.1192,83.34,131.95499,8.756649e-05,9.2592,125.0
2021-10-31 00:00:00.000039936,23.148,74.08,111.119995,8.675015e-05,8.2304,105.0
2021-10-31 03:00:00.000039936,24.6912,74.08,101.86,8.675015e-05,7.2016,85.0
2021-10-31 06:00:00.000039936,25.720001,74.08,92.600006,8.695463e-05,5.6584,85.0
2021-10-31 09:00:00.000039936,25.720001,74.08,94.915,8.695463e-05,3.0864,100.0
2021-10-31 12:00:00.000039936,25.720001,74.08,97.23,8.675015e-05,1.5432,105.0
2021-10-31 15:00:00.000039936,25.720001,74.08,104.174995,8.675015e-05,0.5144,215.0
2021-10-31 18:00:00.000039936,25.720001,74.08,111.12,8.6545406e-05,2.0576,225.0
2021-10-31 21:00:00.000039936,24.6912,70.376,111.12001,8.613512e-05,3.6008,215.0
2021-11-01 00:00:00.000039936,23.148,64.82,111.12,8.5311396e-05,4.6296,205.0
2021-11-01 03:00:00.000039936,22.1192,64.82,99.545,8.427592e-05,5.144,190.0
2021-11-01 06:00:00.000039936,20.576,64.82,87.97,8.3234e-05,5.144,165.0
2021-11-01 09:00:00.000039936,20.576,64.82,71.765,8.239592e-05,5.144,135.0
2021-11-01 12:00:00.000039936,20.576,64.82,55.56,8.176471e-05,4.1152,115.0
2021-11-01 15:00:00.000039936,19.5472,64.82,55.56,8.155382e-05,3.6008,90.0
2021-11-01 18:00:00.000039936,18.004,64.82,55.56,8.176471e-05,3.6008,75.0
2021-11-01 21:00:00.000039936,18.004,64.82,74.08,8.197536e-05,3.6008,65.0
2021-11-02 00:00:00.000039936,18.004,64.82,92.6,8.239592e-05,3.6008,50.0
2021-11-02 03:00:00.000039936,19.5472,61.116,92.6,8.2815466e-05,3.6008,45.0
2021-11-02 06:00:00.000039936,20.576,55.56,92.6,8.34429e-05,4.1152,40.0
2021-11-02 09:00:00.000039936,20.576,51.856,83.34,8.4068044e-05,4.1152,40.0
2021-11-02 12:00:00.000039936,20.576,46.3,74.08,8.469088e-05,3.6008,25.0
2021-11-02 15:00:00.000039936,20.576,46.3,76.395004,8.5311396e-05,3.6008,15.0
2021-11-02 18:00:00.000039936,20.576,46.3,78.71,8.613512e-05,3.6008,5.0
2021-11-02 21:00:00.000039936,20.576,46.3,83.34,8.675015e-05,3.6008,5.0
2021-11-03 00:00:00.000039936,20.576,46.3,87.97,8.756649e-05,3.6008,10.0
2021-11-03 03:00:00.000039936,20.576,46.3,87.97,8.8175955e-05,3.6008,15.0
2021-11-03 06:00:00.000039936,20.576,46.3,87.97,8.898478e-05,4.1152,15.0
2021-11-03 09:00:00.000039936,20.576,51.856,90.285,8.9789304e-05,4.1152,15.0
2021-11-03 12:00:00.000039936,20.576,55.56,92.600006,9.058944e-05,4.6296,15.0
2021-11-03 15:00:00.000039936,22.1192,55.56,101.86,9.138516e-05,4.6296,10.0
2021-11-03 18:00:00.000039936,23.148,55.56,111.119995,9.2373535e-05,4.6296,5.0
2021-11-03 21:00:00.000039936,23.148,61.116,120.38,9.335488e-05,4.6296,0.0
2021-11-04 00:00:00.000039936,23.148,64.82,129.64,9.413484e-05,4.6296,360.0
2021-11-04 03:00:00.000039936,23.148,64.82,125.01,9.491022e-05,4.1152,0.0
2021-11-04 06:00:00.000039936,23.148,64.82,120.38,9.568096e-05,4.1152,360.0
2021-11-04 09:00:00.000039936,22.1192,64.82,113.435,9.644705e-05,3.6008,0.0
2021-11-04 12:00:00.000039936,20.576,64.82,106.49,9.701853e-05,3.0864,0.0
2021-11-04 15:00:00.000039936,20.576,64.82,106.49,9.7398035e-05,2.0576,10.0
2021-11-04 18:00:00.000039936,20.576,64.82,106.49,9.7776356e-05,2.0576,40.0
2021-11-04 21:00:00.000039936,22.1192,70.376,118.065,9.815349e-05,2.572,65.0
2021-11-05 00:00:00.000039936,23.148,74.08,129.64,9.815349e-05,2.572,90.0
2021-11-05 03:00:00.000039936,23.148,74.08,131.95499,9.796507e-05,3.0864,120.0
2021-11-05 06:00:00.000039936,23.148,74.08,134.26999,9.758735e-05,4.1152,140.0
2021-11-05 09:00:00.000039936,23.148,74.08,138.9,9.682832e-05,5.144,160.0
2021-11-05 12:00:00.000039936,23.148,74.08,143.53,9.587293e-05,6.6872,165.0
2021-11-05 15:00:00.000039936,23.148,74.08,138.9,9.452311e-05,7.716,170.0
2021-11-05 18:00:00.000039936,23.148,74.08,134.27,9.296319e-05,7.2016,185.0
2021-11-05 21:00:00.000039936,23.148,74.08,125.01,9.1583395e-05,6.6872,200.0
2021-11-06 00:00:00.000039936,23.148,74.08,115.75,9.058944e-05,5.6584,200.0
2021-11-06 03:00:00.000039936,23.148,70.376,104.174995,8.958859e-05,4.1152,195.0
2021-11-06 06:00:00.000039936,23.148,64.82,92.6,8.898478e-05,3.0864,195.0
2021-11-06 09:00:00.000039936,22.1192,64.82,76.395004,8.837856e-05,2.0576,190.0
2021-11-06 12:00:00.000039936,20.576,64.82,60.190002,8.8175955e-05,1.5432,155.0
2021-11-06 15:00:00.000039936,19.5472,64.82,64.82,8.7973065e-05,1.5432,105.0
2021-11-06 18:00:00.000039936,18.004,64.82,69.45,8.7973065e-05,2.0576,75.0
2021-11-06 21:00:00.000039936,18.004,70.376,48.615,8.8175955e-05,3.0864,60.0
2021-11-07 00:00:00.000039936,18.004,74.08,27.78,8.858091e-05,4.1152,50.0
2021-11-07 03:00:00.000039936,18.004,79.636,27.78,8.9186324e-05,5.6584,50.0
2021-11-07 06:00:00.000039936,18.004,83.34,27.78,8.998974e-05,6.6872,50.0
2021-11-07 09:00:00.000039936,18.004,88.895996,34.725,9.098784e-05,8.2304,45.0
2021-11-07 12:00:00.000039936,18.004,92.6,41.67,9.217642e-05,9.7736,45.0
2021-11-07 15:00:00.000039936,19.5472,92.6,41.67,9.374543e-05,11.8312,45.0
2021-11-07 18:00:00.000039936,20.576,92.6,41.67,9.548872e-05,14.4032,45.0
2021-11-07 21:00:00.000039936,20.576,83.34,43.985,9.758735e-05,16.9752,45.0
