Time,Vmax,Rmax_IBT,R34,fcor,u_trans,v_trans
2020-09-14 06:00:00.000039936,18.004,111.12,74.08,4.506766e-05,2.572,340.0
2020-09-14 09:00:00.000039936,19.5472,111.12,74.08,4.5551555e-05,3.0864,330.0
2020-09-14 12:00:00.000039936,20.576,111.12,74.08,4.627635e-05,3.0864,320.0
2020-09-14 15:00:00.000039936,22.1192,111.12,74.08,4.6999867e-05,3.6008,315.0
2020-09-14 18:00:00.000039936,23.148,111.12,74.08,4.748151e-05,3.6008,315.0
2020-09-14 21:00:00.000039936,23.148,111.12,74.08,4.796257e-05,3.6008,315.0
2020-09-15 00:00:00.000039936,23.148,111.12,74.08,4.868306e-05,3.6008,315.0
2020-09-15 03:00:00.000039936,23.148,111.12,74.08,4.916265e-05,3.6008,315.0
2020-09-15 06:00:00.000039936,23.148,111.12,74.08,4.9880902e-05,4.1152,310.0
2020-09-15 09:00:00.000039936,23.148,111.12,78.71,5.035898e-05,4.1152,305.0
2020-09-15 12:00:00.000039936,23.148,111.12,83.34,5.1074945e-05,4.6296,305.0
2020-09-15 15:00:00.000039936,23.148,111.12,83.34,5.178951e-05,4.6296,305.0
2020-09-15 18:00:00.000039936,23.148,111.12,83.34,5.22651e-05,5.144,300.0
2020-09-15 21:00:00.000039936,23.148,88.895996,92.6,5.2740055e-05,5.144,295.0
2020-09-16 00:00:00.000039936,23.148,64.82,101.86,5.321436e-05,4.6296,285.0
2020-09-16 03:00:00.000039936,22.1192,64.82,94.91499,5.345127e-05,4.1152,275.0
2020-09-16 06:00:00.000039936,20.576,64.82,87.97,5.345127e-05,4.1152,265.0
2020-09-16 09:00:00.000039936,19.5472,64.82,85.655,5.321436e-05,4.1152,260.0
2020-09-16 12:00:00.000039936,18.004,64.82,83.34,5.321436e-05,3.6008,270.0
2020-09-16 15:00:00.000039936,18.004,70.376,83.34,5.321436e-05,3.6008,280.0
2020-09-16 18:00:00.000039936,18.004,74.08,83.34,5.345127e-05,3.0864,280.0
2020-09-16 21:00:00.000039936,18.004,74.08,69.450005,5.345127e-05,3.0864,280.0
2020-09-17 00:00:00.000039936,18.004,74.08,55.56,5.3688025e-05,3.0864,280.0
2020-09-17 03:00:00.000039936,18.004,83.34,41.670002,5.392461e-05,4.1152,280.0
