Time,Vmax,Rmax_IBT,R34,fcor,u_trans,v_trans
2020-09-18 15:00:00.000039936,18.004,74.08,78.71,5.83877e-05,5.6584,35.0
2020-09-18 18:00:00.000039936,20.576,74.08,78.71,5.9551734e-05,6.6872,35.0
2020-09-18 21:00:00.000039936,23.148,101.86,113.435,6.0942573e-05,6.6872,35.0
2020-09-19 00:00:00.000039936,25.720001,129.64,148.16,6.20965e-05,4.6296,25.0
2020-09-19 03:00:00.000039936,25.720001,129.64,148.16,6.278661e-05,3.0864,0.0
2020-09-19 06:00:00.000039936,25.720001,129.64,148.16,6.3474974e-05,3.0864,350.0
2020-09-19 09:00:00.000039936,25.720001,120.38,148.16,6.416161e-05,3.0864,350.0
2020-09-19 12:00:00.000039936,25.720001,111.12,148.16,6.4846485e-05,2.0576,5.0
2020-09-19 15:00:00.000039936,25.720001,92.6,159.735,6.507438e-05,1.5432,40.0
2020-09-19 18:00:00.000039936,25.720001,74.08,171.31,6.530208e-05,1.5432,45.0
2020-09-19 21:00:00.000039936,25.720001,111.12,173.625,6.552959e-05,1.0288,25.0
2020-09-20 00:00:00.000039936,25.720001,148.16,175.94,6.575688e-05,1.0288,315.0
2020-09-20 03:00:00.000039936,25.720001,144.456,175.94,6.5983986e-05,2.0576,285.0
2020-09-20 06:00:00.000039936,25.720001,138.9,175.94,6.5983986e-05,1.5432,290.0
2020-09-20 09:00:00.000039936,25.720001,138.9,175.94,6.621089e-05,1.5432,305.0
2020-09-20 12:00:00.000039936,25.720001,138.9,175.94,6.643758e-05,3.0864,305.0
2020-09-20 15:00:00.000039936,27.2632,107.416,175.94,6.689037e-05,4.1152,300.0
2020-09-20 18:00:00.000039936,28.292,74.08,175.94,6.734234e-05,3.0864,290.0
2020-09-20 21:00:00.000039936,27.2632,92.6,173.625,6.734234e-05,2.0576,270.0
2020-09-21 00:00:00.000039936,25.720001,111.12,171.31,6.734234e-05,2.572,270.0
2020-09-21 03:00:00.000039936,24.6912,111.12,157.42,6.734234e-05,3.0864,280.0
2020-09-21 06:00:00.000039936,23.148,111.12,143.53,6.756802e-05,3.6008,285.0
2020-09-21 09:00:00.000039936,23.148,111.12,143.53,6.7793495e-05,3.6008,290.0
2020-09-21 12:00:00.000039936,23.148,111.12,143.53,6.801876e-05,3.0864,295.0
2020-09-21 15:00:00.000039936,22.1192,111.12,134.27,6.8243826e-05,2.572,305.0
2020-09-21 18:00:00.000039936,20.576,111.12,125.01,6.869332e-05,2.0576,305.0
2020-09-21 21:00:00.000039936,22.1192,74.08,111.119995,6.8917754e-05,1.5432,305.0
2020-09-22 00:00:00.000039936,23.148,37.04,97.229996,6.914198e-05,1.5432,315.0
