Time,Vmax,Rmax_IBT,R34,fcor,u_trans,v_trans
2020-09-14 12:00:00.000039936,20.576,166.68,166.68001,0.00010700863,0.5144,270.0
2020-09-14 15:00:00.000039936,23.148,166.68,236.13,0.00010700863,0.5144,270.0
2020-09-14 18:00:00.000039936,25.720001,166.68,305.58,0.00010700863,0.5144,260.0
2020-09-14 21:00:00.000039936,28.292,166.68,326.415,0.00010700863,1.0288,215.0
2020-09-15 00:00:00.000039936,30.864,166.68,347.25,0.0001066621,3.0864,190.0
2020-09-15 03:00:00.000039936,30.864,166.68,344.93503,0.000105965104,5.144,185.0
2020-09-15 06:00:00.000039936,30.864,166.68,342.62,0.00010490995,5.6584,175.0
2020-09-15 09:00:00.000039936,28.292,175.94,328.73,0.00010402188,5.144,165.0
2020-09-15 12:00:00.000039936,25.720001,185.2,314.84,0.000103125865,5.6584,160.0
2020-09-15 15:00:00.000039936,24.6912,185.2,289.375,0.00010204031,6.1728,155.0
2020-09-15 18:00:00.000039936,23.148,185.2,263.91,0.000101127116,6.1728,150.0
2020-09-15 21:00:00.000039936,22.1192,185.2,222.24,0.00010020622,6.1728,145.0
2020-09-16 00:00:00.000039936,20.576,185.2,180.57,9.92777e-05,6.1728,150.0
2020-09-16 03:00:00.000039936,20.576,185.2,166.68,9.834162e-05,5.6584,155.0
2020-09-16 06:00:00.000039936,20.576,185.2,152.79,9.7398035e-05,5.6584,160.0
2020-09-16 09:00:00.000039936,20.576,185.2,152.79,9.644705e-05,5.144,165.0
2020-09-16 12:00:00.000039936,20.576,185.2,152.79,9.548872e-05,5.144,170.0
2020-09-16 15:00:00.000039936,20.576,185.2,131.955,9.452311e-05,5.144,170.0
2020-09-16 18:00:00.000039936,20.576,185.2,111.12,9.35503e-05,5.6584,170.0
2020-09-16 21:00:00.000039936,19.5472,185.2,111.12,9.257037e-05,5.144,165.0
2020-09-17 00:00:00.000039936,18.004,185.2,111.12,9.1583395e-05,4.6296,150.0
2020-09-17 03:00:00.000039936,18.004,157.42,97.23,9.098784e-05,4.6296,135.0
2020-09-17 06:00:00.000039936,18.004,129.64,83.34,9.038981e-05,4.1152,130.0
2020-09-17 09:00:00.000039936,18.004,129.64,83.34,8.9789304e-05,4.6296,135.0
2020-09-17 12:00:00.000039936,18.004,129.64,83.34,8.9186324e-05,6.6872,135.0
2020-09-17 15:00:00.000039936,19.5472,129.64,78.71,8.8175955e-05,8.744801,125.0
2020-09-17 18:00:00.000039936,20.576,129.64,74.08,8.7158856e-05,9.7736,110.0
2020-09-17 21:00:00.000039936,22.1192,129.64,55.559998,8.675015e-05,10.288,90.0
2020-09-18 00:00:00.000039936,23.148,129.64,37.04,8.7158856e-05,9.7736,70.0
2020-09-18 03:00:00.000039936,23.148,129.64,39.355,8.8175955e-05,9.2592,50.0
2020-09-18 06:00:00.000039936,23.148,129.64,41.670002,8.958859e-05,8.2304,40.0
2020-09-18 09:00:00.000039936,23.148,83.34,41.670002,9.058944e-05,6.6872,40.0
2020-09-18 12:00:00.000039936,23.148,37.04,41.670002,9.1583395e-05,6.6872,40.0
2020-09-18 15:00:00.000039936,23.148,37.04,41.670002,9.257037e-05,7.2016,45.0
2020-09-18 18:00:00.000039936,23.148,37.04,41.670002,9.35503e-05,7.716,50.0
