Time,Vmax,Rmax_IBT,R34,fcor,u_trans,v_trans
2005-10-17 06:00:00.000039936,18.004,64.82,18.52,4.239659e-05,3.0864,185.0
2005-10-17 09:00:00.000039936,19.5472,64.82,32.41,4.1665367e-05,3.0864,190.0
2005-10-17 12:00:00.000039936,20.576,64.82,46.300003,4.093299e-05,2.572,195.0
2005-10-17 15:00:00.000039936,22.1192,64.82,64.82,4.0444127e-05,1.5432,195.0
2005-10-17 18:00:00.000039936,23.148,64.82,83.340004,4.0199502e-05,1.5432,205.0
2005-10-17 21:00:00.000039936,25.720001,51.856,97.229996,3.995476e-05,1.0288,205.0
2005-10-18 00:00:00.000039936,28.292,37.04,111.12,3.9709896e-05,1.0288,0.0
2005-10-18 03:00:00.000039936,29.835201,37.04,108.805,3.9464914e-05,0.5144,0.0
2005-10-18 06:00:00.000039936,30.864,37.04,106.49,3.9464914e-05,1.5432,325.0
2005-10-18 09:00:00.000039936,32.4072,33.336,131.492,3.995476e-05,3.0864,320.0
2005-10-18 12:00:00.000039936,33.436,27.78,155.105,4.0688625e-05,4.1152,310.0
2005-10-18 15:00:00.000039936,36.008,27.78,164.828,4.1177245e-05,4.6296,300.0
2005-10-18 18:00:00.000039936,38.58,27.78,173.625,4.1665367e-05,4.1152,280.0
2005-10-18 21:00:00.000039936,52.9832,24.076,191.682,4.1665367e-05,3.6008,270.0
2005-10-19 00:00:00.000039936,66.872,18.52,208.35,4.1665367e-05,2.572,290.0
2005-10-19 03:00:00.000039936,72.016,18.52,211.12799,4.2152973e-05,3.0864,315.0
2005-10-19 06:00:00.000039936,77.16,18.52,212.98001,4.2640077e-05,3.0864,310.0
2005-10-19 09:00:00.000039936,79.732,18.52,228.259,4.3126656e-05,3.0864,300.0
2005-10-19 12:00:00.000039936,82.304,18.52,243.07498,4.3369746e-05,3.0864,285.0
2005-10-19 15:00:00.000039936,77.16,14.816,272.244,4.3369746e-05,3.0864,280.0
2005-10-19 18:00:00.000039936,72.016,9.26,300.95,4.3612705e-05,3.0864,300.0
2005-10-19 21:00:00.000039936,70.9872,9.26,303.265,4.409823e-05,4.1152,310.0
2005-10-20 00:00:00.000039936,69.444,9.26,305.58002,4.4825505e-05,3.6008,300.0
2005-10-20 03:00:00.000039936,68.4152,9.26,305.58002,4.506766e-05,3.6008,285.0
2005-10-20 06:00:00.000039936,66.872,9.26,305.58002,4.5309676e-05,3.0864,285.0
2005-10-20 09:00:00.000039936,66.872,27.78,300.024,4.5551555e-05,2.572,295.0
2005-10-20 12:00:00.000039936,66.872,46.3,294.00497,4.5793287e-05,2.0576,305.0
2005-10-20 15:00:00.000039936,66.872,46.3,290.76398,4.6034886e-05,2.0576,315.0
2005-10-20 18:00:00.000039936,66.872,46.3,287.06,4.651767e-05,2.572,325.0
2005-10-20 21:00:00.000039936,66.872,42.596,287.06,4.6999867e-05,3.0864,330.0
2005-10-21 00:00:00.000039936,66.872,37.04,287.06,4.7722115e-05,2.572,330.0
2005-10-21 03:00:00.000039936,66.872,37.04,287.06,4.8202877e-05,2.572,325.0
2005-10-21 06:00:00.000039936,66.872,37.04,287.06,4.868306e-05,3.0864,330.0
2005-10-21 09:00:00.000039936,65.8432,37.04,287.523,4.9402213e-05,3.6008,335.0
2005-10-21 12:00:00.000039936,64.3,37.04,287.06,5.012002e-05,2.572,325.0
2005-10-21 15:00:00.000039936,63.271202,37.04,287.06,5.035898e-05,1.5432,305.0
2005-10-21 18:00:00.000039936,61.728,37.04,287.06,5.059779e-05,2.0576,330.0
2005-10-21 21:00:00.000039936,65.8432,33.336,287.06,5.131329e-05,2.572,345.0
2005-10-21 21:45:00.000039936,66.872,31.484,287.06,5.131329e-05,0.5144,345.0
2005-10-22 00:00:00.000039936,61.728,27.78,287.06,5.131329e-05,1.0288,335.0
