Time,Vmax,Rmax_IBT,R34,fcor,u_trans,v_trans
2020-10-05 09:00:00.000039936,18.004,74.08,33.953335,4.1177245e-05,3.6008,270.0
2020-10-05 12:00:00.000039936,20.576,55.56,50.93,4.1177245e-05,3.6008,270.0
2020-10-05 15:00:00.000039936,24.6912,46.3,69.45,4.1177245e-05,3.6008,270.0
2020-10-05 18:00:00.000039936,28.292,37.04,87.97,4.1177245e-05,3.6008,275.0
2020-10-05 21:00:00.000039936,30.864,27.78,90.284996,4.142137e-05,3.6008,285.0
2020-10-06 00:00:00.000039936,33.436,18.52,92.600006,4.1665367e-05,4.1152,295.0
2020-10-06 03:00:00.000039936,36.008,18.52,101.86,4.2152973e-05,5.144,300.0
2020-10-06 06:00:00.000039936,38.58,18.52,111.119995,4.288343e-05,6.1728,300.0
2020-10-06 09:00:00.000039936,45.2672,18.52,122.69499,4.3612705e-05,7.2016,300.0
2020-10-06 12:00:00.000039936,51.440002,18.52,134.27,4.458322e-05,7.716,300.0
2020-10-06 15:00:00.000039936,56.584,18.52,138.9,4.5309676e-05,7.2016,300.0
2020-10-06 18:00:00.000039936,61.728,18.52,143.53,4.627635e-05,7.2016,300.0
2020-10-06 21:00:00.000039936,56.584,18.52,145.845,4.7240763e-05,7.716,305.0
2020-10-07 00:00:00.000039936,51.440002,18.52,148.16,4.8202877e-05,7.716,305.0
2020-10-07 03:00:00.000039936,48.868,18.52,159.73499,4.916265e-05,7.716,305.0
2020-10-07 06:00:00.000039936,46.296,18.52,171.31,5.012002e-05,7.716,305.0
2020-10-07 09:00:00.000039936,46.296,18.52,174.551,5.1074945e-05,8.2304,305.0
