Time,Vmax,Rmax_IBT,R34,fcor,u_trans,v_trans
2005-10-27 06:00:00.000039936,18.004,37.04,46.300003,2.7827968e-05,1.5432,345.0
2005-10-27 09:00:00.000039936,20.576,33.336,54.170998,2.807779e-05,1.5432,0.0
2005-10-27 12:00:00.000039936,23.148,27.78,60.19,2.857718e-05,1.5432,0.0
2005-10-27 15:00:00.000039936,24.6912,24.076,60.19,2.882674e-05,1.5432,0.0
2005-10-27 18:00:00.000039936,25.720001,18.52,60.19,2.9325609e-05,1.5432,10.0
2005-10-27 21:00:00.000039936,25.720001,18.52,60.19,2.9574905e-05,1.5432,15.0
2005-10-28 00:00:00.000039936,25.720001,18.52,60.19,3.0073232e-05,2.0576,15.0
2005-10-28 03:00:00.000039936,25.720001,18.52,60.19,3.0571195e-05,2.0576,15.0
2005-10-28 06:00:00.000039936,25.720001,18.52,60.19,3.1068776e-05,2.572,15.0
2005-10-28 09:00:00.000039936,25.720001,18.52,60.19,3.1814445e-05,2.572,10.0
2005-10-28 12:00:00.000039936,25.720001,18.52,60.19,3.231108e-05,2.572,5.0
2005-10-28 15:00:00.000039936,25.720001,24.076,62.504997,3.280731e-05,2.0576,345.0
2005-10-28 18:00:00.000039936,25.720001,27.78,64.82,3.330315e-05,1.5432,340.0
2005-10-28 21:00:00.000039936,28.292,27.78,70.376,3.3550914e-05,1.0288,335.0
2005-10-29 00:00:00.000039936,30.864,27.78,74.08,3.3798577e-05,1.0288,320.0
2005-10-29 03:00:00.000039936,33.436,24.076,79.636,3.404614e-05,1.5432,315.0
2005-10-29 06:00:00.000039936,36.008,18.52,83.34,3.4293596e-05,1.0288,310.0
2005-10-29 09:00:00.000039936,37.5512,18.52,88.895996,3.454095e-05,1.0288,295.0
2005-10-29 12:00:00.000039936,38.58,18.52,92.6,3.454095e-05,1.5432,280.0
2005-10-29 15:00:00.000039936,38.58,18.52,92.6,3.454095e-05,2.572,270.0
2005-10-29 18:00:00.000039936,38.58,18.52,92.6,3.454095e-05,2.572,265.0
2005-10-29 21:00:00.000039936,42.6952,18.52,92.6,3.454095e-05,2.572,260.0
2005-10-30 00:00:00.000039936,46.296,18.52,92.6,3.4293596e-05,2.572,250.0
2005-10-30 03:00:00.000039936,48.868,18.52,92.6,3.404614e-05,3.0864,240.0
2005-10-30 06:00:00.000039936,51.440002,18.52,92.6,3.3550914e-05,3.0864,230.0
2005-10-30 09:00:00.000039936,48.868,18.52,92.6,3.305528e-05,3.0864,225.0
