Time,Vmax,Rmax_IBT,R34,fcor,u_trans,v_trans
2020-10-19 12:00:00.000039936,18.004,203.72,185.2,6.255676e-05,1.0288,115.0
2020-10-19 15:00:00.000039936,19.5472,194.46,210.66501,6.2326726e-05,1.0288,120.0
2020-10-19 18:00:00.000039936,20.576,185.2,236.13,6.2326726e-05,1.0288,130.0
2020-10-19 21:00:00.000039936,20.576,166.68,256.965,6.20965e-05,1.0288,120.0
2020-10-20 00:00:00.000039936,20.576,148.16,277.8,6.20965e-05,1.0288,75.0
2020-10-20 03:00:00.000039936,22.1192,138.9,287.06,6.2326726e-05,2.0576,40.0
2020-10-20 06:00:00.000039936,23.148,129.64,296.32,6.278661e-05,3.0864,30.0
2020-10-20 09:00:00.000039936,24.6912,120.38,310.21,6.3474974e-05,3.6008,15.0
2020-10-20 12:00:00.000039936,25.720001,111.12,324.09998,6.43901e-05,5.144,350.0
2020-10-20 15:00:00.000039936,27.2632,92.6,340.305,6.552959e-05,6.1728,335.0
2020-10-20 18:00:00.000039936,28.292,74.08,356.51,6.689037e-05,6.6872,325.0
2020-10-20 21:00:00.000039936,30.864,55.56,372.715,6.8243826e-05,6.6872,320.0
2020-10-21 00:00:00.000039936,33.436,37.04,388.92,6.914198e-05,6.6872,305.0
2020-10-21 03:00:00.000039936,36.008,33.336,388.92,6.981338e-05,6.6872,290.0
2020-10-21 06:00:00.000039936,38.58,27.78,388.92,7.003676e-05,5.6584,280.0
2020-10-21 09:00:00.000039936,41.152,24.076,393.55,7.025991e-05,4.6296,285.0
2020-10-21 12:00:00.000039936,43.724,18.52,398.18,7.048288e-05,4.6296,290.0
2020-10-21 15:00:00.000039936,47.8392,14.816,402.81,7.092813e-05,4.6296,295.0
2020-10-21 18:00:00.000039936,51.440002,9.26,407.44,7.137252e-05,4.1152,290.0
2020-10-21 21:00:00.000039936,51.440002,9.26,402.81,7.159438e-05,3.6008,285.0
2020-10-22 00:00:00.000039936,51.440002,9.26,398.18,7.181604e-05,3.6008,310.0
2020-10-22 03:00:00.000039936,48.868,9.26,393.55,7.247968e-05,4.1152,330.0
2020-10-22 06:00:00.000039936,46.296,9.26,388.92,7.336144e-05,4.1152,330.0
2020-10-22 09:00:00.000039936,43.724,14.816,375.03,7.402041e-05,3.6008,330.0
2020-10-22 12:00:00.000039936,41.152,18.52,361.14,7.467736e-05,3.6008,340.0
2020-10-22 15:00:00.000039936,40.1232,18.52,354.195,7.533226e-05,3.6008,345.0
2020-10-22 18:00:00.000039936,38.58,18.52,347.25,7.620224e-05,3.6008,350.0
2020-10-22 21:00:00.000039936,38.58,18.52,358.825,7.6852295e-05,3.6008,355.0
2020-10-23 00:00:00.000039936,38.58,18.52,370.4,7.771575e-05,3.6008,355.0
2020-10-23 03:00:00.000039936,38.58,24.076,379.66,7.8360856e-05,3.6008,0.0
2020-10-23 06:00:00.000039936,38.58,27.78,388.92,7.921766e-05,3.6008,0.0
2020-10-23 09:00:00.000039936,38.58,33.336,393.55002,8.007058e-05,4.1152,0.0
2020-10-23 12:00:00.000039936,38.58,37.04,398.18,8.0919635e-05,5.144,360.0
2020-10-23 15:00:00.000039936,38.58,46.3,414.385,8.2185776e-05,6.1728,355.0
2020-10-23 18:00:00.000039936,38.58,55.56,430.59,8.34429e-05,6.6872,350.0
2020-10-23 21:00:00.000039936,38.58,64.82,453.74,8.469088e-05,6.1728,350.0
2020-10-24 00:00:00.000039936,38.58,74.08,476.89,8.592957e-05,5.144,345.0
2020-10-24 03:00:00.000039936,38.58,83.34,486.15002,8.675015e-05,3.6008,355.0
2020-10-24 06:00:00.000039936,38.58,92.6,495.41,8.7362794e-05,3.0864,25.0
2020-10-24 09:00:00.000039936,38.58,101.86,509.3,8.7973065e-05,4.6296,45.0
2020-10-24 12:00:00.000039936,38.58,111.12,523.19,8.858091e-05,6.6872,50.0
2020-10-24 15:00:00.000039936,37.5512,111.12,532.45,8.958859e-05,8.744801,45.0
2020-10-24 18:00:00.000039936,36.008,111.12,541.71,9.098784e-05,10.802401,45.0
2020-10-24 21:00:00.000039936,34.979202,111.12,541.70996,9.257037e-05,11.8312,45.0
2020-10-25 00:00:00.000039936,33.436,111.12,541.70996,9.4329116e-05,12.3456,45.0
2020-10-25 03:00:00.000039936,33.436,111.12,530.135,9.606459e-05,12.860001,45.0
2020-10-25 06:00:00.000039936,33.436,111.12,518.56,9.758735e-05,13.3744,55.0
2020-10-25 09:00:00.000039936,33.436,111.12,511.615,9.871694e-05,14.4032,65.0
2020-10-25 12:00:00.000039936,33.436,111.12,504.67,0.00010002111,16.9752,65.0
2020-10-25 15:00:00.000039936,32.4072,120.38,502.355,0.000101493315,20.0616,65.0
2020-10-25 18:00:00.000039936,30.864,129.64,500.04,0.000103125865,22.1192,65.0
2020-10-25 21:00:00.000039936,30.864,138.9,469.945,0.00010490995,23.148,60.0
2020-10-26 00:00:00.000039936,30.864,148.16,439.85,0.00010700863,24.6912,60.0
2020-10-26 03:00:00.000039936,30.864,157.42,435.22,0.0001088912,25.2056,60.0
2020-10-26 06:00:00.000039936,30.864,166.68,430.59,0.00011089913,24.6912,60.0
2020-10-26 09:00:00.000039936,30.864,175.94,425.96,0.00011301946,24.1768,55.0
