Time,Vmax,Rmax_IBT,R34,fcor,u_trans,v_trans
2020-10-25 00:00:00.000039936,18.004,111.12,27.78,4.506766e-05,2.0576,220.0
2020-10-25 03:00:00.000039936,19.5472,120.38,30.095,4.458322e-05,2.0576,225.0
2020-10-25 06:00:00.000039936,20.576,129.64,32.41,4.4340795e-05,1.0288,240.0
2020-10-25 09:00:00.000039936,22.1192,129.64,32.41,4.4340795e-05,0.5144,315.0
2020-10-25 12:00:00.000039936,23.148,129.64,32.41,4.458322e-05,1.0288,335.0
2020-10-25 15:00:00.000039936,24.6912,129.64,67.135,4.4825505e-05,1.0288,335.0
2020-10-25 18:00:00.000039936,25.720001,129.64,101.86,4.506766e-05,1.0288,335.0
2020-10-25 21:00:00.000039936,27.2632,111.12,115.75,4.5309676e-05,1.0288,335.0
2020-10-26 00:00:00.000039936,28.292,92.6,129.64,4.5551555e-05,1.5432,325.0
2020-10-26 03:00:00.000039936,30.864,74.08,129.64,4.5793287e-05,2.0576,315.0
2020-10-26 06:00:00.000039936,33.436,55.56,129.64,4.627635e-05,3.0864,305.0
2020-10-26 09:00:00.000039936,33.436,55.56,129.64,4.675884e-05,4.1152,300.0
2020-10-26 12:00:00.000039936,33.436,55.56,129.64,4.7240763e-05,4.6296,300.0
2020-10-26 15:00:00.000039936,34.979202,46.3,138.90001,4.7722115e-05,5.144,300.0
2020-10-26 18:00:00.000039936,36.008,37.04,148.16,4.844305e-05,5.144,300.0
2020-10-26 21:00:00.000039936,36.008,37.04,157.42,4.892293e-05,5.144,300.0
2020-10-27 00:00:00.000039936,36.008,37.04,166.68001,4.9641636e-05,6.1728,305.0
2020-10-27 03:00:00.000039936,38.0656,37.04,166.68001,5.059779e-05,7.2016,305.0
