Time,Vmax,Rmax_IBT,R34,fcor,u_trans,v_trans
2020-11-01 00:00:00.000039936,18.004,92.6,46.3,3.7500762e-05,6.6872,270.0
2020-11-01 03:00:00.000039936,18.004,92.6,46.3,3.7500762e-05,7.716,270.0
2020-11-01 06:00:00.000039936,18.004,92.6,46.3,3.7500762e-05,7.716,270.0
2020-11-01 09:00:00.000039936,19.5472,92.6,46.3,3.7500762e-05,7.716,270.0
2020-11-01 12:00:00.000039936,20.576,92.6,46.3,3.7500762e-05,7.716,270.0
2020-11-01 15:00:00.000039936,23.148,79.636,74.08,3.7500762e-05,7.716,270.0
2020-11-01 18:00:00.000039936,25.720001,64.82,101.86,3.7500762e-05,6.6872,270.0
2020-11-01 21:00:00.000039936,28.292,51.856,118.065,3.7500762e-05,6.1728,270.0
2020-11-02 00:00:00.000039936,30.864,37.04,134.26999,3.7500762e-05,5.6584,270.0
2020-11-02 03:00:00.000039936,33.436,37.04,141.215,3.7500762e-05,5.144,270.0
2020-11-02 06:00:00.000039936,36.008,37.04,148.16,3.7500762e-05,4.6296,265.0
2020-11-02 09:00:00.000039936,41.152,27.78,143.53,3.7500762e-05,4.1152,265.0
2020-11-02 12:00:00.000039936,46.296,18.52,138.9,3.7254722e-05,4.1152,265.0
2020-11-02 15:00:00.000039936,52.9832,18.52,141.215,3.7254722e-05,4.1152,265.0
2020-11-02 18:00:00.000039936,59.156002,18.52,143.53,3.700857e-05,3.6008,250.0
2020-11-02 21:00:00.000039936,63.271202,14.816,143.53,3.651592e-05,3.0864,230.0
2020-11-03 00:00:00.000039936,66.872,9.26,143.53,3.6022833e-05,3.0864,230.0
2020-11-03 03:00:00.000039936,66.872,9.26,143.53,3.5529305e-05,2.572,230.0
2020-11-03 06:00:00.000039936,66.872,9.26,143.53,3.5282377e-05,2.572,215.0
2020-11-03 09:00:00.000039936,65.8432,9.26,145.845,3.47882e-05,2.0576,205.0
2020-11-03 12:00:00.000039936,64.3,9.26,148.16,3.4293596e-05,1.0288,225.0
2020-11-03 15:00:00.000039936,63.271202,14.816,145.845,3.4293596e-05,1.0288,295.0
2020-11-03 18:00:00.000039936,61.728,18.52,143.53,3.454095e-05,2.0576,300.0
