Time,Vmax,Rmax_IBT,R34,fcor,u_trans,v_trans
2020-11-09 12:00:00.000039936,18.004,129.64,32.41,7.025991e-05,5.6584,85.0
2020-11-09 15:00:00.000039936,19.5472,129.64,48.614998,7.025991e-05,5.6584,90.0
2020-11-09 18:00:00.000039936,20.576,129.64,64.82,7.025991e-05,6.1728,90.0
2020-11-09 21:00:00.000039936,23.148,101.86,94.91499,7.025991e-05,6.1728,90.0
2020-11-10 00:00:00.000039936,25.720001,74.08,125.009995,7.025991e-05,6.6872,90.0
2020-11-10 03:00:00.000039936,27.2632,74.08,138.9,7.025991e-05,6.6872,90.0
2020-11-10 06:00:00.000039936,28.292,74.08,152.79001,7.025991e-05,6.6872,90.0
2020-11-10 09:00:00.000039936,29.835201,64.82,168.995,7.025991e-05,6.6872,85.0
2020-11-10 12:00:00.000039936,30.864,55.56,185.2,7.048288e-05,6.6872,85.0
2020-11-10 15:00:00.000039936,30.864,55.56,185.2,7.048288e-05,5.6584,85.0
2020-11-10 18:00:00.000039936,30.864,55.56,185.2,7.07056e-05,5.144,80.0
2020-11-10 21:00:00.000039936,29.835201,64.82,212.98,7.092813e-05,4.1152,75.0
2020-11-11 00:00:00.000039936,28.292,74.08,240.76,7.115043e-05,4.1152,75.0
2020-11-11 03:00:00.000039936,28.292,74.08,240.76,7.137252e-05,4.1152,75.0
2020-11-11 06:00:00.000039936,28.292,74.08,240.76,7.159438e-05,4.6296,80.0
2020-11-11 09:00:00.000039936,28.292,74.08,245.39,7.181604e-05,5.144,80.0
2020-11-11 12:00:00.000039936,28.292,74.08,250.01999,7.2037474e-05,6.1728,70.0
2020-11-11 15:00:00.000039936,28.292,74.08,250.01999,7.270045e-05,6.6872,60.0
2020-11-11 18:00:00.000039936,28.292,74.08,250.01999,7.3581316e-05,5.6584,45.0
2020-11-11 21:00:00.000039936,29.835201,64.82,250.02,7.4458614e-05,5.144,35.0
2020-11-12 00:00:00.000039936,30.864,55.56,250.01999,7.533226e-05,4.6296,45.0
2020-11-12 03:00:00.000039936,29.835201,55.56,250.01999,7.5985095e-05,5.144,65.0
2020-11-12 06:00:00.000039936,28.292,55.56,250.01999,7.620224e-05,5.6584,80.0
2020-11-12 09:00:00.000039936,28.292,55.56,250.01999,7.620224e-05,6.1728,90.0
2020-11-12 12:00:00.000039936,28.292,55.56,250.01999,7.620224e-05,6.1728,85.0
2020-11-12 15:00:00.000039936,28.292,55.56,252.33499,7.641916e-05,6.1728,80.0
2020-11-12 18:00:00.000039936,28.292,55.56,254.65,7.663584e-05,6.1728,80.0
2020-11-12 21:00:00.000039936,27.2632,74.08,256.965,7.6852295e-05,5.6584,80.0
2020-11-13 00:00:00.000039936,25.720001,92.6,259.28,7.70685e-05,5.6584,85.0
2020-11-13 03:00:00.000039936,25.720001,92.6,259.28,7.70685e-05,5.6584,90.0
2020-11-13 06:00:00.000039936,25.720001,92.6,259.28,7.70685e-05,5.6584,90.0
2020-11-13 09:00:00.000039936,24.6912,92.6,259.28,7.70685e-05,5.144,90.0
2020-11-13 12:00:00.000039936,23.148,92.6,259.28,7.70685e-05,5.144,85.0
2020-11-13 15:00:00.000039936,23.148,92.6,252.33499,7.70685e-05,4.6296,85.0
2020-11-13 18:00:00.000039936,23.148,92.6,245.39,7.728449e-05,4.6296,85.0
2020-11-13 21:00:00.000039936,22.1192,101.86,217.61,7.728449e-05,4.1152,90.0
2020-11-14 00:00:00.000039936,20.576,111.12,189.82999,7.728449e-05,4.1152,95.0
2020-11-14 03:00:00.000039936,19.5472,111.12,131.955,7.728449e-05,4.1152,95.0
2020-11-14 06:00:00.000039936,18.004,111.12,74.08,7.70685e-05,3.6008,100.0
2020-11-14 09:00:00.000039936,18.004,111.12,92.600006,7.6852295e-05,3.6008,100.0
2020-11-14 12:00:00.000039936,18.004,111.12,111.12,7.6852295e-05,3.6008,100.0
2020-11-14 15:00:00.000039936,18.004,111.12,111.12,7.663584e-05,3.6008,100.0
2020-11-14 18:00:00.000039936,18.004,111.12,111.12,7.663584e-05,3.6008,95.0
2020-11-14 21:00:00.000039936,18.004,111.12,92.600006,7.663584e-05,3.0864,90.0
