Time,Vmax,Rmax_IBT,R34,fcor,u_trans,v_trans
2005-11-29 12:00:00.000039936,23.148,185.2,118.065,7.641916e-05,3.6008,265.0
2005-11-29 15:00:00.000039936,23.148,185.2,118.065,7.620224e-05,3.6008,255.0
2005-11-29 18:00:00.000039936,23.148,185.2,118.065,7.5985095e-05,3.0864,260.0
2005-11-29 21:00:00.000039936,23.148,120.38,128.714,7.5985095e-05,3.0864,270.0
2005-11-30 00:00:00.000039936,23.148,55.56,138.9,7.5985095e-05,3.6008,260.0
2005-11-30 03:00:00.000039936,24.6912,55.56,139.363,7.576771e-05,4.6296,250.0
2005-11-30 06:00:00.000039936,25.720001,55.56,138.9,7.533226e-05,4.6296,250.0
2005-11-30 09:00:00.000039936,27.2632,55.56,135.659,7.511419e-05,4.6296,250.0
2005-11-30 12:00:00.000039936,28.292,55.56,131.955,7.467736e-05,5.144,235.0
2005-11-30 15:00:00.000039936,27.2632,55.56,128.71399,7.402041e-05,4.6296,220.0
2005-11-30 18:00:00.000039936,25.720001,55.56,125.009995,7.314133e-05,3.6008,195.0
2005-11-30 21:00:00.000039936,25.720001,55.56,125.009995,7.247968e-05,2.572,140.0
2005-12-01 00:00:00.000039936,25.720001,55.56,125.009995,7.2258685e-05,3.6008,95.0
2005-12-01 03:00:00.000039936,25.720001,55.56,132.881,7.247968e-05,5.144,75.0
2005-12-01 06:00:00.000039936,25.720001,55.56,138.9,7.2921e-05,5.6584,55.0
2005-12-01 09:00:00.000039936,25.720001,55.56,138.9,7.380098e-05,5.6584,40.0
2005-12-01 12:00:00.000039936,25.720001,55.56,138.9,7.467736e-05,4.6296,40.0
2005-12-01 15:00:00.000039936,27.2632,55.56,153.716,7.533226e-05,4.1152,40.0
2005-12-01 18:00:00.000039936,28.292,55.56,166.68,7.5985095e-05,4.1152,45.0
2005-12-01 21:00:00.000039936,28.292,55.56,166.68,7.641916e-05,4.1152,50.0
2005-12-02 00:00:00.000039936,28.292,55.56,166.68,7.70685e-05,4.1152,50.0
2005-12-02 03:00:00.000039936,28.292,55.56,160.198,7.771575e-05,4.6296,50.0
2005-12-02 06:00:00.000039936,28.292,55.56,152.79,7.8360856e-05,5.144,45.0
2005-12-02 09:00:00.000039936,29.835201,55.56,152.79,7.900381e-05,5.144,45.0
2005-12-02 12:00:00.000039936,30.864,55.56,152.79,7.9857724e-05,5.6584,50.0
2005-12-02 15:00:00.000039936,32.4072,42.596,160.198,8.070772e-05,5.6584,50.0
2005-12-02 18:00:00.000039936,33.436,27.78,166.68,8.134267e-05,4.6296,55.0
2005-12-02 21:00:00.000039936,33.436,27.78,175.94,8.176471e-05,4.1152,60.0
2005-12-03 00:00:00.000039936,33.436,27.78,185.2,8.2185776e-05,3.6008,65.0
2005-12-03 03:00:00.000039936,33.436,27.78,185.2,8.239592e-05,4.1152,75.0
2005-12-03 06:00:00.000039936,33.436,27.78,185.2,8.2605824e-05,4.6296,85.0
2005-12-03 09:00:00.000039936,33.436,27.78,185.2,8.2605824e-05,5.144,90.0
2005-12-03 12:00:00.000039936,33.436,27.78,185.2,8.2605824e-05,5.144,90.0
2005-12-03 15:00:00.000039936,33.436,27.78,185.2,8.2605824e-05,5.6584,90.0
2005-12-03 18:00:00.000039936,33.436,27.78,185.2,8.2605824e-05,5.6584,95.0
2005-12-03 21:00:00.000039936,33.436,33.336,177.32901,8.239592e-05,6.1728,100.0
2005-12-04 00:00:00.000039936,33.436,37.04,168.995,8.2185776e-05,5.6584,95.0
2005-12-04 03:00:00.000039936,33.436,37.04,165.754,8.2185776e-05,5.144,85.0
2005-12-04 06:00:00.000039936,33.436,37.04,162.04999,8.239592e-05,5.144,90.0
2005-12-04 09:00:00.000039936,34.979202,37.04,156.49399,8.239592e-05,5.6584,95.0
2005-12-04 12:00:00.000039936,36.008,37.04,150.475,8.2185776e-05,5.144,95.0
2005-12-04 15:00:00.000039936,36.008,37.04,150.475,8.2185776e-05,4.1152,90.0
2005-12-04 18:00:00.000039936,36.008,37.04,150.475,8.2185776e-05,4.1152,90.0
2005-12-04 21:00:00.000039936,36.008,37.04,150.475,8.2185776e-05,4.1152,95.0
2005-12-05 00:00:00.000039936,36.008,37.04,150.475,8.197536e-05,4.6296,100.0
2005-12-05 03:00:00.000039936,37.5512,37.04,150.475,8.176471e-05,4.6296,100.0
2005-12-05 06:00:00.000039936,38.58,37.04,150.475,8.155382e-05,5.144,100.0
2005-12-05 09:00:00.000039936,38.58,37.04,150.475,8.134267e-05,5.144,100.0
2005-12-05 12:00:00.000039936,38.58,37.04,150.475,8.113127e-05,4.6296,100.0
2005-12-05 15:00:00.000039936,37.5512,37.04,150.475,8.113127e-05,4.1152,100.0
2005-12-05 18:00:00.000039936,36.008,37.04,150.475,8.0919635e-05,4.1152,105.0
2005-12-05 21:00:00.000039936,34.979202,37.04,156.494,8.070772e-05,3.6008,115.0
2005-12-06 00:00:00.000039936,33.436,37.04,162.05,8.028322e-05,2.572,125.0
2005-12-06 03:00:00.000039936,33.436,37.04,174.088,8.007058e-05,1.5432,165.0
2005-12-06 06:00:00.000039936,33.436,37.04,185.2,7.9644604e-05,3.0864,175.0
2005-12-06 09:00:00.000039936,33.436,42.596,194.45999,7.878973e-05,4.1152,180.0
2005-12-06 12:00:00.000039936,33.436,46.3,203.72,7.793102e-05,4.1152,195.0
2005-12-06 15:00:00.000039936,33.436,46.3,200.479,7.70685e-05,4.1152,210.0
2005-12-06 18:00:00.000039936,33.436,46.3,196.775,7.641916e-05,4.6296,215.0
2005-12-06 21:00:00.000039936,33.436,46.3,192.608,7.5550095e-05,5.144,215.0
2005-12-07 00:00:00.000039936,33.436,46.3,187.515,7.467736e-05,5.6584,225.0
2005-12-07 03:00:00.000039936,33.436,46.3,193.534,7.380098e-05,6.1728,235.0
2005-12-07 06:00:00.000039936,33.436,46.3,199.09,7.314133e-05,6.1728,235.0
2005-12-07 09:00:00.000039936,33.436,46.3,206.035,7.2258685e-05,6.1728,235.0
2005-12-07 12:00:00.000039936,33.436,46.3,212.98001,7.159438e-05,6.1728,235.0
2005-12-07 15:00:00.000039936,32.4072,46.3,194.45999,7.07056e-05,5.6584,230.0
2005-12-07 18:00:00.000039936,30.864,46.3,175.93999,7.003676e-05,4.6296,230.0
2005-12-07 21:00:00.000039936,28.292,46.3,164.828,6.958979e-05,4.1152,230.0
2005-12-08 00:00:00.000039936,25.720001,46.3,152.79,6.8917754e-05,4.1152,220.0
2005-12-08 03:00:00.000039936,22.1192,51.856,118.528,6.801876e-05,4.6296,210.0
