Time,Vmax,Rmax_IBT,R34,fcor,u_trans,v_trans
2020-11-13 18:00:00.000039936,18.004,148.16,74.08,3.5282377e-05,3.0864,225.0
2020-11-13 21:00:00.000039936,18.004,148.16,74.08,3.47882e-05,3.0864,225.0
2020-11-14 00:00:00.000039936,18.004,148.16,74.08,3.4293596e-05,2.572,230.0
2020-11-14 03:00:00.000039936,18.004,138.9,74.08,3.3798577e-05,3.0864,240.0
2020-11-14 06:00:00.000039936,18.004,129.64,74.08,3.3550914e-05,3.6008,240.0
2020-11-14 09:00:00.000039936,19.5472,116.676,74.08,3.305528e-05,4.1152,240.0
2020-11-14 12:00:00.000039936,20.576,101.86,74.08,3.2559245e-05,4.6296,240.0
2020-11-14 15:00:00.000039936,22.1192,88.895996,74.08,3.206281e-05,4.1152,240.0
2020-11-14 18:00:00.000039936,23.148,74.08,74.08,3.156599e-05,2.572,250.0
2020-11-14 21:00:00.000039936,25.720001,70.376,99.545006,3.156599e-05,1.5432,290.0
2020-11-15 00:00:00.000039936,28.292,64.82,125.009995,3.1814445e-05,2.0576,320.0
2020-11-15 03:00:00.000039936,30.864,51.856,134.27,3.231108e-05,3.0864,315.0
2020-11-15 06:00:00.000039936,33.436,37.04,143.53,3.280731e-05,3.6008,295.0
2020-11-15 09:00:00.000039936,34.979202,37.04,155.10501,3.305528e-05,4.6296,275.0
2020-11-15 12:00:00.000039936,36.008,37.04,166.68,3.305528e-05,4.6296,275.0
2020-11-15 15:00:00.000039936,37.5512,37.04,182.88501,3.330315e-05,4.6296,275.0
2020-11-15 18:00:00.000039936,38.58,37.04,199.09,3.330315e-05,4.6296,270.0
2020-11-15 21:00:00.000039936,42.6952,33.336,215.295,3.330315e-05,4.6296,270.0
2020-11-16 00:00:00.000039936,46.296,27.78,231.5,3.330315e-05,4.6296,275.0
2020-11-16 03:00:00.000039936,54.012,24.076,245.38998,3.3550914e-05,4.6296,285.0
2020-11-16 06:00:00.000039936,61.728,18.52,259.28,3.3798577e-05,4.1152,280.0
2020-11-16 09:00:00.000039936,65.8432,18.52,270.855,3.404614e-05,4.1152,275.0
2020-11-16 12:00:00.000039936,69.444,18.52,282.43,3.404614e-05,4.1152,275.0
2020-11-16 15:00:00.000039936,68.4152,18.52,282.43,3.404614e-05,4.1152,270.0
2020-11-16 18:00:00.000039936,66.872,18.52,282.43,3.404614e-05,3.6008,275.0
2020-11-16 21:00:00.000039936,66.872,24.076,282.43,3.4293596e-05,3.6008,280.0
2020-11-17 00:00:00.000039936,66.872,27.78,282.43,3.4293596e-05,3.6008,275.0
2020-11-17 03:00:00.000039936,64.8144,27.78,278.72598,3.4293596e-05,4.1152,270.0
