Time,Vmax,Rmax_IBT,R34,fcor,u_trans,v_trans
2005-12-30 12:00:00.000039936,23.148,129.64,164.36499,6.0942573e-05,3.6008,320.0
2005-12-30 15:00:00.000039936,23.148,120.38,173.625,6.1635496e-05,3.0864,325.0
2005-12-30 18:00:00.000039936,23.148,111.12,182.88501,6.20965e-05,3.0864,325.0
2005-12-30 21:00:00.000039936,23.148,111.12,190.293,6.255676e-05,2.572,325.0
2005-12-31 00:00:00.000039936,23.148,111.12,196.775,6.3016254e-05,2.0576,315.0
2005-12-31 03:00:00.000039936,24.6912,74.08,192.608,6.324571e-05,1.5432,290.0
2005-12-31 06:00:00.000039936,25.720001,37.04,187.51498,6.324571e-05,1.5432,275.0
2005-12-31 09:00:00.000039936,25.720001,37.04,173.625,6.324571e-05,1.5432,270.0
2005-12-31 12:00:00.000039936,25.720001,37.04,159.735,6.324571e-05,1.0288,270.0
2005-12-31 15:00:00.000039936,24.6912,37.04,159.735,6.324571e-05,1.0288,270.0
2005-12-31 18:00:00.000039936,23.148,37.04,159.735,6.324571e-05,1.0288,255.0
2005-12-31 21:00:00.000039936,24.6912,42.596,155.10501,6.324571e-05,1.0288,240.0
2006-01-01 00:00:00.000039936,25.720001,46.3,150.475,6.3016254e-05,1.0288,220.0
2006-01-01 03:00:00.000039936,25.720001,46.3,150.475,6.278661e-05,1.0288,205.0
2006-01-01 06:00:00.000039936,25.720001,46.3,150.475,6.255676e-05,1.0288,200.0
2006-01-01 09:00:00.000039936,25.720001,46.3,156.494,6.2326726e-05,1.0288,205.0
2006-01-01 12:00:00.000039936,25.720001,46.3,162.05,6.20965e-05,1.0288,205.0
2006-01-01 15:00:00.000039936,27.2632,46.3,157.42,6.186609e-05,1.0288,205.0
2006-01-01 18:00:00.000039936,28.292,46.3,152.79,6.1635496e-05,1.5432,205.0
2006-01-01 21:00:00.000039936,28.292,46.3,149.549,6.1173734e-05,2.572,215.0
2006-01-02 00:00:00.000039936,28.292,46.3,145.845,6.0711227e-05,3.0864,235.0
2006-01-02 03:00:00.000039936,27.2632,51.856,147.23401,6.0479695e-05,4.1152,250.0
2006-01-02 06:00:00.000039936,25.720001,55.56,148.16,6.0016075e-05,4.1152,240.0
2006-01-02 09:00:00.000039936,24.6912,51.856,143.53,5.9319285e-05,4.1152,230.0
2006-01-02 12:00:00.000039936,23.148,46.3,138.90001,5.8853857e-05,3.0864,235.0
2006-01-02 15:00:00.000039936,24.6912,42.596,138.90001,5.862087e-05,2.0576,240.0
2006-01-02 18:00:00.000039936,25.720001,37.04,138.90001,5.83877e-05,1.5432,235.0
2006-01-02 21:00:00.000039936,27.2632,37.04,139.363,5.8154368e-05,1.5432,220.0
2006-01-03 00:00:00.000039936,28.292,37.04,138.9,5.7920843e-05,1.5432,235.0
2006-01-03 03:00:00.000039936,28.292,61.116,138.9,5.768715e-05,1.5432,250.0
2006-01-03 06:00:00.000039936,28.292,83.34,138.9,5.768715e-05,1.5432,250.0
2006-01-03 09:00:00.000039936,28.292,79.636,138.9,5.768715e-05,1.5432,250.0
2006-01-03 12:00:00.000039936,28.292,74.08,138.9,5.7453286e-05,2.0576,250.0
2006-01-03 15:00:00.000039936,28.292,74.08,138.9,5.721923e-05,2.572,245.0
2006-01-03 18:00:00.000039936,28.292,74.08,138.9,5.698501e-05,2.572,230.0
2006-01-03 21:00:00.000039936,28.292,74.08,150.93799,5.6516048e-05,2.572,215.0
2006-01-04 00:00:00.000039936,28.292,74.08,162.04999,5.6046403e-05,3.0864,215.0
2006-01-04 03:00:00.000039936,27.2632,64.82,162.04999,5.5340646e-05,3.6008,225.0
2006-01-04 06:00:00.000039936,25.720001,55.56,162.04999,5.4869302e-05,3.6008,235.0
2006-01-04 09:00:00.000039936,24.6912,51.856,156.49399,5.4633376e-05,3.6008,255.0
2006-01-04 12:00:00.000039936,23.148,46.3,150.475,5.439729e-05,4.1152,255.0
2006-01-04 15:00:00.000039936,22.1192,46.3,135.659,5.4161024e-05,5.144,260.0
2006-01-04 18:00:00.000039936,20.576,46.3,120.38,5.392461e-05,5.144,265.0
2006-01-04 21:00:00.000039936,19.5472,46.3,83.803,5.392461e-05,4.6296,270.0
2006-01-05 00:00:00.000039936,18.004,46.3,46.3,5.392461e-05,5.144,275.0
2006-01-05 03:00:00.000039936,18.004,46.3,60.19,5.4161024e-05,5.144,280.0
2006-01-05 06:00:00.000039936,18.004,46.3,74.08,5.439729e-05,4.1152,285.0
2006-01-05 09:00:00.000039936,18.004,55.56,77.784,5.4633376e-05,3.6008,295.0
2006-01-05 12:00:00.000039936,18.004,64.82,81.024994,5.510506e-05,3.6008,305.0
2006-01-05 15:00:00.000039936,18.004,70.376,78.71,5.5576067e-05,3.6008,310.0
2006-01-05 18:00:00.000039936,18.004,74.08,76.395,5.6281307e-05,3.6008,310.0
2006-01-05 21:00:00.000039936,18.004,74.08,69.913,5.6750614e-05,3.0864,305.0
