Time,Vmax,Rmax_IBT,R34,fcor,u_trans,v_trans
2018-09-29 18:00:00.000039936,18.004,64.82,43.985,2.9325609e-05,7.2016,270.0
2018-09-29 21:00:00.000039936,19.5472,64.82,46.763,2.9325609e-05,7.2016,270.0
2018-09-30 00:00:00.000039936,20.576,64.82,48.614998,2.9325609e-05,7.2016,270.0
2018-09-30 03:00:00.000039936,23.148,61.116,61.579002,2.9325609e-05,7.716,270.0
2018-09-30 06:00:00.000039936,25.720001,55.56,74.08,2.9325609e-05,7.716,270.0
2018-09-30 09:00:00.000039936,28.292,55.56,84.729,2.9325609e-05,7.716,270.0
2018-09-30 12:00:00.000039936,30.864,55.56,94.915,2.9325609e-05,7.716,270.0
2018-09-30 15:00:00.000039936,32.4072,46.3,100.934,2.9325609e-05,7.716,270.0
2018-09-30 18:00:00.000039936,33.436,37.04,106.49,2.9325609e-05,7.716,270.0
2018-09-30 21:00:00.000039936,36.008,37.04,122.69501,2.9325609e-05,7.716,275.0
2018-10-01 00:00:00.000039936,38.58,37.04,138.9,2.9574905e-05,6.6872,275.0
2018-10-01 03:00:00.000039936,42.6952,37.04,148.16,2.9574905e-05,5.6584,275.0
2018-10-01 06:00:00.000039936,46.296,37.04,157.42,2.9824112e-05,5.144,280.0
2018-10-01 09:00:00.000039936,51.440002,37.04,168.995,3.0073232e-05,4.6296,285.0
2018-10-01 12:00:00.000039936,56.584,37.04,180.57,3.0322259e-05,4.6296,295.0
2018-10-01 15:00:00.000039936,61.728,46.3,196.775,3.0820032e-05,4.6296,305.0
2018-10-01 18:00:00.000039936,66.872,55.56,212.98001,3.156599e-05,4.6296,300.0
2018-10-01 21:00:00.000039936,69.444,55.56,217.60999,3.206281e-05,4.6296,295.0
2018-10-02 00:00:00.000039936,72.016,55.56,222.23999,3.2559245e-05,3.6008,310.0
2018-10-02 03:00:00.000039936,72.016,42.596,222.23999,3.330315e-05,3.6008,335.0
2018-10-02 06:00:00.000039936,72.016,27.78,222.23999,3.404614e-05,3.6008,345.0
2018-10-02 09:00:00.000039936,70.9872,27.78,231.5,3.47882e-05,3.6008,350.0
2018-10-02 12:00:00.000039936,69.444,27.78,240.76,3.577612e-05,4.1152,350.0
2018-10-02 15:00:00.000039936,68.4152,37.04,240.76,3.67623e-05,4.6296,350.0
2018-10-02 18:00:00.000039936,66.872,46.3,240.76,3.7992504e-05,5.144,350.0
2018-10-02 21:00:00.000039936,64.3,46.3,243.075,3.9219805e-05,5.144,355.0
2018-10-03 00:00:00.000039936,61.728,46.3,245.39,4.0444127e-05,6.1728,0.0
2018-10-03 03:00:00.000039936,60.6992,46.3,245.39,4.1909232e-05,6.6872,10.0
2018-10-03 06:00:00.000039936,59.156002,46.3,245.39,4.3612705e-05,7.2016,10.0
2018-10-03 09:00:00.000039936,61.728,46.3,259.28,4.5309676e-05,7.716,15.0
2018-10-03 12:00:00.000039936,64.3,46.3,273.16998,4.6999867e-05,8.744801,20.0
2018-10-03 15:00:00.000039936,63.271202,46.3,284.745,4.892293e-05,9.2592,20.0
2018-10-03 18:00:00.000039936,61.728,46.3,296.32,5.1074945e-05,9.7736,25.0
2018-10-03 21:00:00.000039936,60.6992,51.856,296.32,5.2977284e-05,9.7736,25.0
2018-10-04 00:00:00.000039936,59.156002,55.56,296.32,5.510506e-05,10.288,25.0
2018-10-04 03:00:00.000039936,58.1272,55.56,296.32,5.721923e-05,10.802401,30.0
2018-10-04 06:00:00.000039936,56.584,55.56,296.32,5.9319285e-05,11.8312,35.0
2018-10-04 06:20:00.000049152,56.584,55.56,296.32,5.9551734e-05,10.802401,30.0
2018-10-04 09:00:00.000039936,54.012,55.56,296.32,6.14047e-05,10.288,15.0
2018-10-04 12:00:00.000039936,51.440002,55.56,296.32,6.370404e-05,10.802401,5.0
2018-10-04 15:00:00.000039936,47.8392,55.56,296.32,6.621089e-05,10.802401,360.0
2018-10-04 18:00:00.000039936,43.724,55.56,296.32,6.8468675e-05,10.802401,340.0
2018-10-04 21:00:00.000039936,38.58,55.56,282.43,7.048288e-05,10.288,330.0
2018-10-05 00:00:00.000039936,33.436,55.56,268.53998,7.2258685e-05,8.2304,320.0
2018-10-05 03:00:00.000039936,32.4072,55.56,250.02,7.336144e-05,5.6584,320.0
2018-10-05 06:00:00.000039936,30.864,55.56,231.5,7.402041e-05,3.0864,325.0
2018-10-05 09:00:00.000039936,29.835201,55.56,222.24,7.4458614e-05,2.0576,0.0
2018-10-05 12:00:00.000039936,28.292,55.56,212.98,7.4895885e-05,3.0864,10.0
2018-10-05 15:00:00.000039936,27.2632,64.82,203.71999,7.576771e-05,4.6296,10.0
2018-10-05 18:00:00.000039936,25.720001,74.08,194.45999,7.6852295e-05,5.144,30.0
2018-10-05 21:00:00.000039936,24.6912,79.636,189.83002,7.771575e-05,6.1728,45.0
2018-10-06 00:00:00.000039936,23.148,83.34,185.20001,7.85754e-05,6.1728,50.0
2018-10-06 03:00:00.000039936,23.148,83.34,162.05,7.943125e-05,7.2016,50.0
2018-10-06 06:00:00.000039936,23.148,83.34,138.9,8.049559e-05,8.744801,40.0
2018-10-06 09:00:00.000039936,23.148,83.34,141.215,8.197536e-05,10.288,35.0
2018-10-06 12:00:00.000039936,23.148,83.34,143.53,8.3859915e-05,10.288,35.0
2018-10-06 15:00:00.000039936,23.148,88.895996,162.05,8.551773e-05,11.3168,35.0
2018-10-06 18:00:00.000039936,23.148,92.6,180.56999,8.756649e-05,13.8888,35.0
2018-10-06 21:00:00.000039936,23.148,101.86,263.91,8.998974e-05,17.489601,35.0
2018-10-07 00:00:00.000039936,23.148,111.12,347.25,9.315918e-05,22.1192,25.0
2018-10-07 03:00:00.000039936,23.148,111.12,354.195,9.758735e-05,25.720001,20.0
2018-10-07 06:00:00.000039936,23.148,111.12,361.14,0.00010204031,24.1768,25.0
2018-10-07 09:00:00.000039936,20.576,111.12,305.58,0.00010543897,21.0904,35.0
