Time,Vmax,Rmax_IBT,R34,fcor,u_trans,v_trans
2016-01-07 12:00:00.000039936,18.004,74.08,37.04,9.6655185e-06,3.0864,10.0
2016-01-07 15:00:00.000039936,20.576,79.636,93.062996,1.0427331e-05,3.0864,10.0
2016-01-07 18:00:00.000039936,23.148,83.34,148.16,1.1188857e-05,3.6008,0.0
2016-01-07 21:00:00.000039936,24.6912,88.895996,161.124,1.19500755e-05,3.6008,350.0
2016-01-08 00:00:00.000039936,25.720001,92.6,173.625,1.2964522e-05,4.1152,350.0
2016-01-08 03:00:00.000039936,27.2632,83.34,187.515,1.3978337e-05,4.1152,345.0
2016-01-08 06:00:00.000039936,28.292,74.08,201.405,1.4991469e-05,5.144,340.0
2016-01-08 09:00:00.000039936,29.835201,64.82,197.238,1.6256854e-05,5.144,330.0
2016-01-08 12:00:00.000039936,30.864,55.56,192.14499,1.7268272e-05,4.6296,320.0
2016-01-08 15:00:00.000039936,29.835201,55.56,190.293,1.8026287e-05,4.1152,310.0
2016-01-08 18:00:00.000039936,28.292,55.56,187.51501,1.8531358e-05,3.6008,305.0
2016-01-08 21:00:00.000039936,27.2632,55.56,173.625,1.9036203e-05,3.0864,300.0
2016-01-09 00:00:00.000039936,25.720001,55.56,159.735,1.9288536e-05,2.572,300.0
2016-01-09 03:00:00.000039936,24.6912,55.56,150.012,1.9540814e-05,2.0576,295.0
2016-01-09 06:00:00.000039936,23.148,55.56,138.9,1.9793031e-05,2.0576,290.0
2016-01-09 09:00:00.000039936,22.1192,61.116,118.52799,2.0045187e-05,2.0576,285.0
2016-01-09 12:00:00.000039936,20.576,64.82,97.23,2.0045187e-05,2.0576,280.0
2016-01-09 15:00:00.000039936,19.5472,70.376,75.468994,2.0045187e-05,1.5432,270.0
2016-01-09 18:00:00.000039936,18.004,74.08,53.245,2.0045187e-05,1.5432,255.0
2016-01-09 21:00:00.000039936,18.004,74.08,53.245,2.0045187e-05,1.0288,245.0
2016-01-10 00:00:00.000039936,18.004,74.08,53.245,1.9793031e-05,1.0288,235.0
2016-01-10 03:00:00.000039936,18.004,74.08,70.839,1.9540814e-05,0.5144,225.0
2016-01-10 06:00:00.000039936,18.004,74.08,87.97,1.9540814e-05,0.5144,155.0
2016-01-10 09:00:00.000039936,19.5472,74.08,105.563995,1.9540814e-05,0.5144,90.0
2016-01-10 12:00:00.000039936,20.576,74.08,122.695,1.9540814e-05,1.0288,85.0
2016-01-10 15:00:00.000039936,22.1192,74.08,131.955,1.9540814e-05,1.0288,90.0
2016-01-10 18:00:00.000039936,23.148,74.08,141.215,1.9540814e-05,1.5432,105.0
2016-01-10 21:00:00.000039936,24.6912,64.82,148.623,1.9288536e-05,1.5432,110.0
2016-01-11 00:00:00.000039936,25.720001,55.56,155.105,1.9288536e-05,1.5432,85.0
2016-01-11 03:00:00.000039936,27.2632,46.3,141.67801,1.9540814e-05,2.0576,55.0
2016-01-11 06:00:00.000039936,28.292,37.04,127.325,1.9793031e-05,2.0576,50.0
2016-01-11 09:00:00.000039936,28.292,37.04,123.158005,2.0045187e-05,2.572,55.0
2016-01-11 12:00:00.000039936,28.292,37.04,118.064995,2.0549318e-05,2.572,60.0
2016-01-11 15:00:00.000039936,29.835201,37.04,110.657,2.0801292e-05,2.572,70.0
2016-01-11 18:00:00.000039936,30.864,37.04,101.85999,2.1053198e-05,2.572,80.0
2016-01-11 21:00:00.000039936,33.436,37.04,96.767006,2.1053198e-05,2.572,100.0
2016-01-12 00:00:00.000039936,36.008,37.04,90.285,2.0801292e-05,2.572,130.0
2016-01-12 03:00:00.000039936,37.5512,37.04,90.748,2.0297284e-05,3.0864,150.0
2016-01-12 06:00:00.000039936,38.58,37.04,90.284996,1.9540814e-05,3.0864,155.0
2016-01-12 09:00:00.000039936,40.1232,37.04,96.304,1.8783807e-05,3.6008,155.0
2016-01-12 12:00:00.000039936,41.152,37.04,101.86,1.8026287e-05,3.6008,160.0
2016-01-12 15:00:00.000039936,42.6952,37.04,101.86,1.7268272e-05,3.6008,165.0
2016-01-12 18:00:00.000039936,43.724,37.04,101.86,1.6256854e-05,3.6008,165.0
2016-01-12 21:00:00.000039936,42.6952,37.04,101.86,1.5497764e-05,3.6008,165.0
2016-01-13 00:00:00.000039936,41.152,37.04,101.86,1.4484991e-05,3.6008,175.0
2016-01-13 03:00:00.000039936,40.1232,37.04,101.86,1.3471513e-05,3.6008,190.0
2016-01-13 06:00:00.000039936,38.58,37.04,101.86,1.2710968e-05,3.6008,195.0
2016-01-13 09:00:00.000039936,37.5512,33.336,100.934,1.1696372e-05,3.6008,195.0
2016-01-13 12:00:00.000039936,36.008,27.78,99.545,1.09350485e-05,3.6008,195.0
2016-01-13 15:00:00.000039936,33.436,27.78,97.693,1.0173423e-05,3.0864,200.0
2016-01-13 18:00:00.000039936,30.864,27.78,94.915,9.411521e-06,3.0864,205.0
2016-01-13 21:00:00.000039936,28.292,27.78,83.34,8.903442e-06,2.572,215.0
2016-01-14 00:00:00.000039936,25.720001,27.78,71.765,8.395253e-06,2.572,220.0
2016-01-14 03:00:00.000039936,23.148,33.336,58.338,7.8869625e-06,2.572,215.0
2016-01-14 06:00:00.000039936,20.576,37.04,43.985,7.378577e-06,2.0576,215.0
