Time,Vmax,Rmax_IBT,R34,fcor,u_trans,v_trans
2002-08-24 21:00:00.000040448,18.004,92.6,46.300003,3.0322259e-05,4.6296,300.0
2002-08-25 00:00:00.000040448,20.576,92.6,92.600006,3.0820032e-05,5.144,295.0
2002-08-25 03:00:00.000040448,24.6912,92.6,92.600006,3.156599e-05,5.6584,290.0
2002-08-25 06:00:00.000040448,28.292,92.6,92.600006,3.206281e-05,6.1728,280.0
2002-08-25 09:00:00.000040448,27.2632,61.116,88.895996,3.231108e-05,6.1728,270.0
2002-08-25 12:00:00.000040448,25.720001,27.78,83.34,3.231108e-05,6.1728,260.0
2002-08-25 15:00:00.000040448,25.720001,24.076,83.34,3.206281e-05,6.6872,260.0
2002-08-25 18:00:00.000040448,25.720001,18.52,83.34,3.156599e-05,6.1728,265.0
2002-08-25 21:00:00.000040448,25.720001,18.52,83.34,3.156599e-05,6.1728,270.0
2002-08-26 00:00:00.000040448,25.720001,18.52,83.34,3.156599e-05,6.1728,275.0
2002-08-26 03:00:00.000040448,24.6912,24.076,79.636,3.156599e-05,6.1728,280.0
2002-08-26 06:00:00.000040448,23.148,27.78,74.08,3.1814445e-05,6.6872,285.0
2002-08-26 09:00:00.000040448,23.148,24.076,74.08,3.206281e-05,7.716,290.0
2002-08-26 12:00:00.000040448,23.148,18.52,74.08,3.280731e-05,8.2304,295.0
2002-08-26 15:00:00.000040448,20.576,18.52,74.08,3.3798577e-05,8.744801,300.0
