Time,Vmax,Rmax_IBT,R34,fcor,u_trans,v_trans
2013-08-16 12:00:00.000039936,18.004,74.08,46.300003,2.3819783e-05,5.6584,280.0
2013-08-16 15:00:00.000039936,18.004,74.08,46.300003,2.4070872e-05,5.144,285.0
2013-08-16 18:00:00.000039936,18.004,74.08,46.300003,2.4572832e-05,5.144,285.0
2013-08-16 21:00:00.000039936,20.576,61.116,50.93,2.4823696e-05,5.6584,285.0
2013-08-17 00:00:00.000039936,23.148,46.3,55.56,2.53252e-05,5.6584,290.0
2013-08-17 03:00:00.000039936,23.148,46.3,59.264,2.5826394e-05,5.144,295.0
2013-08-17 06:00:00.000039936,23.148,46.3,62.505,2.6327272e-05,5.144,295.0
2013-08-17 09:00:00.000039936,24.6912,37.04,63.894,2.6827835e-05,5.144,295.0
2013-08-17 12:00:00.000039936,25.720001,27.78,64.82001,2.7328068e-05,5.6584,295.0
2013-08-17 15:00:00.000039936,27.2632,33.336,67.59801,2.7827968e-05,5.6584,295.0
2013-08-17 18:00:00.000039936,28.292,37.04,69.45,2.8327528e-05,5.6584,290.0
2013-08-17 21:00:00.000039936,28.292,37.04,69.45,2.882674e-05,5.6584,285.0
2013-08-18 00:00:00.000039936,28.292,37.04,69.45,2.9076216e-05,5.6584,290.0
2013-08-18 03:00:00.000039936,28.292,37.04,69.45,2.9574905e-05,5.144,295.0
2013-08-18 06:00:00.000039936,28.292,37.04,69.45,3.0073232e-05,4.6296,300.0
2013-08-18 09:00:00.000039936,27.2632,37.04,69.45,3.0820032e-05,4.1152,310.0
2013-08-18 12:00:00.000039936,25.720001,37.04,69.45,3.156599e-05,3.6008,310.0
2013-08-18 15:00:00.000039936,27.2632,37.04,82.877,3.206281e-05,3.0864,305.0
2013-08-18 18:00:00.000039936,28.292,37.04,94.915,3.2559245e-05,3.0864,310.0
2013-08-18 21:00:00.000039936,30.864,33.336,97.693,3.305528e-05,3.6008,315.0
2013-08-19 00:00:00.000039936,33.436,27.78,99.545,3.3550914e-05,3.6008,320.0
2013-08-19 03:00:00.000039936,33.436,27.78,107.879,3.4293596e-05,4.1152,320.0
2013-08-19 06:00:00.000039936,33.436,27.78,115.75,3.5035337e-05,4.6296,320.0
2013-08-19 09:00:00.000039936,32.4072,27.78,115.75,3.6022833e-05,5.144,315.0
2013-08-19 12:00:00.000039936,30.864,27.78,115.75,3.67623e-05,4.1152,300.0
2013-08-19 15:00:00.000039936,29.835201,33.336,122.232,3.67623e-05,4.1152,290.0
2013-08-19 18:00:00.000039936,28.292,37.04,127.325,3.67623e-05,4.1152,295.0
2013-08-19 21:00:00.000039936,27.2632,42.596,122.232,3.7500762e-05,5.144,305.0
2013-08-20 00:00:00.000039936,25.720001,46.3,115.75,3.8483773e-05,5.6584,315.0
2013-08-20 03:00:00.000039936,24.6912,46.3,106.49,3.9464914e-05,6.1728,320.0
2013-08-20 06:00:00.000039936,23.148,46.3,97.229996,4.0688625e-05,6.6872,320.0
2013-08-20 09:00:00.000039936,23.148,46.3,102.785995,4.2152973e-05,7.2016,320.0
2013-08-20 12:00:00.000039936,23.148,46.3,106.49,4.3612705e-05,7.2016,315.0
2013-08-20 15:00:00.000039936,23.148,46.3,106.49,4.4825505e-05,6.6872,310.0
2013-08-20 18:00:00.000039936,23.148,46.3,106.49,4.5793287e-05,6.1728,300.0
2013-08-20 21:00:00.000039936,23.148,46.3,106.49,4.627635e-05,5.6584,300.0
2013-08-21 00:00:00.000039936,23.148,46.3,106.49,4.675884e-05,5.144,315.0
2013-08-21 03:00:00.000039936,20.576,46.3,106.49,4.7722115e-05,5.144,330.0
2013-08-21 06:00:00.000039936,18.004,46.3,106.49,4.892293e-05,5.144,325.0
2013-08-21 09:00:00.000039936,18.004,46.3,106.49,4.9880902e-05,5.144,320.0
2013-08-21 12:00:00.000039936,18.004,46.3,106.49,5.083645e-05,5.6584,325.0
2013-08-21 15:00:00.000039936,18.004,46.3,106.49,5.178951e-05,5.6584,330.0
