Time,Vmax,Rmax_IBT,R34,fcor,u_trans,v_trans
2014-10-14 00:00:00.000039936,18.004,37.04,27.78,3.206281e-05,2.0576,330.0
2014-10-14 03:00:00.000039936,19.5472,37.04,32.410004,3.231108e-05,2.572,310.0
2014-10-14 06:00:00.000039936,20.576,37.04,37.04,3.280731e-05,3.6008,310.0
2014-10-14 09:00:00.000039936,22.1192,37.04,43.985,3.3550914e-05,4.1152,310.0
2014-10-14 12:00:00.000039936,23.148,37.04,50.93,3.404614e-05,3.6008,305.0
2014-10-14 15:00:00.000039936,25.720001,37.04,67.134995,3.454095e-05,3.6008,295.0
2014-10-14 18:00:00.000039936,28.292,37.04,83.34,3.47882e-05,3.6008,290.0
2014-10-14 21:00:00.000039936,28.292,37.04,76.395,3.5035337e-05,3.6008,285.0
2014-10-15 00:00:00.000039936,28.292,37.04,69.45,3.5282377e-05,3.6008,280.0
2014-10-15 03:00:00.000039936,29.835201,37.04,80.562,3.5529305e-05,3.6008,280.0
2014-10-15 06:00:00.000039936,30.864,37.04,90.285,3.5529305e-05,3.6008,275.0
2014-10-15 09:00:00.000039936,30.864,37.04,92.13699,3.5529305e-05,4.1152,275.0
2014-10-15 12:00:00.000039936,30.864,37.04,92.59999,3.577612e-05,4.1152,280.0
2014-10-15 15:00:00.000039936,30.864,37.04,92.59999,3.6022833e-05,4.6296,275.0
2014-10-15 18:00:00.000039936,30.864,37.04,92.59999,3.6022833e-05,4.6296,265.0
2014-10-15 21:00:00.000039936,29.835201,37.04,92.59999,3.577612e-05,5.144,260.0
2014-10-16 00:00:00.000039936,28.292,37.04,92.59999,3.5529305e-05,5.144,260.0
2014-10-16 03:00:00.000039936,27.2632,37.04,90.748,3.5282377e-05,4.6296,265.0
2014-10-16 06:00:00.000039936,25.720001,37.04,87.97,3.5282377e-05,4.1152,265.0
2014-10-16 09:00:00.000039936,25.720001,37.04,87.97,3.5282377e-05,4.1152,270.0
2014-10-16 12:00:00.000039936,25.720001,37.04,87.97,3.5282377e-05,4.1152,275.0
2014-10-16 15:00:00.000039936,25.720001,37.04,87.97,3.5282377e-05,4.1152,275.0
2014-10-16 18:00:00.000039936,25.720001,37.04,87.97,3.5529305e-05,4.1152,285.0
2014-10-16 21:00:00.000039936,25.720001,37.04,87.97,3.577612e-05,4.6296,290.0
2014-10-17 00:00:00.000039936,25.720001,37.04,87.97,3.626943e-05,5.6584,295.0
2014-10-17 03:00:00.000039936,27.2632,37.04,87.97,3.67623e-05,6.1728,295.0
2014-10-17 06:00:00.000039936,28.292,37.04,87.97,3.7500762e-05,6.1728,295.0
2014-10-17 09:00:00.000039936,29.835201,42.596,92.6,3.7992504e-05,6.6872,295.0
2014-10-17 12:00:00.000039936,30.864,46.3,97.23,3.872924e-05,6.1728,295.0
2014-10-17 15:00:00.000039936,32.4072,42.596,106.49,3.9464914e-05,6.1728,300.0
2014-10-17 18:00:00.000039936,33.436,37.04,115.75,4.0199502e-05,7.2016,295.0
2014-10-17 21:00:00.000039936,34.979202,37.04,118.065,4.093299e-05,7.716,295.0
2014-10-18 00:00:00.000039936,36.008,37.04,120.38,4.1665367e-05,6.6872,305.0
2014-10-18 03:00:00.000039936,37.5512,37.04,125.01,4.2640077e-05,6.1728,320.0
2014-10-18 06:00:00.000039936,38.58,37.04,129.64,4.385554e-05,5.6584,320.0
2014-10-18 09:00:00.000039936,37.5512,37.04,134.27,4.4825505e-05,5.144,315.0
2014-10-18 12:00:00.000039936,36.008,37.04,138.9,4.5551555e-05,5.6584,315.0
2014-10-18 15:00:00.000039936,36.008,37.04,134.26999,4.651767e-05,5.6584,315.0
2014-10-18 18:00:00.000039936,36.008,37.04,129.64,4.748151e-05,4.6296,320.0
2014-10-18 21:00:00.000039936,36.008,37.04,122.695,4.8202877e-05,3.6008,330.0
2014-10-19 00:00:00.000039936,36.008,37.04,115.75,4.892293e-05,3.0864,330.0
2014-10-19 03:00:00.000039936,36.008,37.04,118.065,4.9641636e-05,3.0864,330.0
2014-10-19 06:00:00.000039936,36.008,37.04,120.380005,5.012002e-05,3.0864,330.0
2014-10-19 09:00:00.000039936,36.008,37.04,120.380005,5.083645e-05,3.0864,325.0
2014-10-19 12:00:00.000039936,36.008,37.04,120.380005,5.131329e-05,3.0864,305.0
2014-10-19 15:00:00.000039936,34.979202,27.78,120.380005,5.155148e-05,3.0864,280.0
2014-10-19 18:00:00.000039936,33.436,18.52,120.380005,5.155148e-05,3.0864,270.0
2014-10-19 21:00:00.000039936,32.4072,18.52,120.380005,5.155148e-05,3.6008,270.0
2014-10-20 00:00:00.000039936,30.864,18.52,120.380005,5.155148e-05,4.1152,270.0
2014-10-20 03:00:00.000039936,30.864,18.52,120.380005,5.155148e-05,4.1152,270.0
2014-10-20 06:00:00.000039936,30.864,18.52,120.380005,5.155148e-05,4.6296,270.0
2014-10-20 09:00:00.000039936,30.864,27.78,120.38,5.155148e-05,4.1152,270.0
2014-10-20 12:00:00.000039936,30.864,37.04,120.38,5.155148e-05,4.1152,265.0
2014-10-20 15:00:00.000039936,29.835201,37.04,120.38,5.155148e-05,3.6008,260.0
2014-10-20 18:00:00.000039936,28.292,37.04,120.38,5.131329e-05,3.0864,255.0
2014-10-20 21:00:00.000039936,27.2632,37.04,125.009995,5.1074945e-05,3.0864,260.0
2014-10-21 00:00:00.000039936,25.720001,37.04,129.64,5.1074945e-05,2.0576,285.0
2014-10-21 03:00:00.000039936,24.6912,37.04,117.13899,5.131329e-05,2.572,310.0
2014-10-21 06:00:00.000039936,23.148,37.04,104.175,5.178951e-05,3.6008,285.0
2014-10-21 09:00:00.000039936,22.1192,37.04,104.175,5.178951e-05,4.6296,270.0
2014-10-21 12:00:00.000039936,20.576,37.04,104.175,5.178951e-05,3.0864,270.0
2014-10-21 15:00:00.000039936,19.5472,46.3,107.879005,5.178951e-05,1.5432,290.0
2014-10-21 18:00:00.000039936,18.004,55.56,111.12,5.2027382e-05,2.572,330.0
2014-10-21 21:00:00.000039936,18.004,55.56,125.009995,5.2740055e-05,4.1152,330.0
2014-10-22 00:00:00.000039936,18.004,55.56,138.9,5.3688025e-05,4.1152,315.0
2014-10-22 03:00:00.000039936,18.004,55.56,138.9,5.4161024e-05,4.1152,300.0
2014-10-22 06:00:00.000039936,18.004,55.56,138.9,5.4633376e-05,3.6008,315.0
2014-10-22 09:00:00.000039936,18.004,55.56,141.215,5.5340646e-05,3.6008,335.0
2014-10-22 12:00:00.000039936,18.004,55.56,143.53,5.6046403e-05,3.6008,345.0
2014-10-22 15:00:00.000039936,18.004,55.56,148.16,5.698501e-05,4.1152,345.0
2014-10-22 18:00:00.000039936,18.004,55.56,152.79001,5.7920843e-05,4.6296,345.0
2014-10-22 21:00:00.000039936,18.004,55.56,152.79001,5.9086666e-05,5.6584,340.0
2014-10-23 00:00:00.000039936,18.004,55.56,152.79001,6.0247978e-05,6.1728,340.0
2014-10-23 03:00:00.000039936,19.5472,55.56,152.79001,6.1635496e-05,6.1728,340.0
2014-10-23 06:00:00.000039936,20.576,55.56,152.79001,6.278661e-05,6.1728,325.0
2014-10-23 09:00:00.000039936,22.1192,55.56,150.475,6.393293e-05,5.6584,315.0
2014-10-23 12:00:00.000039936,23.148,55.56,148.15999,6.461839e-05,4.1152,315.0
2014-10-23 15:00:00.000039936,23.148,46.3,152.79,6.507438e-05,2.572,320.0
2014-10-23 18:00:00.000039936,23.148,37.04,157.42,6.552959e-05,2.572,320.0
2014-10-23 21:00:00.000039936,23.148,37.04,127.32499,6.5983986e-05,2.572,320.0
2014-10-24 00:00:00.000039936,23.148,37.04,97.23,6.643758e-05,3.0864,320.0
2014-10-24 03:00:00.000039936,23.148,37.04,99.545006,6.689037e-05,3.0864,330.0
2014-10-24 06:00:00.000039936,23.148,37.04,101.86,6.756802e-05,3.0864,0.0
2014-10-24 09:00:00.000039936,24.6912,37.04,108.342,6.8243826e-05,3.6008,25.0
2014-10-24 12:00:00.000039936,25.720001,37.04,113.435,6.8917754e-05,3.6008,20.0
2014-10-24 15:00:00.000039936,27.2632,37.04,115.287,6.958979e-05,4.1152,20.0
2014-10-24 18:00:00.000039936,28.292,37.04,115.75,7.048288e-05,5.6584,30.0
2014-10-24 21:00:00.000039936,30.864,37.04,122.69499,7.181604e-05,8.2304,35.0
2014-10-25 00:00:00.000039936,33.436,37.04,129.64,7.336144e-05,9.7736,40.0
2014-10-25 03:00:00.000039936,33.436,37.04,137.974,7.4895885e-05,10.802401,45.0
2014-10-25 06:00:00.000039936,33.436,37.04,145.845,7.663584e-05,12.3456,45.0
2014-10-25 09:00:00.000039936,33.436,37.04,155.10498,7.8360856e-05,12.860001,45.0
2014-10-25 12:00:00.000039936,33.436,37.04,164.36499,8.028322e-05,12.3456,45.0
2014-10-25 15:00:00.000039936,33.436,37.04,164.36499,8.197536e-05,12.3456,45.0
2014-10-25 18:00:00.000039936,33.436,37.04,164.36499,8.365155e-05,14.4032,50.0
2014-10-25 21:00:00.000039936,32.4072,46.3,171.31,8.5723776e-05,17.489601,55.0
2014-10-26 00:00:00.000039936,30.864,55.56,178.255,8.776991e-05,19.0328,55.0
2014-10-26 03:00:00.000039936,29.835201,64.82,221.314,8.9789304e-05,20.0616,60.0
2014-10-26 06:00:00.000039936,28.292,74.08,263.91,9.197902e-05,21.0904,60.0
2014-10-26 09:00:00.000039936,27.2632,120.38,277.8,9.413484e-05,21.604801,60.0
