Time,Vmax,Rmax_IBT,R34,fcor,u_trans,v_trans
2002-08-28 00:00:00.000040448,33.436,444.48,222.24,2.4572832e-05,6.1728,270.0
2002-08-28 03:00:00.000040448,33.436,444.48,222.24,2.4823696e-05,6.1728,285.0
2002-08-28 06:00:00.000040448,33.436,444.48,222.24,2.53252e-05,5.6584,290.0
2002-08-28 09:00:00.000040448,36.008,444.48,222.24,2.5826394e-05,5.144,290.0
2002-08-28 12:00:00.000040448,38.58,444.48,222.24,2.6076874e-05,5.144,285.0
2002-08-28 15:00:00.000040448,38.58,444.48,222.24,2.6327272e-05,5.6584,280.0
2002-08-28 18:00:00.000040448,38.58,444.48,222.24,2.6577594e-05,5.6584,280.0
2002-08-28 21:00:00.000040448,38.58,444.48,222.24,2.6827835e-05,5.144,280.0
2002-08-29 00:00:00.000040448,38.58,444.48,222.24,2.707799e-05,4.1152,285.0
2002-08-29 03:00:00.000040448,42.6952,444.48,250.02,2.7328068e-05,3.0864,290.0
2002-08-29 06:00:00.000040448,46.296,444.48,277.8,2.7578055e-05,2.572,300.0
2002-08-29 09:00:00.000040448,46.296,444.48,277.8,2.7827968e-05,2.572,305.0
2002-08-29 12:00:00.000040448,46.296,444.48,277.8,2.8327528e-05,3.6008,305.0
2002-08-29 15:00:00.000040448,48.868,444.48,277.8,2.882674e-05,4.6296,305.0
2002-08-29 18:00:00.000040448,51.440002,444.48,277.8,2.9574905e-05,4.6296,300.0
2002-08-29 21:00:00.000040448,54.012,444.48,277.8,3.0073232e-05,4.1152,305.0
2002-08-30 00:00:00.000040448,56.584,444.48,277.8,3.0571195e-05,3.6008,310.0
2002-08-30 03:00:00.000040448,55.5552,237.056,208.35,3.1068776e-05,3.0864,315.0
2002-08-30 06:00:00.000040448,54.012,27.78,138.90001,3.1814445e-05,3.6008,315.0
2002-08-30 09:00:00.000040448,54.012,27.78,180.57,3.2559245e-05,3.6008,320.0
2002-08-30 12:00:00.000040448,54.012,27.78,222.23999,3.330315e-05,4.6296,320.0
2002-08-30 15:00:00.000040448,54.012,27.78,236.13,3.404614e-05,4.6296,315.0
2002-08-30 18:00:00.000040448,54.012,27.78,250.01999,3.47882e-05,4.6296,315.0
2002-08-30 21:00:00.000040448,55.5552,27.78,250.01999,3.5282377e-05,4.1152,315.0
2002-08-31 00:00:00.000040448,56.584,27.78,250.01999,3.6022833e-05,3.6008,320.0
2002-08-31 03:00:00.000040448,58.1272,27.78,250.01999,3.67623e-05,4.1152,330.0
2002-08-31 06:00:00.000040448,59.156002,27.78,250.01999,3.7746686e-05,4.6296,335.0
2002-08-31 09:00:00.000040448,59.156002,27.78,250.02,3.872924e-05,5.144,340.0
2002-08-31 12:00:00.000040448,59.156002,27.78,250.01999,3.995476e-05,4.6296,345.0
2002-08-31 15:00:00.000040448,59.156002,27.78,250.01999,4.1177245e-05,4.6296,355.0
2002-08-31 18:00:00.000040448,59.156002,27.78,250.01999,4.239659e-05,5.6584,345.0
2002-08-31 21:00:00.000040448,59.156002,27.78,240.76,4.3612705e-05,6.1728,340.0
2002-09-01 00:00:00.000040448,59.156002,27.78,231.5,4.4825505e-05,5.6584,345.0
2002-09-01 03:00:00.000040448,58.1272,27.78,231.5,4.6034886e-05,5.144,345.0
2002-09-01 06:00:00.000040448,56.584,27.78,231.5,4.7240763e-05,5.144,340.0
2002-09-01 09:00:00.000040448,55.5552,27.78,231.5,4.844305e-05,5.6584,335.0
2002-09-01 12:00:00.000040448,54.012,27.78,231.5,4.9641636e-05,5.144,335.0
2002-09-01 15:00:00.000040448,52.9832,27.78,243.53801,5.083645e-05,4.6296,335.0
2002-09-01 18:00:00.000040448,51.440002,27.78,254.65,5.178951e-05,5.144,335.0
2002-09-01 21:00:00.000040448,51.440002,27.78,266.688,5.2740055e-05,5.144,335.0
2002-09-02 00:00:00.000040448,51.440002,27.78,277.8,5.392461e-05,5.144,345.0
2002-09-02 03:00:00.000040448,54.012,27.78,236.13,5.510506e-05,4.6296,355.0
2002-09-02 06:00:00.000040448,56.584,27.78,194.46,5.6281307e-05,4.6296,355.0
2002-09-02 09:00:00.000040448,58.1272,27.78,185.20001,5.721923e-05,4.1152,0.0
2002-09-02 12:00:00.000040448,59.156002,27.78,175.94,5.8154368e-05,3.6008,10.0
2002-09-02 15:00:00.000040448,59.156002,33.336,219.925,5.8853857e-05,3.6008,20.0
2002-09-02 18:00:00.000040448,59.156002,37.04,263.90997,5.9551734e-05,4.1152,25.0
2002-09-02 21:00:00.000040448,59.156002,37.04,263.90997,6.0479695e-05,4.6296,25.0
2002-09-03 00:00:00.000040448,59.156002,37.04,263.90997,6.14047e-05,3.6008,30.0
2002-09-03 03:00:00.000040448,58.1272,37.04,263.90997,6.186609e-05,2.572,35.0
2002-09-03 06:00:00.000040448,56.584,37.04,263.90997,6.2326726e-05,2.572,45.0
2002-09-03 09:00:00.000040448,55.5552,37.04,270.85498,6.278661e-05,2.572,45.0
2002-09-03 12:00:00.000040448,54.012,37.04,277.8,6.3016254e-05,2.0576,45.0
2002-09-03 15:00:00.000040448,52.9832,33.336,282.43,6.3474974e-05,2.0576,40.0
2002-09-03 18:00:00.000040448,51.440002,27.78,287.06,6.370404e-05,1.5432,45.0
2002-09-03 21:00:00.000040448,48.868,27.78,240.76001,6.393293e-05,1.5432,40.0
2002-09-04 00:00:00.000040448,46.296,27.78,194.46,6.416161e-05,1.5432,30.0
2002-09-04 03:00:00.000040448,45.2672,27.78,194.46,6.43901e-05,1.5432,20.0
2002-09-04 06:00:00.000040448,43.724,27.78,194.46,6.4846485e-05,2.0576,15.0
2002-09-04 09:00:00.000040448,42.6952,27.78,194.46,6.530208e-05,2.0576,5.0
2002-09-04 12:00:00.000040448,41.152,27.78,194.46,6.575688e-05,2.572,345.0
2002-09-04 15:00:00.000040448,40.1232,33.336,194.46,6.643758e-05,3.0864,325.0
2002-09-04 18:00:00.000040448,38.58,37.04,194.46,6.711647e-05,4.1152,310.0
2002-09-04 21:00:00.000040448,37.5512,37.04,210.66501,6.756802e-05,4.6296,300.0
2002-09-05 00:00:00.000040448,36.008,37.04,226.87,6.7793495e-05,4.6296,300.0
2002-09-05 03:00:00.000040448,34.979202,37.04,226.87,6.8243826e-05,3.6008,310.0
2002-09-05 06:00:00.000040448,33.436,37.04,226.87,6.8917754e-05,3.0864,315.0
2002-09-05 09:00:00.000040448,33.436,37.04,226.87,6.936598e-05,2.572,320.0
2002-09-05 12:00:00.000040448,33.436,37.04,226.87,7.003676e-05,3.6008,325.0
2002-09-05 15:00:00.000040448,33.436,37.04,236.12999,7.07056e-05,4.1152,330.0
2002-09-05 18:00:00.000040448,33.436,37.04,245.39,7.137252e-05,4.6296,330.0
2002-09-05 21:00:00.000040448,34.979202,37.04,247.705,7.2258685e-05,4.6296,330.0
2002-09-06 00:00:00.000040448,36.008,37.04,250.02,7.2921e-05,4.1152,320.0
2002-09-06 03:00:00.000040448,36.008,37.04,250.02,7.3581316e-05,4.1152,315.0
2002-09-06 06:00:00.000040448,36.008,37.04,250.02,7.423962e-05,3.6008,315.0
2002-09-06 09:00:00.000040448,36.008,37.04,251.409,7.467736e-05,3.6008,320.0
2002-09-06 12:00:00.000040448,36.008,37.04,252.33499,7.533226e-05,3.6008,325.0
2002-09-06 15:00:00.000040448,36.008,42.596,252.33499,7.5985095e-05,4.1152,330.0
2002-09-06 18:00:00.000040448,36.008,46.3,252.33499,7.6852295e-05,5.6584,315.0
2002-09-06 21:00:00.000040448,34.979202,55.56,260.669,7.771575e-05,7.2016,310.0
2002-09-07 00:00:00.000040448,33.436,64.82,268.53998,7.878973e-05,7.2016,310.0
2002-09-07 03:00:00.000040448,32.4072,70.376,263.91,7.9644604e-05,6.1728,310.0
2002-09-07 06:00:00.000040448,30.864,74.08,259.28,8.049559e-05,5.6584,310.0
2002-09-07 09:00:00.000040448,29.835201,74.08,259.28,8.113127e-05,5.144,300.0
2002-09-07 12:00:00.000040448,28.292,74.08,259.28,8.155382e-05,5.6584,285.0
2002-09-07 15:00:00.000040448,25.720001,74.08,243.075,8.176471e-05,6.1728,280.0
2002-09-07 18:00:00.000040448,23.148,74.08,226.87,8.197536e-05,5.144,285.0
2002-09-07 21:00:00.000040448,22.1192,74.08,180.56999,8.2185776e-05,3.6008,295.0
2002-09-08 00:00:00.000040448,20.576,74.08,134.27,8.2605824e-05,3.6008,305.0
2002-09-08 03:00:00.000040448,20.576,74.08,134.27,8.302487e-05,3.0864,315.0
2002-09-08 06:00:00.000040448,20.576,74.08,134.27,8.365155e-05,3.6008,325.0
2002-09-08 09:00:00.000040448,20.576,74.08,134.27,8.4068044e-05,3.6008,330.0
2002-09-08 12:00:00.000040448,20.576,74.08,134.27,8.448353e-05,3.0864,335.0
2002-09-08 15:00:00.000040448,19.5472,74.08,134.26999,8.510482e-05,3.0864,345.0
