Time,Vmax,Rmax_IBT,R34,fcor,u_trans,v_trans
2009-10-19 12:00:00.000039936,18.004,83.34,166.68,2.3819783e-05,6.1728,310.0
2009-10-19 15:00:00.000039936,18.004,83.34,166.68,2.4823696e-05,7.2016,310.0
2009-10-19 18:00:00.000039936,18.004,83.34,166.68,2.6076874e-05,7.716,305.0
2009-10-19 21:00:00.000039936,18.004,88.895996,187.978,2.707799e-05,7.716,300.0
2009-10-20 00:00:00.000039936,18.004,92.6,208.34999,2.807779e-05,7.716,300.0
2009-10-20 03:00:00.000039936,19.5472,92.6,220.388,2.9076216e-05,7.716,300.0
2009-10-20 06:00:00.000039936,20.576,92.6,231.5,3.0073232e-05,7.716,305.0
2009-10-20 09:00:00.000039936,24.6912,79.636,238.445,3.1068776e-05,7.2016,310.0
2009-10-20 12:00:00.000039936,28.292,64.82,245.39,3.231108e-05,7.2016,315.0
2009-10-20 15:00:00.000039936,29.835201,70.376,252.33499,3.3550914e-05,7.2016,320.0
2009-10-20 18:00:00.000039936,30.864,74.08,259.28,3.5035337e-05,7.716,320.0
2009-10-20 21:00:00.000039936,32.4072,61.116,259.28,3.651592e-05,7.716,315.0
2009-10-21 00:00:00.000039936,33.436,46.3,259.28,3.7746686e-05,7.2016,315.0
2009-10-21 03:00:00.000039936,36.008,46.3,259.28,3.897458e-05,6.6872,315.0
2009-10-21 06:00:00.000039936,38.58,46.3,259.28,3.995476e-05,5.6584,315.0
2009-10-21 09:00:00.000039936,42.6952,46.3,259.28,4.0688625e-05,5.144,315.0
2009-10-21 12:00:00.000039936,46.296,46.3,259.28,4.1665367e-05,5.144,335.0
2009-10-21 15:00:00.000039936,48.868,46.3,259.28,4.288343e-05,5.144,350.0
2009-10-21 18:00:00.000039936,51.440002,46.3,259.27997,4.409823e-05,4.6296,355.0
2009-10-21 21:00:00.000039936,54.012,46.3,266.22498,4.506766e-05,3.6008,350.0
2009-10-22 00:00:00.000039936,56.584,46.3,273.16998,4.5793287e-05,3.6008,355.0
2009-10-22 03:00:00.000039936,55.5552,46.3,275.485,4.651767e-05,3.6008,0.0
2009-10-22 06:00:00.000039936,54.012,46.3,277.8,4.748151e-05,3.6008,5.0
2009-10-22 09:00:00.000039936,52.9832,46.3,277.8,4.8202877e-05,3.6008,10.0
2009-10-22 12:00:00.000039936,51.440002,46.3,277.8,4.916265e-05,3.6008,10.0
2009-10-22 15:00:00.000039936,48.868,46.3,259.28,5.012002e-05,3.6008,15.0
2009-10-22 18:00:00.000039936,46.296,46.3,240.76001,5.083645e-05,3.6008,15.0
2009-10-22 21:00:00.000039936,45.2672,46.3,235.204,5.155148e-05,3.6008,15.0
2009-10-23 00:00:00.000039936,43.724,46.3,229.185,5.250265e-05,4.1152,15.0
2009-10-23 03:00:00.000039936,42.6952,46.3,225.944,5.345127e-05,4.6296,20.0
2009-10-23 06:00:00.000039936,41.152,46.3,222.23999,5.439729e-05,4.1152,20.0
2009-10-23 09:00:00.000039936,38.58,42.596,214.832,5.510506e-05,3.6008,25.0
2009-10-23 12:00:00.000039936,36.008,37.04,206.035,5.581132e-05,2.572,25.0
2009-10-23 15:00:00.000039936,33.436,42.596,190.293,5.6281307e-05,2.0576,25.0
2009-10-23 18:00:00.000039936,30.864,46.3,173.625,5.6750614e-05,2.0576,25.0
2009-10-23 21:00:00.000039936,29.835201,46.3,167.143,5.721923e-05,2.0576,25.0
2009-10-24 00:00:00.000039936,28.292,46.3,159.735,5.768715e-05,2.0576,30.0
2009-10-24 03:00:00.000039936,28.292,46.3,156.494,5.7920843e-05,2.0576,40.0
2009-10-24 06:00:00.000039936,28.292,46.3,152.79001,5.83877e-05,2.572,50.0
2009-10-24 09:00:00.000039936,27.2632,46.3,144.919,5.8853857e-05,3.0864,50.0
2009-10-24 12:00:00.000039936,25.720001,46.3,136.585,5.9319285e-05,3.6008,45.0
2009-10-24 15:00:00.000039936,25.720001,79.636,136.585,6.0016075e-05,3.0864,35.0
2009-10-24 18:00:00.000039936,25.720001,111.12,136.585,6.0479695e-05,2.0576,30.0
2009-10-24 21:00:00.000039936,25.720001,111.12,136.585,6.0711227e-05,1.0288,25.0
2009-10-25 00:00:00.000039936,25.720001,111.12,136.585,6.0942573e-05,0.5144,20.0
2009-10-25 03:00:00.000039936,25.720001,111.12,139.363,6.0942573e-05,0.0,0.0
2009-10-25 06:00:00.000039936,25.720001,111.12,141.215,6.0942573e-05,0.5144,245.0
2009-10-25 09:00:00.000039936,24.6912,101.86,144.919,6.0711227e-05,1.0288,255.0
2009-10-25 12:00:00.000039936,23.148,92.6,148.16,6.0711227e-05,1.0288,265.0
2009-10-25 15:00:00.000039936,23.148,92.6,148.16,6.0711227e-05,0.5144,300.0
2009-10-25 18:00:00.000039936,23.148,92.6,148.16,6.0942573e-05,1.5432,285.0
2009-10-25 21:00:00.000039936,22.1192,92.6,148.16,6.0942573e-05,2.0576,285.0
2009-10-26 00:00:00.000039936,20.576,92.6,148.16,6.1173734e-05,2.572,310.0
2009-10-26 03:00:00.000039936,19.5472,92.6,137.974,6.1635496e-05,3.0864,335.0
2009-10-26 06:00:00.000039936,18.004,92.6,127.325,6.2326726e-05,2.572,355.0
2009-10-26 09:00:00.000039936,18.004,92.6,127.325,6.278661e-05,3.0864,360.0
