Time,Vmax,Rmax_IBT,R34,fcor,u_trans,v_trans
2015-08-26 18:00:00.000039936,18.004,55.56,27.78,4.5793287e-05,1.5432,200.0
2015-08-26 21:00:00.000039936,19.5472,55.56,41.670002,4.5551555e-05,1.5432,205.0
2015-08-27 00:00:00.000039936,20.576,55.56,55.560005,4.5309676e-05,1.0288,210.0
2015-08-27 03:00:00.000039936,22.1192,46.3,60.190002,4.506766e-05,0.5144,225.0
2015-08-27 06:00:00.000039936,23.148,37.04,64.82,4.506766e-05,0.5144,225.0
2015-08-27 09:00:00.000039936,24.6912,33.336,74.08,4.506766e-05,1.0288,230.0
2015-08-27 12:00:00.000039936,25.720001,27.78,83.34,4.4825505e-05,1.0288,230.0
2015-08-27 15:00:00.000039936,27.2632,24.076,92.6,4.458322e-05,1.5432,235.0
2015-08-27 18:00:00.000039936,28.292,18.52,101.86,4.4340795e-05,2.0576,240.0
2015-08-27 21:00:00.000039936,29.835201,27.78,101.86,4.409823e-05,2.572,245.0
2015-08-28 00:00:00.000039936,30.864,37.04,101.86,4.385554e-05,3.0864,255.0
2015-08-28 03:00:00.000039936,30.864,37.04,106.49,4.3612705e-05,3.6008,260.0
2015-08-28 06:00:00.000039936,30.864,37.04,111.119995,4.3612705e-05,4.1152,265.0
2015-08-28 09:00:00.000039936,30.864,42.596,115.75,4.3612705e-05,4.6296,270.0
2015-08-28 12:00:00.000039936,30.864,46.3,120.380005,4.3612705e-05,4.6296,275.0
2015-08-28 15:00:00.000039936,30.864,46.3,120.380005,4.3612705e-05,4.6296,280.0
2015-08-28 18:00:00.000039936,30.864,46.3,120.380005,4.385554e-05,4.1152,280.0
2015-08-28 21:00:00.000039936,30.864,46.3,127.325,4.385554e-05,4.1152,275.0
2015-08-29 00:00:00.000039936,30.864,46.3,134.27,4.409823e-05,4.1152,275.0
2015-08-29 03:00:00.000039936,32.4072,46.3,143.53,4.409823e-05,4.1152,275.0
2015-08-29 06:00:00.000039936,33.436,46.3,152.79001,4.4340795e-05,4.6296,280.0
2015-08-29 09:00:00.000039936,37.5512,46.3,152.79001,4.4340795e-05,4.6296,280.0
2015-08-29 12:00:00.000039936,41.152,46.3,152.79001,4.458322e-05,4.6296,275.0
2015-08-29 15:00:00.000039936,48.868,42.596,162.05,4.458322e-05,4.6296,275.0
2015-08-29 18:00:00.000039936,56.584,37.04,171.31,4.4825505e-05,4.6296,280.0
2015-08-29 21:00:00.000039936,58.1272,37.04,178.25499,4.506766e-05,4.1152,280.0
2015-08-30 00:00:00.000039936,59.156002,37.04,185.2,4.5309676e-05,4.1152,285.0
2015-08-30 03:00:00.000039936,60.6992,37.04,187.515,4.5551555e-05,3.6008,285.0
2015-08-30 06:00:00.000039936,61.728,37.04,189.83,4.5793287e-05,3.6008,290.0
2015-08-30 09:00:00.000039936,60.6992,37.04,187.515,4.6034886e-05,3.6008,295.0
2015-08-30 12:00:00.000039936,59.156002,37.04,185.2,4.651767e-05,3.6008,305.0
2015-08-30 15:00:00.000039936,58.1272,37.04,185.2,4.675884e-05,3.6008,310.0
2015-08-30 18:00:00.000039936,56.584,37.04,185.2,4.7240763e-05,3.6008,315.0
2015-08-30 21:00:00.000039936,56.584,37.04,185.2,4.796257e-05,4.1152,325.0
2015-08-31 00:00:00.000039936,56.584,37.04,185.2,4.892293e-05,3.6008,330.0
2015-08-31 03:00:00.000039936,55.5552,37.04,187.515,4.9641636e-05,3.6008,330.0
2015-08-31 06:00:00.000039936,54.012,37.04,189.83,5.059779e-05,4.1152,335.0
2015-08-31 09:00:00.000039936,52.9832,37.04,189.82999,5.155148e-05,4.6296,330.0
2015-08-31 12:00:00.000039936,51.440002,37.04,189.82999,5.22651e-05,4.1152,330.0
2015-08-31 15:00:00.000039936,51.440002,37.04,189.82999,5.2977284e-05,3.6008,330.0
2015-08-31 18:00:00.000039936,51.440002,37.04,189.82999,5.3688025e-05,3.0864,330.0
2015-08-31 21:00:00.000039936,51.440002,37.04,189.82999,5.439729e-05,3.0864,340.0
2015-09-01 00:00:00.000039936,51.440002,37.04,189.82999,5.510506e-05,3.0864,355.0
2015-09-01 03:00:00.000039936,51.440002,37.04,189.82999,5.581132e-05,3.0864,0.0
2015-09-01 06:00:00.000039936,51.440002,37.04,189.82999,5.6516048e-05,3.0864,345.0
2015-09-01 09:00:00.000039936,51.440002,37.04,189.82999,5.721923e-05,2.572,335.0
2015-09-01 12:00:00.000039936,51.440002,37.04,189.82999,5.768715e-05,2.572,330.0
2015-09-01 15:00:00.000039936,48.868,37.04,206.035,5.8154368e-05,2.0576,335.0
2015-09-01 18:00:00.000039936,46.296,37.04,222.24,5.83877e-05,2.0576,330.0
2015-09-01 21:00:00.000039936,45.2672,37.04,222.24,5.8853857e-05,2.0576,325.0
2015-09-02 00:00:00.000039936,43.724,37.04,222.24,5.9319285e-05,2.0576,315.0
2015-09-02 03:00:00.000039936,42.6952,37.04,222.24,5.9551734e-05,2.572,310.0
2015-09-02 06:00:00.000039936,41.152,37.04,222.24,5.9784e-05,2.572,305.0
2015-09-02 09:00:00.000039936,41.152,37.04,222.24,6.0247978e-05,2.0576,305.0
2015-09-02 12:00:00.000039936,41.152,37.04,222.24,6.0479695e-05,2.572,295.0
2015-09-02 15:00:00.000039936,41.152,27.78,237.056,6.0711227e-05,2.0576,285.0
2015-09-02 18:00:00.000039936,41.152,18.52,250.02,6.0942573e-05,2.0576,280.0
2015-09-02 21:00:00.000039936,42.6952,18.52,250.02,6.0942573e-05,1.0288,275.0
2015-09-03 00:00:00.000039936,43.724,18.52,250.02,6.0942573e-05,1.0288,255.0
2015-09-03 03:00:00.000039936,45.2672,18.52,250.02,6.0711227e-05,1.0288,235.0
2015-09-03 06:00:00.000039936,46.296,18.52,250.02,6.0479695e-05,1.5432,230.0
2015-09-03 09:00:00.000039936,45.2672,24.076,243.538,6.0247978e-05,1.5432,230.0
2015-09-03 12:00:00.000039936,43.724,27.78,236.13,6.0016075e-05,1.5432,230.0
2015-09-03 15:00:00.000039936,42.6952,27.78,226.40701,5.9784e-05,2.0576,230.0
2015-09-03 18:00:00.000039936,41.152,27.78,215.29501,5.9319285e-05,2.572,230.0
2015-09-03 21:00:00.000039936,40.1232,27.78,215.29501,5.8853857e-05,3.0864,235.0
2015-09-04 00:00:00.000039936,38.58,27.78,215.29501,5.862087e-05,2.572,245.0
2015-09-04 03:00:00.000039936,37.5512,27.78,218.99901,5.83877e-05,2.572,250.0
2015-09-04 06:00:00.000039936,36.008,27.78,222.24,5.83877e-05,3.0864,255.0
2015-09-04 09:00:00.000039936,36.008,27.78,233.352,5.8154368e-05,3.0864,255.0
2015-09-04 12:00:00.000039936,36.008,27.78,243.075,5.8154368e-05,3.6008,265.0
2015-09-04 15:00:00.000039936,36.008,27.78,246.77899,5.8154368e-05,4.1152,270.0
2015-09-04 18:00:00.000039936,36.008,27.78,250.02,5.8154368e-05,4.1152,270.0
2015-09-04 21:00:00.000039936,37.5512,27.78,253.724,5.8154368e-05,4.6296,270.0
2015-09-05 00:00:00.000039936,38.58,27.78,256.965,5.8154368e-05,4.6296,275.0
2015-09-05 03:00:00.000039936,40.1232,27.78,256.965,5.8154368e-05,5.144,275.0
2015-09-05 06:00:00.000039936,41.152,27.78,256.965,5.83877e-05,5.144,270.0
2015-09-05 09:00:00.000039936,43.724,27.78,260.669,5.83877e-05,5.144,270.0
2015-09-05 12:00:00.000039936,46.296,27.78,263.91,5.83877e-05,5.144,270.0
2015-09-05 15:00:00.000039936,47.8392,37.04,267.614,5.83877e-05,5.6584,275.0
2015-09-05 18:00:00.000039936,48.868,46.3,270.85498,5.862087e-05,5.144,280.0
2015-09-05 21:00:00.000039936,47.8392,44.447998,278.263,5.8853857e-05,5.144,280.0
2015-09-06 00:00:00.000039936,46.296,40.744,284.745,5.9086666e-05,4.6296,280.0
2015-09-06 03:00:00.000039936,46.296,40.744,284.745,5.9319285e-05,4.1152,280.0
2015-09-06 06:00:00.000039936,46.296,40.744,284.745,5.9551734e-05,4.6296,285.0
2015-09-06 09:00:00.000039936,45.2672,37.04,288.449,5.9784e-05,5.144,285.0
2015-09-06 12:00:00.000039936,43.724,31.484,291.69,6.0016075e-05,5.6584,280.0
2015-09-06 15:00:00.000039936,43.724,27.78,295.39398,6.0247978e-05,5.6584,280.0
2015-09-06 18:00:00.000039936,43.724,22.223999,298.63498,6.0247978e-05,4.6296,280.0
2015-09-06 21:00:00.000039936,42.6952,25.928,302.339,6.0479695e-05,4.6296,285.0
2015-09-07 00:00:00.000039936,41.152,27.78,305.58,6.0711227e-05,5.144,285.0
2015-09-07 03:00:00.000039936,40.1232,29.632,312.98798,6.0942573e-05,6.1728,285.0
2015-09-07 06:00:00.000039936,38.58,31.484,319.46997,6.14047e-05,6.1728,285.0
2015-09-07 09:00:00.000039936,38.58,31.484,326.878,6.1635496e-05,5.6584,285.0
2015-09-07 12:00:00.000039936,38.58,31.484,333.36,6.20965e-05,5.6584,285.0
2015-09-07 15:00:00.000039936,37.5512,31.484,337.064,6.255676e-05,6.1728,290.0
2015-09-07 18:00:00.000039936,36.008,31.484,340.305,6.3016254e-05,6.6872,290.0
2015-09-07 21:00:00.000039936,36.008,31.484,344.009,6.370404e-05,7.716,290.0
2015-09-08 00:00:00.000039936,36.008,31.484,347.25,6.43901e-05,7.716,290.0
2015-09-08 03:00:00.000039936,34.979202,35.188,347.25,6.507438e-05,7.716,290.0
2015-09-08 06:00:00.000039936,33.436,37.04,347.25,6.552959e-05,7.2016,290.0
2015-09-08 09:00:00.000039936,33.436,37.04,347.25,6.5983986e-05,7.2016,295.0
2015-09-08 12:00:00.000039936,33.436,37.04,347.25,6.666408e-05,7.2016,300.0
2015-09-08 15:00:00.000039936,33.436,37.04,347.25,6.756802e-05,7.716,305.0
2015-09-08 18:00:00.000039936,33.436,37.04,347.25,6.869332e-05,7.716,310.0
2015-09-08 21:00:00.000039936,33.436,55.56,347.25,6.958979e-05,7.2016,310.0
2015-09-09 00:00:00.000039936,33.436,74.08,347.25,7.07056e-05,7.2016,310.0
2015-09-09 03:00:00.000039936,33.436,88.895996,347.25,7.181604e-05,7.2016,305.0
2015-09-09 06:00:00.000039936,33.436,101.86,347.25,7.270045e-05,6.6872,310.0
2015-09-09 09:00:00.000039936,32.4072,116.676,344.009,7.3581316e-05,6.6872,315.0
2015-09-09 12:00:00.000039936,30.864,129.64,340.305,7.4458614e-05,7.2016,310.0
2015-09-09 15:00:00.000039936,29.835201,129.64,333.823,7.533226e-05,7.2016,310.0
2015-09-09 18:00:00.000039936,28.292,129.64,326.41498,7.641916e-05,7.2016,315.0
2015-09-09 21:00:00.000039936,28.292,135.196,326.41498,7.750023e-05,6.6872,320.0
2015-09-10 00:00:00.000039936,28.292,138.9,326.41498,7.85754e-05,6.6872,330.0
2015-09-10 03:00:00.000039936,28.292,138.9,326.41498,7.9644604e-05,6.6872,335.0
2015-09-10 06:00:00.000039936,28.292,138.9,326.41498,8.0919635e-05,6.6872,335.0
2015-09-10 09:00:00.000039936,28.292,135.196,337.064,8.2185776e-05,7.2016,335.0
2015-09-10 12:00:00.000039936,28.292,129.64,347.25,8.365155e-05,8.2304,340.0
2015-09-10 15:00:00.000039936,28.292,129.64,347.713,8.551773e-05,9.2592,345.0
2015-09-10 18:00:00.000039936,28.292,129.64,347.25,8.7362794e-05,9.7736,340.0
2015-09-10 21:00:00.000039936,28.292,135.196,354.65802,8.898478e-05,9.2592,340.0
2015-09-11 00:00:00.000039936,28.292,138.9,361.13998,9.078879e-05,9.7736,350.0
2015-09-11 03:00:00.000039936,27.2632,135.196,364.844,9.2766924e-05,10.802401,0.0
2015-09-11 06:00:00.000039936,25.720001,129.64,368.085,9.5103336e-05,12.3456,10.0
2015-09-11 09:00:00.000039936,24.6912,129.64,368.085,9.758735e-05,13.3744,10.0
