Time,Vmax,Rmax_IBT,R34,fcor,u_trans,v_trans
2002-10-26 00:00:00.000040448,18.004,92.6,81.024994,2.7328068e-05,2.572,335.0
2002-10-26 03:00:00.000040448,18.004,70.376,81.024994,2.807779e-05,3.0864,340.0
2002-10-26 06:00:00.000040448,18.004,46.3,81.024994,2.882674e-05,3.0864,310.0
2002-10-26 09:00:00.000040448,19.5472,46.3,68.523994,2.882674e-05,3.6008,275.0
2002-10-26 12:00:00.000040448,20.576,46.3,55.559998,2.882674e-05,3.0864,270.0
2002-10-26 15:00:00.000040448,22.1192,46.3,69.45,2.882674e-05,2.572,275.0
2002-10-26 18:00:00.000040448,23.148,46.3,83.340004,2.9076216e-05,2.572,270.0
2002-10-26 21:00:00.000040448,23.148,46.3,83.340004,2.9076216e-05,2.572,270.0
2002-10-27 00:00:00.000040448,23.148,46.3,83.340004,2.9076216e-05,3.6008,280.0
2002-10-27 03:00:00.000040448,24.6912,46.3,97.229996,2.9325609e-05,4.1152,285.0
2002-10-27 06:00:00.000040448,25.720001,46.3,111.12,2.9574905e-05,2.572,275.0
2002-10-27 09:00:00.000040448,27.2632,37.04,123.158005,2.9076216e-05,1.0288,255.0
2002-10-27 12:00:00.000040448,28.292,27.78,134.26999,2.882674e-05,1.5432,320.0
2002-10-27 15:00:00.000040448,28.292,27.78,137.048,2.9824112e-05,3.0864,330.0
2002-10-27 18:00:00.000040448,28.292,27.78,138.9,3.0820032e-05,2.572,320.0
2002-10-27 21:00:00.000040448,28.292,27.78,134.26999,3.1068776e-05,1.5432,290.0
2002-10-28 00:00:00.000040448,28.292,27.78,129.64,3.1068776e-05,1.5432,290.0
2002-10-28 03:00:00.000040448,28.292,33.336,134.26999,3.131743e-05,1.5432,300.0
2002-10-28 06:00:00.000040448,28.292,37.04,138.90001,3.156599e-05,1.5432,310.0
2002-10-28 09:00:00.000040448,29.835201,33.336,156.957,3.1814445e-05,1.5432,305.0
2002-10-28 12:00:00.000040448,30.864,27.78,173.625,3.206281e-05,3.0864,285.0
2002-10-28 15:00:00.000040448,32.4072,27.78,173.625,3.231108e-05,4.6296,280.0
2002-10-28 18:00:00.000040448,33.436,27.78,173.625,3.231108e-05,2.572,280.0
2002-10-28 21:00:00.000040448,33.436,27.78,173.625,3.231108e-05,0.5144,270.0
2002-10-29 00:00:00.000040448,33.436,27.78,173.625,3.231108e-05,1.0288,285.0
2002-10-29 03:00:00.000040448,33.436,27.78,170.847,3.231108e-05,2.0576,290.0
2002-10-29 06:00:00.000040448,33.436,27.78,166.68001,3.2559245e-05,2.0576,305.0
2002-10-29 09:00:00.000040448,33.436,27.78,166.68001,3.280731e-05,1.5432,330.0
2002-10-29 12:00:00.000040448,33.436,27.78,166.68001,3.330315e-05,1.5432,10.0
2002-10-29 15:00:00.000040448,33.436,27.78,166.68001,3.3798577e-05,2.0576,10.0
2002-10-29 18:00:00.000040448,33.436,27.78,166.68001,3.4293596e-05,3.0864,320.0
2002-10-29 21:00:00.000040448,30.864,27.78,166.68001,3.47882e-05,5.144,295.0
2002-10-30 00:00:00.000040448,28.292,27.78,166.68001,3.5282377e-05,6.1728,280.0
2002-10-30 03:00:00.000040448,28.292,27.78,157.42,3.5282377e-05,6.1728,270.0
2002-10-30 06:00:00.000040448,28.292,27.78,148.16,3.5282377e-05,5.6584,260.0
2002-10-30 09:00:00.000040448,27.2632,27.78,143.53,3.5035337e-05,4.6296,255.0
2002-10-30 12:00:00.000040448,25.720001,27.78,138.9,3.47882e-05,4.1152,260.0
2002-10-30 15:00:00.000040448,27.2632,27.78,143.53,3.454095e-05,4.6296,265.0
2002-10-30 18:00:00.000040448,28.292,27.78,148.16,3.454095e-05,4.6296,270.0
2002-10-30 21:00:00.000040448,29.835201,27.78,152.79001,3.47882e-05,5.144,275.0
2002-10-31 00:00:00.000040448,30.864,27.78,157.42,3.5035337e-05,4.6296,270.0
2002-10-31 03:00:00.000040448,32.4072,27.78,157.42,3.5035337e-05,4.6296,260.0
2002-10-31 06:00:00.000040448,33.436,27.78,157.42,3.47882e-05,4.1152,260.0
2002-10-31 09:00:00.000040448,33.436,27.78,166.68,3.47882e-05,3.6008,265.0
2002-10-31 12:00:00.000040448,33.436,27.78,175.94,3.454095e-05,4.6296,265.0
2002-10-31 15:00:00.000040448,33.436,27.78,175.94,3.4293596e-05,6.1728,265.0
2002-10-31 18:00:00.000040448,33.436,27.78,175.94,3.404614e-05,6.1728,265.0
2002-10-31 21:00:00.000040448,33.436,27.78,175.94,3.3798577e-05,5.6584,270.0
2002-11-01 00:00:00.000040448,33.436,27.78,175.94,3.3798577e-05,5.6584,275.0
2002-11-01 03:00:00.000040448,33.436,27.78,175.94,3.404614e-05,5.6584,285.0
2002-11-01 06:00:00.000040448,33.436,27.78,175.94,3.454095e-05,6.1728,290.0
2002-11-01 09:00:00.000040448,36.008,27.78,175.94,3.5035337e-05,5.6584,290.0
2002-11-01 12:00:00.000040448,38.58,27.78,175.94,3.5529305e-05,4.6296,300.0
2002-11-01 15:00:00.000040448,38.58,33.336,199.09,3.626943e-05,3.6008,305.0
2002-11-01 18:00:00.000040448,38.58,37.04,222.24,3.67623e-05,3.0864,300.0
2002-11-01 21:00:00.000040448,38.58,37.04,222.24,3.700857e-05,3.0864,280.0
2002-11-02 00:00:00.000040448,38.58,37.04,222.24,3.700857e-05,3.6008,275.0
2002-11-02 03:00:00.000040448,38.58,37.04,231.5,3.700857e-05,4.1152,275.0
2002-11-02 06:00:00.000040448,38.58,37.04,240.76001,3.700857e-05,4.1152,275.0
2002-11-02 09:00:00.000040448,38.58,37.04,240.76001,3.700857e-05,3.6008,280.0
2002-11-02 12:00:00.000040448,38.58,37.04,240.76001,3.7254722e-05,4.1152,280.0
2002-11-02 15:00:00.000040448,38.58,37.04,250.01999,3.7500762e-05,5.144,280.0
2002-11-02 18:00:00.000040448,38.58,37.04,259.28,3.7746686e-05,6.1728,285.0
2002-11-02 21:00:00.000040448,38.58,37.04,259.28,3.8238195e-05,7.2016,285.0
2002-11-03 00:00:00.000040448,38.58,37.04,259.28,3.872924e-05,9.2592,280.0
2002-11-03 03:00:00.000040448,38.58,37.04,254.65,3.9219805e-05,10.288,275.0
2002-11-03 06:00:00.000040448,38.58,37.04,250.01999,3.9464914e-05,8.2304,270.0
2002-11-03 09:00:00.000040448,38.58,37.04,245.38998,3.9464914e-05,7.716,275.0
2002-11-03 12:00:00.000040448,38.58,37.04,240.75998,3.9464914e-05,9.7736,280.0
2002-11-03 15:00:00.000040448,38.58,37.04,240.75998,3.995476e-05,10.802401,280.0
2002-11-03 18:00:00.000040448,38.58,37.04,240.75998,4.0444127e-05,12.3456,280.0
2002-11-03 21:00:00.000040448,37.5512,37.04,247.70499,4.1177245e-05,13.3744,285.0
2002-11-04 00:00:00.000040448,36.008,37.04,254.65,4.1909232e-05,13.8888,285.0
2002-11-04 03:00:00.000040448,36.008,37.04,254.65,4.288343e-05,13.8888,285.0
2002-11-04 06:00:00.000040448,36.008,37.04,254.65,4.385554e-05,12.3456,290.0
2002-11-04 09:00:00.000040448,36.008,37.04,250.01999,4.5309676e-05,11.8312,300.0
2002-11-04 12:00:00.000040448,36.008,37.04,245.39,4.675884e-05,12.3456,300.0
2002-11-04 15:00:00.000040448,37.5512,37.04,245.39,4.8202877e-05,13.3744,295.0
2002-11-04 18:00:00.000040448,38.58,37.04,245.39,4.9402213e-05,12.860001,295.0
2002-11-04 21:00:00.000040448,37.5512,37.04,245.39,5.035898e-05,12.3456,295.0
2002-11-05 00:00:00.000040448,36.008,37.04,245.39,5.131329e-05,10.802401,300.0
2002-11-05 03:00:00.000040448,37.5512,37.04,252.335,5.250265e-05,9.7736,310.0
2002-11-05 06:00:00.000040448,38.58,37.04,259.28,5.392461e-05,8.744801,320.0
2002-11-05 09:00:00.000040448,37.5512,37.04,254.65001,5.5576067e-05,8.2304,330.0
2002-11-05 12:00:00.000040448,36.008,37.04,250.02,5.721923e-05,7.716,340.0
2002-11-05 15:00:00.000040448,34.979202,37.04,250.02,5.862087e-05,6.6872,345.0
2002-11-05 18:00:00.000040448,33.436,37.04,250.02,6.0016075e-05,5.144,355.0
2002-11-05 21:00:00.000040448,33.436,37.04,250.02,6.1173734e-05,4.6296,10.0
2002-11-06 00:00:00.000040448,33.436,37.04,250.02,6.2326726e-05,5.144,40.0
2002-11-06 03:00:00.000040448,32.4072,37.04,245.39,6.3016254e-05,7.2016,60.0
2002-11-06 06:00:00.000040448,30.864,37.04,240.76001,6.370404e-05,8.744801,65.0
2002-11-06 09:00:00.000040448,29.835201,37.04,226.87,6.4846485e-05,10.288,65.0
2002-11-06 12:00:00.000040448,28.292,37.04,212.98,6.575688e-05,11.3168,75.0
2002-11-06 15:00:00.000040448,28.292,55.56,229.18498,6.621089e-05,12.860001,80.0
2002-11-06 18:00:00.000040448,28.292,74.08,245.38998,6.643758e-05,14.4032,80.0
2002-11-06 21:00:00.000040448,25.720001,74.08,240.76001,6.689037e-05,15.432,80.0
