Time,Vmax,Rmax_IBT,R34,fcor,u_trans,v_trans
2015-09-21 00:00:00.000039936,18.004,92.6,60.190002,5.721923e-05,6.6872,30.0
2015-09-21 03:00:00.000039936,19.5472,92.6,106.490005,5.83877e-05,6.1728,35.0
2015-09-21 06:00:00.000039936,20.576,92.6,152.79001,5.9551734e-05,6.1728,25.0
2015-09-21 09:00:00.000039936,22.1192,92.6,198.164,6.0711227e-05,6.1728,20.0
2015-09-21 12:00:00.000039936,23.148,92.6,243.075,6.20965e-05,6.1728,10.0
2015-09-21 15:00:00.000039936,22.1192,83.34,225.018,6.3474974e-05,6.1728,5.0
2015-09-21 18:00:00.000039936,20.576,74.08,206.035,6.4846485e-05,5.144,345.0
2015-09-21 21:00:00.000039936,20.576,83.34,195.849,6.575688e-05,4.6296,320.0
2015-09-22 00:00:00.000039936,20.576,92.6,185.2,6.643758e-05,3.6008,315.0
2015-09-22 03:00:00.000039936,19.5472,92.6,185.2,6.689037e-05,2.572,320.0
2015-09-22 06:00:00.000039936,18.004,92.6,185.2,6.734234e-05,3.6008,320.0
2015-09-22 09:00:00.000039936,18.004,83.34,185.2,6.801876e-05,4.6296,325.0
2015-09-22 12:00:00.000039936,18.004,74.08,185.2,6.8917754e-05,5.144,335.0
2015-09-22 15:00:00.000039936,18.004,83.34,185.2,7.003676e-05,5.6584,345.0
2015-09-22 18:00:00.000039936,18.004,92.6,185.2,7.137252e-05,6.6872,350.0
2015-09-22 21:00:00.000039936,18.004,120.38,185.2,7.2921e-05,7.716,355.0
