Time,Vmax,Rmax_IBT,R34,fcor,u_trans,v_trans
2015-09-25 06:00:00.000039936,18.004,64.82,64.82,3.626943e-05,2.572,320.0
2015-09-25 09:00:00.000039936,18.004,64.82,64.82,3.67623e-05,2.572,325.0
2015-09-25 12:00:00.000039936,18.004,64.82,64.82,3.7254722e-05,3.6008,330.0
2015-09-25 15:00:00.000039936,19.5472,61.116,69.913,3.8238195e-05,4.6296,335.0
2015-09-25 18:00:00.000039936,20.576,55.56,74.08,3.9219805e-05,3.6008,330.0
2015-09-25 21:00:00.000039936,22.1192,51.856,74.08,3.9709896e-05,3.0864,315.0
2015-09-26 00:00:00.000039936,23.148,46.3,74.08,4.0199502e-05,3.0864,315.0
2015-09-26 03:00:00.000039936,23.148,46.3,76.858,4.0688625e-05,3.0864,320.0
2015-09-26 06:00:00.000039936,23.148,46.3,78.71001,4.142137e-05,3.6008,325.0
2015-09-26 09:00:00.000039936,24.6912,42.596,97.229996,4.2152973e-05,4.1152,320.0
2015-09-26 12:00:00.000039936,25.720001,37.04,115.75,4.288343e-05,2.572,310.0
2015-09-26 15:00:00.000039936,27.2632,37.04,115.75,4.3126656e-05,2.0576,270.0
2015-09-26 18:00:00.000039936,28.292,37.04,115.75,4.288343e-05,2.572,255.0
2015-09-26 21:00:00.000039936,27.2632,42.596,119.453995,4.2640077e-05,3.6008,255.0
2015-09-27 00:00:00.000039936,25.720001,46.3,122.69501,4.239659e-05,3.6008,250.0
2015-09-27 03:00:00.000039936,24.6912,46.3,110.194,4.2152973e-05,3.0864,240.0
2015-09-27 06:00:00.000039936,23.148,46.3,97.229996,4.1665367e-05,3.0864,235.0
2015-09-27 09:00:00.000039936,23.148,46.3,97.229996,4.1177245e-05,2.572,230.0
2015-09-27 12:00:00.000039936,23.148,46.3,97.229996,4.093299e-05,3.0864,245.0
2015-09-27 15:00:00.000039936,23.148,46.3,97.229996,4.0688625e-05,3.6008,255.0
2015-09-27 18:00:00.000039936,23.148,46.3,97.229996,4.0444127e-05,4.6296,250.0
2015-09-27 21:00:00.000039936,22.1192,46.3,84.729,3.995476e-05,5.144,245.0
2015-09-28 00:00:00.000039936,20.576,46.3,71.765,3.9464914e-05,4.1152,245.0
2015-09-28 03:00:00.000039936,19.5472,46.3,62.042,3.897458e-05,3.6008,245.0
