Time,Vmax,Rmax_IBT,R34,fcor,u_trans,v_trans
2015-10-03 12:00:00.000039936,18.004,74.08,74.08,3.1814445e-05,1.0288,60.0
2015-10-03 15:00:00.000039936,18.004,74.08,74.08,3.1814445e-05,1.0288,65.0
2015-10-03 18:00:00.000039936,18.004,74.08,74.08,3.206281e-05,2.0576,70.0
2015-10-03 21:00:00.000039936,18.004,74.08,78.71,3.231108e-05,2.572,70.0
2015-10-04 00:00:00.000039936,18.004,74.08,83.340004,3.2559245e-05,1.5432,45.0
2015-10-04 03:00:00.000039936,18.004,74.08,83.340004,3.280731e-05,1.0288,335.0
2015-10-04 06:00:00.000039936,18.004,74.08,83.340004,3.305528e-05,1.0288,305.0
2015-10-04 09:00:00.000039936,18.004,74.08,90.285,3.330315e-05,1.0288,295.0
2015-10-04 12:00:00.000039936,18.004,74.08,97.229996,3.330315e-05,1.0288,295.0
2015-10-04 15:00:00.000039936,18.004,74.08,97.229996,3.330315e-05,0.5144,315.0
2015-10-04 18:00:00.000039936,18.004,74.08,97.229996,3.3550914e-05,1.0288,0.0
2015-10-04 21:00:00.000039936,19.5472,70.376,106.49,3.3798577e-05,1.0288,25.0
2015-10-05 00:00:00.000039936,20.576,64.82,115.75001,3.404614e-05,1.0288,30.0
2015-10-05 03:00:00.000039936,22.1192,61.116,125.01,3.4293596e-05,1.0288,25.0
2015-10-05 06:00:00.000039936,23.148,55.56,134.26999,3.454095e-05,1.5432,30.0
2015-10-05 09:00:00.000039936,24.6912,55.56,134.26999,3.47882e-05,2.0576,35.0
2015-10-05 12:00:00.000039936,25.720001,55.56,134.26999,3.5282377e-05,3.0864,40.0
2015-10-05 15:00:00.000039936,27.2632,51.856,143.53,3.6022833e-05,3.6008,45.0
2015-10-05 18:00:00.000039936,28.292,46.3,152.79,3.651592e-05,2.572,45.0
2015-10-05 21:00:00.000039936,28.292,46.3,152.79,3.67623e-05,2.0576,55.0
2015-10-06 00:00:00.000039936,28.292,46.3,152.79,3.700857e-05,2.0576,65.0
2015-10-06 03:00:00.000039936,29.835201,46.3,157.42,3.7254722e-05,3.0864,70.0
2015-10-06 06:00:00.000039936,30.864,46.3,162.05,3.7500762e-05,4.6296,80.0
2015-10-06 09:00:00.000039936,32.4072,46.3,180.57,3.7746686e-05,6.1728,80.0
2015-10-06 12:00:00.000039936,33.436,46.3,199.09,3.7992504e-05,6.6872,70.0
2015-10-06 15:00:00.000039936,36.008,46.3,206.035,3.872924e-05,7.2016,55.0
2015-10-06 18:00:00.000039936,38.58,46.3,212.98001,3.995476e-05,7.716,50.0
2015-10-06 21:00:00.000039936,40.1232,46.3,215.29501,4.1177245e-05,8.744801,45.0
2015-10-07 00:00:00.000039936,41.152,46.3,217.60999,4.288343e-05,10.802401,40.0
2015-10-07 03:00:00.000039936,43.724,46.3,222.23999,4.506766e-05,12.860001,35.0
2015-10-07 06:00:00.000039936,46.296,46.3,226.87001,4.7722115e-05,14.4032,30.0
2015-10-07 09:00:00.000039936,47.8392,46.3,238.445,5.083645e-05,15.9464,25.0
2015-10-07 12:00:00.000039936,48.868,46.3,250.01999,5.439729e-05,16.9752,25.0
2015-10-07 15:00:00.000039936,47.8392,46.3,268.54,5.7920843e-05,17.489601,25.0
2015-10-07 18:00:00.000039936,46.296,46.3,287.06,6.1635496e-05,19.0328,10.0
2015-10-07 21:00:00.000039936,42.6952,55.56,351.88,6.621089e-05,19.5472,360.0
2015-10-08 00:00:00.000039936,38.58,64.82,416.7,7.025991e-05,14.917601,5.0
2015-10-08 03:00:00.000039936,36.008,64.82,416.7,7.270045e-05,11.3168,25.0
2015-10-08 06:00:00.000039936,33.436,64.82,416.7,7.467736e-05,11.8312,30.0
2015-10-08 09:00:00.000039936,32.4072,74.08,398.18,7.70685e-05,14.917601,30.0
2015-10-08 12:00:00.000039936,30.864,83.34,379.66,8.007058e-05,18.5184,40.0
2015-10-08 15:00:00.000039936,29.835201,92.6,384.28998,8.302487e-05,22.6336,35.0
2015-10-08 18:00:00.000039936,28.292,101.86,388.92,8.776991e-05,31.8928,0.0
2015-10-08 21:00:00.000039936,25.720001,135.196,555.6,9.568096e-05,41.6664,350.0
2015-10-09 00:00:00.000039936,23.148,166.68,722.27997,0.000103125865,32.9216,5.0
2015-10-09 03:00:00.000039936,24.6912,185.2,757.005,0.000107181426,25.720001,35.0
2015-10-09 06:00:00.000039936,25.720001,203.72,791.73,0.000110068366,21.604801,25.0
2015-10-09 09:00:00.000039936,29.835201,212.98,750.06006,0.00011350054,20.576,0.0
2015-10-09 12:00:00.000039936,33.436,222.24,708.38995,0.000116474606,18.5184,350.0
2015-10-09 15:00:00.000039936,30.864,222.24,555.6,0.00011902714,15.432,350.0
2015-10-09 18:00:00.000039936,28.292,222.24,402.81,0.0001209085,11.3168,345.0
2015-10-09 21:00:00.000039936,24.6912,175.94,250.01999,0.00012203539,8.2304,340.0
2015-10-10 00:00:00.000039936,20.576,129.64,97.229996,0.0001230019,10.288,320.0
2015-10-10 03:00:00.000039936,19.5472,135.196,97.229996,0.00012421756,12.860001,320.0
