Time,Vmax,Rmax_IBT,R34,fcor,u_trans,v_trans
2019-06-26 12:00:00.000039936,18.004,37.04,13.89,3.67623e-05,5.6584,240.0
2019-06-26 15:00:00.000039936,19.5472,33.336,20.835001,3.626943e-05,5.144,255.0
2019-06-26 18:00:00.000039936,20.576,27.78,27.78,3.6022833e-05,5.144,265.0
2019-06-26 21:00:00.000039936,22.1192,24.076,27.78,3.6022833e-05,5.144,280.0
2019-06-27 00:00:00.000039936,23.148,18.52,27.78,3.651592e-05,5.144,295.0
2019-06-27 03:00:00.000039936,24.6912,18.52,32.41,3.700857e-05,5.144,300.0
2019-06-27 06:00:00.000039936,25.720001,18.52,37.04,3.7746686e-05,5.6584,300.0
2019-06-27 09:00:00.000039936,25.720001,18.52,41.670002,3.8483773e-05,5.6584,300.0
2019-06-27 12:00:00.000039936,25.720001,18.52,46.300003,3.9219805e-05,6.1728,305.0
2019-06-27 15:00:00.000039936,27.2632,18.52,50.93,3.995476e-05,6.6872,305.0
2019-06-27 18:00:00.000039936,28.292,18.52,55.56,4.093299e-05,6.6872,305.0
2019-06-27 21:00:00.000039936,30.864,18.52,57.875,4.1665367e-05,6.6872,305.0
2019-06-28 00:00:00.000039936,33.436,18.52,60.190002,4.2640077e-05,6.6872,305.0
2019-06-28 03:00:00.000039936,32.4072,18.52,64.82,4.3612705e-05,7.2016,305.0
2019-06-28 06:00:00.000039936,30.864,18.52,69.45,4.458322e-05,7.2016,305.0
2019-06-28 09:00:00.000039936,29.835201,18.52,69.45,4.5551555e-05,6.6872,305.0
2019-06-28 12:00:00.000039936,28.292,18.52,69.45,4.651767e-05,6.1728,310.0
2019-06-28 15:00:00.000039936,27.2632,18.52,64.82,4.748151e-05,5.6584,310.0
2019-06-28 18:00:00.000039936,25.720001,18.52,60.19,4.8202877e-05,5.144,305.0
2019-06-28 21:00:00.000039936,23.148,18.52,60.19,4.892293e-05,4.6296,305.0
2019-06-29 00:00:00.000039936,20.576,18.52,60.19,4.9402213e-05,4.1152,300.0
