Time,Vmax,Rmax_IBT,R34,fcor,u_trans,v_trans
2015-05-28 09:00:00.000039936,18.004,111.12,40.126667,2.7578055e-05,5.6584,285.0
2015-05-28 12:00:00.000039936,20.576,92.6,60.19,2.807779e-05,6.1728,285.0
2015-05-28 15:00:00.000039936,23.148,74.08,81.024994,2.857718e-05,5.6584,285.0
2015-05-28 18:00:00.000039936,25.720001,55.56,101.86,2.882674e-05,5.144,285.0
2015-05-28 21:00:00.000039936,28.292,46.3,104.175,2.9076216e-05,4.1152,285.0
2015-05-29 00:00:00.000039936,30.864,37.04,106.490005,2.9325609e-05,4.1152,290.0
2015-05-29 03:00:00.000039936,30.864,46.3,111.119995,2.9574905e-05,3.6008,295.0
2015-05-29 06:00:00.000039936,30.864,55.56,115.75,3.0073232e-05,3.6008,295.0
2015-05-29 09:00:00.000039936,30.864,51.856,115.75,3.0322259e-05,3.0864,300.0
2015-05-29 12:00:00.000039936,30.864,46.3,115.75,3.0820032e-05,3.0864,305.0
2015-05-29 15:00:00.000039936,32.4072,42.596,125.01,3.131743e-05,3.0864,310.0
2015-05-29 18:00:00.000039936,33.436,37.04,134.27,3.1814445e-05,3.6008,320.0
2015-05-29 21:00:00.000039936,36.008,37.04,134.27,3.2559245e-05,3.6008,325.0
2015-05-30 00:00:00.000039936,38.58,37.04,134.27,3.330315e-05,3.0864,325.0
2015-05-30 03:00:00.000039936,40.1232,37.04,136.585,3.3798577e-05,2.572,325.0
2015-05-30 06:00:00.000039936,41.152,37.04,138.90001,3.4293596e-05,3.0864,325.0
2015-05-30 09:00:00.000039936,42.6952,37.04,152.79,3.47882e-05,3.0864,320.0
2015-05-30 12:00:00.000039936,43.724,37.04,166.68001,3.5529305e-05,3.0864,325.0
2015-05-30 15:00:00.000039936,46.296,37.04,180.57,3.626943e-05,3.0864,320.0
2015-05-30 18:00:00.000039936,48.868,37.04,194.45999,3.67623e-05,3.0864,315.0
2015-05-30 21:00:00.000039936,50.4112,37.04,194.45999,3.7254722e-05,3.0864,310.0
2015-05-31 00:00:00.000039936,51.440002,37.04,194.45999,3.7746686e-05,3.0864,300.0
2015-05-31 03:00:00.000039936,51.440002,37.04,196.77501,3.7992504e-05,2.572,290.0
2015-05-31 06:00:00.000039936,51.440002,37.04,199.09001,3.8238195e-05,3.0864,285.0
2015-05-31 09:00:00.000039936,51.440002,37.04,194.46,3.8483773e-05,3.6008,280.0
2015-05-31 12:00:00.000039936,51.440002,37.04,189.83,3.8483773e-05,3.6008,275.0
2015-05-31 15:00:00.000039936,54.012,37.04,189.83,3.8483773e-05,3.6008,270.0
2015-05-31 18:00:00.000039936,56.584,37.04,189.83,3.8483773e-05,3.0864,270.0
2015-05-31 21:00:00.000039936,59.156002,37.04,189.83,3.8483773e-05,2.572,270.0
2015-06-01 00:00:00.000039936,61.728,37.04,189.83,3.8483773e-05,2.572,275.0
2015-06-01 03:00:00.000039936,63.271202,42.596,194.46,3.8483773e-05,2.572,280.0
2015-06-01 06:00:00.000039936,64.3,46.3,199.09,3.872924e-05,2.572,280.0
2015-06-01 09:00:00.000039936,64.3,46.3,203.72,3.872924e-05,2.572,280.0
2015-06-01 12:00:00.000039936,64.3,46.3,208.35,3.897458e-05,3.0864,290.0
2015-06-01 15:00:00.000039936,61.728,42.596,210.66501,3.9219805e-05,3.6008,295.0
2015-06-01 18:00:00.000039936,59.156002,37.04,212.97998,3.9709896e-05,3.6008,305.0
2015-06-01 21:00:00.000039936,55.5552,37.04,212.97998,4.0199502e-05,4.1152,310.0
2015-06-02 00:00:00.000039936,51.440002,37.04,212.97998,4.093299e-05,4.1152,315.0
2015-06-02 03:00:00.000039936,48.868,37.04,212.97998,4.1665367e-05,4.6296,310.0
2015-06-02 06:00:00.000039936,46.296,37.04,212.97998,4.239659e-05,4.6296,305.0
2015-06-02 09:00:00.000039936,43.724,37.04,201.405,4.288343e-05,4.6296,305.0
2015-06-02 12:00:00.000039936,41.152,37.04,189.82999,4.3612705e-05,5.144,305.0
2015-06-02 15:00:00.000039936,40.1232,37.04,189.82999,4.4340795e-05,5.144,310.0
2015-06-02 18:00:00.000039936,38.58,37.04,189.82999,4.506766e-05,4.6296,310.0
2015-06-02 21:00:00.000039936,37.5512,37.04,182.88501,4.5793287e-05,4.1152,305.0
2015-06-03 00:00:00.000039936,36.008,37.04,175.94,4.627635e-05,3.6008,310.0
2015-06-03 03:00:00.000039936,33.436,37.04,171.31,4.675884e-05,3.0864,310.0
2015-06-03 06:00:00.000039936,30.864,37.04,166.68,4.7240763e-05,3.0864,310.0
2015-06-03 09:00:00.000039936,29.835201,37.04,164.36499,4.7722115e-05,3.0864,315.0
2015-06-03 12:00:00.000039936,28.292,37.04,162.04999,4.8202877e-05,3.0864,330.0
2015-06-03 15:00:00.000039936,27.2632,37.04,155.105,4.892293e-05,2.572,340.0
2015-06-03 18:00:00.000039936,25.720001,37.04,148.16,4.9402213e-05,2.0576,345.0
2015-06-03 21:00:00.000039936,24.6912,46.3,148.16,4.9641636e-05,1.0288,10.0
2015-06-04 00:00:00.000039936,23.148,55.56,148.16,4.9880902e-05,1.0288,30.0
2015-06-04 03:00:00.000039936,23.148,55.56,134.26999,5.012002e-05,1.5432,45.0
2015-06-04 06:00:00.000039936,23.148,55.56,120.380005,5.035898e-05,1.5432,65.0
2015-06-04 09:00:00.000039936,20.576,64.82,106.49,5.035898e-05,1.5432,90.0
2015-06-04 12:00:00.000039936,18.004,74.08,92.6,5.035898e-05,1.5432,100.0
2015-06-04 15:00:00.000039936,18.004,92.6,60.190002,5.035898e-05,2.0576,105.0
