Time,Vmax,Rmax_IBT,R34,fcor,u_trans,v_trans
2003-05-20 12:00:00.000040448,23.148,83.34,127.325,2.4572832e-05,5.144,270.0
2003-05-20 15:00:00.000040448,24.6912,64.82,139.82599,2.4572832e-05,5.6584,270.0
2003-05-20 18:00:00.000040448,25.720001,46.3,150.47499,2.4572832e-05,5.6584,270.0
2003-05-20 21:00:00.000040448,25.720001,46.3,156.49399,2.4572832e-05,6.1728,270.0
2003-05-21 00:00:00.000040448,25.720001,46.3,162.04999,2.4572832e-05,6.1728,270.0
2003-05-21 03:00:00.000040448,25.720001,46.3,162.513,2.4572832e-05,6.6872,275.0
2003-05-21 06:00:00.000040448,25.720001,46.3,162.04999,2.4823696e-05,7.2016,280.0
2003-05-21 09:00:00.000040448,24.6912,46.3,162.04999,2.5074483e-05,8.2304,280.0
2003-05-21 12:00:00.000040448,23.148,46.3,162.04999,2.5575835e-05,8.744801,280.0
2003-05-21 15:00:00.000040448,23.148,46.3,162.513,2.6076874e-05,8.744801,280.0
2003-05-21 18:00:00.000040448,23.148,46.3,162.04999,2.6327272e-05,8.2304,275.0
2003-05-21 21:00:00.000040448,23.148,46.3,162.04999,2.6327272e-05,8.2304,275.0
2003-05-22 00:00:00.000040448,23.148,46.3,162.04999,2.6577594e-05,8.2304,275.0
2003-05-22 03:00:00.000040448,24.6912,46.3,162.04999,2.6827835e-05,8.744801,280.0
2003-05-22 06:00:00.000040448,25.720001,46.3,162.04999,2.7328068e-05,9.2592,280.0
2003-05-22 09:00:00.000040448,25.720001,46.3,162.04999,2.7578055e-05,9.2592,280.0
2003-05-22 12:00:00.000040448,25.720001,46.3,162.04999,2.807779e-05,9.2592,280.0
2003-05-22 15:00:00.000040448,24.6912,46.3,121.769,2.857718e-05,9.2592,285.0
2003-05-22 18:00:00.000040448,23.148,46.3,81.024994,2.9076216e-05,9.7736,280.0
2003-05-22 21:00:00.000040448,23.148,46.3,69.913,2.9325609e-05,9.7736,280.0
2003-05-23 00:00:00.000040448,23.148,46.3,57.875,2.9824112e-05,9.2592,280.0
2003-05-23 03:00:00.000040448,23.148,46.3,57.875,3.0322259e-05,8.744801,285.0
2003-05-23 06:00:00.000040448,23.148,46.3,57.875,3.0820032e-05,8.744801,280.0
2003-05-23 09:00:00.000040448,23.148,46.3,75.93199,3.1068776e-05,8.744801,280.0
2003-05-23 12:00:00.000040448,23.148,46.3,92.59999,3.156599e-05,9.2592,280.0
2003-05-23 15:00:00.000040448,23.148,46.3,92.59999,3.206281e-05,9.2592,285.0
2003-05-23 18:00:00.000040448,23.148,46.3,92.59999,3.2559245e-05,9.2592,285.0
2003-05-23 21:00:00.000040448,23.148,46.3,61.116,3.305528e-05,8.744801,285.0
2003-05-24 00:00:00.000040448,23.148,46.3,27.78,3.3798577e-05,8.2304,285.0
2003-05-24 03:00:00.000040448,23.148,46.3,27.78,3.4293596e-05,7.716,285.0
2003-05-24 06:00:00.000040448,23.148,46.3,27.78,3.47882e-05,7.2016,285.0
2003-05-24 09:00:00.000040448,23.148,46.3,41.670002,3.5282377e-05,7.2016,280.0
2003-05-24 12:00:00.000040448,23.148,46.3,55.56,3.5529305e-05,6.6872,285.0
2003-05-24 15:00:00.000040448,22.1192,64.82,59.264,3.6022833e-05,6.6872,285.0
2003-05-24 18:00:00.000040448,20.576,83.34,62.504997,3.626943e-05,6.6872,280.0
2003-05-24 21:00:00.000040448,19.5472,83.34,59.264,3.651592e-05,7.2016,280.0
