Time,Vmax,Rmax_IBT,R34,fcor,u_trans,v_trans
2005-05-18 00:00:00.000039936,18.004,55.56,74.08,2.5575835e-05,2.572,45.0
2005-05-18 03:00:00.000039936,19.5472,55.56,74.08,2.6076874e-05,3.0864,50.0
2005-05-18 06:00:00.000039936,20.576,55.56,74.08,2.6577594e-05,3.6008,65.0
2005-05-18 09:00:00.000039936,22.1192,55.56,74.08,2.6827835e-05,4.1152,75.0
2005-05-18 12:00:00.000039936,23.148,55.56,74.08,2.707799e-05,4.1152,80.0
2005-05-18 15:00:00.000039936,24.6912,46.3,78.71,2.707799e-05,3.6008,80.0
2005-05-18 18:00:00.000039936,25.720001,37.04,83.34,2.7328068e-05,3.6008,80.0
2005-05-18 21:00:00.000039936,25.720001,37.04,78.71,2.7578055e-05,3.0864,70.0
2005-05-19 00:00:00.000039936,25.720001,37.04,74.08,2.7827968e-05,3.0864,55.0
2005-05-19 03:00:00.000039936,25.720001,37.04,74.08,2.8327528e-05,3.6008,45.0
2005-05-19 06:00:00.000039936,25.720001,37.04,74.08,2.9076216e-05,4.1152,40.0
2005-05-19 09:00:00.000039936,28.292,37.04,78.71,2.9824112e-05,4.1152,45.0
2005-05-19 12:00:00.000039936,30.864,37.04,83.340004,3.0571195e-05,4.1152,45.0
2005-05-19 15:00:00.000039936,33.9504,27.78,90.285,3.131743e-05,4.1152,50.0
2005-05-19 17:00:00.000053248,36.008,22.223999,94.915,3.156599e-05,3.0864,70.0
2005-05-19 18:00:00.000039936,36.008,18.52,97.23,3.156599e-05,3.0864,85.0
2005-05-19 21:00:00.000039936,33.436,18.52,97.23,3.156599e-05,3.6008,80.0
2005-05-20 00:00:00.000039936,30.864,18.52,97.23,3.1814445e-05,3.6008,80.0
2005-05-20 03:00:00.000039936,28.292,18.52,90.285,3.206281e-05,3.6008,80.0
2005-05-20 06:00:00.000039936,25.720001,18.52,83.34,3.206281e-05,3.6008,90.0
2005-05-20 09:00:00.000039936,22.1192,18.52,71.765,3.206281e-05,3.6008,90.0
