Time,Vmax,Rmax_IBT,R34,fcor,u_trans,v_trans
2006-05-27 18:00:00.000039936,18.004,92.6,46.3,3.897458e-05,2.0576,340.0
2006-05-27 21:00:00.000039936,18.004,92.6,46.3,3.9219805e-05,2.0576,295.0
2006-05-28 00:00:00.000039936,18.004,92.6,46.3,3.9464914e-05,2.0576,275.0
2006-05-28 03:00:00.000039936,19.5472,92.6,46.3,3.9464914e-05,1.5432,250.0
2006-05-28 06:00:00.000039936,20.576,92.6,46.3,3.9219805e-05,1.5432,185.0
2006-05-28 09:00:00.000039936,20.576,92.6,46.3,3.872924e-05,2.0576,145.0
2006-05-28 12:00:00.000039936,20.576,92.6,46.3,3.8483773e-05,1.5432,80.0
2006-05-28 15:00:00.000039936,20.576,83.34,46.3,3.897458e-05,2.0576,25.0
2006-05-28 18:00:00.000039936,20.576,74.08,46.3,3.9464914e-05,2.0576,10.0
2006-05-28 21:00:00.000039936,20.576,74.08,44.447998,3.9709896e-05,1.0288,335.0
2006-05-29 00:00:00.000039936,20.576,74.08,41.67,3.995476e-05,1.0288,310.0
2006-05-29 03:00:00.000039936,19.5472,74.08,39.818,4.0199502e-05,1.0288,295.0
2006-05-29 06:00:00.000039936,18.004,74.08,37.04,4.0199502e-05,1.0288,280.0
2006-05-29 09:00:00.000039936,18.004,74.08,37.04,4.0199502e-05,1.0288,270.0
