Time,Vmax,Rmax_IBT,R34,fcor,u_trans,v_trans
2012-05-15 00:00:00.000039936,18.004,129.64,27.78,2.6327272e-05,4.1152,295.0
2012-05-15 03:00:00.000039936,18.004,120.38,32.41,2.6827835e-05,4.1152,290.0
2012-05-15 06:00:00.000039936,18.004,111.12,37.04,2.707799e-05,4.1152,285.0
2012-05-15 09:00:00.000039936,19.5472,111.12,46.3,2.7328068e-05,4.1152,285.0
2012-05-15 12:00:00.000039936,20.576,111.12,55.56,2.7578055e-05,4.1152,285.0
2012-05-15 15:00:00.000039936,22.1192,111.12,60.190002,2.7827968e-05,4.1152,285.0
2012-05-15 18:00:00.000039936,23.148,111.12,64.82,2.807779e-05,4.1152,285.0
2012-05-15 21:00:00.000039936,23.148,107.416,64.82,2.8327528e-05,4.1152,285.0
2012-05-16 00:00:00.000039936,23.148,101.86,64.82,2.857718e-05,4.1152,280.0
2012-05-16 03:00:00.000039936,23.148,98.156,60.190002,2.882674e-05,4.1152,275.0
2012-05-16 06:00:00.000039936,23.148,92.6,55.56,2.882674e-05,4.1152,275.0
2012-05-16 09:00:00.000039936,23.148,83.34,50.93,2.882674e-05,4.1152,270.0
2012-05-16 12:00:00.000039936,23.148,74.08,46.3,2.882674e-05,4.1152,270.0
2012-05-16 15:00:00.000039936,22.1192,64.82,41.67,2.882674e-05,4.1152,270.0
2012-05-16 18:00:00.000039936,20.576,55.56,37.04,2.882674e-05,4.1152,275.0
2012-05-16 21:00:00.000039936,19.5472,55.56,37.04,2.882674e-05,4.1152,275.0
