Time,Vmax,Rmax_IBT,R34,fcor,u_trans,v_trans
2023-06-27 15:00:00.000039936,18.004,64.82,25.465,3.8238195e-05,5.144,270.0
2023-06-27 18:00:00.000039936,20.576,37.04,50.93,3.8238195e-05,4.6296,270.0
2023-06-27 21:00:00.000039936,23.148,37.04,60.19,3.8238195e-05,4.6296,270.0
2023-06-28 00:00:00.000039936,25.720001,37.04,69.45,3.8238195e-05,4.1152,270.0
2023-06-28 03:00:00.000039936,27.2632,37.04,69.45,3.8238195e-05,3.6008,270.0
2023-06-28 06:00:00.000039936,28.292,37.04,69.45,3.8238195e-05,3.0864,270.0
2023-06-28 09:00:00.000039936,30.864,27.78,76.395004,3.8238195e-05,2.572,270.0
2023-06-28 12:00:00.000039936,33.436,18.52,83.34,3.8238195e-05,2.572,275.0
2023-06-28 15:00:00.000039936,34.979202,18.52,94.915,3.8238195e-05,2.572,280.0
2023-06-28 18:00:00.000039936,36.008,18.52,106.490005,3.8483773e-05,2.572,280.0
2023-06-28 21:00:00.000039936,36.008,18.52,108.805,3.8483773e-05,3.0864,280.0
2023-06-29 00:00:00.000039936,36.008,18.52,111.12,3.872924e-05,3.6008,280.0
2023-06-29 03:00:00.000039936,37.5512,18.52,115.75,3.897458e-05,3.6008,285.0
2023-06-29 06:00:00.000039936,38.58,18.52,120.380005,3.9219805e-05,3.0864,295.0
2023-06-29 09:00:00.000039936,38.58,24.076,120.380005,3.9464914e-05,3.0864,300.0
2023-06-29 12:00:00.000039936,38.58,27.78,120.380005,3.995476e-05,3.0864,305.0
2023-06-29 15:00:00.000039936,38.58,27.78,125.01,4.0199502e-05,3.0864,300.0
2023-06-29 18:00:00.000039936,38.58,27.78,129.64,4.0688625e-05,3.0864,300.0
2023-06-29 21:00:00.000039936,40.1232,27.78,129.64,4.1177245e-05,3.6008,300.0
2023-06-30 00:00:00.000039936,41.152,27.78,129.64,4.142137e-05,2.572,295.0
2023-06-30 03:00:00.000039936,42.6952,24.076,120.380005,4.1665367e-05,2.0576,295.0
2023-06-30 06:00:00.000039936,43.724,18.52,111.12,4.1909232e-05,2.572,300.0
2023-06-30 09:00:00.000039936,45.2672,18.52,111.12,4.2152973e-05,3.0864,300.0
2023-06-30 12:00:00.000039936,46.296,18.52,111.12,4.2640077e-05,3.0864,300.0
2023-06-30 15:00:00.000039936,46.296,18.52,115.75,4.288343e-05,3.0864,300.0
2023-06-30 18:00:00.000039936,46.296,18.52,120.380005,4.3369746e-05,3.6008,295.0
2023-06-30 21:00:00.000039936,43.724,18.52,120.380005,4.3612705e-05,3.0864,300.0
2023-07-01 00:00:00.000039936,41.152,18.52,120.380005,4.409823e-05,3.6008,295.0
2023-07-01 03:00:00.000039936,38.58,18.52,120.380005,4.4340795e-05,3.0864,300.0
2023-07-01 06:00:00.000039936,36.008,18.52,120.380005,4.4825505e-05,3.0864,300.0
2023-07-01 09:00:00.000039936,32.4072,27.78,111.119995,4.506766e-05,3.0864,300.0
2023-07-01 12:00:00.000039936,28.292,37.04,101.86,4.5551555e-05,3.0864,305.0
2023-07-01 15:00:00.000039936,27.2632,37.04,92.59999,4.5793287e-05,3.0864,300.0
2023-07-01 18:00:00.000039936,25.720001,37.04,83.34,4.627635e-05,3.0864,305.0
2023-07-01 21:00:00.000039936,24.6912,37.04,83.34,4.651767e-05,3.0864,300.0
2023-07-02 00:00:00.000039936,23.148,37.04,83.34,4.6999867e-05,3.0864,300.0
2023-07-02 03:00:00.000039936,20.576,46.3,60.19,4.7240763e-05,3.0864,300.0
