Time,Vmax,Rmax_IBT,R34,fcor,u_trans,v_trans
2014-05-23 18:00:00.000039936,18.004,55.56,27.78,2.7578055e-05,2.0576,285.0
2014-05-23 21:00:00.000039936,20.576,51.856,37.04,2.7827968e-05,2.0576,285.0
2014-05-24 00:00:00.000039936,23.148,46.3,46.300003,2.7827968e-05,2.0576,285.0
2014-05-24 03:00:00.000039936,25.720001,42.596,57.875,2.7827968e-05,2.0576,285.0
2014-05-24 06:00:00.000039936,28.292,37.04,69.450005,2.807779e-05,2.0576,285.0
2014-05-24 09:00:00.000039936,30.864,33.336,74.08,2.8327528e-05,2.0576,285.0
2014-05-24 12:00:00.000039936,33.436,27.78,78.71,2.8327528e-05,1.5432,285.0
2014-05-24 15:00:00.000039936,36.008,27.78,87.97,2.8327528e-05,1.5432,290.0
2014-05-24 18:00:00.000039936,38.58,27.78,97.229996,2.857718e-05,2.0576,295.0
2014-05-24 21:00:00.000039936,42.6952,27.78,99.545,2.882674e-05,2.0576,295.0
2014-05-25 00:00:00.000039936,46.296,27.78,101.86,2.9076216e-05,2.0576,295.0
2014-05-25 03:00:00.000039936,54.012,27.78,104.175,2.9325609e-05,1.5432,290.0
2014-05-25 06:00:00.000039936,61.728,27.78,106.490005,2.9325609e-05,1.5432,285.0
2014-05-25 09:00:00.000039936,65.8432,24.076,108.805,2.9325609e-05,1.5432,290.0
2014-05-25 12:00:00.000039936,69.444,18.52,111.12,2.9574905e-05,1.5432,315.0
2014-05-25 15:00:00.000039936,69.444,18.52,113.435,2.9824112e-05,1.5432,345.0
2014-05-25 18:00:00.000039936,69.444,18.52,115.75,3.0322259e-05,1.5432,345.0
2014-05-25 21:00:00.000039936,66.872,18.52,120.38,3.0571195e-05,1.5432,345.0
2014-05-26 00:00:00.000039936,64.3,18.52,125.009995,3.1068776e-05,2.0576,335.0
2014-05-26 03:00:00.000039936,63.271202,18.52,125.009995,3.156599e-05,2.0576,335.0
2014-05-26 06:00:00.000039936,61.728,18.52,125.009995,3.206281e-05,1.5432,335.0
2014-05-26 09:00:00.000039936,60.6992,18.52,125.009995,3.231108e-05,1.0288,335.0
2014-05-26 12:00:00.000039936,59.156002,18.52,125.009995,3.2559245e-05,1.5432,330.0
2014-05-26 15:00:00.000039936,58.1272,18.52,127.325,3.280731e-05,2.0576,325.0
2014-05-26 18:00:00.000039936,56.584,18.52,129.64,3.330315e-05,1.5432,335.0
2014-05-26 21:00:00.000039936,55.5552,18.52,129.64,3.3550914e-05,1.5432,345.0
2014-05-27 00:00:00.000039936,54.012,18.52,129.64,3.404614e-05,2.0576,345.0
2014-05-27 03:00:00.000039936,52.9832,18.52,131.95499,3.47882e-05,2.572,340.0
2014-05-27 06:00:00.000039936,51.440002,18.52,134.26999,3.5282377e-05,2.0576,325.0
2014-05-27 09:00:00.000039936,50.4112,24.076,134.26999,3.5529305e-05,2.0576,305.0
2014-05-27 12:00:00.000039936,48.868,27.78,134.26999,3.577612e-05,2.0576,305.0
2014-05-27 15:00:00.000039936,46.296,27.78,134.26999,3.626943e-05,2.0576,315.0
2014-05-27 18:00:00.000039936,43.724,27.78,134.26999,3.651592e-05,1.0288,330.0
2014-05-27 21:00:00.000039936,41.152,27.78,127.32499,3.651592e-05,0.5144,90.0
2014-05-28 00:00:00.000039936,38.58,27.78,120.380005,3.651592e-05,0.5144,85.0
2014-05-28 03:00:00.000039936,36.008,27.78,118.065,3.651592e-05,0.5144,45.0
2014-05-28 06:00:00.000039936,33.436,27.78,115.75,3.67623e-05,1.5432,45.0
2014-05-28 09:00:00.000039936,30.864,33.336,108.805,3.700857e-05,2.0576,45.0
2014-05-28 12:00:00.000039936,28.292,37.04,101.86,3.7500762e-05,3.6008,30.0
2014-05-28 15:00:00.000039936,27.2632,46.3,94.915,3.8483773e-05,4.6296,25.0
2014-05-28 18:00:00.000039936,25.720001,55.56,87.97,3.9464914e-05,3.6008,25.0
2014-05-28 21:00:00.000039936,24.6912,55.56,67.134995,3.995476e-05,2.572,35.0
2014-05-29 00:00:00.000039936,23.148,55.56,46.3,4.0444127e-05,2.572,55.0
2014-05-29 03:00:00.000039936,20.576,55.56,41.67,4.0688625e-05,3.0864,70.0
