Time,Vmax,Rmax_IBT,R34,fcor,u_trans,v_trans
2002-05-26 06:00:00.000040448,15.432,92.6,46.3,2.707799e-05,3.0864,265.0
2002-05-26 09:00:00.000040448,16.9752,92.6,46.3,2.707799e-05,3.6008,270.0
2002-05-26 12:00:00.000040448,18.004,92.6,46.3,2.707799e-05,4.1152,270.0
2002-05-26 15:00:00.000040448,18.004,92.6,46.3,2.707799e-05,4.1152,270.0
2002-05-26 18:00:00.000040448,18.004,92.6,46.3,2.707799e-05,4.1152,270.0
2002-05-26 21:00:00.000040448,18.004,92.6,46.3,2.707799e-05,4.1152,270.0
2002-05-27 00:00:00.000040448,18.004,92.6,46.3,2.707799e-05,5.144,275.0
2002-05-27 03:00:00.000040448,18.004,88.895996,46.3,2.707799e-05,6.1728,275.0
2002-05-27 06:00:00.000040448,18.004,83.34,46.3,2.7328068e-05,5.6584,275.0
2002-05-27 09:00:00.000040448,19.5472,83.34,46.3,2.7328068e-05,4.6296,275.0
2002-05-27 12:00:00.000040448,20.576,83.34,46.3,2.7578055e-05,4.6296,285.0
2002-05-27 15:00:00.000040448,22.1192,83.34,58.338,2.7827968e-05,4.6296,290.0
2002-05-27 18:00:00.000040448,23.148,83.34,69.45,2.8327528e-05,4.6296,285.0
2002-05-27 21:00:00.000040448,24.6912,79.636,83.34,2.857718e-05,4.6296,285.0
2002-05-28 00:00:00.000040448,25.720001,74.08,97.229996,2.882674e-05,4.1152,285.0
2002-05-28 03:00:00.000040448,27.2632,74.08,114.824,2.9076216e-05,4.1152,285.0
2002-05-28 06:00:00.000040448,28.292,74.08,131.95499,2.9325609e-05,5.6584,280.0
2002-05-28 09:00:00.000040448,29.835201,74.08,131.95499,2.9574905e-05,6.6872,280.0
2002-05-28 12:00:00.000040448,30.864,74.08,131.95499,2.9824112e-05,6.1728,280.0
2002-05-28 15:00:00.000040448,32.4072,74.08,135.659,3.0073232e-05,5.144,285.0
2002-05-28 18:00:00.000040448,33.436,74.08,138.9,3.0571195e-05,3.6008,295.0
2002-05-28 21:00:00.000040448,34.979202,55.56,144.456,3.0820032e-05,2.572,310.0
2002-05-29 00:00:00.000040448,36.008,37.04,148.16,3.131743e-05,3.0864,315.0
2002-05-29 03:00:00.000040448,37.5512,33.336,148.16,3.206281e-05,4.1152,315.0
2002-05-29 06:00:00.000040448,38.58,27.78,148.16,3.280731e-05,4.1152,315.0
2002-05-29 09:00:00.000040448,40.1232,27.78,148.16,3.3550914e-05,3.6008,315.0
2002-05-29 12:00:00.000040448,41.152,27.78,148.16,3.404614e-05,3.0864,310.0
2002-05-29 15:00:00.000040448,42.6952,27.78,148.16,3.454095e-05,3.0864,315.0
2002-05-29 18:00:00.000040448,43.724,27.78,148.16,3.5035337e-05,3.0864,340.0
2002-05-29 21:00:00.000040448,45.2672,27.78,148.16,3.577612e-05,3.6008,0.0
2002-05-30 00:00:00.000040448,46.296,27.78,148.16,3.67623e-05,3.6008,0.0
2002-05-30 03:00:00.000040448,48.868,27.78,157.42,3.7500762e-05,3.6008,0.0
2002-05-30 06:00:00.000040448,51.440002,27.78,166.68,3.8483773e-05,4.1152,0.0
2002-05-30 09:00:00.000040448,51.440002,27.78,166.68,3.9464914e-05,4.1152,5.0
2002-05-30 12:00:00.000040448,51.440002,27.78,166.68,4.0444127e-05,4.1152,5.0
2002-05-30 15:00:00.000040448,50.4112,27.78,166.68,4.142137e-05,4.1152,5.0
2002-05-30 18:00:00.000040448,48.868,27.78,166.68,4.239659e-05,4.1152,10.0
2002-05-30 21:00:00.000040448,46.296,27.78,160.198,4.3369746e-05,3.6008,10.0
2002-05-31 00:00:00.000040448,43.724,27.78,152.79,4.409823e-05,3.0864,350.0
2002-05-31 03:00:00.000040448,41.152,33.336,152.79,4.4825505e-05,2.572,325.0
2002-05-31 06:00:00.000040448,38.58,37.04,152.79,4.506766e-05,2.0576,300.0
2002-05-31 09:00:00.000040448,34.979202,37.04,146.308,4.506766e-05,1.5432,270.0
2002-05-31 12:00:00.000040448,30.864,37.04,138.9,4.506766e-05,1.0288,250.0
2002-05-31 15:00:00.000040448,28.292,37.04,138.9,4.506766e-05,0.5144,225.0
2002-05-31 18:00:00.000040448,25.720001,37.04,138.9,4.4825505e-05,1.0288,195.0
2002-05-31 21:00:00.000040448,22.1192,55.56,138.9,4.458322e-05,1.0288,170.0
