Time,Vmax,Rmax_IBT,R34,fcor,u_trans,v_trans
2022-05-28 06:00:00.000039936,18.004,55.56,13.89,3.2559245e-05,1.0288,345.0
2022-05-28 09:00:00.000039936,19.5472,55.56,23.15,3.280731e-05,1.5432,0.0
2022-05-28 12:00:00.000039936,20.576,55.56,32.41,3.330315e-05,2.0576,345.0
2022-05-28 15:00:00.000039936,23.148,46.3,62.504997,3.3798577e-05,2.572,325.0
2022-05-28 18:00:00.000039936,25.720001,37.04,92.6,3.4293596e-05,3.0864,305.0
2022-05-28 21:00:00.000039936,27.2632,37.04,92.6,3.454095e-05,3.0864,290.0
2022-05-29 00:00:00.000039936,28.292,37.04,92.6,3.47882e-05,2.572,285.0
2022-05-29 03:00:00.000039936,30.864,27.78,97.23,3.5035337e-05,1.5432,290.0
2022-05-29 06:00:00.000039936,33.436,18.52,101.86,3.5035337e-05,1.0288,305.0
2022-05-29 09:00:00.000039936,36.008,18.52,108.80501,3.5282377e-05,0.5144,0.0
2022-05-29 12:00:00.000039936,38.58,18.52,115.75,3.5282377e-05,0.5144,75.0
2022-05-29 15:00:00.000039936,43.724,18.52,120.380005,3.5282377e-05,1.0288,90.0
2022-05-29 18:00:00.000039936,48.868,18.52,125.009995,3.5282377e-05,1.5432,65.0
2022-05-29 21:00:00.000039936,48.868,14.816,125.009995,3.5529305e-05,2.572,50.0
2022-05-30 00:00:00.000039936,48.868,9.26,125.009995,3.6022833e-05,2.572,55.0
2022-05-30 03:00:00.000039936,47.8392,9.26,129.64,3.626943e-05,3.0864,60.0
2022-05-30 06:00:00.000039936,46.296,9.26,134.27,3.67623e-05,3.6008,55.0
2022-05-30 09:00:00.000039936,45.2672,9.26,129.64,3.7254722e-05,3.6008,55.0
2022-05-30 12:00:00.000039936,43.724,9.26,125.009995,3.7746686e-05,3.6008,55.0
2022-05-30 15:00:00.000039936,45.2672,9.26,120.380005,3.8238195e-05,3.0864,50.0
2022-05-30 18:00:00.000039936,46.296,9.26,115.75,3.872924e-05,3.6008,45.0
