Time,Vmax,Rmax_IBT,R34,fcor,u_trans,v_trans
2011-06-08 00:00:00.000039936,18.004,83.34,27.78,2.9574905e-05,2.0576,275.0
2011-06-08 03:00:00.000039936,20.576,70.376,55.559998,2.9824112e-05,2.572,290.0
2011-06-08 06:00:00.000039936,23.148,55.56,83.340004,3.0073232e-05,3.0864,315.0
2011-06-08 09:00:00.000039936,25.720001,55.56,94.451996,3.0820032e-05,3.6008,335.0
2011-06-08 12:00:00.000039936,28.292,55.56,104.174995,3.156599e-05,3.6008,330.0
2011-06-08 15:00:00.000039936,29.835201,55.56,115.287,3.231108e-05,4.1152,320.0
2011-06-08 18:00:00.000039936,30.864,55.56,125.009995,3.305528e-05,4.1152,310.0
2011-06-08 21:00:00.000039936,33.436,46.3,125.009995,3.3550914e-05,4.6296,295.0
2011-06-09 00:00:00.000039936,36.008,37.04,125.009995,3.404614e-05,4.6296,295.0
2011-06-09 03:00:00.000039936,37.5512,37.04,132.418,3.454095e-05,4.1152,290.0
2011-06-09 06:00:00.000039936,38.58,37.04,138.9,3.47882e-05,4.1152,290.0
2011-06-09 09:00:00.000039936,42.6952,37.04,142.604,3.5282377e-05,4.1152,290.0
2011-06-09 12:00:00.000039936,46.296,37.04,145.845,3.5529305e-05,4.1152,290.0
2011-06-09 15:00:00.000039936,50.4112,42.596,149.549,3.577612e-05,4.1152,285.0
2011-06-09 18:00:00.000039936,54.012,46.3,152.79,3.6022833e-05,4.1152,285.0
2011-06-09 21:00:00.000039936,58.1272,37.04,160.198,3.626943e-05,4.6296,285.0
2011-06-10 00:00:00.000039936,61.728,27.78,166.68,3.651592e-05,4.6296,285.0
2011-06-10 03:00:00.000039936,61.728,27.78,166.68,3.67623e-05,4.6296,290.0
2011-06-10 06:00:00.000039936,61.728,27.78,166.68,3.7254722e-05,4.6296,290.0
2011-06-10 09:00:00.000039936,61.728,33.336,170.384,3.7500762e-05,4.6296,290.0
2011-06-10 12:00:00.000039936,61.728,37.04,173.625,3.7992504e-05,5.144,290.0
2011-06-10 15:00:00.000039936,59.156002,33.336,177.329,3.8483773e-05,5.144,285.0
2011-06-10 18:00:00.000039936,56.584,27.78,180.57,3.872924e-05,5.144,280.0
2011-06-10 21:00:00.000039936,54.012,27.78,174.08801,3.897458e-05,5.144,275.0
2011-06-11 00:00:00.000039936,51.440002,27.78,166.68,3.897458e-05,5.144,275.0
2011-06-11 03:00:00.000039936,46.296,27.78,163.439,3.9219805e-05,5.6584,275.0
2011-06-11 06:00:00.000039936,41.152,27.78,159.73499,3.9219805e-05,5.6584,275.0
2011-06-11 09:00:00.000039936,37.5512,27.78,150.012,3.9219805e-05,5.6584,270.0
2011-06-11 12:00:00.000039936,33.436,27.78,138.9,3.9219805e-05,5.6584,270.0
2011-06-11 15:00:00.000039936,30.864,27.78,129.177,3.9219805e-05,5.6584,270.0
2011-06-11 18:00:00.000039936,28.292,27.78,118.064995,3.9219805e-05,5.6584,270.0
2011-06-11 21:00:00.000039936,25.720001,37.04,93.989,3.9219805e-05,5.6584,275.0
2011-06-12 00:00:00.000039936,23.148,46.3,69.45,3.9464914e-05,5.6584,280.0
2011-06-12 03:00:00.000039936,20.576,51.856,49.078,3.9709896e-05,5.144,285.0
2011-06-12 06:00:00.000039936,18.004,55.56,27.78,4.0199502e-05,4.6296,290.0
2011-06-12 09:00:00.000039936,18.004,55.56,27.78,4.0444127e-05,3.6008,295.0
2011-06-12 12:00:00.000039936,18.004,55.56,27.78,4.093299e-05,3.0864,300.0
2011-06-12 15:00:00.000039936,18.004,55.56,27.78,4.142137e-05,2.572,310.0
