Time,Vmax,Rmax_IBT,R34,fcor,u_trans,v_trans
2009-06-21 18:00:00.000039936,18.004,83.34,48.615,3.67623e-05,2.0576,290.0
2009-06-21 21:00:00.000039936,19.5472,83.34,54.634003,3.700857e-05,2.0576,315.0
2009-06-22 00:00:00.000039936,20.576,83.34,60.19,3.7500762e-05,2.0576,330.0
2009-06-22 03:00:00.000039936,22.1192,79.636,61.579,3.7992504e-05,2.0576,335.0
2009-06-22 06:00:00.000039936,23.148,74.08,62.504997,3.8483773e-05,2.572,340.0
2009-06-22 09:00:00.000039936,24.6912,74.08,77.321,3.897458e-05,2.572,335.0
2009-06-22 12:00:00.000039936,25.720001,74.08,90.284996,3.9709896e-05,2.572,330.0
2009-06-22 15:00:00.000039936,27.2632,64.82,90.284996,4.0199502e-05,2.572,325.0
2009-06-22 18:00:00.000039936,28.292,55.56,90.284996,4.0688625e-05,3.0864,320.0
2009-06-22 21:00:00.000039936,29.835201,55.56,90.284996,4.1177245e-05,3.6008,320.0
2009-06-23 00:00:00.000039936,30.864,55.56,90.284996,4.1909232e-05,3.6008,320.0
2009-06-23 03:00:00.000039936,33.436,55.56,93.989,4.239659e-05,3.6008,320.0
2009-06-23 06:00:00.000039936,36.008,55.56,97.23,4.3126656e-05,4.1152,310.0
2009-06-23 09:00:00.000039936,36.008,51.856,97.23,4.385554e-05,5.144,305.0
2009-06-23 12:00:00.000039936,36.008,46.3,97.23,4.458322e-05,5.144,305.0
2009-06-23 15:00:00.000039936,34.979202,37.04,97.23,4.5309676e-05,5.144,305.0
2009-06-23 18:00:00.000039936,33.436,27.78,97.23,4.6034886e-05,5.144,305.0
2009-06-23 21:00:00.000039936,30.864,27.78,97.23,4.651767e-05,4.6296,305.0
2009-06-24 00:00:00.000039936,28.292,27.78,97.23,4.7240763e-05,5.144,305.0
2009-06-24 03:00:00.000039936,25.720001,27.78,92.6,4.796257e-05,5.144,305.0
2009-06-24 06:00:00.000039936,23.148,27.78,87.96999,4.868306e-05,5.144,305.0
