Time,Vmax,Rmax_IBT,R34,fcor,u_trans,v_trans
2003-06-17 18:00:00.000040448,18.004,55.56,74.08,4.142137e-05,0.5144,320.0
2003-06-17 21:00:00.000040448,20.576,46.3,74.08,4.142137e-05,0.5144,315.0
2003-06-18 00:00:00.000040448,23.148,37.04,74.08,4.1665367e-05,1.0288,305.0
2003-06-18 03:00:00.000040448,23.148,37.04,74.08,4.1909232e-05,1.0288,300.0
2003-06-18 06:00:00.000040448,23.148,37.04,74.08,4.1909232e-05,1.0288,285.0
2003-06-18 09:00:00.000040448,23.148,42.596,74.08,4.1909232e-05,1.0288,270.0
2003-06-18 12:00:00.000040448,23.148,46.3,74.08,4.1909232e-05,1.0288,270.0
2003-06-18 15:00:00.000040448,24.6912,46.3,83.34,4.1909232e-05,1.5432,270.0
2003-06-18 18:00:00.000040448,25.720001,46.3,92.6,4.1909232e-05,1.5432,260.0
2003-06-18 21:00:00.000040448,24.6912,42.596,92.6,4.1909232e-05,1.0288,240.0
2003-06-19 00:00:00.000040448,23.148,37.04,92.6,4.1665367e-05,1.0288,230.0
2003-06-19 03:00:00.000040448,23.148,37.04,92.6,4.142137e-05,0.5144,225.0
2003-06-19 06:00:00.000040448,23.148,37.04,92.6,4.142137e-05,0.5144,225.0
2003-06-19 09:00:00.000040448,23.148,37.04,83.34,4.142137e-05,0.5144,225.0
2003-06-19 12:00:00.000040448,23.148,37.04,74.08,4.1177245e-05,1.5432,215.0
2003-06-19 15:00:00.000040448,23.148,37.04,74.08,4.093299e-05,2.0576,215.0
2003-06-19 18:00:00.000040448,23.148,37.04,74.08,4.0444127e-05,1.5432,215.0
2003-06-19 21:00:00.000040448,22.1192,37.04,74.08,4.0199502e-05,1.5432,225.0
2003-06-20 00:00:00.000040448,20.576,37.04,74.08,3.995476e-05,1.5432,230.0
2003-06-20 03:00:00.000040448,19.5472,37.04,74.08,3.9709896e-05,2.0576,235.0
2003-06-20 06:00:00.000040448,18.004,37.04,74.08,3.9464914e-05,1.5432,245.0
2003-06-20 09:00:00.000040448,18.004,37.04,74.08,3.9219805e-05,1.5432,250.0
