Time,Vmax,Rmax_IBT,R34,fcor,u_trans,v_trans
2002-06-08 21:00:00.000040448,18.004,83.34,46.3,4.1665367e-05,3.6008,280.0
2002-06-09 00:00:00.000040448,20.576,55.56,92.6,4.1665367e-05,2.572,285.0
2002-06-09 03:00:00.000040448,23.148,64.82,116.676,4.1909232e-05,2.0576,305.0
2002-06-09 06:00:00.000040448,25.720001,74.08,138.9,4.2152973e-05,1.0288,315.0
2002-06-09 09:00:00.000040448,25.720001,64.82,138.9,4.2152973e-05,0.5144,315.0
2002-06-09 12:00:00.000040448,25.720001,55.56,138.9,4.239659e-05,1.0288,330.0
2002-06-09 15:00:00.000040448,25.720001,51.856,138.9,4.2640077e-05,1.0288,335.0
2002-06-09 18:00:00.000040448,25.720001,46.3,138.9,4.288343e-05,1.0288,355.0
2002-06-09 21:00:00.000040448,24.6912,46.3,138.9,4.3126656e-05,0.5144,45.0
2002-06-10 00:00:00.000040448,23.148,46.3,138.9,4.3126656e-05,0.5144,45.0
2002-06-10 03:00:00.000040448,22.1192,51.856,135.196,4.3369746e-05,0.5144,45.0
2002-06-10 06:00:00.000040448,20.576,55.56,129.64,4.3369746e-05,1.0288,65.0
2002-06-10 09:00:00.000040448,19.5472,55.56,129.64,4.3369746e-05,1.0288,90.0
