Time,Vmax,Rmax_IBT,R34,fcor,u_trans,v_trans
2001-06-20 18:00:00.000040448,18.004,185.2,111.12,3.330315e-05,6.6872,295.0
2001-06-20 21:00:00.000040448,19.5472,185.2,138.90001,3.3798577e-05,6.6872,295.0
2001-06-21 00:00:00.000040448,20.576,185.2,166.68001,3.454095e-05,6.6872,295.0
2001-06-21 03:00:00.000040448,22.1192,185.2,166.68001,3.5035337e-05,6.6872,295.0
2001-06-21 06:00:00.000040448,23.148,185.2,166.68001,3.577612e-05,6.6872,295.0
2001-06-21 09:00:00.000040448,24.6912,148.16,152.79001,3.651592e-05,7.2016,290.0
2001-06-21 12:00:00.000040448,25.720001,111.12,138.9,3.700857e-05,6.6872,290.0
2001-06-21 15:00:00.000040448,24.6912,98.156,138.9,3.7500762e-05,6.1728,290.0
2001-06-21 18:00:00.000040448,23.148,83.34,138.9,3.7992504e-05,6.1728,290.0
2001-06-21 21:00:00.000040448,23.148,83.34,138.9,3.8483773e-05,6.6872,295.0
2001-06-22 00:00:00.000040448,23.148,83.34,138.9,3.9219805e-05,6.6872,295.0
2001-06-22 03:00:00.000040448,22.1192,83.34,138.9,3.995476e-05,6.6872,290.0
2001-06-22 06:00:00.000040448,20.576,83.34,138.9,4.0444127e-05,6.6872,290.0
2001-06-22 09:00:00.000040448,19.5472,83.34,125.936005,4.093299e-05,6.1728,290.0
