Time,Vmax,Rmax_IBT,R34,fcor,u_trans,v_trans
2016-07-02 18:00:00.000039936,18.004,64.82,37.04,3.9709896e-05,6.6872,290.0
2016-07-02 21:00:00.000039936,19.5472,61.116,43.985,4.0199502e-05,6.6872,290.0
2016-07-03 00:00:00.000039936,20.576,55.56,50.93,4.093299e-05,6.6872,295.0
2016-07-03 03:00:00.000039936,22.1192,55.56,57.875,4.1665367e-05,6.1728,295.0
2016-07-03 06:00:00.000039936,23.148,55.56,64.82,4.2152973e-05,6.1728,295.0
2016-07-03 09:00:00.000039936,23.148,55.56,64.82,4.2640077e-05,6.1728,290.0
2016-07-03 12:00:00.000039936,23.148,55.56,64.82,4.3126656e-05,6.1728,285.0
2016-07-03 15:00:00.000039936,22.1192,55.56,64.82,4.3612705e-05,5.6584,285.0
2016-07-03 18:00:00.000039936,20.576,55.56,64.82,4.385554e-05,5.6584,285.0
2016-07-03 21:00:00.000039936,20.576,55.56,50.93,4.409823e-05,5.6584,285.0
2016-07-04 00:00:00.000039936,20.576,55.56,37.04,4.458322e-05,5.6584,285.0
2016-07-04 03:00:00.000039936,20.576,55.56,37.04,4.4825505e-05,5.6584,285.0
2016-07-04 06:00:00.000039936,20.576,55.56,37.04,4.5309676e-05,5.6584,285.0
2016-07-04 09:00:00.000039936,19.5472,55.56,32.41,4.5551555e-05,5.6584,285.0
