Time,Vmax,Rmax_IBT,R34,fcor,u_trans,v_trans
2015-06-01 12:00:00.000039936,18.004,55.56,27.78,3.3550914e-05,0.5144,255.0
2015-06-01 15:00:00.000039936,19.5472,55.56,32.41,3.3550914e-05,1.5432,270.0
2015-06-01 18:00:00.000039936,20.576,55.56,37.04,3.3550914e-05,2.0576,270.0
2015-06-01 21:00:00.000039936,22.1192,55.56,37.04,3.3550914e-05,2.0576,270.0
2015-06-02 00:00:00.000039936,23.148,55.56,37.04,3.3550914e-05,1.5432,260.0
2015-06-02 03:00:00.000039936,23.148,46.3,43.985,3.3550914e-05,1.0288,245.0
2015-06-02 06:00:00.000039936,23.148,37.04,50.93,3.330315e-05,1.0288,220.0
2015-06-02 09:00:00.000039936,25.720001,37.04,60.19,3.305528e-05,1.0288,205.0
2015-06-02 12:00:00.000039936,28.292,37.04,69.45,3.280731e-05,1.0288,195.0
2015-06-02 15:00:00.000039936,30.864,37.04,87.97,3.2559245e-05,0.5144,0.0
2015-06-02 18:00:00.000039936,33.436,37.04,106.49,3.2559245e-05,0.5144,215.0
2015-06-02 21:00:00.000039936,36.008,37.04,115.75,3.2559245e-05,0.5144,225.0
2015-06-03 00:00:00.000039936,38.58,37.04,125.009995,3.231108e-05,1.0288,200.0
2015-06-03 03:00:00.000039936,42.6952,33.336,127.325,3.206281e-05,1.0288,170.0
2015-06-03 06:00:00.000039936,46.296,27.78,129.64,3.1814445e-05,1.0288,175.0
2015-06-03 09:00:00.000039936,52.9832,27.78,134.26999,3.156599e-05,1.0288,170.0
2015-06-03 12:00:00.000039936,59.156002,27.78,138.9,3.131743e-05,0.5144,175.0
2015-06-03 15:00:00.000039936,61.728,27.78,150.475,3.1068776e-05,0.5144,0.0
2015-06-03 18:00:00.000039936,64.3,27.78,162.05,3.1068776e-05,1.0288,200.0
2015-06-03 21:00:00.000039936,63.271202,27.78,164.365,3.0820032e-05,1.0288,205.0
2015-06-04 00:00:00.000039936,61.728,27.78,166.68001,3.0571195e-05,1.0288,210.0
2015-06-04 03:00:00.000039936,59.156002,27.78,175.94,3.0322259e-05,0.5144,225.0
2015-06-04 06:00:00.000039936,56.584,27.78,185.2,3.0322259e-05,0.5144,295.0
2015-06-04 09:00:00.000039936,52.9832,27.78,185.2,3.0571195e-05,1.0288,335.0
2015-06-04 12:00:00.000039936,48.868,27.78,185.2,3.0820032e-05,1.0288,340.0
2015-06-04 15:00:00.000039936,46.296,27.78,192.145,3.1068776e-05,1.5432,345.0
2015-06-04 18:00:00.000039936,43.724,27.78,199.09,3.156599e-05,3.0864,340.0
2015-06-04 21:00:00.000039936,43.724,46.3,199.09,3.2559245e-05,4.6296,335.0
2015-06-05 00:00:00.000039936,43.724,64.82,199.09,3.3550914e-05,4.6296,330.0
2015-06-05 03:00:00.000039936,43.724,64.82,203.72,3.4293596e-05,4.1152,320.0
2015-06-05 06:00:00.000039936,43.724,64.82,208.35,3.5035337e-05,4.1152,320.0
2015-06-05 09:00:00.000039936,42.6952,64.82,210.66501,3.577612e-05,4.1152,315.0
2015-06-05 12:00:00.000039936,41.152,64.82,212.98001,3.651592e-05,4.6296,305.0
2015-06-05 15:00:00.000039936,41.152,61.116,217.61,3.700857e-05,4.6296,305.0
2015-06-05 18:00:00.000039936,41.152,55.56,222.24,3.7746686e-05,4.6296,310.0
2015-06-05 21:00:00.000039936,43.724,61.116,231.50002,3.8483773e-05,4.6296,320.0
2015-06-06 00:00:00.000039936,46.296,64.82,240.75998,3.9464914e-05,4.6296,320.0
2015-06-06 03:00:00.000039936,48.868,64.82,250.01999,4.0199502e-05,4.6296,320.0
2015-06-06 06:00:00.000039936,51.440002,64.82,259.28,4.1177245e-05,4.6296,320.0
2015-06-06 09:00:00.000039936,55.5552,64.82,259.28,4.1909232e-05,4.6296,320.0
2015-06-06 12:00:00.000039936,59.156002,64.82,259.28,4.288343e-05,4.6296,320.0
2015-06-06 15:00:00.000039936,56.584,64.82,259.28,4.3612705e-05,4.6296,320.0
2015-06-06 18:00:00.000039936,54.012,64.82,259.28,4.458322e-05,5.144,325.0
2015-06-06 21:00:00.000039936,54.012,61.116,256.965,4.5551555e-05,5.144,330.0
2015-06-07 00:00:00.000039936,54.012,55.56,254.65,4.675884e-05,4.6296,335.0
2015-06-07 03:00:00.000039936,51.440002,55.56,254.65,4.7722115e-05,4.1152,340.0
2015-06-07 06:00:00.000039936,48.868,55.56,254.65,4.844305e-05,3.6008,340.0
2015-06-07 09:00:00.000039936,46.296,55.56,254.65,4.916265e-05,3.6008,345.0
2015-06-07 12:00:00.000039936,43.724,55.56,254.65,5.012002e-05,3.6008,345.0
2015-06-07 15:00:00.000039936,37.5512,55.56,252.33499,5.083645e-05,3.6008,345.0
2015-06-07 18:00:00.000039936,30.864,55.56,250.01999,5.178951e-05,4.1152,350.0
2015-06-07 21:00:00.000039936,29.835201,55.56,236.12999,5.2740055e-05,5.144,355.0
2015-06-08 00:00:00.000039936,28.292,55.56,222.23999,5.4161024e-05,6.6872,355.0
2015-06-08 03:00:00.000039936,25.720001,55.56,222.23999,5.581132e-05,7.716,350.0
2015-06-08 06:00:00.000039936,23.148,55.56,222.23999,5.768715e-05,7.716,345.0
2015-06-08 09:00:00.000039936,23.148,55.56,222.23999,5.9086666e-05,7.2016,340.0
2015-06-08 10:30:00.000039936,23.148,55.56,222.23999,6.0016075e-05,8.2304,335.0
