Time,Vmax,Rmax_IBT,R34,fcor,u_trans,v_trans
2012-05-22 00:00:00.000039936,18.004,74.08,18.52,2.4572832e-05,4.6296,295.0
2012-05-22 03:00:00.000039936,18.004,74.08,18.52,2.5074483e-05,5.6584,295.0
2012-05-22 06:00:00.000039936,18.004,74.08,18.52,2.5826394e-05,5.6584,300.0
2012-05-22 09:00:00.000039936,18.004,55.56,18.52,2.6577594e-05,6.1728,300.0
2012-05-22 12:00:00.000039936,18.004,37.04,18.52,2.7328068e-05,6.1728,310.0
2012-05-22 15:00:00.000039936,19.5472,46.3,25.465,2.8327528e-05,6.6872,315.0
2012-05-22 18:00:00.000039936,20.576,55.56,32.41,2.9574905e-05,6.6872,315.0
2012-05-22 21:00:00.000039936,22.1192,55.56,32.41,3.0571195e-05,6.6872,310.0
2012-05-23 00:00:00.000039936,23.148,55.56,32.41,3.156599e-05,6.1728,300.0
2012-05-23 03:00:00.000039936,24.6912,46.3,60.19,3.206281e-05,5.6584,290.0
2012-05-23 06:00:00.000039936,25.720001,37.04,87.97,3.2559245e-05,4.6296,285.0
2012-05-23 09:00:00.000039936,27.2632,37.04,113.435,3.280731e-05,4.1152,285.0
2012-05-23 12:00:00.000039936,28.292,37.04,138.9,3.305528e-05,3.0864,300.0
2012-05-23 15:00:00.000039936,29.835201,55.56,157.42,3.3550914e-05,3.0864,330.0
2012-05-23 18:00:00.000039936,30.864,74.08,175.94,3.4293596e-05,2.572,345.0
2012-05-23 21:00:00.000039936,33.436,74.08,175.94,3.47882e-05,2.572,0.0
2012-05-24 00:00:00.000039936,36.008,74.08,175.94,3.5529305e-05,2.572,20.0
2012-05-24 03:00:00.000039936,38.58,55.56,171.31,3.6022833e-05,3.0864,30.0
2012-05-24 06:00:00.000039936,41.152,37.04,166.68001,3.67623e-05,3.0864,35.0
2012-05-24 09:00:00.000039936,43.724,37.04,164.365,3.7500762e-05,3.6008,35.0
2012-05-24 12:00:00.000039936,46.296,37.04,162.05,3.8238195e-05,4.1152,30.0
2012-05-24 15:00:00.000039936,47.8392,37.04,159.735,3.9219805e-05,4.6296,30.0
2012-05-24 18:00:00.000039936,48.868,37.04,157.42001,4.0199502e-05,4.6296,30.0
2012-05-24 21:00:00.000039936,50.4112,33.336,157.42001,4.1177245e-05,4.6296,25.0
2012-05-25 00:00:00.000039936,51.440002,27.78,157.42001,4.2152973e-05,4.1152,25.0
2012-05-25 03:00:00.000039936,50.4112,27.78,157.42001,4.3126656e-05,4.1152,20.0
2012-05-25 06:00:00.000039936,48.868,27.78,157.42001,4.385554e-05,3.6008,20.0
2012-05-25 09:00:00.000039936,46.296,27.78,157.42001,4.458322e-05,3.6008,15.0
2012-05-25 12:00:00.000039936,43.724,27.78,157.42001,4.5551555e-05,3.6008,10.0
2012-05-25 15:00:00.000039936,40.1232,27.78,150.475,4.651767e-05,3.6008,10.0
2012-05-25 18:00:00.000039936,36.008,27.78,143.53,4.7240763e-05,3.6008,360.0
2012-05-25 21:00:00.000039936,32.4072,27.78,136.58499,4.796257e-05,3.0864,350.0
2012-05-26 00:00:00.000039936,28.292,27.78,129.64,4.868306e-05,3.0864,350.0
2012-05-26 03:00:00.000039936,24.6912,27.78,74.08,4.9402213e-05,3.0864,350.0
