Time,Vmax,Rmax_IBT,R34,fcor,u_trans,v_trans
2022-06-14 06:00:00.000039936,18.004,74.08,37.04,3.4293596e-05,3.0864,50.0
2022-06-14 09:00:00.000039936,19.5472,74.08,37.04,3.47882e-05,3.0864,45.0
2022-06-14 12:00:00.000039936,20.576,74.08,37.04,3.5282377e-05,2.572,30.0
2022-06-14 15:00:00.000039936,22.1192,74.08,46.300003,3.577612e-05,2.0576,15.0
2022-06-14 18:00:00.000039936,23.148,74.08,55.560005,3.626943e-05,1.5432,5.0
2022-06-14 21:00:00.000039936,23.148,64.82,53.245003,3.651592e-05,1.0288,10.0
2022-06-15 00:00:00.000039936,23.148,55.56,50.93,3.67623e-05,0.5144,345.0
2022-06-15 03:00:00.000039936,25.720001,46.3,57.875,3.67623e-05,0.5144,315.0
2022-06-15 06:00:00.000039936,28.292,37.04,64.82001,3.700857e-05,1.0288,315.0
2022-06-15 09:00:00.000039936,30.864,27.78,76.395004,3.7254722e-05,1.5432,315.0
2022-06-15 12:00:00.000039936,33.436,18.52,87.97,3.7500762e-05,1.5432,320.0
2022-06-15 15:00:00.000039936,36.008,18.52,104.175,3.7746686e-05,1.5432,315.0
2022-06-15 18:00:00.000039936,38.58,18.52,120.38,3.7992504e-05,2.0576,310.0
2022-06-15 21:00:00.000039936,38.58,24.076,127.325005,3.8238195e-05,3.0864,300.0
2022-06-16 00:00:00.000039936,38.58,27.78,134.27,3.872924e-05,3.6008,300.0
2022-06-16 03:00:00.000039936,38.58,27.78,143.53,3.9219805e-05,3.6008,295.0
2022-06-16 06:00:00.000039936,38.58,27.78,152.79001,3.9464914e-05,3.6008,285.0
2022-06-16 09:00:00.000039936,37.5512,27.78,157.42,3.9464914e-05,3.0864,280.0
2022-06-16 12:00:00.000039936,36.008,27.78,162.04999,3.9709896e-05,3.6008,285.0
2022-06-16 15:00:00.000039936,36.008,27.78,164.36499,3.995476e-05,4.1152,290.0
2022-06-16 18:00:00.000039936,36.008,27.78,166.68,4.0444127e-05,4.6296,300.0
2022-06-16 21:00:00.000039936,36.008,27.78,168.995,4.093299e-05,4.6296,305.0
2022-06-17 00:00:00.000039936,36.008,27.78,171.31001,4.1665367e-05,5.144,300.0
2022-06-17 03:00:00.000039936,37.5512,27.78,171.31001,4.2152973e-05,5.144,295.0
2022-06-17 06:00:00.000039936,38.58,27.78,171.31001,4.2640077e-05,6.1728,290.0
2022-06-17 09:00:00.000039936,38.58,27.78,171.31001,4.3126656e-05,6.6872,290.0
2022-06-17 12:00:00.000039936,38.58,27.78,171.31001,4.3612705e-05,6.1728,280.0
2022-06-17 15:00:00.000039936,38.58,27.78,164.365,4.3612705e-05,5.144,270.0
2022-06-17 18:00:00.000039936,38.58,27.78,157.42001,4.3612705e-05,4.1152,275.0
2022-06-17 21:00:00.000039936,36.008,27.78,152.79001,4.385554e-05,3.6008,285.0
2022-06-18 00:00:00.000039936,33.436,27.78,148.16,4.409823e-05,3.0864,290.0
2022-06-18 03:00:00.000039936,30.864,42.596,141.215,4.4340795e-05,2.572,295.0
2022-06-18 06:00:00.000039936,28.292,55.56,134.27,4.458322e-05,2.572,295.0
2022-06-18 09:00:00.000039936,25.720001,55.56,127.325,4.4825505e-05,2.0576,300.0
2022-06-18 12:00:00.000039936,23.148,55.56,120.380005,4.506766e-05,2.572,300.0
2022-06-18 15:00:00.000039936,23.148,64.82,111.119995,4.5309676e-05,3.0864,300.0
2022-06-18 18:00:00.000039936,23.148,74.08,101.86,4.5793287e-05,2.572,305.0
2022-06-18 21:00:00.000039936,22.1192,74.08,97.229996,4.627635e-05,2.572,310.0
2022-06-19 00:00:00.000039936,20.576,74.08,92.6,4.651767e-05,2.0576,310.0
2022-06-19 03:00:00.000039936,20.576,74.08,85.655,4.675884e-05,1.5432,305.0
2022-06-19 06:00:00.000039936,20.576,74.08,78.71,4.6999867e-05,1.5432,300.0
2022-06-19 09:00:00.000039936,20.576,74.08,71.765,4.7240763e-05,1.0288,300.0
2022-06-19 12:00:00.000039936,20.576,74.08,64.82001,4.7240763e-05,1.0288,300.0
2022-06-19 15:00:00.000039936,19.5472,74.08,43.985,4.7240763e-05,1.0288,300.0
2022-06-19 18:00:00.000039936,18.004,74.08,23.15,4.748151e-05,1.5432,295.0
2022-06-19 21:00:00.000039936,18.004,74.08,20.835,4.7722115e-05,1.5432,290.0
