Time,Vmax,Rmax_IBT,R34,fcor,u_trans,v_trans
2018-06-06 06:00:00.000039936,18.004,148.16,83.34,3.577612e-05,3.6008,280.0
2018-06-06 09:00:00.000039936,19.5472,148.16,78.71,3.577612e-05,3.6008,270.0
2018-06-06 12:00:00.000039936,20.576,148.16,74.08,3.577612e-05,3.6008,265.0
2018-06-06 15:00:00.000039936,22.1192,111.12,71.765,3.577612e-05,3.6008,270.0
2018-06-06 18:00:00.000039936,23.148,74.08,69.45,3.577612e-05,3.6008,280.0
2018-06-06 21:00:00.000039936,24.6912,74.08,76.395,3.6022833e-05,3.6008,285.0
2018-06-07 00:00:00.000039936,25.720001,74.08,83.34,3.626943e-05,3.0864,295.0
2018-06-07 03:00:00.000039936,27.2632,74.08,83.34,3.651592e-05,3.0864,300.0
2018-06-07 06:00:00.000039936,28.292,74.08,83.34,3.700857e-05,2.572,300.0
2018-06-07 09:00:00.000039936,28.292,74.08,108.805,3.7254722e-05,2.0576,295.0
2018-06-07 12:00:00.000039936,28.292,74.08,134.27,3.7500762e-05,2.572,295.0
2018-06-07 15:00:00.000039936,30.864,55.56,134.27,3.7746686e-05,2.572,290.0
2018-06-07 18:00:00.000039936,33.436,37.04,134.27,3.7992504e-05,3.0864,300.0
2018-06-07 21:00:00.000039936,40.1232,37.04,136.585,3.8238195e-05,3.0864,300.0
2018-06-08 00:00:00.000039936,46.296,37.04,138.90001,3.872924e-05,3.0864,300.0
2018-06-08 03:00:00.000039936,50.4112,37.04,141.215,3.897458e-05,2.572,295.0
2018-06-08 06:00:00.000039936,54.012,37.04,143.53,3.9219805e-05,2.0576,290.0
2018-06-08 09:00:00.000039936,58.1272,37.04,145.845,3.9219805e-05,2.0576,285.0
2018-06-08 12:00:00.000039936,61.728,37.04,148.16,3.9464914e-05,2.572,290.0
2018-06-08 15:00:00.000039936,61.728,27.78,148.16,3.9709896e-05,2.572,295.0
2018-06-08 18:00:00.000039936,61.728,18.52,148.16,3.995476e-05,2.572,290.0
2018-06-08 21:00:00.000039936,59.156002,18.52,148.16,4.0199502e-05,2.572,280.0
2018-06-09 00:00:00.000039936,56.584,18.52,148.16,4.0199502e-05,2.572,280.0
2018-06-09 03:00:00.000039936,54.012,18.52,138.9,4.0199502e-05,2.572,280.0
2018-06-09 06:00:00.000039936,51.440002,18.52,129.64,4.0444127e-05,2.572,285.0
2018-06-09 09:00:00.000039936,48.868,18.52,129.64,4.0688625e-05,2.572,280.0
2018-06-09 12:00:00.000039936,46.296,18.52,129.64,4.0688625e-05,2.572,270.0
2018-06-09 15:00:00.000039936,41.152,24.076,129.64,4.0688625e-05,2.572,260.0
2018-06-09 18:00:00.000039936,36.008,27.78,129.64,4.0444127e-05,2.572,250.0
2018-06-09 21:00:00.000039936,32.4072,33.336,129.64,4.0199502e-05,2.572,245.0
2018-06-10 00:00:00.000039936,28.292,37.04,129.64,3.995476e-05,2.0576,260.0
2018-06-10 03:00:00.000039936,25.720001,37.04,129.64,3.995476e-05,2.0576,285.0
2018-06-10 06:00:00.000039936,23.148,37.04,129.64,4.0199502e-05,2.0576,295.0
2018-06-10 09:00:00.000039936,22.1192,46.3,125.01,4.0444127e-05,2.0576,295.0
2018-06-10 12:00:00.000039936,20.576,55.56,120.38,4.0688625e-05,3.0864,300.0
2018-06-10 15:00:00.000039936,20.576,64.82,115.75,4.093299e-05,3.6008,300.0
2018-06-10 18:00:00.000039936,20.576,74.08,111.12,4.142137e-05,3.0864,300.0
2018-06-10 21:00:00.000039936,20.576,74.08,92.600006,4.1909232e-05,3.0864,300.0
2018-06-11 00:00:00.000039936,20.576,74.08,74.08,4.2152973e-05,2.572,295.0
2018-06-11 03:00:00.000039936,19.5472,64.82,64.82,4.239659e-05,3.0864,280.0
