Time,Vmax,Rmax_IBT,R34,fcor,u_trans,v_trans
2021-05-31 12:00:00.000039936,18.004,46.3,23.150002,3.156599e-05,6.1728,300.0
2021-05-31 15:00:00.000039936,19.5472,37.04,27.78,3.231108e-05,5.6584,300.0
2021-05-31 18:00:00.000039936,20.576,27.78,32.41,3.305528e-05,5.6584,305.0
2021-05-31 21:00:00.000039936,22.1192,27.78,34.725,3.3798577e-05,4.6296,305.0
2021-06-01 00:00:00.000039936,23.148,27.78,37.04,3.4293596e-05,3.6008,300.0
2021-06-01 03:00:00.000039936,24.6912,33.336,39.355,3.47882e-05,3.0864,300.0
2021-06-01 06:00:00.000039936,25.720001,37.04,41.670002,3.5035337e-05,2.572,300.0
2021-06-01 09:00:00.000039936,25.720001,37.04,43.985,3.5282377e-05,3.0864,300.0
2021-06-01 12:00:00.000039936,25.720001,37.04,46.3,3.577612e-05,3.0864,305.0
2021-06-01 15:00:00.000039936,24.6912,37.04,46.3,3.626943e-05,3.6008,305.0
2021-06-01 18:00:00.000039936,23.148,37.04,46.3,3.67623e-05,3.6008,295.0
2021-06-01 21:00:00.000039936,23.148,37.04,46.3,3.700857e-05,3.0864,290.0
2021-06-02 00:00:00.000039936,23.148,37.04,46.3,3.7254722e-05,3.0864,290.0
2021-06-02 03:00:00.000039936,22.1192,37.04,39.355,3.7500762e-05,2.572,290.0
2021-06-02 06:00:00.000039936,20.576,37.04,32.41,3.7746686e-05,2.572,295.0
2021-06-02 09:00:00.000039936,19.5472,46.3,25.465,3.7992504e-05,2.0576,295.0
