Time,Vmax,Rmax_IBT,R34,fcor,u_trans,v_trans
2023-06-29 12:00:00.000039936,18.004,74.08,18.52,3.6022833e-05,4.6296,300.0
2023-06-29 15:00:00.000039936,19.5472,74.08,23.150002,3.651592e-05,4.6296,305.0
2023-06-29 18:00:00.000039936,20.576,74.08,27.78,3.7254722e-05,5.144,305.0
2023-06-29 21:00:00.000039936,22.1192,64.82,39.355,3.7992504e-05,5.6584,305.0
2023-06-30 00:00:00.000039936,23.148,55.56,50.93,3.872924e-05,5.6584,305.0
2023-06-30 03:00:00.000039936,25.720001,46.3,55.56,3.9464914e-05,6.1728,305.0
2023-06-30 06:00:00.000039936,28.292,37.04,60.190002,4.0444127e-05,6.1728,310.0
2023-06-30 09:00:00.000039936,32.4072,27.78,71.765,4.1177245e-05,5.6584,310.0
2023-06-30 12:00:00.000039936,36.008,18.52,83.340004,4.2152973e-05,5.6584,310.0
2023-06-30 15:00:00.000039936,37.5512,18.52,90.285,4.288343e-05,5.6584,310.0
2023-06-30 18:00:00.000039936,38.58,18.52,97.23,4.385554e-05,6.1728,310.0
2023-06-30 21:00:00.000039936,36.008,18.52,97.23,4.4825505e-05,6.6872,315.0
2023-07-01 00:00:00.000039936,33.436,18.52,97.23,4.6034886e-05,6.6872,315.0
2023-07-01 03:00:00.000039936,30.864,18.52,87.97,4.6999867e-05,6.1728,315.0
