Time,Vmax,Rmax_IBT,R34,fcor,u_trans,v_trans
2019-06-30 06:00:00.000039936,18.004,92.6,64.82,2.6327272e-05,7.2016,275.0
2019-06-30 09:00:00.000039936,18.004,92.6,69.45,2.6327272e-05,7.716,275.0
2019-06-30 12:00:00.000039936,18.004,92.6,74.08,2.6577594e-05,8.2304,275.0
2019-06-30 15:00:00.000039936,19.5472,83.34,111.119995,2.6827835e-05,8.744801,275.0
2019-06-30 18:00:00.000039936,20.576,74.08,148.16,2.707799e-05,8.744801,275.0
2019-06-30 21:00:00.000039936,22.1192,64.82,157.42,2.7328068e-05,9.2592,275.0
2019-07-01 00:00:00.000039936,23.148,55.56,166.68,2.7578055e-05,9.2592,275.0
2019-07-01 03:00:00.000039936,25.720001,55.56,178.255,2.7827968e-05,9.2592,275.0
2019-07-01 06:00:00.000039936,28.292,55.56,189.83002,2.807779e-05,8.744801,275.0
2019-07-01 09:00:00.000039936,29.835201,55.56,194.46,2.8327528e-05,8.2304,275.0
2019-07-01 12:00:00.000039936,30.864,55.56,199.09001,2.857718e-05,7.716,275.0
2019-07-01 15:00:00.000039936,33.436,46.3,206.03499,2.857718e-05,7.2016,275.0
2019-07-01 18:00:00.000039936,36.008,37.04,212.98,2.882674e-05,6.6872,275.0
2019-07-01 21:00:00.000039936,38.58,33.336,212.98,2.9076216e-05,6.6872,280.0
2019-07-02 00:00:00.000039936,41.152,27.78,212.98,2.9325609e-05,6.1728,280.0
2019-07-02 03:00:00.000039936,43.724,27.78,217.61,2.9574905e-05,5.6584,285.0
2019-07-02 06:00:00.000039936,46.296,27.78,222.24,3.0073232e-05,6.1728,290.0
2019-07-02 09:00:00.000039936,52.9832,27.78,224.55501,3.0571195e-05,6.1728,290.0
2019-07-02 12:00:00.000039936,59.156002,27.78,226.87,3.1068776e-05,6.1728,285.0
2019-07-02 15:00:00.000039936,61.728,27.78,226.87001,3.131743e-05,6.1728,285.0
2019-07-02 18:00:00.000039936,64.3,27.78,226.87001,3.1814445e-05,6.1728,285.0
2019-07-02 21:00:00.000039936,66.872,24.076,233.815,3.231108e-05,6.1728,290.0
2019-07-03 00:00:00.000039936,69.444,18.52,240.76,3.280731e-05,6.1728,285.0
2019-07-03 03:00:00.000039936,69.444,18.52,240.76,3.305528e-05,5.6584,285.0
2019-07-03 06:00:00.000039936,69.444,18.52,240.76,3.3550914e-05,5.6584,290.0
2019-07-03 09:00:00.000039936,68.4152,18.52,240.76,3.404614e-05,5.6584,290.0
2019-07-03 12:00:00.000039936,66.872,18.52,240.76,3.454095e-05,5.6584,290.0
2019-07-03 15:00:00.000039936,64.3,18.52,240.76,3.5035337e-05,5.144,295.0
2019-07-03 18:00:00.000039936,61.728,18.52,240.76,3.5529305e-05,5.144,295.0
2019-07-03 21:00:00.000039936,60.6992,18.52,243.075,3.6022833e-05,5.144,300.0
2019-07-04 00:00:00.000039936,59.156002,18.52,245.39,3.67623e-05,5.144,300.0
2019-07-04 03:00:00.000039936,56.584,24.076,245.39,3.7254722e-05,4.6296,305.0
2019-07-04 06:00:00.000039936,54.012,27.78,245.39,3.7992504e-05,4.6296,305.0
2019-07-04 09:00:00.000039936,52.9832,27.78,243.075,3.872924e-05,5.144,310.0
2019-07-04 12:00:00.000039936,51.440002,27.78,240.76,3.9464914e-05,5.144,310.0
2019-07-04 15:00:00.000039936,48.868,27.78,236.13,4.0199502e-05,5.144,310.0
2019-07-04 18:00:00.000039936,46.296,27.78,231.5,4.093299e-05,5.144,310.0
2019-07-04 21:00:00.000039936,45.2672,27.78,231.5,4.1665367e-05,5.144,310.0
2019-07-05 00:00:00.000039936,43.724,27.78,231.5,4.239659e-05,5.144,305.0
2019-07-05 03:00:00.000039936,41.152,27.78,224.555,4.288343e-05,5.144,300.0
2019-07-05 06:00:00.000039936,38.58,27.78,217.61,4.3612705e-05,5.6584,305.0
2019-07-05 09:00:00.000039936,36.008,27.78,210.665,4.4340795e-05,6.1728,305.0
2019-07-05 12:00:00.000039936,33.436,27.78,203.72,4.5309676e-05,6.1728,300.0
2019-07-05 15:00:00.000039936,29.835201,27.78,194.45999,4.6034886e-05,6.1728,295.0
2019-07-05 18:00:00.000039936,25.720001,27.78,185.2,4.651767e-05,6.1728,285.0
2019-07-05 21:00:00.000039936,24.6912,42.596,173.625,4.675884e-05,6.1728,275.0
2019-07-06 00:00:00.000039936,23.148,55.56,162.05,4.675884e-05,6.6872,270.0
2019-07-06 03:00:00.000039936,23.148,74.08,129.64,4.675884e-05,6.6872,270.0
2019-07-06 06:00:00.000039936,23.148,92.6,97.229996,4.675884e-05,6.6872,265.0
2019-07-06 09:00:00.000039936,22.1192,92.6,94.915,4.651767e-05,6.6872,265.0
2019-07-06 12:00:00.000039936,20.576,92.6,92.6,4.651767e-05,7.2016,270.0
2019-07-06 15:00:00.000039936,20.576,120.38,92.6,4.651767e-05,7.2016,270.0
2019-07-06 18:00:00.000039936,20.576,148.16,92.6,4.651767e-05,7.716,270.0
2019-07-06 21:00:00.000039936,20.576,148.16,87.97,4.651767e-05,7.716,265.0
2019-07-07 00:00:00.000039936,20.576,148.16,83.34,4.627635e-05,8.2304,265.0
2019-07-07 03:00:00.000039936,19.5472,157.42,78.71,4.627635e-05,8.2304,265.0
