Time,Vmax,Rmax_IBT,R34,fcor,u_trans,v_trans
2011-06-19 18:00:00.000039936,18.004,55.56,34.725002,3.5529305e-05,5.144,305.0
2011-06-19 21:00:00.000039936,19.5472,51.856,52.781998,3.626943e-05,5.144,310.0
2011-06-20 00:00:00.000039936,20.576,46.3,69.45,3.700857e-05,5.144,310.0
2011-06-20 03:00:00.000039936,23.148,42.596,83.803,3.7746686e-05,4.6296,310.0
2011-06-20 06:00:00.000039936,25.720001,37.04,97.229996,3.8483773e-05,4.6296,325.0
2011-06-20 09:00:00.000039936,28.292,37.04,112.046,3.9709896e-05,5.144,335.0
2011-06-20 12:00:00.000039936,30.864,37.04,125.009995,4.0688625e-05,4.1152,335.0
2011-06-20 15:00:00.000039936,33.436,33.336,139.363,4.142137e-05,3.0864,330.0
2011-06-20 18:00:00.000039936,36.008,27.78,152.79001,4.1909232e-05,3.0864,335.0
2011-06-20 21:00:00.000039936,36.008,27.78,137.974,4.2640077e-05,4.1152,340.0
2011-06-21 00:00:00.000039936,36.008,27.78,122.695,4.3612705e-05,5.144,340.0
2011-06-21 03:00:00.000039936,38.58,27.78,97.229996,4.4825505e-05,6.6872,325.0
2011-06-21 06:00:00.000039936,41.152,27.78,90.284996,4.627635e-05,6.6872,315.0
2011-06-21 09:00:00.000039936,36.008,27.78,90.284996,4.6999867e-05,5.6584,300.0
2011-06-21 12:00:00.000039936,30.864,27.78,76.395,4.748151e-05,4.6296,285.0
2011-06-21 15:00:00.000039936,25.720001,27.78,63.431,4.748151e-05,2.572,270.0
