Time,Vmax,Rmax_IBT,R34,fcor,u_trans,v_trans
2010-06-17 12:00:00.000039936,18.004,55.56,83.34,3.7746686e-05,1.5432,300.0
2010-06-17 15:00:00.000039936,19.5472,61.116,83.34,3.7992504e-05,2.0576,305.0
2010-06-17 18:00:00.000039936,20.576,64.82,83.34,3.8238195e-05,2.0576,300.0
2010-06-17 21:00:00.000039936,20.576,64.82,98.156,3.8483773e-05,2.0576,295.0
2010-06-18 00:00:00.000039936,20.576,64.82,111.12,3.872924e-05,2.0576,295.0
2010-06-18 03:00:00.000039936,20.576,64.82,111.12,3.897458e-05,2.0576,295.0
2010-06-18 06:00:00.000039936,20.576,64.82,111.12,3.9219805e-05,2.572,295.0
2010-06-18 09:00:00.000039936,20.576,64.82,111.12,3.9464914e-05,2.572,295.0
2010-06-18 12:00:00.000039936,20.576,64.82,111.12,3.9709896e-05,2.572,300.0
2010-06-18 15:00:00.000039936,20.576,64.82,111.12,3.995476e-05,3.0864,300.0
2010-06-18 18:00:00.000039936,20.576,64.82,111.12,4.0444127e-05,3.0864,295.0
2010-06-18 21:00:00.000039936,22.1192,64.82,111.12,4.0688625e-05,3.0864,290.0
2010-06-19 00:00:00.000039936,23.148,64.82,111.12,4.093299e-05,3.0864,285.0
2010-06-19 03:00:00.000039936,24.6912,64.82,111.12,4.1177245e-05,3.0864,280.0
2010-06-19 06:00:00.000039936,25.720001,64.82,111.12,4.1177245e-05,3.0864,280.0
2010-06-19 09:00:00.000039936,27.2632,46.3,111.12,4.1177245e-05,3.0864,280.0
2010-06-19 12:00:00.000039936,28.292,27.78,111.12,4.142137e-05,3.0864,285.0
2010-06-19 15:00:00.000039936,28.292,27.78,111.12,4.1665367e-05,3.6008,285.0
2010-06-19 18:00:00.000039936,28.292,27.78,111.12,4.1909232e-05,4.1152,290.0
2010-06-19 21:00:00.000039936,27.2632,27.78,111.12,4.2152973e-05,4.1152,290.0
2010-06-20 00:00:00.000039936,25.720001,27.78,111.12,4.2640077e-05,4.6296,290.0
2010-06-20 03:00:00.000039936,24.6912,27.78,99.545,4.288343e-05,4.6296,290.0
2010-06-20 06:00:00.000039936,23.148,27.78,87.97,4.3369746e-05,5.144,290.0
2010-06-20 09:00:00.000039936,22.1192,27.78,87.97,4.385554e-05,5.144,285.0
2010-06-20 12:00:00.000039936,20.576,27.78,87.97,4.409823e-05,5.6584,280.0
2010-06-20 15:00:00.000039936,19.5472,27.78,65.283,4.4340795e-05,5.6584,275.0
