Time,Vmax,Rmax_IBT,R34,fcor,u_trans,v_trans
2013-06-24 00:00:00.000039936,18.004,166.68,41.67,3.0820032e-05,3.0864,300.0
2013-06-24 03:00:00.000039936,19.5472,166.68,69.45,3.131743e-05,4.1152,310.0
2013-06-24 06:00:00.000039936,20.576,166.68,97.229996,3.206281e-05,5.6584,320.0
2013-06-24 09:00:00.000039936,22.1192,157.42,118.065,3.330315e-05,7.2016,325.0
2013-06-24 12:00:00.000039936,23.148,148.16,138.9,3.47882e-05,7.2016,320.0
2013-06-24 15:00:00.000039936,24.6912,138.9,159.73499,3.6022833e-05,6.6872,315.0
2013-06-24 18:00:00.000039936,25.720001,129.64,180.56999,3.700857e-05,6.6872,315.0
2013-06-24 21:00:00.000039936,27.2632,92.6,194.45999,3.7992504e-05,6.6872,315.0
2013-06-25 00:00:00.000039936,28.292,55.56,208.34999,3.9219805e-05,7.716,310.0
2013-06-25 03:00:00.000039936,29.835201,55.56,208.34999,4.0444127e-05,8.2304,305.0
2013-06-25 06:00:00.000039936,30.864,55.56,208.34999,4.142137e-05,8.2304,300.0
2013-06-25 09:00:00.000039936,32.4072,46.3,208.35,4.239659e-05,7.2016,300.0
2013-06-25 12:00:00.000039936,33.436,37.04,208.34999,4.3126656e-05,6.6872,290.0
2013-06-25 15:00:00.000039936,34.979202,37.04,203.72,4.3612705e-05,6.6872,285.0
2013-06-25 18:00:00.000039936,36.008,37.04,199.09,4.385554e-05,6.6872,280.0
2013-06-25 21:00:00.000039936,37.5512,33.336,199.09,4.409823e-05,6.6872,285.0
2013-06-26 00:00:00.000039936,38.58,27.78,199.09,4.458322e-05,6.1728,285.0
2013-06-26 03:00:00.000039936,37.5512,27.78,203.72,4.506766e-05,5.6584,290.0
2013-06-26 06:00:00.000039936,36.008,27.78,208.34999,4.5551555e-05,5.6584,295.0
2013-06-26 09:00:00.000039936,34.979202,27.78,210.66501,4.6034886e-05,5.6584,300.0
2013-06-26 12:00:00.000039936,33.436,27.78,212.98,4.675884e-05,5.144,295.0
2013-06-26 15:00:00.000039936,32.4072,27.78,212.98,4.7240763e-05,5.144,295.0
2013-06-26 18:00:00.000039936,30.864,27.78,212.98,4.7722115e-05,5.6584,290.0
2013-06-26 21:00:00.000039936,28.292,27.78,189.82999,4.8202877e-05,6.1728,290.0
2013-06-27 00:00:00.000039936,25.720001,27.78,166.68,4.868306e-05,6.6872,285.0
2013-06-27 03:00:00.000039936,24.6912,42.596,143.53,4.916265e-05,7.716,285.0
2013-06-27 06:00:00.000039936,23.148,55.56,120.38,4.9641636e-05,7.716,285.0
2013-06-27 09:00:00.000039936,20.576,64.82,97.229996,5.012002e-05,8.2304,285.0
