Time,Vmax,Rmax_IBT,R34,fcor,u_trans,v_trans
2018-06-10 00:00:00.000039936,18.004,92.6,69.45,3.206281e-05,5.144,310.0
2018-06-10 03:00:00.000039936,20.576,92.6,85.655,3.305528e-05,5.6584,315.0
2018-06-10 06:00:00.000039936,23.148,92.6,101.86,3.404614e-05,6.1728,320.0
2018-06-10 09:00:00.000039936,25.720001,64.82,120.38,3.5282377e-05,6.1728,320.0
2018-06-10 12:00:00.000039936,28.292,37.04,138.9,3.626943e-05,6.1728,315.0
2018-06-10 15:00:00.000039936,30.864,37.04,157.42001,3.7254722e-05,5.6584,310.0
2018-06-10 18:00:00.000039936,33.436,37.04,175.94,3.7992504e-05,5.144,310.0
2018-06-10 21:00:00.000039936,36.008,42.596,178.255,3.872924e-05,5.144,310.0
2018-06-11 00:00:00.000039936,38.58,46.3,180.57,3.9464914e-05,5.144,300.0
2018-06-11 03:00:00.000039936,42.6952,42.596,173.625,3.995476e-05,5.144,295.0
2018-06-11 06:00:00.000039936,46.296,37.04,166.68,4.0444127e-05,5.144,290.0
2018-06-11 09:00:00.000039936,48.868,37.04,162.04999,4.0688625e-05,4.1152,290.0
2018-06-11 12:00:00.000039936,51.440002,37.04,157.42001,4.1177245e-05,3.6008,300.0
2018-06-11 15:00:00.000039936,54.012,37.04,155.10501,4.1665367e-05,3.0864,310.0
2018-06-11 18:00:00.000039936,56.584,37.04,152.79001,4.2152973e-05,3.6008,315.0
2018-06-11 21:00:00.000039936,59.156002,37.04,150.475,4.2640077e-05,3.6008,315.0
2018-06-12 00:00:00.000039936,61.728,37.04,148.16,4.3369746e-05,3.0864,315.0
2018-06-12 03:00:00.000039936,60.6992,33.336,148.16,4.385554e-05,3.0864,315.0
2018-06-12 06:00:00.000039936,59.156002,27.78,148.16,4.4340795e-05,2.572,315.0
2018-06-12 09:00:00.000039936,58.1272,27.78,148.16,4.4825505e-05,2.0576,315.0
2018-06-12 12:00:00.000039936,56.584,27.78,148.16,4.506766e-05,2.0576,320.0
2018-06-12 15:00:00.000039936,54.012,27.78,145.845,4.5309676e-05,2.0576,330.0
2018-06-12 18:00:00.000039936,51.440002,27.78,143.53,4.5793287e-05,2.0576,325.0
2018-06-12 21:00:00.000039936,47.8392,27.78,143.53,4.627635e-05,2.0576,330.0
2018-06-13 00:00:00.000039936,43.724,27.78,143.53,4.651767e-05,1.5432,335.0
2018-06-13 03:00:00.000039936,40.1232,27.78,143.53,4.675884e-05,1.5432,345.0
2018-06-13 06:00:00.000039936,36.008,27.78,143.53,4.7240763e-05,1.5432,345.0
2018-06-13 09:00:00.000039936,33.436,42.596,141.21501,4.748151e-05,1.5432,345.0
2018-06-13 12:00:00.000039936,30.864,55.56,138.90001,4.796257e-05,2.0576,340.0
2018-06-13 15:00:00.000039936,27.2632,64.82,136.585,4.844305e-05,2.572,340.0
2018-06-13 18:00:00.000039936,23.148,74.08,134.27,4.916265e-05,3.0864,340.0
2018-06-13 21:00:00.000039936,23.148,74.08,136.585,4.9880902e-05,3.0864,340.0
2018-06-14 00:00:00.000039936,23.148,74.08,138.9,5.059779e-05,3.0864,340.0
2018-06-14 03:00:00.000039936,22.1192,74.08,145.845,5.131329e-05,2.572,340.0
2018-06-14 06:00:00.000039936,20.576,74.08,152.79,5.178951e-05,2.572,340.0
2018-06-14 09:00:00.000039936,20.576,111.12,150.47499,5.22651e-05,2.572,340.0
2018-06-14 12:00:00.000039936,20.576,148.16,148.16,5.2977284e-05,3.0864,345.0
2018-06-14 15:00:00.000039936,20.576,148.16,143.53,5.3688025e-05,3.0864,350.0
2018-06-14 18:00:00.000039936,20.576,148.16,138.9,5.439729e-05,3.6008,350.0
2018-06-14 21:00:00.000039936,20.576,138.9,136.585,5.5340646e-05,4.1152,355.0
2018-06-15 00:00:00.000039936,20.576,129.64,134.27,5.6281307e-05,4.6296,360.0
