Time,Vmax,Rmax_IBT,R34,fcor,u_trans,v_trans
2008-06-28 12:00:00.000039936,18.004,55.56,64.82,3.626943e-05,4.1152,285.0
2008-06-28 15:00:00.000039936,20.576,51.856,69.45,3.651592e-05,3.6008,285.0
2008-06-28 18:00:00.000039936,23.148,46.3,74.08,3.67623e-05,3.6008,280.0
2008-06-28 21:00:00.000039936,23.148,46.3,74.08,3.67623e-05,3.6008,270.0
2008-06-29 00:00:00.000039936,23.148,46.3,74.08,3.67623e-05,3.6008,270.0
2008-06-29 03:00:00.000039936,23.148,46.3,76.395,3.67623e-05,3.6008,270.0
2008-06-29 06:00:00.000039936,23.148,46.3,78.71,3.67623e-05,3.6008,265.0
2008-06-29 09:00:00.000039936,22.1192,46.3,78.71,3.67623e-05,3.6008,260.0
2008-06-29 12:00:00.000039936,20.576,46.3,78.71,3.651592e-05,3.6008,260.0
2008-06-29 15:00:00.000039936,20.576,46.3,78.71,3.626943e-05,4.1152,265.0
2008-06-29 18:00:00.000039936,20.576,46.3,78.71,3.626943e-05,4.1152,265.0
2008-06-29 21:00:00.000039936,20.576,46.3,78.71,3.6022833e-05,4.6296,265.0
2008-06-30 00:00:00.000039936,20.576,46.3,78.71,3.6022833e-05,4.6296,265.0
2008-06-30 03:00:00.000039936,20.576,46.3,78.71,3.6022833e-05,4.6296,270.0
2008-06-30 06:00:00.000039936,20.576,46.3,78.71,3.6022833e-05,4.6296,265.0
