Time,Vmax,Rmax_IBT,R34,fcor,u_trans,v_trans
2016-07-03 03:00:00.000039936,18.004,83.34,32.41,2.8327528e-05,5.144,285.0
2016-07-03 06:00:00.000039936,20.576,55.56,32.41,2.882674e-05,5.144,285.0
2016-07-03 09:00:00.000039936,23.148,55.56,55.559998,2.9076216e-05,5.144,285.0
2016-07-03 12:00:00.000039936,25.720001,55.56,78.71001,2.9574905e-05,5.144,290.0
2016-07-03 15:00:00.000039936,27.2632,55.56,81.025,2.9824112e-05,4.6296,290.0
2016-07-03 18:00:00.000039936,28.292,55.56,83.340004,3.0322259e-05,5.144,290.0
2016-07-03 21:00:00.000039936,28.292,55.56,83.340004,3.0571195e-05,5.144,285.0
2016-07-04 00:00:00.000039936,28.292,55.56,83.340004,3.1068776e-05,5.144,285.0
2016-07-04 03:00:00.000039936,29.835201,55.56,94.915,3.131743e-05,5.144,285.0
2016-07-04 06:00:00.000039936,30.864,55.56,106.49,3.1814445e-05,5.6584,290.0
2016-07-04 09:00:00.000039936,32.4072,46.3,106.49,3.231108e-05,6.1728,290.0
2016-07-04 12:00:00.000039936,33.436,37.04,106.49,3.280731e-05,6.1728,290.0
2016-07-04 15:00:00.000039936,34.979202,37.04,131.955,3.330315e-05,6.1728,290.0
2016-07-04 18:00:00.000039936,36.008,37.04,157.42,3.3798577e-05,6.6872,290.0
2016-07-04 21:00:00.000039936,37.5512,42.596,164.36499,3.4293596e-05,6.6872,290.0
2016-07-05 00:00:00.000039936,38.58,46.3,171.31,3.47882e-05,7.2016,285.0
2016-07-05 03:00:00.000039936,41.152,37.04,173.625,3.5035337e-05,7.716,280.0
2016-07-05 06:00:00.000039936,43.724,27.78,175.94,3.5282377e-05,7.2016,275.0
2016-07-05 09:00:00.000039936,46.296,27.78,175.94,3.5529305e-05,6.6872,275.0
2016-07-05 12:00:00.000039936,48.868,27.78,175.94,3.5529305e-05,5.6584,275.0
2016-07-05 15:00:00.000039936,51.440002,27.78,182.885,3.5529305e-05,5.144,275.0
2016-07-05 18:00:00.000039936,54.012,27.78,189.83,3.577612e-05,5.144,275.0
2016-07-05 21:00:00.000039936,58.1272,33.336,192.145,3.577612e-05,5.144,275.0
2016-07-06 00:00:00.000039936,61.728,37.04,194.45999,3.6022833e-05,4.6296,280.0
2016-07-06 03:00:00.000039936,60.6992,37.04,194.45999,3.626943e-05,4.6296,285.0
2016-07-06 06:00:00.000039936,59.156002,37.04,194.45999,3.651592e-05,4.6296,285.0
2016-07-06 09:00:00.000039936,58.1272,37.04,194.45999,3.67623e-05,5.144,285.0
2016-07-06 12:00:00.000039936,56.584,37.04,194.45999,3.7254722e-05,5.6584,285.0
2016-07-06 15:00:00.000039936,56.584,37.04,194.45999,3.7500762e-05,5.6584,285.0
2016-07-06 18:00:00.000039936,56.584,37.04,194.45999,3.7992504e-05,5.144,290.0
2016-07-06 21:00:00.000039936,56.584,37.04,196.775,3.8483773e-05,4.6296,295.0
2016-07-07 00:00:00.000039936,56.584,37.04,199.09,3.897458e-05,4.6296,295.0
2016-07-07 03:00:00.000039936,56.584,37.04,199.09,3.9464914e-05,4.6296,290.0
2016-07-07 06:00:00.000039936,56.584,37.04,199.09,3.9709896e-05,4.6296,290.0
2016-07-07 09:00:00.000039936,55.5552,37.04,199.09,3.995476e-05,4.1152,290.0
2016-07-07 12:00:00.000039936,54.012,37.04,199.09,4.0444127e-05,4.1152,290.0
2016-07-07 15:00:00.000039936,52.9832,37.04,196.775,4.0688625e-05,4.1152,290.0
2016-07-07 18:00:00.000039936,51.440002,37.04,194.45999,4.1177245e-05,4.1152,290.0
2016-07-07 21:00:00.000039936,50.4112,37.04,194.45999,4.142137e-05,4.1152,290.0
2016-07-08 00:00:00.000039936,48.868,37.04,194.45999,4.1909232e-05,3.6008,295.0
2016-07-08 03:00:00.000039936,47.8392,37.04,187.515,4.239659e-05,3.6008,305.0
2016-07-08 06:00:00.000039936,46.296,37.04,180.57,4.288343e-05,4.1152,305.0
2016-07-08 09:00:00.000039936,45.2672,37.04,180.57,4.3369746e-05,4.1152,305.0
2016-07-08 12:00:00.000039936,43.724,37.04,180.57,4.409823e-05,4.1152,310.0
2016-07-08 15:00:00.000039936,41.152,37.04,171.31,4.458322e-05,4.1152,310.0
2016-07-08 18:00:00.000039936,38.58,37.04,162.05,4.5309676e-05,4.1152,310.0
2016-07-08 21:00:00.000039936,37.5512,37.04,157.42,4.5793287e-05,4.1152,310.0
2016-07-09 00:00:00.000039936,36.008,37.04,152.79,4.651767e-05,4.1152,315.0
2016-07-09 03:00:00.000039936,33.436,46.3,143.53,4.7240763e-05,4.1152,315.0
2016-07-09 06:00:00.000039936,30.864,55.56,134.26999,4.796257e-05,4.6296,315.0
2016-07-09 09:00:00.000039936,29.835201,55.56,134.26999,4.868306e-05,4.6296,310.0
2016-07-09 12:00:00.000039936,28.292,55.56,134.26999,4.9402213e-05,5.144,315.0
2016-07-09 15:00:00.000039936,25.720001,55.56,122.695,5.035898e-05,5.144,315.0
2016-07-09 18:00:00.000039936,23.148,55.56,111.12001,5.1074945e-05,5.144,305.0
2016-07-09 21:00:00.000039936,20.576,55.56,111.12001,5.155148e-05,4.6296,295.0
