Time,Vmax,Rmax_IBT,R34,fcor,u_trans,v_trans
2009-07-06 12:00:00.000039936,18.004,74.08,85.655,4.288343e-05,4.6296,305.0
2009-07-06 15:00:00.000039936,19.5472,74.08,85.655,4.3369746e-05,4.6296,305.0
2009-07-06 18:00:00.000039936,20.576,74.08,85.655,4.409823e-05,4.6296,300.0
2009-07-06 21:00:00.000039936,22.1192,74.08,89.35899,4.458322e-05,4.6296,295.0
2009-07-07 00:00:00.000039936,23.148,74.08,92.6,4.506766e-05,4.6296,295.0
2009-07-07 03:00:00.000039936,23.148,74.08,98.619,4.5551555e-05,4.6296,295.0
2009-07-07 06:00:00.000039936,23.148,74.08,104.175,4.6034886e-05,5.144,300.0
2009-07-07 09:00:00.000039936,22.1192,74.08,104.175,4.651767e-05,5.144,300.0
2009-07-07 12:00:00.000039936,20.576,74.08,104.175,4.7240763e-05,5.6584,300.0
2009-07-07 15:00:00.000039936,20.576,74.08,104.175,4.796257e-05,5.6584,300.0
2009-07-07 18:00:00.000039936,20.576,74.08,104.175,4.868306e-05,6.1728,300.0
2009-07-07 21:00:00.000039936,20.576,74.08,91.674,4.9402213e-05,6.1728,300.0
2009-07-08 00:00:00.000039936,20.576,74.08,78.71001,5.012002e-05,6.1728,295.0
2009-07-08 03:00:00.000039936,19.5472,64.82,78.71001,5.059779e-05,6.1728,290.0
