Time,Vmax,Rmax_IBT,R34,fcor,u_trans,v_trans
2014-06-10 06:00:00.000039936,18.004,55.56,32.41,3.897458e-05,2.0576,255.0
2014-06-10 09:00:00.000039936,19.5472,51.856,32.41,3.872924e-05,2.0576,255.0
2014-06-10 12:00:00.000039936,20.576,46.3,32.41,3.872924e-05,2.0576,255.0
2014-06-10 15:00:00.000039936,22.1192,42.596,53.245003,3.8483773e-05,2.0576,255.0
2014-06-10 18:00:00.000039936,23.148,37.04,74.08,3.8483773e-05,2.0576,265.0
2014-06-10 21:00:00.000039936,25.720001,33.336,81.024994,3.8483773e-05,2.0576,270.0
2014-06-11 00:00:00.000039936,28.292,27.78,87.97,3.8483773e-05,2.0576,270.0
2014-06-11 03:00:00.000039936,30.864,27.78,90.284996,3.8483773e-05,2.572,270.0
2014-06-11 06:00:00.000039936,33.436,27.78,92.6,3.8483773e-05,2.572,275.0
2014-06-11 09:00:00.000039936,34.979202,27.78,94.915,3.8483773e-05,2.572,280.0
2014-06-11 12:00:00.000039936,36.008,27.78,97.23,3.872924e-05,2.572,290.0
2014-06-11 15:00:00.000039936,37.5512,27.78,99.545006,3.897458e-05,2.572,295.0
2014-06-11 18:00:00.000039936,38.58,27.78,101.86001,3.9219805e-05,2.572,295.0
2014-06-11 21:00:00.000039936,41.152,27.78,101.86,3.9464914e-05,2.572,295.0
2014-06-12 00:00:00.000039936,43.724,27.78,101.86,3.9709896e-05,3.0864,295.0
2014-06-12 03:00:00.000039936,48.868,27.78,101.86,3.995476e-05,3.6008,295.0
2014-06-12 06:00:00.000039936,54.012,27.78,101.86,4.0444127e-05,4.1152,295.0
2014-06-12 09:00:00.000039936,60.6992,27.78,101.86,4.0688625e-05,3.6008,295.0
2014-06-12 12:00:00.000039936,66.872,27.78,101.86,4.1177245e-05,3.6008,295.0
2014-06-12 15:00:00.000039936,65.8432,27.78,106.490005,4.142137e-05,3.6008,295.0
2014-06-12 18:00:00.000039936,64.3,27.78,111.12001,4.1909232e-05,3.6008,295.0
2014-06-12 21:00:00.000039936,60.6992,27.78,111.12001,4.2152973e-05,3.0864,300.0
2014-06-13 00:00:00.000039936,56.584,27.78,111.12001,4.2640077e-05,3.6008,300.0
2014-06-13 03:00:00.000039936,52.9832,27.78,111.12001,4.3126656e-05,4.1152,300.0
2014-06-13 06:00:00.000039936,48.868,27.78,111.12001,4.3612705e-05,4.1152,300.0
2014-06-13 09:00:00.000039936,46.296,33.336,120.38,4.409823e-05,4.1152,300.0
2014-06-13 12:00:00.000039936,43.724,37.04,129.64,4.458322e-05,4.1152,305.0
2014-06-13 15:00:00.000039936,42.6952,37.04,129.64,4.506766e-05,4.1152,310.0
2014-06-13 18:00:00.000039936,41.152,37.04,129.64,4.5793287e-05,3.6008,315.0
2014-06-13 21:00:00.000039936,41.152,37.04,129.64,4.627635e-05,3.0864,315.0
2014-06-14 00:00:00.000039936,41.152,37.04,129.64,4.675884e-05,2.572,320.0
2014-06-14 03:00:00.000039936,38.58,33.336,125.01,4.7240763e-05,2.0576,315.0
2014-06-14 06:00:00.000039936,36.008,27.78,120.380005,4.748151e-05,2.0576,315.0
2014-06-14 09:00:00.000039936,33.436,27.78,111.12,4.796257e-05,2.572,310.0
2014-06-14 12:00:00.000039936,30.864,27.78,101.86,4.8202877e-05,2.572,305.0
2014-06-14 15:00:00.000039936,28.292,33.336,101.86,4.844305e-05,2.0576,300.0
2014-06-14 18:00:00.000039936,25.720001,37.04,101.86,4.868306e-05,2.0576,295.0
2014-06-14 21:00:00.000039936,23.148,46.3,94.91499,4.892293e-05,2.0576,300.0
2014-06-15 00:00:00.000039936,20.576,55.56,87.97,4.916265e-05,2.572,295.0
2014-06-15 03:00:00.000039936,19.5472,55.56,78.71,4.9402213e-05,2.572,295.0
