Time,Vmax,Rmax_IBT,R34,fcor,u_trans,v_trans
2012-06-14 06:00:00.000039936,18.004,74.08,37.04,2.4823696e-05,4.1152,320.0
2012-06-14 09:00:00.000039936,19.5472,70.376,37.04,2.5575835e-05,4.6296,325.0
2012-06-14 12:00:00.000039936,20.576,64.82,37.04,2.6577594e-05,4.6296,325.0
2012-06-14 15:00:00.000039936,22.1192,64.82,41.67,2.7578055e-05,5.144,325.0
2012-06-14 18:00:00.000039936,23.148,64.82,46.3,2.857718e-05,4.6296,325.0
2012-06-14 21:00:00.000039936,25.720001,55.56,64.82,2.9574905e-05,4.6296,325.0
2012-06-15 00:00:00.000039936,28.292,46.3,83.340004,3.0322259e-05,4.1152,325.0
2012-06-15 03:00:00.000039936,29.835201,42.596,85.655,3.1068776e-05,4.6296,325.0
2012-06-15 06:00:00.000039936,30.864,37.04,87.97,3.206281e-05,4.6296,325.0
2012-06-15 09:00:00.000039936,32.4072,37.04,92.600006,3.305528e-05,5.144,325.0
2012-06-15 12:00:00.000039936,33.436,37.04,97.23,3.404614e-05,5.144,325.0
2012-06-15 15:00:00.000039936,38.58,33.336,122.69499,3.5035337e-05,5.144,330.0
2012-06-15 18:00:00.000039936,43.724,27.78,148.16,3.626943e-05,5.6584,335.0
2012-06-15 21:00:00.000039936,48.868,27.78,148.16,3.7500762e-05,6.6872,335.0
2012-06-16 00:00:00.000039936,46.296,27.78,125.01,3.9219805e-05,8.2304,325.0
