Time,Vmax,Rmax_IBT,R34,fcor,u_trans,v_trans
2011-07-08 00:00:00.000039936,18.004,83.34,69.45,3.9464914e-05,7.2016,285.0
2011-07-08 03:00:00.000039936,20.576,79.636,74.543,3.995476e-05,7.716,280.0
2011-07-08 06:00:00.000039936,23.148,74.08,78.71,4.0199502e-05,7.716,280.0
2011-07-08 09:00:00.000039936,25.720001,64.82,85.655,4.0688625e-05,7.716,280.0
2011-07-08 12:00:00.000039936,28.292,55.56,92.600006,4.093299e-05,6.6872,280.0
2011-07-08 15:00:00.000039936,30.864,46.3,102.323006,4.1177245e-05,6.1728,280.0
2011-07-08 18:00:00.000039936,33.436,37.04,111.12,4.142137e-05,5.6584,280.0
2011-07-08 21:00:00.000039936,34.979202,33.336,113.435,4.1665367e-05,5.144,280.0
2011-07-09 00:00:00.000039936,36.008,27.78,115.74999,4.1909232e-05,4.6296,280.0
2011-07-09 03:00:00.000039936,34.979202,27.78,113.89801,4.2152973e-05,4.6296,285.0
2011-07-09 06:00:00.000039936,33.436,27.78,111.12,4.239659e-05,4.1152,285.0
2011-07-09 09:00:00.000039936,30.864,37.04,106.027,4.2640077e-05,4.1152,285.0
2011-07-09 12:00:00.000039936,28.292,46.3,99.545,4.288343e-05,4.1152,285.0
2011-07-09 15:00:00.000039936,24.6912,51.856,99.545,4.3126656e-05,4.1152,285.0
2011-07-09 18:00:00.000039936,20.576,55.56,99.545,4.3369746e-05,4.1152,285.0
2011-07-09 21:00:00.000039936,19.5472,61.116,99.545,4.3612705e-05,4.1152,285.0
2011-07-10 00:00:00.000039936,18.004,64.82,99.545,4.385554e-05,4.1152,290.0
2011-07-10 03:00:00.000039936,18.004,70.376,99.545,4.409823e-05,3.6008,295.0
2011-07-10 06:00:00.000039936,18.004,74.08,99.545,4.458322e-05,3.6008,290.0
2011-07-10 09:00:00.000039936,18.004,74.08,93.989,4.4825505e-05,3.6008,285.0
2011-07-10 12:00:00.000039936,18.004,74.08,87.97,4.506766e-05,3.6008,285.0
2011-07-10 15:00:00.000039936,18.004,74.08,82.877,4.5309676e-05,3.6008,285.0
2011-07-10 18:00:00.000039936,18.004,74.08,76.395004,4.5551555e-05,3.6008,285.0
2011-07-10 21:00:00.000039936,18.004,74.08,60.653,4.5793287e-05,3.6008,285.0
2011-07-11 00:00:00.000039936,18.004,74.08,43.985,4.6034886e-05,3.6008,295.0
2011-07-11 03:00:00.000039936,18.004,74.08,30.095001,4.627635e-05,3.0864,300.0
