Time,Vmax,Rmax_IBT,R34,fcor,u_trans,v_trans
2006-07-11 03:00:00.000039936,18.004,51.856,27.78,3.3798577e-05,3.6008,295.0
2006-07-11 06:00:00.000039936,20.576,46.3,41.670002,3.404614e-05,3.6008,295.0
2006-07-11 09:00:00.000039936,23.148,46.3,48.614998,3.4293596e-05,3.6008,295.0
2006-07-11 12:00:00.000039936,25.720001,46.3,55.56,3.47882e-05,4.1152,290.0
2006-07-11 15:00:00.000039936,28.292,46.3,74.079994,3.5035337e-05,4.6296,290.0
2006-07-11 18:00:00.000039936,30.864,46.3,92.6,3.5529305e-05,4.6296,290.0
2006-07-11 21:00:00.000039936,34.979202,37.04,109.268,3.577612e-05,4.6296,290.0
2006-07-12 00:00:00.000039936,38.58,27.78,125.009995,3.626943e-05,5.144,290.0
2006-07-12 03:00:00.000039936,40.1232,27.78,125.009995,3.67623e-05,5.6584,290.0
2006-07-12 06:00:00.000039936,41.152,27.78,125.009995,3.7254722e-05,6.1728,295.0
2006-07-12 09:00:00.000039936,42.6952,27.78,125.009995,3.7992504e-05,6.1728,300.0
2006-07-12 12:00:00.000039936,43.724,27.78,125.009995,3.872924e-05,6.6872,300.0
2006-07-12 15:00:00.000039936,45.2672,27.78,125.009995,3.9464914e-05,6.6872,295.0
2006-07-12 18:00:00.000039936,46.296,27.78,125.009995,4.0199502e-05,6.6872,295.0
2006-07-12 21:00:00.000039936,48.868,27.78,125.009995,4.093299e-05,7.2016,295.0
2006-07-13 00:00:00.000039936,51.440002,27.78,125.009995,4.1665367e-05,7.716,295.0
2006-07-13 03:00:00.000039936,54.012,27.78,125.009995,4.239659e-05,8.2304,290.0
2006-07-13 06:00:00.000039936,56.584,27.78,125.009995,4.3126656e-05,8.2304,290.0
2006-07-13 09:00:00.000039936,54.012,27.78,125.009995,4.385554e-05,7.716,290.0
2006-07-13 12:00:00.000039936,51.440002,27.78,125.009995,4.4340795e-05,7.716,290.0
2006-07-13 15:00:00.000039936,48.868,27.78,113.898,4.506766e-05,7.2016,290.0
2006-07-13 18:00:00.000039936,46.296,27.78,101.86,4.5551555e-05,7.2016,290.0
2006-07-13 21:00:00.000039936,42.6952,27.78,101.86,4.6034886e-05,6.6872,290.0
2006-07-14 00:00:00.000039936,38.58,27.78,101.86,4.651767e-05,6.6872,290.0
2006-07-14 03:00:00.000039936,34.979202,27.78,87.97,4.7240763e-05,6.6872,290.0
2006-07-14 06:00:00.000039936,30.864,27.78,74.08,4.7722115e-05,6.1728,290.0
2006-07-14 09:00:00.000039936,28.292,27.78,64.82,4.8202877e-05,6.1728,285.0
2006-07-14 12:00:00.000039936,25.720001,27.78,55.56,4.844305e-05,6.1728,285.0
2006-07-14 15:00:00.000039936,23.148,27.78,39.818,4.892293e-05,6.6872,285.0
2006-07-14 18:00:00.000039936,20.576,27.78,23.15,4.916265e-05,6.6872,280.0
2006-07-14 21:00:00.000039936,19.5472,27.78,23.15,4.9402213e-05,6.6872,280.0
