Time,Vmax,Rmax_IBT,R34,fcor,u_trans,v_trans
2015-06-11 12:00:00.000039936,18.004,74.08,60.19,3.454095e-05,3.0864,335.0
2015-06-11 15:00:00.000039936,20.576,61.116,78.71001,3.5035337e-05,2.0576,335.0
2015-06-11 18:00:00.000039936,23.148,46.3,97.229996,3.5529305e-05,2.0576,330.0
2015-06-11 21:00:00.000039936,24.6912,46.3,99.545,3.6022833e-05,2.0576,325.0
2015-06-12 00:00:00.000039936,25.720001,46.3,101.86,3.626943e-05,1.0288,320.0
2015-06-12 03:00:00.000039936,25.720001,46.3,101.86,3.651592e-05,0.5144,315.0
2015-06-12 06:00:00.000039936,25.720001,46.3,101.86,3.651592e-05,0.5144,325.0
2015-06-12 09:00:00.000039936,25.720001,46.3,101.86,3.67623e-05,0.5144,0.0
2015-06-12 12:00:00.000039936,25.720001,46.3,101.86,3.67623e-05,1.0288,75.0
2015-06-12 15:00:00.000039936,25.720001,46.3,101.86,3.67623e-05,1.5432,90.0
2015-06-12 18:00:00.000039936,25.720001,46.3,101.86,3.67623e-05,1.5432,85.0
2015-06-12 21:00:00.000039936,25.720001,42.596,101.86,3.67623e-05,1.5432,70.0
2015-06-13 00:00:00.000039936,25.720001,37.04,101.86,3.700857e-05,1.5432,50.0
2015-06-13 03:00:00.000039936,28.292,37.04,104.174995,3.7254722e-05,1.0288,25.0
2015-06-13 06:00:00.000039936,30.864,37.04,106.49,3.7500762e-05,1.0288,15.0
2015-06-13 09:00:00.000039936,32.4072,37.04,111.12,3.7746686e-05,0.5144,0.0
2015-06-13 12:00:00.000039936,33.436,37.04,115.75,3.7746686e-05,0.5144,345.0
2015-06-13 15:00:00.000039936,36.008,37.04,120.380005,3.7746686e-05,0.5144,0.0
2015-06-13 18:00:00.000039936,38.58,37.04,125.009995,3.7992504e-05,1.0288,345.0
2015-06-13 21:00:00.000039936,38.58,37.04,125.009995,3.8238195e-05,1.0288,335.0
2015-06-14 00:00:00.000039936,38.58,37.04,125.009995,3.8483773e-05,1.5432,340.0
2015-06-14 03:00:00.000039936,37.5512,37.04,122.69499,3.872924e-05,1.5432,345.0
2015-06-14 06:00:00.000039936,36.008,37.04,120.38,3.9219805e-05,2.0576,340.0
2015-06-14 09:00:00.000039936,34.979202,33.336,113.435,3.9709896e-05,2.0576,335.0
2015-06-14 12:00:00.000039936,33.436,27.78,106.49,4.0199502e-05,2.572,325.0
2015-06-14 15:00:00.000039936,33.436,27.78,97.229996,4.0688625e-05,3.0864,315.0
2015-06-14 18:00:00.000039936,33.436,27.78,87.97,4.1177245e-05,2.572,305.0
2015-06-14 21:00:00.000039936,32.4072,27.78,78.71,4.142137e-05,2.572,295.0
2015-06-15 00:00:00.000039936,30.864,27.78,69.45,4.1665367e-05,2.572,285.0
2015-06-15 03:00:00.000039936,30.864,27.78,67.135,4.1909232e-05,2.572,280.0
2015-06-15 06:00:00.000039936,30.864,27.78,64.82,4.1909232e-05,2.572,280.0
2015-06-15 09:00:00.000039936,30.864,24.076,62.504997,4.1909232e-05,2.572,280.0
2015-06-15 12:00:00.000039936,30.864,18.52,60.19,4.2152973e-05,3.0864,280.0
2015-06-15 15:00:00.000039936,32.4072,18.52,55.56,4.239659e-05,3.0864,280.0
2015-06-15 18:00:00.000039936,33.436,18.52,50.93,4.239659e-05,2.572,280.0
2015-06-15 21:00:00.000039936,33.436,18.52,50.93,4.239659e-05,2.0576,285.0
2015-06-16 00:00:00.000039936,33.436,18.52,50.93,4.2640077e-05,2.0576,290.0
2015-06-16 03:00:00.000039936,34.979202,18.52,53.245,4.288343e-05,2.0576,300.0
2015-06-16 06:00:00.000039936,36.008,18.52,55.56,4.3126656e-05,2.0576,295.0
2015-06-16 09:00:00.000039936,37.5512,18.52,60.19,4.3369746e-05,2.0576,300.0
2015-06-16 12:00:00.000039936,38.58,18.52,64.82,4.3612705e-05,2.0576,305.0
2015-06-16 15:00:00.000039936,40.1232,14.816,64.82,4.385554e-05,2.0576,315.0
2015-06-16 18:00:00.000039936,41.152,9.26,64.82,4.4340795e-05,2.572,330.0
2015-06-16 21:00:00.000039936,38.58,9.26,64.82,4.4825505e-05,2.572,340.0
2015-06-17 00:00:00.000039936,36.008,9.26,64.82,4.5551555e-05,3.0864,345.0
2015-06-17 03:00:00.000039936,32.4072,14.816,60.19,4.627635e-05,3.0864,340.0
2015-06-17 06:00:00.000039936,28.292,18.52,55.56,4.6999867e-05,4.6296,340.0
