Time,Vmax,Rmax_IBT,R34,fcor,u_trans,v_trans
2023-07-11 06:00:00.000039936,18.004,92.6,23.15,2.9574905e-05,8.744801,285.0
2023-07-11 09:00:00.000039936,18.004,92.6,32.41,3.0073232e-05,8.2304,285.0
2023-07-11 12:00:00.000039936,18.004,92.6,41.67,3.0571195e-05,7.716,280.0
2023-07-11 15:00:00.000039936,18.004,74.08,48.614998,3.0820032e-05,7.2016,280.0
2023-07-11 18:00:00.000039936,18.004,55.56,55.559998,3.1068776e-05,6.6872,275.0
2023-07-11 21:00:00.000039936,18.004,55.56,60.190002,3.131743e-05,6.6872,275.0
2023-07-12 00:00:00.000039936,18.004,55.56,64.82,3.131743e-05,6.6872,270.0
2023-07-12 03:00:00.000039936,19.5472,51.856,67.134995,3.131743e-05,6.6872,270.0
2023-07-12 06:00:00.000039936,20.576,46.3,69.45,3.131743e-05,7.2016,270.0
2023-07-12 09:00:00.000039936,22.1192,46.3,71.765,3.131743e-05,7.716,270.0
2023-07-12 12:00:00.000039936,23.148,46.3,74.08,3.131743e-05,7.716,270.0
2023-07-12 15:00:00.000039936,25.720001,46.3,74.08,3.131743e-05,7.716,270.0
2023-07-12 18:00:00.000039936,28.292,46.3,74.08,3.131743e-05,7.716,270.0
2023-07-12 21:00:00.000039936,29.835201,42.596,74.08,3.131743e-05,7.716,270.0
2023-07-13 00:00:00.000039936,30.864,37.04,74.08,3.131743e-05,6.6872,265.0
2023-07-13 03:00:00.000039936,30.864,37.04,81.024994,3.1068776e-05,5.6584,265.0
2023-07-13 06:00:00.000039936,30.864,37.04,87.97,3.1068776e-05,5.6584,270.0
2023-07-13 09:00:00.000039936,32.4072,37.04,87.97,3.131743e-05,6.1728,280.0
2023-07-13 12:00:00.000039936,33.436,37.04,87.97,3.156599e-05,6.6872,280.0
2023-07-13 15:00:00.000039936,34.979202,37.04,94.91499,3.1814445e-05,7.2016,280.0
2023-07-13 18:00:00.000039936,36.008,37.04,101.86,3.206281e-05,8.2304,280.0
2023-07-13 21:00:00.000039936,40.1232,33.336,115.75,3.2559245e-05,8.744801,280.0
2023-07-14 00:00:00.000039936,43.724,27.78,129.64,3.280731e-05,8.744801,275.0
2023-07-14 03:00:00.000039936,46.296,24.076,141.215,3.280731e-05,8.2304,275.0
2023-07-14 06:00:00.000039936,48.868,18.52,152.79001,3.305528e-05,7.2016,275.0
2023-07-14 09:00:00.000039936,51.440002,18.52,164.365,3.330315e-05,6.6872,285.0
2023-07-14 12:00:00.000039936,54.012,18.52,175.94,3.3798577e-05,6.6872,285.0
2023-07-14 15:00:00.000039936,55.5552,18.52,178.255,3.404614e-05,6.6872,285.0
2023-07-14 18:00:00.000039936,56.584,18.52,180.56999,3.454095e-05,6.6872,285.0
2023-07-14 21:00:00.000039936,54.012,24.076,178.255,3.47882e-05,7.2016,280.0
2023-07-15 00:00:00.000039936,51.440002,27.78,175.94,3.5282377e-05,7.2016,285.0
2023-07-15 03:00:00.000039936,48.868,27.78,171.31,3.577612e-05,7.2016,285.0
2023-07-15 06:00:00.000039936,46.296,27.78,166.68001,3.626943e-05,7.2016,280.0
2023-07-15 09:00:00.000039936,46.296,27.78,166.68001,3.651592e-05,7.716,280.0
2023-07-15 12:00:00.000039936,46.296,27.78,166.68001,3.67623e-05,7.716,280.0
2023-07-15 15:00:00.000039936,46.296,27.78,159.735,3.700857e-05,7.716,280.0
2023-07-15 18:00:00.000039936,46.296,27.78,152.79,3.7500762e-05,7.716,280.0
2023-07-15 21:00:00.000039936,43.724,27.78,152.79,3.7746686e-05,7.716,280.0
2023-07-16 00:00:00.000039936,41.152,27.78,152.79,3.8238195e-05,7.2016,280.0
2023-07-16 03:00:00.000039936,40.1232,27.78,148.16,3.872924e-05,7.2016,285.0
2023-07-16 06:00:00.000039936,38.58,27.78,143.53,3.897458e-05,7.2016,280.0
2023-07-16 09:00:00.000039936,36.008,27.78,143.53,3.9219805e-05,7.2016,280.0
2023-07-16 12:00:00.000039936,33.436,27.78,143.53,3.9464914e-05,7.716,280.0
2023-07-16 15:00:00.000039936,32.4072,33.336,134.26999,3.9709896e-05,8.2304,280.0
2023-07-16 18:00:00.000039936,30.864,37.04,125.01,4.0199502e-05,8.2304,285.0
2023-07-16 21:00:00.000039936,29.835201,42.596,125.01,4.0688625e-05,8.2304,285.0
2023-07-17 00:00:00.000039936,28.292,46.3,125.01,4.1177245e-05,8.2304,280.0
2023-07-17 03:00:00.000039936,27.2632,51.856,125.009995,4.142137e-05,7.716,275.0
2023-07-17 06:00:00.000039936,25.720001,55.56,125.009995,4.1665367e-05,8.2304,275.0
2023-07-17 09:00:00.000039936,24.6912,55.56,125.009995,4.1665367e-05,8.2304,275.0
2023-07-17 12:00:00.000039936,23.148,55.56,125.009995,4.1909232e-05,8.744801,275.0
2023-07-17 15:00:00.000039936,23.148,55.56,129.64,4.2152973e-05,9.2592,280.0
2023-07-17 18:00:00.000039936,23.148,55.56,134.26999,4.2640077e-05,9.7736,280.0
2023-07-17 21:00:00.000039936,22.1192,74.08,118.065,4.288343e-05,9.7736,275.0
2023-07-18 00:00:00.000039936,20.576,92.6,101.86,4.3126656e-05,10.288,275.0
2023-07-18 03:00:00.000039936,20.576,92.6,101.86,4.3369746e-05,10.288,275.0
2023-07-18 06:00:00.000039936,20.576,92.6,101.86,4.3369746e-05,10.288,270.0
2023-07-18 09:00:00.000039936,20.576,92.6,101.86,4.3369746e-05,9.7736,275.0
2023-07-18 12:00:00.000039936,20.576,92.6,101.86,4.3612705e-05,9.7736,275.0
2023-07-18 15:00:00.000039936,22.1192,92.6,92.600006,4.385554e-05,9.2592,275.0
2023-07-18 18:00:00.000039936,23.148,92.6,83.34,4.409823e-05,9.2592,275.0
2023-07-18 21:00:00.000039936,24.6912,92.6,97.229996,4.4340795e-05,9.2592,275.0
2023-07-19 00:00:00.000039936,25.720001,92.6,111.12,4.458322e-05,9.7736,270.0
2023-07-19 03:00:00.000039936,24.6912,92.6,111.12,4.458322e-05,9.7736,265.0
2023-07-19 06:00:00.000039936,23.148,92.6,111.12,4.4340795e-05,8.744801,265.0
2023-07-19 09:00:00.000039936,22.1192,92.6,106.49,4.4340795e-05,7.716,270.0
2023-07-19 12:00:00.000039936,20.576,92.6,101.86,4.4340795e-05,8.2304,275.0
2023-07-19 15:00:00.000039936,19.5472,83.34,92.6,4.458322e-05,8.744801,275.0
