Time,Vmax,Rmax_IBT,R34,fcor,u_trans,v_trans
2021-06-12 18:00:00.000039936,18.004,37.04,23.150002,2.9824112e-05,5.144,280.0
2021-06-12 21:00:00.000039936,19.5472,37.04,23.150002,3.0073232e-05,4.6296,275.0
2021-06-13 00:00:00.000039936,20.576,37.04,23.150002,3.0073232e-05,4.1152,275.0
2021-06-13 03:00:00.000039936,22.1192,33.336,32.41,3.0073232e-05,4.1152,270.0
2021-06-13 06:00:00.000039936,23.148,27.78,41.670002,3.0073232e-05,3.6008,265.0
2021-06-13 09:00:00.000039936,23.148,27.78,43.985,3.0073232e-05,3.6008,260.0
2021-06-13 12:00:00.000039936,23.148,27.78,46.300003,2.9824112e-05,3.0864,260.0
2021-06-13 15:00:00.000039936,23.148,27.78,46.300003,2.9574905e-05,3.0864,260.0
2021-06-13 18:00:00.000039936,23.148,27.78,46.300003,2.9574905e-05,3.0864,260.0
2021-06-13 21:00:00.000039936,22.1192,27.78,46.300003,2.9574905e-05,3.0864,260.0
2021-06-14 00:00:00.000039936,20.576,27.78,46.300003,2.9325609e-05,3.6008,260.0
2021-06-14 03:00:00.000039936,19.5472,33.336,41.67,2.9076216e-05,4.1152,255.0
2021-06-14 06:00:00.000039936,18.004,37.04,37.04,2.882674e-05,4.6296,255.0
2021-06-14 09:00:00.000039936,18.004,37.04,37.04,2.857718e-05,4.6296,255.0
