Time,Vmax,Rmax_IBT,R34,fcor,u_trans,v_trans
2006-07-12 06:00:00.000039936,18.004,55.56,115.75,3.577612e-05,7.716,300.0
2006-07-12 09:00:00.000039936,19.5472,51.856,115.75,3.67623e-05,7.716,295.0
2006-07-12 12:00:00.000039936,20.576,46.3,115.75,3.7500762e-05,7.716,295.0
2006-07-12 15:00:00.000039936,23.148,46.3,126.398994,3.8238195e-05,7.2016,295.0
2006-07-12 18:00:00.000039936,25.720001,46.3,136.58499,3.897458e-05,6.6872,295.0
2006-07-12 21:00:00.000039936,28.292,46.3,147.23401,3.9464914e-05,6.6872,295.0
2006-07-13 00:00:00.000039936,30.864,46.3,157.42,4.0199502e-05,7.2016,295.0
2006-07-13 03:00:00.000039936,32.4072,42.596,148.623,4.093299e-05,7.716,300.0
2006-07-13 06:00:00.000039936,33.436,37.04,138.9,4.1909232e-05,7.2016,300.0
2006-07-13 09:00:00.000039936,34.979202,37.04,135.659,4.2640077e-05,6.1728,300.0
2006-07-13 12:00:00.000039936,36.008,37.04,131.95499,4.3369746e-05,5.6584,295.0
2006-07-13 15:00:00.000039936,37.5512,37.04,131.95499,4.385554e-05,5.144,295.0
2006-07-13 18:00:00.000039936,38.58,37.04,131.95499,4.4340795e-05,5.144,290.0
2006-07-13 21:00:00.000039936,37.5512,33.336,125.473,4.458322e-05,4.6296,285.0
2006-07-14 00:00:00.000039936,36.008,27.78,118.064995,4.4825505e-05,4.1152,280.0
2006-07-14 03:00:00.000039936,36.008,27.78,118.064995,4.4825505e-05,3.6008,280.0
2006-07-14 06:00:00.000039936,36.008,27.78,118.064995,4.506766e-05,3.6008,280.0
2006-07-14 09:00:00.000039936,34.979202,27.78,118.064995,4.5309676e-05,4.1152,285.0
2006-07-14 12:00:00.000039936,33.436,27.78,118.064995,4.5551555e-05,4.1152,290.0
2006-07-14 15:00:00.000039936,32.4072,27.78,118.064995,4.5793287e-05,4.1152,290.0
2006-07-14 18:00:00.000039936,30.864,27.78,118.064995,4.627635e-05,4.6296,290.0
2006-07-14 21:00:00.000039936,33.436,27.78,118.064995,4.675884e-05,5.144,290.0
2006-07-15 00:00:00.000039936,36.008,27.78,118.064995,4.6999867e-05,5.144,285.0
2006-07-15 03:00:00.000039936,34.979202,27.78,118.064995,4.7240763e-05,5.144,280.0
2006-07-15 06:00:00.000039936,33.436,27.78,118.064995,4.748151e-05,5.144,280.0
2006-07-15 09:00:00.000039936,32.4072,27.78,118.064995,4.748151e-05,5.144,275.0
2006-07-15 12:00:00.000039936,30.864,27.78,118.064995,4.7722115e-05,5.144,280.0
2006-07-15 15:00:00.000039936,29.835201,27.78,114.824,4.796257e-05,5.144,280.0
2006-07-15 18:00:00.000039936,28.292,27.78,111.12,4.8202877e-05,5.144,280.0
2006-07-15 21:00:00.000039936,25.720001,27.78,111.12,4.844305e-05,5.144,280.0
2006-07-16 00:00:00.000039936,23.148,27.78,111.12,4.868306e-05,5.144,285.0
2006-07-16 03:00:00.000039936,20.576,33.336,111.12,4.892293e-05,5.144,290.0
