Time,Vmax,Rmax_IBT,R34,fcor,u_trans,v_trans
2014-06-30 00:00:00.000039936,18.004,148.16,69.45,4.093299e-05,5.144,290.0
2014-06-30 03:00:00.000039936,18.004,148.16,69.45,4.142137e-05,4.6296,300.0
2014-06-30 06:00:00.000039936,18.004,148.16,69.45,4.1909232e-05,4.1152,305.0
2014-06-30 09:00:00.000039936,18.004,148.16,62.505,4.239659e-05,4.1152,305.0
2014-06-30 12:00:00.000039936,18.004,148.16,55.56,4.3126656e-05,4.1152,310.0
2014-06-30 15:00:00.000039936,18.004,148.16,62.505,4.3612705e-05,3.6008,315.0
2014-06-30 18:00:00.000039936,18.004,148.16,69.45,4.4340795e-05,3.6008,315.0
2014-06-30 21:00:00.000039936,19.5472,129.64,81.025,4.506766e-05,3.6008,315.0
2014-07-01 00:00:00.000039936,20.576,111.12,92.6,4.5551555e-05,3.0864,315.0
2014-07-01 03:00:00.000039936,20.576,111.12,92.6,4.6034886e-05,3.0864,315.0
2014-07-01 06:00:00.000039936,20.576,111.12,92.6,4.651767e-05,2.572,310.0
2014-07-01 09:00:00.000039936,20.576,111.12,101.86,4.6999867e-05,2.572,310.0
2014-07-01 12:00:00.000039936,20.576,111.12,111.119995,4.7240763e-05,2.0576,310.0
2014-07-01 15:00:00.000039936,22.1192,111.12,113.435,4.748151e-05,1.5432,315.0
2014-07-01 18:00:00.000039936,23.148,111.12,115.75,4.7722115e-05,1.0288,325.0
2014-07-01 21:00:00.000039936,23.148,111.12,113.435,4.796257e-05,1.0288,335.0
2014-07-02 00:00:00.000039936,23.148,111.12,111.12,4.8202877e-05,1.0288,335.0
2014-07-02 03:00:00.000039936,22.1192,79.636,97.23,4.844305e-05,1.0288,335.0
2014-07-02 06:00:00.000039936,20.576,46.3,83.34,4.868306e-05,1.0288,335.0
2014-07-02 09:00:00.000039936,20.576,46.3,83.34,4.892293e-05,1.0288,335.0
2014-07-02 12:00:00.000039936,20.576,46.3,83.34,4.916265e-05,1.0288,335.0
2014-07-02 15:00:00.000039936,20.576,46.3,81.024994,4.9402213e-05,1.0288,335.0
2014-07-02 18:00:00.000039936,20.576,46.3,78.71,4.9641636e-05,1.0288,330.0
2014-07-02 21:00:00.000039936,19.5472,46.3,78.71,4.9880902e-05,0.5144,315.0
2014-07-03 00:00:00.000039936,18.004,46.3,78.71,4.9880902e-05,0.5144,315.0
2014-07-03 03:00:00.000039936,18.004,61.116,76.395004,5.012002e-05,0.5144,315.0
2014-07-03 06:00:00.000039936,18.004,74.08,74.08,5.012002e-05,0.5144,320.0
2014-07-03 09:00:00.000039936,18.004,74.08,74.08,5.012002e-05,0.5144,315.0
2014-07-03 12:00:00.000039936,18.004,74.08,74.08,5.035898e-05,1.0288,315.0
2014-07-03 15:00:00.000039936,18.004,74.08,67.135,5.059779e-05,1.5432,315.0
2014-07-03 18:00:00.000039936,18.004,74.08,60.190002,5.083645e-05,1.5432,315.0
2014-07-03 21:00:00.000039936,18.004,74.08,60.190002,5.1074945e-05,2.0576,315.0
2014-07-04 00:00:00.000039936,18.004,74.08,60.190002,5.155148e-05,2.572,320.0
2014-07-04 03:00:00.000039936,18.004,64.82,60.190002,5.2027382e-05,2.572,315.0
2014-07-04 06:00:00.000039936,18.004,55.56,60.190002,5.250265e-05,3.0864,310.0
2014-07-04 09:00:00.000039936,18.004,55.56,60.190002,5.2977284e-05,3.0864,305.0
2014-07-04 12:00:00.000039936,18.004,55.56,60.190002,5.321436e-05,2.572,300.0
2014-07-04 15:00:00.000039936,18.004,55.56,53.245,5.345127e-05,3.0864,305.0
2014-07-04 18:00:00.000039936,18.004,55.56,46.3,5.392461e-05,3.0864,310.0
2014-07-04 21:00:00.000039936,18.004,55.56,46.3,5.439729e-05,3.6008,315.0
