Time,Vmax,Rmax_IBT,R34,fcor,u_trans,v_trans
2012-07-05 06:00:00.000039936,18.004,55.56,13.89,3.47882e-05,4.6296,280.0
2012-07-05 09:00:00.000039936,19.5472,55.56,13.89,3.5035337e-05,5.144,280.0
2012-07-05 12:00:00.000039936,20.576,55.56,13.89,3.5282377e-05,5.6584,280.0
2012-07-05 15:00:00.000039936,23.148,42.596,41.67,3.5282377e-05,6.1728,275.0
2012-07-05 18:00:00.000039936,25.720001,27.78,69.45,3.5529305e-05,6.6872,275.0
2012-07-05 21:00:00.000039936,27.2632,42.596,99.545,3.577612e-05,7.2016,280.0
2012-07-06 00:00:00.000039936,28.292,55.56,129.64,3.6022833e-05,5.6584,280.0
2012-07-06 03:00:00.000039936,28.292,51.856,129.64,3.626943e-05,4.6296,275.0
2012-07-06 06:00:00.000039936,28.292,46.3,129.64,3.626943e-05,4.6296,275.0
2012-07-06 09:00:00.000039936,28.292,46.3,136.58499,3.626943e-05,5.144,270.0
2012-07-06 12:00:00.000039936,28.292,46.3,143.53,3.626943e-05,5.144,270.0
2012-07-06 15:00:00.000039936,29.835201,46.3,143.53,3.626943e-05,5.144,270.0
2012-07-06 18:00:00.000039936,30.864,46.3,143.53,3.626943e-05,5.144,270.0
2012-07-06 21:00:00.000039936,32.4072,42.596,148.15999,3.626943e-05,5.144,270.0
2012-07-07 00:00:00.000039936,33.436,37.04,152.79,3.626943e-05,5.144,275.0
2012-07-07 03:00:00.000039936,34.979202,37.04,155.105,3.626943e-05,5.144,275.0
2012-07-07 06:00:00.000039936,36.008,37.04,157.42,3.651592e-05,5.144,275.0
2012-07-07 09:00:00.000039936,37.5512,37.04,157.42,3.651592e-05,5.6584,275.0
2012-07-07 12:00:00.000039936,38.58,37.04,157.42,3.67623e-05,5.144,275.0
2012-07-07 15:00:00.000039936,40.1232,37.04,157.42,3.67623e-05,5.144,275.0
2012-07-07 18:00:00.000039936,41.152,37.04,157.42,3.700857e-05,5.144,275.0
2012-07-07 21:00:00.000039936,43.724,37.04,159.735,3.700857e-05,5.6584,275.0
2012-07-08 00:00:00.000039936,46.296,37.04,162.05,3.7254722e-05,5.144,275.0
2012-07-08 03:00:00.000039936,48.868,37.04,162.05,3.7254722e-05,5.144,275.0
2012-07-08 06:00:00.000039936,51.440002,37.04,162.04999,3.7500762e-05,6.1728,275.0
2012-07-08 09:00:00.000039936,48.868,33.336,162.04999,3.7746686e-05,7.2016,275.0
2012-07-08 12:00:00.000039936,46.296,27.78,162.04999,3.7746686e-05,6.6872,275.0
2012-07-08 15:00:00.000039936,46.296,27.78,162.04999,3.7746686e-05,6.6872,275.0
2012-07-08 18:00:00.000039936,46.296,27.78,162.04999,3.7992504e-05,6.6872,275.0
2012-07-08 21:00:00.000039936,45.2672,27.78,159.735,3.7992504e-05,6.6872,275.0
2012-07-09 00:00:00.000039936,43.724,27.78,157.42,3.8238195e-05,6.6872,275.0
2012-07-09 03:00:00.000039936,42.6952,27.78,155.105,3.8483773e-05,6.6872,275.0
2012-07-09 06:00:00.000039936,41.152,27.78,152.79,3.8483773e-05,6.6872,270.0
2012-07-09 09:00:00.000039936,40.1232,24.076,150.47499,3.8483773e-05,7.2016,270.0
2012-07-09 12:00:00.000039936,38.58,18.52,148.16,3.8483773e-05,7.2016,270.0
2012-07-09 15:00:00.000039936,37.5512,24.076,143.53,3.8483773e-05,7.716,275.0
2012-07-09 18:00:00.000039936,36.008,27.78,138.9,3.872924e-05,7.716,270.0
2012-07-09 21:00:00.000039936,34.979202,33.336,138.9,3.872924e-05,7.716,270.0
2012-07-10 00:00:00.000039936,33.436,37.04,138.9,3.872924e-05,7.716,270.0
2012-07-10 03:00:00.000039936,32.4072,37.04,138.9,3.872924e-05,7.2016,270.0
2012-07-10 06:00:00.000039936,30.864,37.04,138.9,3.872924e-05,6.6872,265.0
2012-07-10 09:00:00.000039936,29.835201,37.04,129.64,3.8483773e-05,6.6872,265.0
2012-07-10 12:00:00.000039936,28.292,37.04,120.380005,3.8483773e-05,7.2016,265.0
2012-07-10 15:00:00.000039936,27.2632,37.04,120.380005,3.8483773e-05,7.716,270.0
2012-07-10 18:00:00.000039936,25.720001,37.04,120.380005,3.8483773e-05,8.2304,270.0
2012-07-10 21:00:00.000039936,24.6912,37.04,101.86,3.8483773e-05,7.716,275.0
2012-07-11 00:00:00.000039936,23.148,37.04,83.340004,3.872924e-05,7.716,270.0
2012-07-11 03:00:00.000039936,22.1192,37.04,76.395004,3.872924e-05,7.2016,270.0
2012-07-11 06:00:00.000039936,20.576,37.04,69.45,3.872924e-05,7.2016,270.0
2012-07-11 09:00:00.000039936,19.5472,37.04,69.45,3.872924e-05,7.2016,270.0
