Time,Vmax,Rmax_IBT,R34,fcor,u_trans,v_trans
2017-06-25 06:00:00.000039936,18.004,74.08,18.52,3.626943e-05,5.144,295.0
2017-06-25 09:00:00.000039936,19.5472,74.08,37.04,3.67623e-05,5.6584,295.0
2017-06-25 12:00:00.000039936,20.576,74.08,55.56,3.7500762e-05,6.1728,300.0
2017-06-25 15:00:00.000039936,22.1192,74.08,55.56,3.8238195e-05,6.6872,295.0
2017-06-25 18:00:00.000039936,23.148,74.08,55.56,3.897458e-05,6.6872,295.0
2017-06-25 21:00:00.000039936,25.720001,64.82,69.45,3.9709896e-05,6.6872,295.0
2017-06-26 00:00:00.000039936,28.292,55.56,83.34,4.0444127e-05,6.1728,295.0
2017-06-26 03:00:00.000039936,30.864,42.596,87.97,4.1177245e-05,5.6584,300.0
2017-06-26 06:00:00.000039936,33.436,27.78,92.6,4.1665367e-05,5.6584,300.0
2017-06-26 09:00:00.000039936,38.58,27.78,94.915,4.2152973e-05,5.6584,300.0
2017-06-26 12:00:00.000039936,43.724,27.78,97.23,4.288343e-05,5.6584,300.0
2017-06-26 15:00:00.000039936,45.2672,27.78,97.23,4.3369746e-05,5.6584,300.0
2017-06-26 18:00:00.000039936,46.296,27.78,97.23,4.409823e-05,5.6584,300.0
2017-06-26 21:00:00.000039936,45.2672,33.336,94.915,4.458322e-05,5.6584,300.0
2017-06-27 00:00:00.000039936,43.724,37.04,92.6,4.5309676e-05,5.144,300.0
2017-06-27 03:00:00.000039936,41.152,33.336,87.96999,4.6034886e-05,5.144,300.0
2017-06-27 06:00:00.000039936,38.58,27.78,83.34,4.651767e-05,5.144,295.0
2017-06-27 09:00:00.000039936,36.008,27.78,78.71,4.6999867e-05,5.144,295.0
2017-06-27 12:00:00.000039936,33.436,27.78,74.08,4.748151e-05,5.144,290.0
2017-06-27 15:00:00.000039936,30.864,33.336,67.134995,4.796257e-05,5.144,290.0
2017-06-27 18:00:00.000039936,28.292,37.04,60.190002,4.8202877e-05,5.144,285.0
2017-06-27 21:00:00.000039936,25.720001,42.596,60.190002,4.844305e-05,5.144,280.0
2017-06-28 00:00:00.000039936,23.148,46.3,60.190002,4.868306e-05,4.6296,280.0
2017-06-28 03:00:00.000039936,20.576,46.3,43.985,4.892293e-05,4.6296,285.0
