Time,Vmax,Rmax_IBT,R34,fcor,u_trans,v_trans
2002-07-12 06:00:00.000040448,18.004,55.56,27.78,3.577612e-05,5.6584,270.0
2002-07-12 09:00:00.000040448,18.004,55.56,27.78,3.577612e-05,5.144,270.0
2002-07-12 12:00:00.000040448,18.004,55.56,27.78,3.577612e-05,4.1152,265.0
2002-07-12 15:00:00.000040448,19.5472,55.56,50.93,3.5529305e-05,3.0864,260.0
2002-07-12 18:00:00.000040448,20.576,55.56,74.08,3.5529305e-05,2.572,260.0
2002-07-12 21:00:00.000040448,20.576,55.56,74.08,3.5529305e-05,2.572,270.0
2002-07-13 00:00:00.000040448,20.576,55.56,74.08,3.5529305e-05,2.0576,285.0
2002-07-13 03:00:00.000040448,20.576,55.56,74.08,3.577612e-05,2.0576,295.0
2002-07-13 06:00:00.000040448,20.576,55.56,74.08,3.6022833e-05,2.572,300.0
2002-07-13 09:00:00.000040448,22.1192,55.56,74.08,3.626943e-05,3.0864,300.0
2002-07-13 12:00:00.000040448,23.148,55.56,74.08,3.67623e-05,3.0864,305.0
2002-07-13 15:00:00.000040448,23.148,55.56,74.08,3.7254722e-05,3.0864,310.0
2002-07-13 18:00:00.000040448,23.148,55.56,74.08,3.7746686e-05,3.6008,320.0
2002-07-13 21:00:00.000040448,23.148,55.56,74.08,3.8483773e-05,4.1152,330.0
2002-07-14 00:00:00.000040448,23.148,55.56,74.08,3.9464914e-05,3.6008,340.0
2002-07-14 03:00:00.000040448,24.6912,55.56,73.15401,4.0199502e-05,2.572,350.0
2002-07-14 06:00:00.000040448,25.720001,55.56,71.765,4.0688625e-05,2.0576,345.0
2002-07-14 09:00:00.000040448,27.2632,55.56,83.34,4.1177245e-05,2.0576,335.0
2002-07-14 12:00:00.000040448,28.292,55.56,94.915,4.1665367e-05,2.572,340.0
2002-07-14 15:00:00.000040448,27.2632,55.56,94.915,4.2152973e-05,2.572,350.0
2002-07-14 18:00:00.000040448,25.720001,55.56,94.915,4.288343e-05,2.572,355.0
2002-07-14 21:00:00.000040448,24.6912,51.856,111.583,4.3369746e-05,2.0576,345.0
2002-07-15 00:00:00.000040448,23.148,46.3,127.325,4.385554e-05,2.572,325.0
2002-07-15 03:00:00.000040448,20.576,70.376,127.325,4.4340795e-05,3.0864,310.0
