Time,Vmax,Rmax_IBT,R34,fcor,u_trans,v_trans
2016-07-08 12:00:00.000039936,18.004,55.56,27.78,3.1814445e-05,3.0864,300.0
2016-07-08 15:00:00.000039936,19.5472,55.56,27.78,3.231108e-05,3.6008,305.0
2016-07-08 18:00:00.000039936,20.576,55.56,27.78,3.280731e-05,4.6296,305.0
2016-07-08 21:00:00.000039936,20.576,55.56,32.41,3.3550914e-05,5.6584,305.0
2016-07-09 00:00:00.000039936,20.576,55.56,37.04,3.4293596e-05,6.1728,295.0
2016-07-09 03:00:00.000039936,20.576,55.56,48.614998,3.47882e-05,6.6872,290.0
2016-07-09 06:00:00.000039936,20.576,55.56,60.190002,3.5282377e-05,7.2016,285.0
2016-07-09 09:00:00.000039936,22.1192,42.596,71.765,3.577612e-05,6.6872,285.0
2016-07-09 12:00:00.000039936,23.148,27.78,83.34,3.6022833e-05,5.6584,280.0
2016-07-09 15:00:00.000039936,23.148,27.78,87.97,3.626943e-05,5.144,275.0
2016-07-09 18:00:00.000039936,23.148,27.78,92.600006,3.626943e-05,4.6296,275.0
2016-07-09 21:00:00.000039936,24.6912,27.78,97.229996,3.626943e-05,5.144,275.0
2016-07-10 00:00:00.000039936,25.720001,27.78,101.86,3.651592e-05,5.144,280.0
2016-07-10 03:00:00.000039936,25.720001,42.596,101.86,3.67623e-05,5.6584,280.0
2016-07-10 06:00:00.000039936,25.720001,55.56,101.86,3.700857e-05,5.6584,280.0
2016-07-10 09:00:00.000039936,28.292,55.56,127.325005,3.7254722e-05,5.6584,275.0
2016-07-10 12:00:00.000039936,30.864,55.56,152.79001,3.7254722e-05,5.6584,270.0
2016-07-10 15:00:00.000039936,32.4072,42.596,168.995,3.7254722e-05,5.6584,270.0
2016-07-10 18:00:00.000039936,33.436,27.78,185.19998,3.7254722e-05,5.6584,275.0
2016-07-10 21:00:00.000039936,34.979202,27.78,187.51498,3.7254722e-05,5.6584,275.0
2016-07-11 00:00:00.000039936,36.008,27.78,189.82999,3.7500762e-05,5.6584,275.0
2016-07-11 03:00:00.000039936,37.5512,27.78,189.82999,3.7500762e-05,5.6584,270.0
2016-07-11 06:00:00.000039936,38.58,27.78,189.82999,3.7500762e-05,5.6584,270.0
2016-07-11 09:00:00.000039936,40.1232,27.78,189.82999,3.7500762e-05,5.6584,275.0
2016-07-11 12:00:00.000039936,41.152,27.78,189.82999,3.7746686e-05,4.6296,275.0
2016-07-11 15:00:00.000039936,42.6952,27.78,192.14499,3.7746686e-05,4.1152,275.0
2016-07-11 18:00:00.000039936,43.724,27.78,194.45999,3.7992504e-05,4.1152,280.0
2016-07-11 21:00:00.000039936,43.724,27.78,194.45999,3.8238195e-05,4.1152,285.0
2016-07-12 00:00:00.000039936,43.724,27.78,194.45999,3.8483773e-05,4.6296,295.0
2016-07-12 03:00:00.000039936,43.724,33.336,194.45999,3.897458e-05,4.6296,305.0
2016-07-12 06:00:00.000039936,43.724,37.04,194.45999,3.9709896e-05,4.6296,310.0
2016-07-12 09:00:00.000039936,42.6952,37.04,194.45999,4.0444127e-05,4.6296,310.0
2016-07-12 12:00:00.000039936,41.152,37.04,194.45999,4.1177245e-05,5.144,310.0
2016-07-12 15:00:00.000039936,38.58,37.04,194.45999,4.1909232e-05,5.6584,305.0
2016-07-12 18:00:00.000039936,36.008,37.04,194.45999,4.2640077e-05,5.6584,305.0
2016-07-12 21:00:00.000039936,34.979202,37.04,194.45999,4.3369746e-05,5.6584,305.0
2016-07-13 00:00:00.000039936,33.436,37.04,194.45999,4.409823e-05,5.6584,305.0
2016-07-13 03:00:00.000039936,32.4072,37.04,194.45999,4.4825505e-05,5.6584,300.0
2016-07-13 06:00:00.000039936,30.864,37.04,194.45999,4.5551555e-05,5.6584,300.0
2016-07-13 09:00:00.000039936,29.835201,37.04,192.145,4.627635e-05,5.6584,300.0
2016-07-13 12:00:00.000039936,28.292,37.04,189.83,4.675884e-05,6.1728,295.0
2016-07-13 15:00:00.000039936,27.2632,37.04,185.2,4.748151e-05,6.1728,295.0
2016-07-13 18:00:00.000039936,25.720001,37.04,180.56999,4.796257e-05,6.1728,295.0
2016-07-13 21:00:00.000039936,24.6912,37.04,180.56999,4.868306e-05,6.1728,295.0
2016-07-14 00:00:00.000039936,23.148,37.04,180.56999,4.916265e-05,5.6584,295.0
2016-07-14 03:00:00.000039936,23.148,37.04,178.255,4.9641636e-05,5.144,295.0
2016-07-14 06:00:00.000039936,23.148,37.04,175.94002,5.012002e-05,5.6584,295.0
2016-07-14 09:00:00.000039936,23.148,37.04,180.56999,5.059779e-05,5.6584,295.0
2016-07-14 12:00:00.000039936,23.148,37.04,185.2,5.131329e-05,5.6584,295.0
2016-07-14 15:00:00.000039936,23.148,42.596,189.82999,5.178951e-05,5.6584,300.0
2016-07-14 18:00:00.000039936,23.148,46.3,194.45999,5.250265e-05,6.1728,295.0
2016-07-14 21:00:00.000039936,23.148,64.82,185.2,5.321436e-05,6.1728,295.0
2016-07-15 00:00:00.000039936,23.148,83.34,175.94,5.3688025e-05,6.1728,290.0
2016-07-15 03:00:00.000039936,22.1192,83.34,166.68001,5.4161024e-05,5.6584,285.0
2016-07-15 06:00:00.000039936,20.576,83.34,157.42,5.439729e-05,5.6584,285.0
2016-07-15 09:00:00.000039936,19.5472,79.636,143.53,5.4633376e-05,5.6584,280.0
2016-07-15 12:00:00.000039936,18.004,74.08,129.64,5.4869302e-05,5.6584,275.0
2016-07-15 15:00:00.000039936,18.004,83.34,111.119995,5.510506e-05,5.6584,275.0
2016-07-15 18:00:00.000039936,18.004,92.6,92.6,5.510506e-05,5.6584,275.0
2016-07-15 21:00:00.000039936,18.004,92.6,92.6,5.510506e-05,5.6584,275.0
2016-07-16 00:00:00.000039936,18.004,92.6,92.6,5.5340646e-05,6.1728,275.0
2016-07-16 03:00:00.000039936,18.004,101.86,92.6,5.5340646e-05,6.1728,275.0
2016-07-16 06:00:00.000039936,18.004,111.12,92.6,5.5576067e-05,6.1728,275.0
2016-07-16 09:00:00.000039936,18.004,111.12,92.6,5.5576067e-05,6.1728,275.0
2016-07-16 12:00:00.000039936,18.004,111.12,92.6,5.581132e-05,6.1728,275.0
2016-07-16 15:00:00.000039936,18.004,129.64,92.6,5.6046403e-05,5.6584,280.0
2016-07-16 18:00:00.000039936,18.004,148.16,92.6,5.6281307e-05,5.6584,285.0
2016-07-16 21:00:00.000039936,18.004,148.16,92.6,5.6516048e-05,5.6584,285.0
2016-07-17 00:00:00.000039936,18.004,148.16,92.6,5.698501e-05,5.144,290.0
2016-07-17 03:00:00.000039936,19.5472,148.16,92.6,5.721923e-05,5.144,290.0
2016-07-17 06:00:00.000039936,20.576,148.16,92.6,5.768715e-05,4.6296,290.0
2016-07-17 09:00:00.000039936,20.576,148.16,99.545,5.8154368e-05,4.6296,290.0
2016-07-17 12:00:00.000039936,20.576,148.16,106.490005,5.83877e-05,4.1152,285.0
2016-07-17 15:00:00.000039936,20.576,148.16,111.119995,5.862087e-05,4.1152,275.0
2016-07-17 18:00:00.000039936,20.576,148.16,115.75,5.862087e-05,4.6296,270.0
2016-07-17 21:00:00.000039936,20.576,148.16,120.380005,5.862087e-05,5.144,270.0
2016-07-18 00:00:00.000039936,20.576,148.16,125.009995,5.862087e-05,5.6584,270.0
2016-07-18 03:00:00.000039936,20.576,148.16,129.64,5.862087e-05,5.6584,270.0
2016-07-18 06:00:00.000039936,20.576,148.16,134.26999,5.862087e-05,5.6584,270.0
2016-07-18 09:00:00.000039936,20.576,148.16,134.26999,5.862087e-05,6.1728,270.0
2016-07-18 12:00:00.000039936,20.576,148.16,134.26999,5.862087e-05,6.6872,270.0
2016-07-18 15:00:00.000039936,20.576,148.16,134.26999,5.862087e-05,7.2016,270.0
2016-07-18 18:00:00.000039936,20.576,148.16,134.26999,5.862087e-05,6.6872,275.0
2016-07-18 21:00:00.000039936,20.576,148.16,131.955,5.862087e-05,6.1728,275.0
2016-07-19 00:00:00.000039936,20.576,148.16,129.64,5.8853857e-05,6.1728,270.0
2016-07-19 03:00:00.000039936,19.5472,148.16,125.01,5.8853857e-05,6.1728,270.0
2016-07-19 06:00:00.000039936,18.004,148.16,120.380005,5.8853857e-05,6.1728,270.0
2016-07-19 09:00:00.000039936,18.004,148.16,118.065,5.8853857e-05,6.1728,275.0
2016-07-19 12:00:00.000039936,18.004,148.16,115.75,5.9086666e-05,6.1728,280.0
2016-07-19 15:00:00.000039936,18.004,148.16,113.435,5.9319285e-05,6.1728,280.0
2016-07-19 18:00:00.000039936,18.004,148.16,111.119995,5.9551734e-05,5.6584,280.0
2016-07-19 21:00:00.000039936,18.004,148.16,111.119995,5.9784e-05,5.6584,275.0
2016-07-20 00:00:00.000039936,18.004,148.16,111.119995,5.9784e-05,6.1728,275.0
2016-07-20 03:00:00.000039936,18.004,148.16,111.119995,5.9784e-05,6.6872,275.0
2016-07-20 06:00:00.000039936,18.004,148.16,111.119995,6.0016075e-05,6.6872,275.0
2016-07-20 09:00:00.000039936,18.004,129.64,101.86,6.0247978e-05,7.2016,275.0
2016-07-20 12:00:00.000039936,18.004,111.12,92.600006,6.0247978e-05,7.2016,270.0
2016-07-20 15:00:00.000039936,18.004,101.86,78.71,6.0247978e-05,7.716,270.0
2016-07-20 18:00:00.000039936,18.004,92.6,64.82,6.0247978e-05,7.716,270.0
2016-07-20 21:00:00.000039936,18.004,83.34,50.93,6.0247978e-05,7.716,275.0
2016-07-21 00:00:00.000039936,18.004,74.08,37.04,6.0479695e-05,7.716,280.0
2016-07-21 03:00:00.000039936,18.004,64.82,30.095,6.0711227e-05,7.716,280.0
