Time,Vmax,Rmax_IBT,R34,fcor,u_trans,v_trans
2010-06-19 12:00:00.000039936,18.004,37.04,37.04,3.231108e-05,2.572,240.0
2010-06-19 15:00:00.000039936,19.5472,37.04,37.04,3.206281e-05,3.0864,240.0
2010-06-19 18:00:00.000039936,20.576,37.04,37.04,3.156599e-05,3.0864,240.0
2010-06-19 21:00:00.000039936,23.148,27.78,59.727,3.1068776e-05,3.6008,245.0
2010-06-20 00:00:00.000039936,25.720001,18.52,81.024994,3.0820032e-05,3.6008,250.0
2010-06-20 03:00:00.000039936,27.2632,18.52,85.19199,3.0571195e-05,3.6008,255.0
2010-06-20 06:00:00.000039936,28.292,18.52,87.96999,3.0322259e-05,3.6008,255.0
2010-06-20 09:00:00.000039936,29.835201,18.52,91.673996,3.0073232e-05,3.0864,250.0
2010-06-20 12:00:00.000039936,30.864,18.52,94.915,2.9824112e-05,3.0864,250.0
2010-06-20 15:00:00.000039936,32.4072,18.52,101.397,2.9574905e-05,3.0864,250.0
2010-06-20 18:00:00.000039936,33.436,18.52,106.490005,2.9325609e-05,3.0864,255.0
2010-06-20 21:00:00.000039936,33.436,18.52,106.490005,2.9076216e-05,3.0864,260.0
2010-06-21 00:00:00.000039936,33.436,18.52,106.490005,2.9076216e-05,3.0864,265.0
2010-06-21 03:00:00.000039936,33.436,18.52,107.879,2.9076216e-05,3.6008,270.0
2010-06-21 06:00:00.000039936,33.436,18.52,108.805,2.9076216e-05,3.6008,270.0
2010-06-21 09:00:00.000039936,34.979202,18.52,110.194,2.9076216e-05,3.6008,270.0
2010-06-21 12:00:00.000039936,36.008,18.52,111.12,2.9076216e-05,3.6008,275.0
2010-06-21 15:00:00.000039936,37.5512,18.52,119.45401,2.9076216e-05,4.1152,275.0
2010-06-21 18:00:00.000039936,38.58,18.52,127.325,2.9325609e-05,4.1152,275.0
2010-06-21 21:00:00.000039936,40.1232,18.52,133.807,2.9325609e-05,4.1152,270.0
2010-06-22 00:00:00.000039936,41.152,18.52,138.9,2.9325609e-05,4.1152,270.0
2010-06-22 03:00:00.000039936,42.6952,18.52,138.9,2.9325609e-05,4.1152,270.0
2010-06-22 06:00:00.000039936,43.724,18.52,138.9,2.9325609e-05,4.1152,270.0
2010-06-22 09:00:00.000039936,43.724,18.52,138.9,2.9325609e-05,4.1152,270.0
2010-06-22 12:00:00.000039936,43.724,18.52,138.9,2.9325609e-05,4.1152,275.0
2010-06-22 15:00:00.000039936,43.724,18.52,141.215,2.9325609e-05,4.1152,275.0
2010-06-22 18:00:00.000039936,43.724,18.52,143.53,2.9574905e-05,4.1152,275.0
2010-06-22 21:00:00.000039936,42.6952,18.52,143.53,2.9574905e-05,4.1152,270.0
2010-06-23 00:00:00.000039936,41.152,18.52,143.53,2.9574905e-05,4.1152,270.0
2010-06-23 03:00:00.000039936,40.1232,18.52,143.53,2.9574905e-05,4.6296,275.0
2010-06-23 06:00:00.000039936,38.58,18.52,143.53,2.9824112e-05,4.6296,280.0
2010-06-23 09:00:00.000039936,41.152,18.52,151.864,3.0073232e-05,5.144,280.0
2010-06-23 12:00:00.000039936,43.724,18.52,159.73499,3.0322259e-05,5.144,280.0
2010-06-23 15:00:00.000039936,46.296,18.52,168.995,3.0571195e-05,5.6584,275.0
2010-06-23 18:00:00.000039936,48.868,18.52,178.255,3.0571195e-05,5.6584,275.0
2010-06-23 21:00:00.000039936,47.8392,18.52,178.255,3.0571195e-05,6.1728,275.0
2010-06-24 00:00:00.000039936,46.296,18.52,178.255,3.0820032e-05,5.6584,275.0
2010-06-24 03:00:00.000039936,46.296,18.52,178.255,3.1068776e-05,5.6584,275.0
2010-06-24 06:00:00.000039936,46.296,18.52,178.255,3.1068776e-05,5.6584,270.0
2010-06-24 09:00:00.000039936,48.868,18.52,179.644,3.1068776e-05,6.1728,270.0
2010-06-24 12:00:00.000039936,51.440002,18.52,180.56999,3.1068776e-05,5.6584,275.0
2010-06-24 15:00:00.000039936,55.5552,18.52,175.01399,3.131743e-05,5.144,280.0
2010-06-24 18:00:00.000039936,59.156002,18.52,168.995,3.156599e-05,5.6584,290.0
2010-06-24 21:00:00.000039936,65.8432,24.076,178.25499,3.206281e-05,5.6584,290.0
2010-06-25 00:00:00.000039936,72.016,27.78,187.515,3.2559245e-05,5.6584,290.0
2010-06-25 03:00:00.000039936,72.016,27.78,187.515,3.280731e-05,5.6584,285.0
2010-06-25 06:00:00.000039936,72.016,27.78,187.515,3.330315e-05,5.6584,290.0
2010-06-25 09:00:00.000039936,68.4152,27.78,187.515,3.3798577e-05,5.6584,290.0
2010-06-25 12:00:00.000039936,64.3,27.78,187.515,3.4293596e-05,5.6584,290.0
2010-06-25 15:00:00.000039936,60.6992,27.78,182.885,3.47882e-05,5.144,295.0
2010-06-25 18:00:00.000039936,56.584,27.78,178.25499,3.5282377e-05,5.144,300.0
2010-06-25 21:00:00.000039936,54.012,27.78,178.25499,3.6022833e-05,5.6584,305.0
2010-06-26 00:00:00.000039936,51.440002,27.78,178.25499,3.67623e-05,5.6584,305.0
2010-06-26 03:00:00.000039936,48.868,27.78,172.69899,3.7500762e-05,5.144,300.0
2010-06-26 06:00:00.000039936,46.296,27.78,166.68,3.7992504e-05,4.6296,295.0
2010-06-26 09:00:00.000039936,45.2672,27.78,162.05002,3.8483773e-05,4.1152,290.0
2010-06-26 12:00:00.000039936,43.724,27.78,157.42001,3.872924e-05,4.1152,290.0
2010-06-26 15:00:00.000039936,40.1232,27.78,150.012,3.897458e-05,3.6008,285.0
2010-06-26 18:00:00.000039936,36.008,27.78,141.215,3.9219805e-05,3.6008,280.0
2010-06-26 21:00:00.000039936,32.4072,27.78,130.103,3.9464914e-05,3.6008,280.0
2010-06-27 00:00:00.000039936,28.292,27.78,118.064995,3.9464914e-05,3.0864,280.0
2010-06-27 03:00:00.000039936,27.2632,27.78,106.02701,3.9709896e-05,3.0864,280.0
2010-06-27 06:00:00.000039936,25.720001,27.78,92.6,3.9709896e-05,2.572,280.0
2010-06-27 09:00:00.000039936,24.6912,27.78,88.433,3.9709896e-05,2.0576,270.0
2010-06-27 12:00:00.000039936,23.148,27.78,83.34,3.9709896e-05,2.0576,255.0
2010-06-27 15:00:00.000039936,22.1192,27.78,75.932,3.9464914e-05,2.0576,245.0
2010-06-27 18:00:00.000039936,20.576,27.78,67.135,3.9219805e-05,2.0576,235.0
2010-06-27 21:00:00.000039936,19.5472,27.78,65.283005,3.897458e-05,1.5432,225.0
2010-06-28 00:00:00.000039936,18.004,27.78,62.505005,3.872924e-05,1.0288,205.0
2010-06-28 03:00:00.000039936,18.004,42.596,56.948997,3.8483773e-05,0.5144,0.0
2010-06-28 06:00:00.000039936,18.004,55.56,50.93,3.8483773e-05,0.5144,0.0
2010-06-28 09:00:00.000039936,18.004,55.56,47.226,3.8238195e-05,0.5144,0.0
