Time,Vmax,Rmax_IBT,R34,fcor,u_trans,v_trans
2018-06-15 18:00:00.000039936,18.004,92.6,23.15,3.9709896e-05,1.5432,55.0
2018-06-15 21:00:00.000039936,18.004,92.6,23.15,3.995476e-05,1.0288,65.0
2018-06-16 00:00:00.000039936,18.004,92.6,23.15,3.995476e-05,1.0288,75.0
2018-06-16 03:00:00.000039936,20.576,83.34,25.465,3.995476e-05,0.5144,90.0
2018-06-16 06:00:00.000039936,23.148,74.08,27.78,3.995476e-05,0.5144,100.0
2018-06-16 09:00:00.000039936,23.148,64.82,37.04,3.995476e-05,0.5144,90.0
2018-06-16 12:00:00.000039936,23.148,55.56,46.3,3.995476e-05,0.5144,65.0
2018-06-16 15:00:00.000039936,23.148,55.56,46.3,3.995476e-05,0.5144,0.0
2018-06-16 18:00:00.000039936,23.148,55.56,46.3,4.0199502e-05,1.5432,340.0
2018-06-16 21:00:00.000039936,25.720001,46.3,64.82,4.0688625e-05,2.572,325.0
2018-06-17 00:00:00.000039936,28.292,37.04,83.34,4.1177245e-05,3.6008,300.0
2018-06-17 03:00:00.000039936,25.720001,37.04,60.190002,4.142137e-05,4.6296,285.0
2018-06-17 06:00:00.000039936,23.148,37.04,37.04,4.1665367e-05,4.1152,285.0
2018-06-17 09:00:00.000039936,20.576,37.04,37.04,4.1909232e-05,3.0864,290.0
