Time,Vmax,Rmax_IBT,R34,fcor,u_trans,v_trans
2013-06-30 06:00:00.000039936,18.004,37.04,27.78,3.577612e-05,4.6296,360.0
2013-06-30 09:00:00.000039936,18.004,37.04,34.725002,3.700857e-05,4.6296,355.0
2013-06-30 12:00:00.000039936,18.004,37.04,41.670002,3.7992504e-05,4.6296,345.0
2013-06-30 15:00:00.000039936,18.004,37.04,41.670002,3.897458e-05,4.6296,335.0
2013-06-30 18:00:00.000039936,18.004,37.04,41.670002,3.995476e-05,4.6296,325.0
2013-06-30 21:00:00.000039936,19.5472,37.04,43.985,4.0688625e-05,4.1152,315.0
2013-07-01 00:00:00.000039936,20.576,37.04,46.3,4.142137e-05,4.1152,310.0
2013-07-01 03:00:00.000039936,22.1192,37.04,46.3,4.2152973e-05,4.1152,305.0
2013-07-01 06:00:00.000039936,23.148,37.04,46.3,4.2640077e-05,4.6296,305.0
2013-07-01 09:00:00.000039936,24.6912,33.336,57.875,4.3369746e-05,4.1152,305.0
2013-07-01 12:00:00.000039936,25.720001,27.78,69.45,4.385554e-05,4.1152,295.0
2013-07-01 15:00:00.000039936,27.2632,27.78,81.024994,4.409823e-05,3.6008,285.0
2013-07-01 18:00:00.000039936,28.292,27.78,92.6,4.4340795e-05,2.572,290.0
2013-07-01 21:00:00.000039936,28.292,27.78,99.545,4.458322e-05,1.5432,305.0
2013-07-02 00:00:00.000039936,28.292,27.78,106.49,4.4825505e-05,1.5432,315.0
2013-07-02 03:00:00.000039936,28.292,33.336,106.49,4.506766e-05,1.5432,315.0
2013-07-02 06:00:00.000039936,28.292,37.04,106.49,4.5309676e-05,1.0288,315.0
2013-07-02 09:00:00.000039936,30.864,37.04,106.49,4.5309676e-05,0.5144,315.0
2013-07-02 12:00:00.000039936,33.436,37.04,106.49,4.5551555e-05,1.0288,320.0
2013-07-02 15:00:00.000039936,34.979202,37.04,106.49,4.5793287e-05,1.5432,315.0
2013-07-02 18:00:00.000039936,36.008,37.04,106.49,4.6034886e-05,1.0288,290.0
2013-07-02 21:00:00.000039936,36.008,37.04,106.49,4.6034886e-05,1.0288,240.0
2013-07-03 00:00:00.000039936,36.008,37.04,106.49,4.5793287e-05,1.5432,230.0
2013-07-03 03:00:00.000039936,34.979202,37.04,106.49,4.5551555e-05,1.5432,225.0
2013-07-03 06:00:00.000039936,33.436,37.04,106.49,4.5309676e-05,1.5432,215.0
2013-07-03 09:00:00.000039936,33.436,37.04,108.805,4.4825505e-05,2.0576,210.0
2013-07-03 12:00:00.000039936,33.436,37.04,111.12,4.458322e-05,1.5432,220.0
2013-07-03 15:00:00.000039936,32.4072,37.04,101.86,4.4340795e-05,1.5432,235.0
2013-07-03 18:00:00.000039936,30.864,37.04,92.6,4.409823e-05,2.0576,250.0
2013-07-03 21:00:00.000039936,28.292,37.04,92.6,4.385554e-05,2.572,260.0
2013-07-04 00:00:00.000039936,25.720001,37.04,92.6,4.385554e-05,2.572,265.0
2013-07-04 03:00:00.000039936,25.720001,37.04,92.6,4.385554e-05,2.572,270.0
2013-07-04 06:00:00.000039936,25.720001,37.04,92.6,4.385554e-05,2.572,265.0
2013-07-04 09:00:00.000039936,23.148,37.04,87.97,4.385554e-05,3.0864,260.0
2013-07-04 12:00:00.000039936,20.576,37.04,83.34,4.3612705e-05,3.0864,260.0
2013-07-04 15:00:00.000039936,19.5472,37.04,74.08,4.3369746e-05,3.0864,260.0
