Time,Vmax,Rmax_IBT,R34,fcor,u_trans,v_trans
2011-07-18 12:00:00.000039936,18.004,64.82,37.04,2.6327272e-05,5.6584,275.0
2011-07-18 15:00:00.000039936,20.576,61.116,46.3,2.6577594e-05,6.1728,280.0
2011-07-18 18:00:00.000039936,23.148,55.56,55.56,2.6827835e-05,6.6872,280.0
2011-07-18 21:00:00.000039936,24.6912,51.856,85.655,2.707799e-05,7.2016,280.0
2011-07-19 00:00:00.000039936,25.720001,46.3,115.75,2.7578055e-05,7.2016,285.0
2011-07-19 03:00:00.000039936,27.2632,46.3,141.215,2.807779e-05,7.2016,285.0
2011-07-19 06:00:00.000039936,28.292,46.3,166.68,2.857718e-05,7.2016,290.0
2011-07-19 09:00:00.000039936,29.835201,46.3,166.68,2.9076216e-05,7.716,290.0
2011-07-19 12:00:00.000039936,30.864,46.3,166.68,2.9824112e-05,7.716,290.0
2011-07-19 15:00:00.000039936,32.4072,46.3,166.68,3.0571195e-05,7.716,295.0
2011-07-19 18:00:00.000039936,33.436,46.3,166.68,3.131743e-05,8.2304,295.0
2011-07-19 21:00:00.000039936,34.979202,51.856,166.68,3.206281e-05,8.2304,295.0
2011-07-20 00:00:00.000039936,36.008,55.56,166.68,3.305528e-05,8.2304,295.0
2011-07-20 03:00:00.000039936,38.58,55.56,171.31,3.3798577e-05,8.2304,295.0
2011-07-20 06:00:00.000039936,41.152,55.56,175.94,3.47882e-05,8.2304,295.0
2011-07-20 09:00:00.000039936,43.724,55.56,178.255,3.577612e-05,7.716,295.0
2011-07-20 12:00:00.000039936,46.296,55.56,180.57,3.651592e-05,7.716,295.0
2011-07-20 15:00:00.000039936,50.4112,46.3,182.88501,3.7254722e-05,7.2016,295.0
2011-07-20 18:00:00.000039936,54.012,37.04,185.20001,3.7992504e-05,6.6872,295.0
2011-07-20 21:00:00.000039936,56.584,42.596,192.145,3.872924e-05,6.1728,300.0
2011-07-21 00:00:00.000039936,59.156002,46.3,199.09001,3.9464914e-05,6.1728,300.0
2011-07-21 03:00:00.000039936,61.728,46.3,199.09001,4.0199502e-05,5.6584,300.0
2011-07-21 06:00:00.000039936,64.3,46.3,199.09001,4.093299e-05,5.6584,305.0
2011-07-21 09:00:00.000039936,66.872,37.04,199.09001,4.1665367e-05,5.144,310.0
2011-07-21 12:00:00.000039936,69.444,27.78,199.09001,4.239659e-05,4.1152,310.0
2011-07-21 15:00:00.000039936,68.4152,27.78,199.09001,4.288343e-05,4.1152,310.0
2011-07-21 18:00:00.000039936,66.872,27.78,199.09001,4.3612705e-05,4.1152,310.0
2011-07-21 21:00:00.000039936,63.271202,27.78,194.46,4.4340795e-05,4.6296,310.0
2011-07-22 00:00:00.000039936,59.156002,27.78,189.83,4.506766e-05,4.6296,310.0
2011-07-22 03:00:00.000039936,54.012,33.336,166.68,4.5793287e-05,4.6296,310.0
2011-07-22 06:00:00.000039936,48.868,37.04,143.53,4.651767e-05,4.1152,310.0
2011-07-22 09:00:00.000039936,43.724,37.04,143.53,4.7240763e-05,4.1152,310.0
2011-07-22 12:00:00.000039936,38.58,37.04,143.53,4.7722115e-05,3.6008,310.0
2011-07-22 15:00:00.000039936,34.979202,37.04,143.53,4.8202877e-05,4.1152,310.0
2011-07-22 18:00:00.000039936,30.864,37.04,143.53,4.892293e-05,4.1152,310.0
2011-07-22 21:00:00.000039936,29.835201,37.04,143.53,4.9641636e-05,4.1152,310.0
2011-07-23 00:00:00.000039936,28.292,37.04,143.53,5.012002e-05,4.1152,305.0
2011-07-23 03:00:00.000039936,27.2632,37.04,138.9,5.059779e-05,4.1152,300.0
2011-07-23 06:00:00.000039936,25.720001,37.04,134.27,5.1074945e-05,4.1152,300.0
2011-07-23 09:00:00.000039936,24.6912,46.3,134.27,5.155148e-05,4.1152,300.0
2011-07-23 12:00:00.000039936,23.148,55.56,134.27,5.2027382e-05,4.1152,305.0
2011-07-23 15:00:00.000039936,23.148,55.56,122.69499,5.250265e-05,4.1152,305.0
2011-07-23 18:00:00.000039936,23.148,55.56,111.12,5.321436e-05,4.1152,310.0
2011-07-23 21:00:00.000039936,22.1192,55.56,94.915,5.3688025e-05,4.1152,310.0
2011-07-24 00:00:00.000039936,20.576,55.56,78.71001,5.439729e-05,3.6008,315.0
2011-07-24 03:00:00.000039936,19.5472,55.56,71.765,5.4869302e-05,3.6008,315.0
