Time,Vmax,Rmax_IBT,R34,fcor,u_trans,v_trans
2009-07-10 18:00:00.000039936,18.004,46.3,41.67,2.5826394e-05,5.6584,275.0
2009-07-10 21:00:00.000039936,20.576,46.3,55.559998,2.6076874e-05,5.6584,275.0
2009-07-11 00:00:00.000039936,23.148,46.3,69.45,2.6076874e-05,5.144,270.0
2009-07-11 03:00:00.000039936,24.6912,42.596,76.858,2.6076874e-05,5.144,270.0
2009-07-11 06:00:00.000039936,25.720001,37.04,83.34,2.6076874e-05,4.6296,275.0
2009-07-11 09:00:00.000039936,28.292,37.04,83.34,2.6076874e-05,4.6296,275.0
2009-07-11 12:00:00.000039936,30.864,37.04,83.34,2.6327272e-05,4.6296,280.0
2009-07-11 15:00:00.000039936,32.4072,37.04,96.767,2.6577594e-05,4.6296,275.0
2009-07-11 18:00:00.000039936,33.436,37.04,108.80499,2.6577594e-05,5.144,275.0
2009-07-11 21:00:00.000039936,36.008,37.04,111.58299,2.6577594e-05,5.6584,270.0
2009-07-12 00:00:00.000039936,38.58,37.04,113.435,2.6577594e-05,5.6584,270.0
2009-07-12 03:00:00.000039936,38.58,37.04,113.435,2.6577594e-05,5.144,270.0
2009-07-12 06:00:00.000039936,38.58,37.04,113.435,2.6577594e-05,5.144,265.0
2009-07-12 09:00:00.000039936,38.58,37.04,112.508995,2.6327272e-05,5.144,265.0
2009-07-12 12:00:00.000039936,38.58,37.04,111.119995,2.6327272e-05,5.144,265.0
2009-07-12 15:00:00.000039936,36.008,33.336,107.879,2.6327272e-05,5.144,270.0
2009-07-12 18:00:00.000039936,33.436,27.78,104.175,2.6327272e-05,5.144,265.0
2009-07-12 21:00:00.000039936,29.835201,27.78,93.989,2.6076874e-05,5.144,260.0
2009-07-13 00:00:00.000039936,25.720001,27.78,83.34,2.5826394e-05,5.6584,260.0
2009-07-13 03:00:00.000039936,24.6912,27.78,83.34,2.5575835e-05,5.6584,260.0
2009-07-13 06:00:00.000039936,23.148,27.78,83.34,2.53252e-05,5.6584,260.0
2009-07-13 09:00:00.000039936,23.148,27.78,83.34,2.5074483e-05,5.6584,260.0
2009-07-13 12:00:00.000039936,23.148,27.78,83.34,2.4823696e-05,5.6584,260.0
2009-07-13 15:00:00.000039936,25.720001,27.78,69.45,2.4572832e-05,5.144,260.0
2009-07-13 18:00:00.000039936,28.292,27.78,55.56,2.432189e-05,4.1152,265.0
2009-07-13 21:00:00.000039936,28.292,27.78,55.56,2.432189e-05,3.0864,270.0
2009-07-14 00:00:00.000039936,28.292,27.78,55.56,2.432189e-05,3.0864,275.0
2009-07-14 03:00:00.000039936,28.292,27.78,55.56,2.432189e-05,3.0864,280.0
2009-07-14 06:00:00.000039936,28.292,27.78,55.56,2.4572832e-05,3.0864,285.0
2009-07-14 09:00:00.000039936,33.436,24.076,57.875,2.4823696e-05,3.0864,290.0
2009-07-14 12:00:00.000039936,38.58,18.52,60.19,2.5074483e-05,3.0864,285.0
2009-07-14 15:00:00.000039936,40.1232,18.52,62.504997,2.53252e-05,2.572,280.0
2009-07-14 18:00:00.000039936,41.152,18.52,64.82,2.53252e-05,2.572,280.0
2009-07-14 21:00:00.000039936,43.724,18.52,64.82,2.5575835e-05,2.0576,280.0
2009-07-15 00:00:00.000039936,46.296,18.52,64.82,2.5575835e-05,2.0576,275.0
2009-07-15 03:00:00.000039936,46.296,18.52,67.598,2.5575835e-05,2.572,275.0
2009-07-15 06:00:00.000039936,46.296,18.52,69.45,2.5575835e-05,2.572,270.0
2009-07-15 09:00:00.000039936,42.6952,18.52,69.45,2.5575835e-05,3.0864,270.0
2009-07-15 12:00:00.000039936,38.58,18.52,69.45,2.5575835e-05,4.1152,270.0
2009-07-15 15:00:00.000039936,33.436,18.52,59.726997,2.5826394e-05,5.144,275.0
2009-07-15 18:00:00.000039936,28.292,18.52,48.615,2.5826394e-05,5.144,275.0
2009-07-15 21:00:00.000039936,25.720001,18.52,45.837,2.5826394e-05,5.6584,270.0
2009-07-16 00:00:00.000039936,23.148,18.52,41.67,2.5826394e-05,6.1728,265.0
