Time,Vmax,Rmax_IBT,R34,fcor,u_trans,v_trans
2017-07-07 18:00:00.000039936,18.004,111.12,46.300003,2.9325609e-05,4.1152,305.0
2017-07-07 21:00:00.000039936,18.004,98.156,46.300003,2.9824112e-05,3.6008,315.0
2017-07-08 00:00:00.000039936,18.004,83.34,46.300003,3.0571195e-05,4.1152,320.0
2017-07-08 03:00:00.000039936,19.5472,70.376,57.875004,3.131743e-05,4.1152,315.0
2017-07-08 06:00:00.000039936,20.576,55.56,69.450005,3.206281e-05,4.1152,315.0
2017-07-08 09:00:00.000039936,23.148,46.3,83.34,3.280731e-05,4.1152,310.0
2017-07-08 12:00:00.000039936,25.720001,37.04,97.23,3.330315e-05,3.6008,310.0
2017-07-08 15:00:00.000039936,28.292,37.04,106.490005,3.3798577e-05,3.0864,310.0
2017-07-08 18:00:00.000039936,30.864,37.04,115.75,3.4293596e-05,3.0864,315.0
2017-07-08 21:00:00.000039936,33.436,37.04,127.325005,3.47882e-05,3.0864,320.0
2017-07-09 00:00:00.000039936,36.008,37.04,138.9,3.5529305e-05,3.6008,330.0
2017-07-09 03:00:00.000039936,40.1232,37.04,150.475,3.626943e-05,4.1152,330.0
2017-07-09 06:00:00.000039936,43.724,37.04,162.04999,3.7254722e-05,4.6296,325.0
2017-07-09 09:00:00.000039936,46.296,37.04,164.36499,3.7992504e-05,4.6296,320.0
2017-07-09 12:00:00.000039936,48.868,37.04,166.68,3.897458e-05,5.144,320.0
2017-07-09 15:00:00.000039936,50.4112,37.04,166.68,3.995476e-05,5.144,325.0
2017-07-09 18:00:00.000039936,51.440002,37.04,166.68,4.093299e-05,5.144,325.0
2017-07-09 21:00:00.000039936,48.868,37.04,159.735,4.1909232e-05,5.144,325.0
2017-07-10 00:00:00.000039936,46.296,37.04,152.79001,4.288343e-05,4.6296,320.0
2017-07-10 03:00:00.000039936,45.2672,37.04,145.845,4.3612705e-05,4.1152,315.0
2017-07-10 06:00:00.000039936,43.724,37.04,138.9,4.4340795e-05,4.6296,315.0
2017-07-10 09:00:00.000039936,41.152,37.04,138.9,4.506766e-05,4.6296,310.0
2017-07-10 12:00:00.000039936,38.58,37.04,138.9,4.5793287e-05,4.6296,315.0
2017-07-10 15:00:00.000039936,37.5512,37.04,141.215,4.651767e-05,4.6296,320.0
2017-07-10 18:00:00.000039936,36.008,37.04,143.53,4.748151e-05,4.1152,320.0
2017-07-10 21:00:00.000039936,33.436,37.04,143.53,4.8202877e-05,4.1152,320.0
2017-07-11 00:00:00.000039936,30.864,37.04,143.53,4.892293e-05,4.1152,320.0
2017-07-11 03:00:00.000039936,29.835201,37.04,138.9,4.9641636e-05,4.6296,320.0
2017-07-11 06:00:00.000039936,28.292,37.04,134.27,5.059779e-05,4.6296,320.0
2017-07-11 09:00:00.000039936,27.2632,42.596,134.27,5.131329e-05,4.1152,315.0
2017-07-11 12:00:00.000039936,25.720001,46.3,134.27,5.2027382e-05,4.1152,315.0
2017-07-11 15:00:00.000039936,24.6912,46.3,131.955,5.2740055e-05,4.1152,315.0
2017-07-11 18:00:00.000039936,23.148,46.3,129.64,5.345127e-05,3.6008,315.0
2017-07-11 21:00:00.000039936,22.1192,46.3,120.380005,5.392461e-05,3.6008,315.0
2017-07-12 00:00:00.000039936,20.576,46.3,111.12,5.4633376e-05,3.6008,320.0
2017-07-12 03:00:00.000039936,19.5472,46.3,87.97,5.5340646e-05,4.1152,320.0
