Time,Vmax,Rmax_IBT,R34,fcor,u_trans,v_trans
2006-07-17 12:00:00.000039936,18.004,55.56,55.56,3.1068776e-05,5.6584,265.0
2006-07-17 15:00:00.000039936,19.5472,55.56,62.968002,3.1068776e-05,5.144,270.0
2006-07-17 18:00:00.000039936,20.576,55.56,69.45,3.1068776e-05,5.144,265.0
2006-07-17 21:00:00.000039936,22.1192,55.56,92.600006,3.0820032e-05,5.144,265.0
2006-07-18 00:00:00.000039936,23.148,55.56,115.75,3.0820032e-05,5.6584,265.0
2006-07-18 03:00:00.000039936,25.720001,46.3,120.38,3.0820032e-05,6.1728,270.0
2006-07-18 06:00:00.000039936,28.292,37.04,125.009995,3.0820032e-05,6.1728,270.0
2006-07-18 09:00:00.000039936,29.835201,37.04,128.71399,3.0820032e-05,6.1728,270.0
2006-07-18 12:00:00.000039936,30.864,37.04,131.95499,3.0820032e-05,5.6584,270.0
2006-07-18 15:00:00.000039936,32.4072,37.04,143.067,3.0820032e-05,5.6584,265.0
2006-07-18 18:00:00.000039936,33.436,37.04,152.79,3.0571195e-05,4.6296,260.0
2006-07-18 21:00:00.000039936,34.979202,33.336,156.49399,3.0322259e-05,4.1152,255.0
2006-07-19 00:00:00.000039936,36.008,27.78,159.73499,3.0073232e-05,3.6008,255.0
2006-07-19 03:00:00.000039936,37.5512,27.78,165.754,2.9824112e-05,3.6008,260.0
2006-07-19 06:00:00.000039936,38.58,27.78,171.31,2.9824112e-05,3.0864,265.0
2006-07-19 09:00:00.000039936,40.1232,27.78,175.94,2.9824112e-05,3.0864,270.0
2006-07-19 12:00:00.000039936,41.152,27.78,180.57,2.9824112e-05,3.0864,270.0
2006-07-19 15:00:00.000039936,42.6952,24.076,175.94,2.9824112e-05,3.6008,270.0
2006-07-19 18:00:00.000039936,43.724,18.52,171.31,2.9824112e-05,4.1152,275.0
2006-07-19 21:00:00.000039936,46.296,33.336,178.255,2.9824112e-05,4.1152,275.0
2006-07-20 00:00:00.000039936,48.868,46.3,185.19998,3.0073232e-05,4.1152,285.0
2006-07-20 03:00:00.000039936,48.868,46.3,185.19998,3.0322259e-05,3.6008,295.0
2006-07-20 06:00:00.000039936,48.868,46.3,185.19998,3.0820032e-05,4.1152,290.0
2006-07-20 09:00:00.000039936,50.4112,46.3,194.45999,3.1068776e-05,4.1152,285.0
2006-07-20 12:00:00.000039936,51.440002,46.3,203.72,3.131743e-05,4.1152,285.0
2006-07-20 15:00:00.000039936,55.5552,46.3,203.72,3.156599e-05,4.1152,285.0
2006-07-20 18:00:00.000039936,59.156002,46.3,203.72,3.1814445e-05,4.6296,290.0
2006-07-20 21:00:00.000039936,60.6992,46.3,203.72,3.231108e-05,5.144,295.0
2006-07-21 00:00:00.000039936,61.728,46.3,203.72,3.280731e-05,5.144,285.0
2006-07-21 03:00:00.000039936,60.6992,46.3,203.72,3.305528e-05,5.144,275.0
2006-07-21 06:00:00.000039936,59.156002,46.3,203.72,3.305528e-05,5.144,280.0
2006-07-21 09:00:00.000039936,60.6992,46.3,203.72,3.330315e-05,5.144,280.0
2006-07-21 12:00:00.000039936,61.728,46.3,203.72,3.3550914e-05,5.144,275.0
2006-07-21 15:00:00.000039936,63.271202,51.856,203.72,3.3550914e-05,5.144,270.0
2006-07-21 18:00:00.000039936,64.3,55.56,203.72,3.3550914e-05,5.144,275.0
2006-07-21 21:00:00.000039936,65.8432,51.856,203.72,3.3798577e-05,5.6584,280.0
2006-07-22 00:00:00.000039936,66.872,46.3,203.72,3.404614e-05,5.6584,280.0
2006-07-22 03:00:00.000039936,66.872,46.3,203.72,3.4293596e-05,5.6584,280.0
2006-07-22 06:00:00.000039936,66.872,46.3,203.72,3.454095e-05,5.6584,275.0
2006-07-22 09:00:00.000039936,66.872,46.3,203.72,3.454095e-05,6.1728,275.0
2006-07-22 12:00:00.000039936,66.872,46.3,203.72,3.47882e-05,5.6584,275.0
2006-07-22 15:00:00.000039936,65.8432,46.3,194.45999,3.5035337e-05,5.6584,280.0
2006-07-22 18:00:00.000039936,64.3,46.3,185.19998,3.5282377e-05,5.6584,280.0
2006-07-22 21:00:00.000039936,63.271202,46.3,185.19998,3.5529305e-05,6.1728,280.0
2006-07-23 00:00:00.000039936,61.728,46.3,185.19998,3.577612e-05,6.1728,280.0
2006-07-23 03:00:00.000039936,60.6992,46.3,185.19998,3.6022833e-05,6.6872,285.0
2006-07-23 06:00:00.000039936,59.156002,46.3,185.19998,3.651592e-05,6.6872,280.0
2006-07-23 09:00:00.000039936,59.156002,46.3,185.19998,3.67623e-05,6.6872,280.0
2006-07-23 12:00:00.000039936,59.156002,46.3,185.19998,3.700857e-05,6.6872,285.0
2006-07-23 15:00:00.000039936,56.584,42.596,185.19998,3.7500762e-05,6.6872,290.0
2006-07-23 18:00:00.000039936,54.012,37.04,185.19998,3.7992504e-05,7.2016,285.0
2006-07-23 21:00:00.000039936,51.440002,33.336,164.36499,3.8483773e-05,7.2016,285.0
2006-07-24 00:00:00.000039936,48.868,27.78,143.53,3.897458e-05,6.6872,290.0
2006-07-24 03:00:00.000039936,46.296,27.78,143.53,3.9464914e-05,6.1728,290.0
2006-07-24 06:00:00.000039936,43.724,27.78,143.53,3.995476e-05,6.6872,285.0
2006-07-24 09:00:00.000039936,42.6952,27.78,143.53,4.0444127e-05,6.6872,285.0
2006-07-24 12:00:00.000039936,41.152,27.78,143.53,4.0688625e-05,5.6584,275.0
2006-07-24 15:00:00.000039936,40.1232,27.78,130.103,4.0688625e-05,4.6296,270.0
2006-07-24 18:00:00.000039936,38.58,27.78,115.75,4.0688625e-05,3.0864,270.0
2006-07-24 21:00:00.000039936,36.008,24.076,115.75,4.0688625e-05,2.572,270.0
2006-07-25 00:00:00.000039936,33.436,18.52,115.75,4.0688625e-05,2.572,270.0
2006-07-25 03:00:00.000039936,30.864,27.78,115.75,4.0688625e-05,2.572,270.0
2006-07-25 06:00:00.000039936,28.292,37.04,115.75,4.0688625e-05,1.5432,270.0
2006-07-25 09:00:00.000039936,25.720001,42.596,102.785995,4.0688625e-05,0.5144,270.0
2006-07-25 12:00:00.000039936,23.148,46.3,87.97,4.0688625e-05,0.5144,270.0
2006-07-25 15:00:00.000039936,20.576,42.596,52.781998,4.0688625e-05,1.0288,270.0
