Time,Vmax,Rmax_IBT,R34,fcor,u_trans,v_trans
2013-07-05 00:00:00.000039936,18.004,74.08,50.93,3.626943e-05,5.6584,305.0
2013-07-05 03:00:00.000039936,19.5472,74.08,62.505,3.700857e-05,5.6584,300.0
2013-07-05 06:00:00.000039936,20.576,74.08,74.08,3.7746686e-05,5.6584,300.0
2013-07-05 09:00:00.000039936,23.148,64.82,85.655,3.8483773e-05,4.6296,305.0
2013-07-05 12:00:00.000039936,25.720001,55.56,97.23,3.897458e-05,4.1152,305.0
2013-07-05 15:00:00.000039936,27.2632,51.856,104.175,3.9709896e-05,4.1152,310.0
2013-07-05 18:00:00.000039936,28.292,46.3,111.119995,4.0199502e-05,3.6008,310.0
2013-07-05 21:00:00.000039936,29.835201,46.3,113.435,4.0688625e-05,3.0864,310.0
2013-07-06 00:00:00.000039936,30.864,46.3,115.75,4.1177245e-05,3.6008,310.0
2013-07-06 03:00:00.000039936,32.4072,42.596,115.75,4.1665367e-05,4.1152,310.0
2013-07-06 06:00:00.000039936,33.436,37.04,115.75,4.239659e-05,4.1152,310.0
2013-07-06 09:00:00.000039936,34.979202,33.336,115.75,4.3126656e-05,4.1152,305.0
2013-07-06 12:00:00.000039936,36.008,27.78,115.75,4.3612705e-05,4.1152,310.0
2013-07-06 15:00:00.000039936,36.008,27.78,115.75,4.409823e-05,4.1152,310.0
2013-07-06 18:00:00.000039936,36.008,27.78,115.75,4.4825505e-05,4.1152,310.0
2013-07-06 21:00:00.000039936,36.008,27.78,111.119995,4.5551555e-05,4.6296,310.0
2013-07-07 00:00:00.000039936,36.008,27.78,106.490005,4.627635e-05,4.6296,310.0
2013-07-07 03:00:00.000039936,36.008,27.78,104.175,4.6999867e-05,5.144,310.0
2013-07-07 06:00:00.000039936,36.008,27.78,101.86,4.7722115e-05,5.144,310.0
2013-07-07 09:00:00.000039936,34.979202,33.336,101.86,4.844305e-05,5.144,310.0
2013-07-07 12:00:00.000039936,33.436,37.04,101.86,4.916265e-05,4.6296,305.0
2013-07-07 15:00:00.000039936,30.864,37.04,101.86,4.9641636e-05,4.6296,300.0
2013-07-07 18:00:00.000039936,28.292,37.04,101.86,5.012002e-05,4.1152,300.0
2013-07-07 21:00:00.000039936,27.2632,37.04,97.229996,5.059779e-05,4.1152,305.0
2013-07-08 00:00:00.000039936,25.720001,37.04,92.6,5.131329e-05,4.1152,310.0
2013-07-08 03:00:00.000039936,24.6912,42.596,78.71,5.178951e-05,4.1152,310.0
2013-07-08 06:00:00.000039936,23.148,46.3,64.82,5.250265e-05,4.1152,315.0
2013-07-08 09:00:00.000039936,22.1192,46.3,62.505,5.321436e-05,4.6296,315.0
2013-07-08 12:00:00.000039936,20.576,46.3,60.190002,5.392461e-05,4.6296,310.0
2013-07-08 15:00:00.000039936,20.576,46.3,57.875,5.4633376e-05,5.144,310.0
2013-07-08 18:00:00.000039936,20.576,46.3,55.560005,5.5340646e-05,4.6296,310.0
2013-07-08 21:00:00.000039936,19.5472,46.3,55.560005,5.6046403e-05,4.6296,315.0
