Time,Vmax,Rmax_IBT,R34,fcor,u_trans,v_trans
2016-07-12 12:00:00.000039936,18.004,111.12,27.78,3.995476e-05,5.144,265.0
2016-07-12 15:00:00.000039936,20.576,70.376,46.3,3.9709896e-05,5.144,255.0
2016-07-12 18:00:00.000039936,23.148,27.78,64.82,3.9219805e-05,5.144,255.0
2016-07-12 21:00:00.000039936,25.720001,27.78,69.45,3.897458e-05,4.6296,255.0
2016-07-13 00:00:00.000039936,28.292,27.78,74.08,3.872924e-05,4.6296,260.0
2016-07-13 03:00:00.000039936,29.835201,27.78,83.34,3.8483773e-05,4.6296,265.0
2016-07-13 06:00:00.000039936,30.864,27.78,92.600006,3.8483773e-05,4.6296,265.0
2016-07-13 09:00:00.000039936,30.864,27.78,101.86,3.8483773e-05,4.6296,270.0
2016-07-13 12:00:00.000039936,30.864,27.78,111.119995,3.8483773e-05,4.6296,275.0
2016-07-13 15:00:00.000039936,32.4072,33.336,120.38,3.8483773e-05,5.144,275.0
2016-07-13 18:00:00.000039936,33.436,37.04,129.64,3.872924e-05,5.144,275.0
2016-07-13 21:00:00.000039936,34.979202,33.336,129.64,3.872924e-05,5.6584,275.0
2016-07-14 00:00:00.000039936,36.008,27.78,129.64,3.897458e-05,5.6584,275.0
2016-07-14 03:00:00.000039936,36.008,27.78,131.955,3.897458e-05,6.1728,275.0
2016-07-14 06:00:00.000039936,36.008,27.78,134.26999,3.9219805e-05,5.6584,275.0
2016-07-14 09:00:00.000039936,36.008,27.78,134.26999,3.9219805e-05,5.6584,275.0
2016-07-14 12:00:00.000039936,36.008,27.78,134.26999,3.9464914e-05,5.6584,275.0
2016-07-14 15:00:00.000039936,37.5512,33.336,143.53,3.9464914e-05,6.1728,275.0
2016-07-14 18:00:00.000039936,38.58,37.04,152.79,3.9709896e-05,5.6584,275.0
2016-07-14 21:00:00.000039936,40.1232,37.04,152.79,3.9709896e-05,5.6584,275.0
2016-07-15 00:00:00.000039936,41.152,37.04,152.79,3.995476e-05,5.144,275.0
2016-07-15 03:00:00.000039936,42.6952,37.04,155.105,3.995476e-05,4.6296,275.0
2016-07-15 06:00:00.000039936,43.724,37.04,157.42,4.0199502e-05,4.1152,285.0
2016-07-15 09:00:00.000039936,45.2672,37.04,157.42,4.0444127e-05,4.1152,290.0
2016-07-15 12:00:00.000039936,46.296,37.04,157.42,4.093299e-05,4.1152,295.0
2016-07-15 15:00:00.000039936,46.296,37.04,157.42,4.142137e-05,4.6296,300.0
2016-07-15 18:00:00.000039936,46.296,37.04,157.42,4.1909232e-05,4.6296,300.0
2016-07-15 21:00:00.000039936,46.296,37.04,157.42,4.239659e-05,4.6296,300.0
2016-07-16 00:00:00.000039936,46.296,37.04,157.42,4.288343e-05,4.1152,295.0
2016-07-16 03:00:00.000039936,47.8392,37.04,152.79,4.3369746e-05,4.1152,290.0
2016-07-16 06:00:00.000039936,48.868,37.04,148.16,4.3612705e-05,4.1152,290.0
2016-07-16 09:00:00.000039936,50.4112,37.04,148.16,4.409823e-05,4.1152,290.0
2016-07-16 12:00:00.000039936,51.440002,37.04,148.16,4.4340795e-05,4.6296,290.0
2016-07-16 15:00:00.000039936,52.9832,33.336,148.16,4.458322e-05,4.6296,285.0
2016-07-16 18:00:00.000039936,54.012,27.78,148.16,4.4825505e-05,4.6296,280.0
2016-07-16 21:00:00.000039936,52.9832,27.78,148.16,4.506766e-05,4.6296,275.0
2016-07-17 00:00:00.000039936,51.440002,27.78,148.16,4.506766e-05,4.6296,275.0
2016-07-17 03:00:00.000039936,50.4112,27.78,148.16,4.506766e-05,4.6296,275.0
2016-07-17 06:00:00.000039936,48.868,27.78,148.16,4.5309676e-05,4.1152,275.0
2016-07-17 09:00:00.000039936,47.8392,27.78,148.16,4.5309676e-05,4.1152,275.0
2016-07-17 12:00:00.000039936,46.296,27.78,148.16,4.5551555e-05,4.1152,280.0
2016-07-17 15:00:00.000039936,45.2672,27.78,145.845,4.5793287e-05,4.1152,275.0
2016-07-17 18:00:00.000039936,43.724,27.78,143.53,4.5793287e-05,4.1152,275.0
2016-07-17 21:00:00.000039936,42.6952,27.78,143.53,4.5793287e-05,4.6296,270.0
2016-07-18 00:00:00.000039936,41.152,27.78,143.53,4.5793287e-05,4.6296,275.0
2016-07-18 03:00:00.000039936,40.1232,27.78,143.53,4.5793287e-05,4.6296,275.0
2016-07-18 06:00:00.000039936,38.58,27.78,143.53,4.6034886e-05,4.6296,275.0
2016-07-18 09:00:00.000039936,37.5512,27.78,138.9,4.6034886e-05,5.144,275.0
2016-07-18 12:00:00.000039936,36.008,27.78,134.26999,4.627635e-05,5.144,280.0
2016-07-18 15:00:00.000039936,34.979202,27.78,134.26999,4.651767e-05,5.144,290.0
2016-07-18 18:00:00.000039936,33.436,27.78,134.26999,4.6999867e-05,5.144,285.0
2016-07-18 21:00:00.000039936,33.436,27.78,134.26999,4.7240763e-05,5.6584,280.0
2016-07-19 00:00:00.000039936,33.436,27.78,134.26999,4.748151e-05,5.6584,285.0
2016-07-19 03:00:00.000039936,32.4072,27.78,134.26999,4.7722115e-05,5.6584,285.0
2016-07-19 06:00:00.000039936,30.864,27.78,134.26999,4.8202877e-05,5.6584,285.0
2016-07-19 09:00:00.000039936,30.864,33.336,134.26999,4.868306e-05,5.6584,285.0
2016-07-19 12:00:00.000039936,30.864,37.04,134.26999,4.892293e-05,5.6584,285.0
2016-07-19 15:00:00.000039936,29.835201,37.04,129.64001,4.916265e-05,5.6584,280.0
2016-07-19 18:00:00.000039936,28.292,37.04,125.01,4.9402213e-05,5.6584,280.0
2016-07-19 21:00:00.000039936,28.292,37.04,125.01,4.9641636e-05,5.6584,275.0
2016-07-20 00:00:00.000039936,28.292,37.04,125.01,4.9641636e-05,5.6584,270.0
2016-07-20 03:00:00.000039936,28.292,37.04,125.01,4.9641636e-05,5.6584,270.0
2016-07-20 06:00:00.000039936,28.292,37.04,125.01,4.9641636e-05,5.6584,270.0
2016-07-20 09:00:00.000039936,27.2632,37.04,125.01,4.9641636e-05,5.6584,270.0
2016-07-20 12:00:00.000039936,25.720001,37.04,125.01,4.9641636e-05,5.6584,270.0
2016-07-20 15:00:00.000039936,25.720001,37.04,120.38,4.9641636e-05,5.144,270.0
2016-07-20 18:00:00.000039936,25.720001,37.04,115.75001,4.9641636e-05,5.6584,265.0
2016-07-20 21:00:00.000039936,25.720001,37.04,118.064995,4.9402213e-05,6.1728,260.0
2016-07-21 00:00:00.000039936,25.720001,37.04,120.38,4.916265e-05,6.6872,260.0
2016-07-21 03:00:00.000039936,27.2632,37.04,124.547,4.892293e-05,6.6872,255.0
2016-07-21 06:00:00.000039936,28.292,37.04,127.325,4.844305e-05,6.6872,255.0
2016-07-21 09:00:00.000039936,28.292,37.04,127.325,4.796257e-05,6.6872,250.0
2016-07-21 12:00:00.000039936,28.292,37.04,127.325,4.748151e-05,6.1728,255.0
2016-07-21 15:00:00.000039936,28.292,37.04,126.862,4.7240763e-05,5.6584,260.0
2016-07-21 18:00:00.000039936,28.292,37.04,125.009995,4.6999867e-05,5.6584,265.0
2016-07-21 21:00:00.000039936,28.292,37.04,122.69499,4.675884e-05,5.6584,265.0
2016-07-22 00:00:00.000039936,28.292,37.04,120.38,4.675884e-05,5.6584,265.0
2016-07-22 03:00:00.000039936,28.292,37.04,120.38,4.651767e-05,5.6584,265.0
2016-07-22 06:00:00.000039936,28.292,37.04,120.38,4.651767e-05,5.6584,265.0
2016-07-22 09:00:00.000039936,27.2632,46.3,125.01,4.627635e-05,5.6584,265.0
2016-07-22 12:00:00.000039936,25.720001,55.56,129.64,4.627635e-05,5.6584,265.0
2016-07-22 15:00:00.000039936,25.720001,55.56,143.53001,4.627635e-05,5.6584,270.0
2016-07-22 18:00:00.000039936,25.720001,55.56,157.42001,4.627635e-05,5.6584,275.0
2016-07-22 21:00:00.000039936,25.720001,55.56,157.42001,4.627635e-05,5.144,275.0
2016-07-23 00:00:00.000039936,25.720001,55.56,157.42001,4.651767e-05,5.144,275.0
2016-07-23 03:00:00.000039936,25.720001,55.56,157.42001,4.675884e-05,5.144,275.0
2016-07-23 06:00:00.000039936,25.720001,55.56,157.42001,4.675884e-05,4.6296,275.0
2016-07-23 09:00:00.000039936,24.6912,55.56,157.42001,4.675884e-05,4.6296,270.0
2016-07-23 12:00:00.000039936,23.148,55.56,157.42001,4.675884e-05,4.1152,270.0
2016-07-23 15:00:00.000039936,22.1192,55.56,141.215,4.675884e-05,4.6296,275.0
2016-07-23 18:00:00.000039936,20.576,55.56,125.01,4.6999867e-05,4.6296,290.0
2016-07-23 21:00:00.000039936,19.5472,46.3,101.86,4.748151e-05,5.144,300.0
