Time,Vmax,Rmax_IBT,R34,fcor,u_trans,v_trans
2015-07-11 18:00:00.000039936,18.004,129.64,138.90001,3.0820032e-05,5.144,305.0
2015-07-11 21:00:00.000039936,19.5472,120.38,152.79,3.1814445e-05,5.6584,325.0
2015-07-12 00:00:00.000039936,20.576,111.12,166.68001,3.305528e-05,5.6584,330.0
2015-07-12 03:00:00.000039936,22.1192,107.416,166.68001,3.404614e-05,5.6584,325.0
2015-07-12 06:00:00.000039936,23.148,101.86,166.68001,3.5282377e-05,5.6584,325.0
2015-07-12 09:00:00.000039936,23.148,98.156,166.68001,3.651592e-05,6.1728,320.0
2015-07-12 12:00:00.000039936,23.148,92.6,166.68001,3.7500762e-05,5.6584,310.0
2015-07-12 15:00:00.000039936,24.6912,88.895996,152.79001,3.8238195e-05,5.6584,295.0
2015-07-12 18:00:00.000039936,25.720001,83.34,138.90001,3.872924e-05,5.6584,300.0
2015-07-12 21:00:00.000039936,27.2632,64.82,136.585,3.9464914e-05,5.6584,300.0
2015-07-13 00:00:00.000039936,28.292,46.3,134.27,4.0199502e-05,5.144,300.0
2015-07-13 03:00:00.000039936,29.835201,46.3,143.53,4.0688625e-05,5.144,295.0
2015-07-13 06:00:00.000039936,30.864,46.3,152.79001,4.1177245e-05,5.144,295.0
2015-07-13 09:00:00.000039936,32.4072,46.3,164.365,4.1665367e-05,5.144,295.0
2015-07-13 12:00:00.000039936,33.436,46.3,175.94,4.2152973e-05,4.6296,295.0
2015-07-13 15:00:00.000039936,34.979202,42.596,175.94,4.2640077e-05,4.1152,290.0
2015-07-13 18:00:00.000039936,36.008,37.04,175.94,4.288343e-05,3.6008,280.0
2015-07-13 21:00:00.000039936,36.008,37.04,175.94,4.288343e-05,3.0864,270.0
2015-07-14 00:00:00.000039936,36.008,37.04,175.94,4.288343e-05,2.572,270.0
2015-07-14 03:00:00.000039936,37.5512,37.04,175.94,4.288343e-05,2.572,280.0
2015-07-14 06:00:00.000039936,38.58,37.04,175.94,4.3126656e-05,3.0864,290.0
2015-07-14 09:00:00.000039936,38.58,33.336,178.255,4.3369746e-05,3.0864,300.0
2015-07-14 12:00:00.000039936,38.58,27.78,180.57,4.385554e-05,3.0864,300.0
2015-07-14 15:00:00.000039936,40.1232,27.78,185.20001,4.4340795e-05,3.0864,300.0
2015-07-14 18:00:00.000039936,41.152,27.78,189.83,4.458322e-05,3.0864,295.0
2015-07-14 21:00:00.000039936,45.2672,27.78,196.77501,4.4825505e-05,3.0864,290.0
2015-07-15 00:00:00.000039936,48.868,27.78,203.72,4.506766e-05,2.572,285.0
2015-07-15 03:00:00.000039936,54.012,27.78,203.72,4.5309676e-05,2.572,280.0
2015-07-15 06:00:00.000039936,59.156002,27.78,203.72,4.5309676e-05,2.572,280.0
2015-07-15 09:00:00.000039936,58.1272,27.78,206.03499,4.5309676e-05,2.572,280.0
2015-07-15 12:00:00.000039936,56.584,27.78,208.34999,4.5551555e-05,2.572,295.0
2015-07-15 15:00:00.000039936,55.5552,27.78,212.98,4.5793287e-05,2.572,310.0
2015-07-15 18:00:00.000039936,54.012,27.78,217.61,4.627635e-05,2.572,315.0
2015-07-15 21:00:00.000039936,51.440002,27.78,219.925,4.675884e-05,3.0864,315.0
2015-07-16 00:00:00.000039936,48.868,27.78,222.23999,4.7240763e-05,3.0864,320.0
2015-07-16 03:00:00.000039936,47.8392,27.78,222.23999,4.7722115e-05,3.0864,315.0
2015-07-16 06:00:00.000039936,46.296,27.78,222.23999,4.8202877e-05,3.0864,315.0
2015-07-16 09:00:00.000039936,46.296,33.336,217.61,4.868306e-05,3.0864,310.0
2015-07-16 12:00:00.000039936,46.296,37.04,212.98,4.916265e-05,3.6008,305.0
2015-07-16 15:00:00.000039936,45.2672,37.04,212.98,4.9641636e-05,4.1152,300.0
2015-07-16 18:00:00.000039936,43.724,37.04,212.98,5.012002e-05,4.1152,305.0
2015-07-16 21:00:00.000039936,42.6952,33.336,196.775,5.059779e-05,4.1152,310.0
2015-07-17 00:00:00.000039936,41.152,27.78,180.56999,5.131329e-05,4.1152,305.0
2015-07-17 03:00:00.000039936,37.5512,27.78,180.56999,5.178951e-05,4.6296,295.0
2015-07-17 06:00:00.000039936,33.436,27.78,180.56999,5.22651e-05,4.6296,290.0
2015-07-17 09:00:00.000039936,30.864,27.78,164.36499,5.250265e-05,4.1152,285.0
2015-07-17 12:00:00.000039936,28.292,27.78,148.16,5.2740055e-05,4.1152,280.0
2015-07-17 15:00:00.000039936,25.720001,42.596,148.16,5.2740055e-05,4.1152,275.0
2015-07-17 18:00:00.000039936,23.148,55.56,148.16,5.2977284e-05,4.1152,280.0
2015-07-17 21:00:00.000039936,23.148,55.56,148.16,5.321436e-05,4.1152,290.0
2015-07-18 00:00:00.000039936,23.148,55.56,148.16,5.3688025e-05,4.1152,300.0
2015-07-18 03:00:00.000039936,22.1192,55.56,136.58499,5.4161024e-05,4.1152,310.0
2015-07-18 06:00:00.000039936,20.576,55.56,125.009995,5.4869302e-05,4.1152,315.0
2015-07-18 09:00:00.000039936,19.5472,55.56,125.009995,5.5576067e-05,4.6296,320.0
2015-07-18 12:00:00.000039936,18.004,55.56,125.009995,5.6516048e-05,5.144,325.0
2015-07-18 15:00:00.000039936,18.004,55.56,85.655,5.768715e-05,5.6584,330.0
