Time,Vmax,Rmax_IBT,R34,fcor,u_trans,v_trans
2003-07-11 09:00:00.000040448,18.004,46.3,32.41,3.67623e-05,4.6296,275.0
2003-07-11 12:00:00.000040448,20.576,37.04,64.82,3.700857e-05,4.1152,280.0
2003-07-11 15:00:00.000040448,22.1192,42.596,78.71,3.7254722e-05,4.1152,285.0
2003-07-11 18:00:00.000040448,23.148,46.3,92.600006,3.7500762e-05,4.1152,290.0
2003-07-11 21:00:00.000040448,25.720001,42.596,97.229996,3.7746686e-05,5.144,295.0
2003-07-12 00:00:00.000040448,28.292,37.04,101.86,3.8483773e-05,6.1728,300.0
2003-07-12 03:00:00.000040448,28.292,37.04,106.490005,3.9464914e-05,7.716,310.0
2003-07-12 06:00:00.000040448,28.292,37.04,111.12,4.0688625e-05,7.716,315.0
2003-07-12 09:00:00.000040448,28.292,37.04,111.12,4.1909232e-05,7.2016,315.0
2003-07-12 12:00:00.000040448,28.292,37.04,111.12,4.3126656e-05,7.2016,310.0
2003-07-12 15:00:00.000040448,28.292,37.04,111.12,4.409823e-05,7.716,305.0
2003-07-12 18:00:00.000040448,28.292,37.04,111.12,4.506766e-05,8.2304,305.0
2003-07-12 21:00:00.000040448,27.2632,37.04,99.545006,4.627635e-05,8.744801,300.0
2003-07-13 00:00:00.000040448,25.720001,37.04,87.97,4.7240763e-05,8.744801,295.0
2003-07-13 03:00:00.000040448,24.6912,46.3,78.71001,4.7722115e-05,8.2304,285.0
