Time,Vmax,Rmax_IBT,R34,fcor,u_trans,v_trans
2011-07-31 12:00:00.000039936,18.004,55.56,41.670002,2.6827835e-05,4.1152,280.0
2011-07-31 15:00:00.000039936,19.5472,64.82,50.93,2.707799e-05,4.1152,285.0
2011-07-31 18:00:00.000039936,20.576,74.08,60.19,2.7328068e-05,4.1152,290.0
2011-07-31 21:00:00.000039936,22.1192,74.08,60.19,2.7827968e-05,4.6296,295.0
2011-08-01 00:00:00.000039936,23.148,74.08,60.19,2.8327528e-05,4.6296,300.0
2011-08-01 03:00:00.000039936,24.6912,64.82,70.839005,2.882674e-05,5.144,300.0
2011-08-01 06:00:00.000039936,25.720001,55.56,81.024994,2.9574905e-05,5.6584,300.0
2011-08-01 09:00:00.000039936,27.2632,55.56,81.024994,3.0322259e-05,6.1728,295.0
2011-08-01 12:00:00.000039936,28.292,55.56,81.024994,3.0820032e-05,6.1728,290.0
2011-08-01 15:00:00.000039936,30.864,37.04,95.378,3.131743e-05,6.1728,290.0
2011-08-01 18:00:00.000039936,33.436,18.52,108.80499,3.1814445e-05,6.6872,290.0
2011-08-01 21:00:00.000039936,34.979202,18.52,127.325,3.231108e-05,6.6872,290.0
2011-08-02 00:00:00.000039936,36.008,18.52,145.845,3.280731e-05,6.6872,290.0
2011-08-02 03:00:00.000039936,37.5512,24.076,170.384,3.330315e-05,6.6872,290.0
2011-08-02 06:00:00.000039936,38.58,27.78,194.45999,3.3798577e-05,6.6872,285.0
2011-08-02 09:00:00.000039936,40.1232,33.336,194.45999,3.4293596e-05,6.6872,285.0
2011-08-02 12:00:00.000039936,41.152,37.04,194.45999,3.454095e-05,6.6872,285.0
2011-08-02 15:00:00.000039936,43.724,42.596,201.868,3.47882e-05,6.1728,285.0
2011-08-02 18:00:00.000039936,46.296,46.3,208.35,3.5282377e-05,6.1728,290.0
2011-08-02 21:00:00.000039936,47.8392,51.856,220.388,3.577612e-05,6.1728,295.0
2011-08-03 00:00:00.000039936,48.868,55.56,231.5,3.651592e-05,6.1728,295.0
2011-08-03 03:00:00.000039936,50.4112,46.3,231.5,3.7254722e-05,6.6872,295.0
2011-08-03 06:00:00.000039936,51.440002,37.04,231.5,3.7746686e-05,6.1728,290.0
2011-08-03 09:00:00.000039936,52.9832,37.04,234.27802,3.8238195e-05,5.6584,290.0
2011-08-03 12:00:00.000039936,54.012,37.04,236.13,3.872924e-05,6.1728,285.0
2011-08-03 15:00:00.000039936,56.584,37.04,236.13,3.897458e-05,6.1728,285.0
2011-08-03 18:00:00.000039936,59.156002,37.04,236.13,3.9464914e-05,6.1728,285.0
2011-08-03 21:00:00.000039936,61.728,42.596,236.13,3.995476e-05,6.1728,290.0
2011-08-04 00:00:00.000039936,59.156002,46.3,236.13,4.0444127e-05,6.1728,290.0
2011-08-04 03:00:00.000039936,56.584,46.3,238.90799,4.093299e-05,6.1728,290.0
2011-08-04 06:00:00.000039936,54.012,46.3,240.76,4.142137e-05,6.1728,285.0
2011-08-04 09:00:00.000039936,52.9832,46.3,236.13,4.1909232e-05,6.1728,285.0
2011-08-04 12:00:00.000039936,51.440002,46.3,231.5,4.2152973e-05,6.1728,280.0
2011-08-04 15:00:00.000039936,48.868,46.3,217.147,4.239659e-05,6.1728,280.0
2011-08-04 18:00:00.000039936,46.296,46.3,201.40501,4.2640077e-05,5.6584,280.0
2011-08-04 21:00:00.000039936,43.724,46.3,194.92302,4.288343e-05,5.6584,280.0
2011-08-05 00:00:00.000039936,41.152,46.3,187.515,4.3126656e-05,5.6584,285.0
2011-08-05 03:00:00.000039936,38.58,46.3,170.847,4.3369746e-05,6.1728,285.0
2011-08-05 06:00:00.000039936,36.008,46.3,152.79,4.385554e-05,6.1728,285.0
2011-08-05 09:00:00.000039936,33.436,46.3,146.308,4.409823e-05,6.1728,285.0
2011-08-05 12:00:00.000039936,30.864,46.3,138.9,4.458322e-05,6.1728,285.0
2011-08-05 15:00:00.000039936,28.292,46.3,129.177,4.4825505e-05,6.1728,285.0
2011-08-05 18:00:00.000039936,25.720001,46.3,118.064995,4.5309676e-05,6.1728,285.0
2011-08-05 21:00:00.000039936,24.6912,46.3,118.064995,4.5551555e-05,6.1728,285.0
2011-08-06 00:00:00.000039936,23.148,46.3,118.064995,4.6034886e-05,5.6584,285.0
2011-08-06 03:00:00.000039936,23.148,46.3,106.027,4.627635e-05,5.6584,285.0
2011-08-06 06:00:00.000039936,23.148,46.3,92.6,4.675884e-05,5.6584,285.0
2011-08-06 09:00:00.000039936,22.1192,51.856,90.284996,4.6999867e-05,6.1728,285.0
