Time,Vmax,Rmax_IBT,R34,fcor,u_trans,v_trans
2022-07-09 18:00:00.000039936,18.004,37.04,13.89,3.577612e-05,8.2304,280.0
2022-07-09 21:00:00.000039936,19.5472,37.04,18.52,3.6022833e-05,7.2016,275.0
2022-07-10 00:00:00.000039936,20.576,37.04,23.150002,3.6022833e-05,6.6872,270.0
2022-07-10 03:00:00.000039936,20.576,37.04,23.150002,3.6022833e-05,6.6872,270.0
2022-07-10 06:00:00.000039936,20.576,37.04,23.150002,3.6022833e-05,6.1728,270.0
2022-07-10 09:00:00.000039936,23.148,37.04,37.04,3.6022833e-05,6.6872,270.0
2022-07-10 12:00:00.000039936,25.720001,37.04,50.93,3.6022833e-05,7.2016,270.0
2022-07-10 15:00:00.000039936,27.2632,27.78,55.56,3.6022833e-05,7.716,275.0
2022-07-10 18:00:00.000039936,28.292,18.52,60.19,3.626943e-05,7.716,275.0
2022-07-10 21:00:00.000039936,30.864,18.52,69.45,3.651592e-05,8.2304,275.0
2022-07-11 00:00:00.000039936,33.436,18.52,78.71,3.651592e-05,7.716,270.0
2022-07-11 03:00:00.000039936,38.58,18.52,78.71,3.651592e-05,7.2016,270.0
2022-07-11 06:00:00.000039936,43.724,18.52,78.71,3.651592e-05,7.2016,270.0
2022-07-11 09:00:00.000039936,48.868,14.816,78.71,3.651592e-05,7.716,270.0
2022-07-11 12:00:00.000039936,54.012,9.26,78.71,3.651592e-05,7.716,270.0
2022-07-11 15:00:00.000039936,58.1272,9.26,78.71,3.651592e-05,7.716,275.0
2022-07-11 18:00:00.000039936,61.728,9.26,78.71,3.67623e-05,7.716,275.0
2022-07-11 21:00:00.000039936,61.728,9.26,78.71,3.700857e-05,8.2304,275.0
2022-07-12 00:00:00.000039936,61.728,9.26,78.71,3.7254722e-05,7.716,270.0
2022-07-12 03:00:00.000039936,60.6992,14.816,78.71,3.7254722e-05,7.716,265.0
2022-07-12 06:00:00.000039936,59.156002,18.52,78.71,3.700857e-05,7.716,270.0
2022-07-12 09:00:00.000039936,59.156002,18.52,74.08,3.700857e-05,7.716,270.0
2022-07-12 12:00:00.000039936,59.156002,18.52,69.45,3.700857e-05,7.716,270.0
2022-07-12 15:00:00.000039936,56.584,18.52,69.45,3.67623e-05,7.716,265.0
2022-07-12 18:00:00.000039936,54.012,18.52,69.45,3.67623e-05,7.716,270.0
2022-07-12 21:00:00.000039936,51.440002,18.52,69.45,3.67623e-05,7.716,270.0
2022-07-13 00:00:00.000039936,48.868,18.52,69.45,3.67623e-05,6.6872,270.0
2022-07-13 03:00:00.000039936,46.296,18.52,67.134995,3.67623e-05,6.6872,270.0
2022-07-13 06:00:00.000039936,43.724,18.52,64.82,3.67623e-05,6.6872,275.0
2022-07-13 09:00:00.000039936,45.2672,18.52,64.82,3.700857e-05,7.2016,280.0
2022-07-13 12:00:00.000039936,46.296,18.52,64.82,3.7254722e-05,6.6872,280.0
2022-07-13 15:00:00.000039936,48.868,18.52,69.45,3.7500762e-05,6.6872,285.0
2022-07-13 18:00:00.000039936,51.440002,18.52,74.08,3.7992504e-05,7.2016,285.0
2022-07-13 21:00:00.000039936,51.440002,18.52,67.598,3.8483773e-05,7.716,290.0
2022-07-14 00:00:00.000039936,51.440002,18.52,60.190002,3.9219805e-05,7.716,290.0
2022-07-14 03:00:00.000039936,50.4112,18.52,60.190002,3.9709896e-05,7.2016,285.0
2022-07-14 06:00:00.000039936,48.868,18.52,60.190002,4.0199502e-05,7.2016,290.0
2022-07-14 09:00:00.000039936,47.8392,18.52,60.190002,4.0688625e-05,6.6872,290.0
2022-07-14 12:00:00.000039936,46.296,18.52,60.190002,4.142137e-05,6.6872,290.0
2022-07-14 15:00:00.000039936,45.2672,18.52,60.190002,4.1909232e-05,6.6872,290.0
2022-07-14 18:00:00.000039936,43.724,18.52,60.190002,4.239659e-05,6.6872,290.0
2022-07-14 21:00:00.000039936,41.152,18.52,60.190002,4.288343e-05,6.6872,290.0
2022-07-15 00:00:00.000039936,38.58,18.52,60.190002,4.3369746e-05,6.6872,280.0
2022-07-15 03:00:00.000039936,36.008,18.52,67.134995,4.3612705e-05,6.1728,275.0
2022-07-15 06:00:00.000039936,33.436,18.52,74.08,4.3612705e-05,6.1728,275.0
2022-07-15 09:00:00.000039936,32.4072,18.52,72.228004,4.3612705e-05,6.1728,275.0
2022-07-15 12:00:00.000039936,30.864,18.52,69.450005,4.385554e-05,6.6872,275.0
2022-07-15 15:00:00.000039936,28.292,24.076,69.450005,4.385554e-05,6.6872,275.0
2022-07-15 18:00:00.000039936,25.720001,27.78,69.450005,4.409823e-05,7.716,275.0
2022-07-15 21:00:00.000039936,23.148,27.78,69.450005,4.4340795e-05,8.2304,275.0
2022-07-16 00:00:00.000039936,20.576,27.78,69.450005,4.4340795e-05,8.744801,270.0
2022-07-16 03:00:00.000039936,20.576,27.78,67.598,4.4340795e-05,8.744801,270.0
2022-07-16 06:00:00.000039936,20.576,27.78,64.82,4.4340795e-05,9.2592,270.0
2022-07-16 09:00:00.000039936,20.576,27.78,64.82,4.4340795e-05,9.7736,270.0
2022-07-16 12:00:00.000039936,20.576,27.78,64.82,4.4340795e-05,10.288,270.0
2022-07-16 15:00:00.000039936,19.5472,51.856,51.392998,4.4340795e-05,10.802401,270.0
2022-07-16 18:00:00.000039936,18.004,74.08,37.04,4.4340795e-05,10.288,270.0
2022-07-16 21:00:00.000039936,18.004,64.82,32.41,4.4340795e-05,9.7736,270.0
