Time,Vmax,Rmax_IBT,R34,fcor,u_trans,v_trans
2005-07-18 12:00:00.000039936,18.004,55.56,53.245003,3.8238195e-05,4.1152,310.0
2005-07-18 15:00:00.000039936,18.004,55.56,68.524,3.897458e-05,5.144,315.0
2005-07-18 18:00:00.000039936,18.004,55.56,83.34,3.995476e-05,5.6584,320.0
2005-07-18 21:00:00.000039936,19.5472,55.56,83.34,4.093299e-05,6.1728,320.0
2005-07-19 00:00:00.000039936,20.576,55.56,83.34,4.2152973e-05,6.6872,315.0
2005-07-19 03:00:00.000039936,22.1192,55.56,94.91499,4.3369746e-05,6.6872,315.0
2005-07-19 06:00:00.000039936,23.148,55.56,106.490005,4.4340795e-05,6.6872,315.0
2005-07-19 09:00:00.000039936,24.6912,64.82,121.769,4.5309676e-05,6.1728,315.0
2005-07-19 12:00:00.000039936,25.720001,74.08,136.58499,4.651767e-05,6.6872,315.0
2005-07-19 15:00:00.000039936,28.292,64.82,138.9,4.7722115e-05,6.6872,315.0
2005-07-19 18:00:00.000039936,30.864,55.56,141.215,4.868306e-05,6.1728,310.0
2005-07-19 21:00:00.000039936,28.292,55.56,135.659,4.9641636e-05,5.6584,310.0
2005-07-20 00:00:00.000039936,25.720001,55.56,129.64,5.035898e-05,5.144,315.0
2005-07-20 03:00:00.000039936,23.148,55.56,118.064995,5.131329e-05,5.144,315.0
2005-07-20 06:00:00.000039936,20.576,55.56,106.49,5.2027382e-05,4.6296,320.0
