Time,Vmax,Rmax_IBT,R34,fcor,u_trans,v_trans
2001-07-21 18:00:00.000040448,20.576,92.6,138.9,3.280731e-05,6.1728,300.0
2001-07-21 21:00:00.000040448,23.148,92.6,138.9,3.3550914e-05,6.6872,295.0
2001-07-22 00:00:00.000040448,25.720001,92.6,138.9,3.4293596e-05,6.6872,295.0
2001-07-22 03:00:00.000040448,27.2632,70.376,138.9,3.5035337e-05,6.6872,295.0
2001-07-22 06:00:00.000040448,28.292,46.3,138.9,3.577612e-05,6.6872,295.0
2001-07-22 09:00:00.000040448,28.292,46.3,138.9,3.651592e-05,7.2016,295.0
2001-07-22 12:00:00.000040448,28.292,46.3,138.9,3.7254722e-05,7.716,295.0
2001-07-22 15:00:00.000040448,28.292,46.3,162.976,3.7992504e-05,7.716,295.0
2001-07-22 18:00:00.000040448,28.292,46.3,185.2,3.897458e-05,7.716,295.0
2001-07-22 21:00:00.000040448,28.292,46.3,185.2,3.9709896e-05,7.2016,295.0
2001-07-23 00:00:00.000040448,28.292,46.3,185.2,4.0444127e-05,6.6872,300.0
2001-07-23 03:00:00.000040448,28.292,46.3,148.16,4.1177245e-05,6.1728,300.0
2001-07-23 06:00:00.000040448,28.292,46.3,111.12,4.1909232e-05,6.1728,300.0
2001-07-23 09:00:00.000040448,28.292,46.3,111.12,4.2640077e-05,6.1728,295.0
2001-07-23 12:00:00.000040448,28.292,46.3,111.12,4.3126656e-05,5.144,295.0
2001-07-23 15:00:00.000040448,28.292,46.3,111.12,4.3612705e-05,4.1152,290.0
2001-07-23 18:00:00.000040448,28.292,46.3,111.12,4.385554e-05,4.1152,285.0
2001-07-23 21:00:00.000040448,29.835201,46.3,111.12,4.409823e-05,4.6296,285.0
2001-07-24 00:00:00.000040448,30.864,46.3,111.12,4.4340795e-05,4.1152,285.0
2001-07-24 03:00:00.000040448,30.864,42.596,101.86,4.458322e-05,4.1152,290.0
2001-07-24 06:00:00.000040448,30.864,37.04,92.6,4.506766e-05,4.1152,290.0
2001-07-24 09:00:00.000040448,32.4072,37.04,101.86,4.5309676e-05,4.6296,285.0
2001-07-24 12:00:00.000040448,33.436,37.04,111.12,4.5551555e-05,4.1152,285.0
2001-07-24 15:00:00.000040448,32.4072,37.04,111.12,4.5793287e-05,4.1152,285.0
2001-07-24 18:00:00.000040448,30.864,37.04,111.12,4.6034886e-05,3.6008,285.0
2001-07-24 21:00:00.000040448,30.864,37.04,111.12,4.627635e-05,3.6008,285.0
2001-07-25 00:00:00.000040448,30.864,37.04,111.12,4.651767e-05,3.0864,290.0
2001-07-25 03:00:00.000040448,29.835201,37.04,101.86,4.675884e-05,3.0864,290.0
2001-07-25 06:00:00.000040448,28.292,37.04,92.6,4.6999867e-05,2.572,290.0
2001-07-25 09:00:00.000040448,28.292,37.04,92.6,4.7240763e-05,2.572,295.0
2001-07-25 12:00:00.000040448,28.292,37.04,92.6,4.748151e-05,2.572,285.0
2001-07-25 15:00:00.000040448,28.292,37.04,101.86,4.748151e-05,3.0864,280.0
2001-07-25 18:00:00.000040448,28.292,37.04,111.12,4.7722115e-05,3.0864,285.0
2001-07-25 21:00:00.000040448,28.292,37.04,111.12,4.796257e-05,3.0864,290.0
2001-07-26 00:00:00.000040448,28.292,37.04,111.12,4.8202877e-05,3.0864,290.0
2001-07-26 03:00:00.000040448,28.292,33.336,104.638,4.844305e-05,3.0864,290.0
2001-07-26 06:00:00.000040448,28.292,27.78,97.229996,4.868306e-05,3.0864,290.0
2001-07-26 09:00:00.000040448,28.292,27.78,97.229996,4.892293e-05,3.0864,290.0
2001-07-26 12:00:00.000040448,28.292,27.78,97.229996,4.916265e-05,3.0864,290.0
2001-07-26 15:00:00.000040448,28.292,27.78,97.229996,4.9402213e-05,3.6008,285.0
2001-07-26 18:00:00.000040448,28.292,27.78,97.229996,4.9641636e-05,3.6008,285.0
2001-07-26 21:00:00.000040448,28.292,27.78,104.638,4.9880902e-05,4.1152,285.0
2001-07-27 00:00:00.000040448,28.292,27.78,111.119995,5.012002e-05,4.1152,290.0
2001-07-27 03:00:00.000040448,27.2632,27.78,112.046,5.035898e-05,4.1152,290.0
2001-07-27 06:00:00.000040448,25.720001,27.78,111.12,5.083645e-05,4.1152,290.0
2001-07-27 09:00:00.000040448,24.6912,27.78,101.86,5.1074945e-05,4.1152,290.0
2001-07-27 12:00:00.000040448,23.148,27.78,92.6,5.155148e-05,4.1152,295.0
2001-07-27 15:00:00.000040448,22.1192,27.78,92.6,5.2027382e-05,4.1152,300.0
2001-07-27 18:00:00.000040448,20.576,27.78,92.6,5.250265e-05,4.6296,295.0
2001-07-27 21:00:00.000040448,19.5472,27.78,92.6,5.2977284e-05,5.144,295.0
