Time,Vmax,Rmax_IBT,R34,fcor,u_trans,v_trans
2021-06-25 06:00:00.000039936,18.004,111.12,55.56,3.8238195e-05,4.1152,290.0
2021-06-25 09:00:00.000039936,19.5472,101.86,62.504997,3.872924e-05,4.1152,290.0
2021-06-25 12:00:00.000039936,20.576,92.6,69.45,3.897458e-05,4.6296,290.0
2021-06-25 15:00:00.000039936,22.1192,83.34,83.34,3.9219805e-05,4.6296,290.0
2021-06-25 18:00:00.000039936,23.148,74.08,97.229996,3.9709896e-05,4.6296,295.0
2021-06-25 21:00:00.000039936,25.720001,61.116,118.064995,4.0199502e-05,4.6296,295.0
2021-06-26 00:00:00.000039936,28.292,46.3,138.9,4.0688625e-05,4.1152,295.0
2021-06-26 03:00:00.000039936,29.835201,46.3,138.9,4.1177245e-05,3.6008,295.0
2021-06-26 06:00:00.000039936,30.864,46.3,138.9,4.142137e-05,3.6008,295.0
2021-06-26 09:00:00.000039936,33.436,42.596,138.9,4.1909232e-05,3.0864,300.0
2021-06-26 12:00:00.000039936,36.008,37.04,138.9,4.2152973e-05,3.0864,290.0
2021-06-26 15:00:00.000039936,37.5512,37.04,138.9,4.239659e-05,2.572,280.0
2021-06-26 18:00:00.000039936,38.58,37.04,138.9,4.239659e-05,2.0576,285.0
2021-06-26 21:00:00.000039936,38.58,37.04,138.9,4.2640077e-05,2.0576,305.0
2021-06-27 00:00:00.000039936,38.58,37.04,138.9,4.288343e-05,1.5432,335.0
2021-06-27 03:00:00.000039936,40.1232,37.04,152.79,4.3369746e-05,2.0576,0.0
2021-06-27 06:00:00.000039936,41.152,37.04,166.68,4.385554e-05,2.572,10.0
2021-06-27 09:00:00.000039936,41.152,37.04,171.31,4.4340795e-05,2.572,10.0
2021-06-27 12:00:00.000039936,41.152,37.04,175.94,4.506766e-05,3.0864,10.0
2021-06-27 15:00:00.000039936,41.152,37.04,168.995,4.5793287e-05,3.6008,10.0
2021-06-27 18:00:00.000039936,41.152,37.04,162.04999,4.675884e-05,3.6008,360.0
2021-06-27 21:00:00.000039936,41.152,37.04,159.73499,4.7722115e-05,3.6008,345.0
2021-06-28 00:00:00.000039936,41.152,37.04,157.42,4.844305e-05,3.0864,335.0
2021-06-28 03:00:00.000039936,40.1232,37.04,157.42,4.892293e-05,2.572,325.0
2021-06-28 06:00:00.000039936,38.58,37.04,157.42,4.9402213e-05,2.572,320.0
2021-06-28 09:00:00.000039936,37.5512,33.336,145.845,4.9880902e-05,3.0864,315.0
2021-06-28 12:00:00.000039936,36.008,27.78,134.27,5.035898e-05,2.572,310.0
2021-06-28 15:00:00.000039936,33.436,27.78,134.27,5.083645e-05,2.572,310.0
2021-06-28 18:00:00.000039936,30.864,27.78,134.27,5.1074945e-05,2.572,315.0
2021-06-28 21:00:00.000039936,28.292,27.78,122.695,5.155148e-05,2.572,325.0
2021-06-29 00:00:00.000039936,25.720001,27.78,111.12,5.2027382e-05,2.572,340.0
2021-06-29 03:00:00.000039936,24.6912,27.78,101.86,5.2740055e-05,3.0864,350.0
2021-06-29 06:00:00.000039936,23.148,27.78,92.600006,5.345127e-05,3.6008,355.0
2021-06-29 09:00:00.000039936,22.1192,27.78,64.82,5.4161024e-05,3.6008,350.0
2021-06-29 12:00:00.000039936,20.576,27.78,37.04,5.510506e-05,4.1152,340.0
2021-06-29 15:00:00.000039936,19.5472,27.78,32.41,5.6046403e-05,4.1152,325.0
2021-06-29 18:00:00.000039936,18.004,27.78,27.78,5.6750614e-05,4.6296,320.0
2021-06-29 21:00:00.000039936,18.004,27.78,20.835001,5.7453286e-05,4.6296,315.0
2021-06-30 00:00:00.000039936,18.004,27.78,13.89,5.8154368e-05,4.1152,310.0
2021-06-30 03:00:00.000039936,18.004,27.78,13.89,5.8853857e-05,3.6008,310.0
