Time,Vmax,Rmax_IBT,R34,fcor,u_trans,v_trans
2002-07-20 15:00:00.000040448,18.004,148.16,69.45,3.3798577e-05,3.0864,320.0
2002-07-20 18:00:00.000040448,20.576,185.2,138.9,3.454095e-05,4.1152,330.0
2002-07-20 21:00:00.000040448,22.1192,157.42,148.16,3.5529305e-05,4.6296,335.0
2002-07-21 00:00:00.000040448,23.148,129.64,157.42,3.651592e-05,4.6296,335.0
2002-07-21 03:00:00.000040448,24.6912,92.6,162.05,3.7500762e-05,4.6296,335.0
2002-07-21 06:00:00.000040448,25.720001,55.56,166.68001,3.8483773e-05,5.144,325.0
2002-07-21 09:00:00.000040448,27.2632,55.56,166.68001,3.9464914e-05,5.6584,315.0
2002-07-21 12:00:00.000040448,28.292,55.56,166.68001,4.0444127e-05,6.1728,305.0
2002-07-21 15:00:00.000040448,29.835201,64.82,174.088,4.1177245e-05,6.1728,295.0
2002-07-21 18:00:00.000040448,30.864,74.08,180.57,4.1665367e-05,5.144,295.0
2002-07-21 21:00:00.000040448,32.4072,61.116,200.942,4.2152973e-05,4.6296,300.0
2002-07-22 00:00:00.000040448,33.436,46.3,219.925,4.2640077e-05,4.1152,290.0
2002-07-22 03:00:00.000040448,36.008,46.3,225.018,4.288343e-05,4.1152,275.0
2002-07-22 06:00:00.000040448,38.58,46.3,229.185,4.288343e-05,4.1152,275.0
2002-07-22 09:00:00.000040448,41.152,46.3,230.574,4.3126656e-05,4.6296,275.0
2002-07-22 12:00:00.000040448,43.724,46.3,231.5,4.3126656e-05,4.1152,275.0
2002-07-22 15:00:00.000040448,45.2672,46.3,254.65,4.3126656e-05,3.6008,270.0
2002-07-22 18:00:00.000040448,46.296,46.3,277.8,4.3126656e-05,3.6008,275.0
2002-07-22 21:00:00.000040448,46.296,37.04,295.39398,4.3126656e-05,3.6008,280.0
2002-07-23 00:00:00.000040448,46.296,27.78,312.525,4.3369746e-05,3.0864,280.0
2002-07-23 03:00:00.000040448,46.296,27.78,312.525,4.3369746e-05,3.0864,280.0
2002-07-23 06:00:00.000040448,46.296,27.78,312.525,4.3612705e-05,3.0864,280.0
2002-07-23 09:00:00.000040448,45.2672,27.78,312.525,4.385554e-05,3.6008,285.0
2002-07-23 12:00:00.000040448,43.724,27.78,312.525,4.409823e-05,4.6296,295.0
2002-07-23 15:00:00.000040448,42.6952,27.78,312.525,4.4825505e-05,5.6584,300.0
2002-07-23 18:00:00.000040448,41.152,27.78,312.525,4.5551555e-05,6.6872,300.0
2002-07-23 21:00:00.000040448,41.152,51.856,306.969,4.627635e-05,7.2016,295.0
2002-07-24 00:00:00.000040448,41.152,74.08,300.94998,4.6999867e-05,7.2016,295.0
2002-07-24 03:00:00.000040448,38.58,74.08,278.263,4.7722115e-05,7.716,295.0
2002-07-24 06:00:00.000040448,36.008,74.08,254.65,4.844305e-05,7.716,295.0
2002-07-24 09:00:00.000040448,34.979202,74.08,254.65,4.916265e-05,8.2304,290.0
2002-07-24 12:00:00.000040448,33.436,74.08,254.65,4.9880902e-05,8.744801,290.0
2002-07-24 15:00:00.000040448,30.864,74.08,254.65,5.059779e-05,9.2592,285.0
2002-07-24 18:00:00.000040448,28.292,74.08,254.65,5.1074945e-05,9.2592,280.0
2002-07-24 21:00:00.000040448,27.2632,74.08,254.65,5.131329e-05,9.7736,275.0
2002-07-25 00:00:00.000040448,25.720001,74.08,254.65,5.155148e-05,9.2592,275.0
2002-07-25 03:00:00.000040448,24.6912,74.08,232.426,5.178951e-05,9.2592,275.0
2002-07-25 06:00:00.000040448,23.148,74.08,208.35,5.2027382e-05,9.2592,270.0
2002-07-25 09:00:00.000040448,20.576,74.08,208.35,5.2027382e-05,9.2592,265.0
2002-07-25 12:00:00.000040448,18.004,74.08,208.35,5.178951e-05,8.744801,265.0
2002-07-25 15:00:00.000040448,18.004,74.08,191.219,5.178951e-05,8.744801,270.0
