Time,Vmax,Rmax_IBT,R34,fcor,u_trans,v_trans
2010-06-23 06:00:00.000039936,18.004,74.08,41.67,2.857718e-05,4.6296,295.0
2010-06-23 09:00:00.000039936,20.576,64.82,58.337997,2.9076216e-05,5.144,295.0
2010-06-23 12:00:00.000039936,23.148,55.56,74.08,2.9574905e-05,5.144,285.0
2010-06-23 15:00:00.000039936,25.720001,46.3,81.951,2.9824112e-05,5.144,280.0
2010-06-23 18:00:00.000039936,28.292,37.04,87.97,3.0073232e-05,5.144,285.0
2010-06-23 21:00:00.000039936,29.835201,33.336,87.97,3.0322259e-05,5.144,285.0
2010-06-24 00:00:00.000039936,30.864,27.78,87.97,3.0820032e-05,5.144,290.0
2010-06-24 03:00:00.000039936,32.4072,27.78,84.266,3.131743e-05,4.6296,290.0
2010-06-24 06:00:00.000039936,33.436,27.78,78.71001,3.156599e-05,4.6296,285.0
2010-06-24 09:00:00.000039936,34.979202,24.076,78.71001,3.1814445e-05,4.1152,285.0
2010-06-24 12:00:00.000039936,36.008,18.52,78.71001,3.206281e-05,3.6008,280.0
2010-06-24 15:00:00.000039936,37.5512,18.52,82.877,3.206281e-05,3.6008,280.0
2010-06-24 18:00:00.000039936,38.58,18.52,85.655,3.231108e-05,3.6008,285.0
2010-06-24 21:00:00.000039936,40.1232,18.52,87.044,3.2559245e-05,3.6008,295.0
2010-06-25 00:00:00.000039936,41.152,18.52,87.97,3.305528e-05,3.6008,285.0
2010-06-25 03:00:00.000039936,43.724,18.52,90.748,3.330315e-05,3.6008,280.0
2010-06-25 06:00:00.000039936,46.296,18.52,92.59999,3.330315e-05,3.0864,285.0
2010-06-25 09:00:00.000039936,48.868,18.52,92.59999,3.3550914e-05,2.572,290.0
2010-06-25 12:00:00.000039936,51.440002,18.52,92.59999,3.3798577e-05,2.572,295.0
2010-06-25 15:00:00.000039936,52.9832,18.52,90.748,3.404614e-05,2.0576,295.0
2010-06-25 18:00:00.000039936,54.012,18.52,87.97,3.4293596e-05,2.572,290.0
2010-06-25 21:00:00.000039936,54.012,18.52,87.97,3.454095e-05,2.572,280.0
2010-06-26 00:00:00.000039936,51.440002,18.52,78.71,3.454095e-05,2.0576,255.0
2010-06-26 03:00:00.000039936,51.440002,18.52,78.71,3.4293596e-05,2.0576,245.0
2010-06-26 06:00:00.000039936,51.440002,18.52,78.71,3.404614e-05,2.0576,250.0
2010-06-26 09:00:00.000039936,50.4112,18.52,76.858,3.404614e-05,1.5432,270.0
2010-06-26 12:00:00.000039936,48.868,18.52,74.08,3.404614e-05,1.0288,275.0
2010-06-26 15:00:00.000039936,46.296,18.52,69.45,3.404614e-05,1.0288,270.0
2010-06-26 18:00:00.000039936,43.724,18.52,64.82,3.404614e-05,1.0288,270.0
2010-06-26 21:00:00.000039936,40.1232,18.52,64.82,3.404614e-05,1.0288,270.0
2010-06-27 00:00:00.000039936,36.008,18.52,64.82,3.404614e-05,1.0288,270.0
2010-06-27 03:00:00.000039936,33.436,18.52,64.82,3.404614e-05,1.0288,270.0
2010-06-27 06:00:00.000039936,30.864,18.52,64.82,3.404614e-05,0.5144,305.0
2010-06-27 09:00:00.000039936,28.292,18.52,61.116,3.404614e-05,0.5144,45.0
2010-06-27 12:00:00.000039936,25.720001,18.52,55.56,3.4293596e-05,1.5432,70.0
2010-06-27 15:00:00.000039936,23.148,18.52,55.56,3.454095e-05,2.0576,75.0
2010-06-27 18:00:00.000039936,20.576,18.52,55.56,3.454095e-05,2.0576,75.0
2010-06-27 21:00:00.000039936,19.5472,18.52,58.338,3.454095e-05,2.0576,75.0
2010-06-28 00:00:00.000039936,18.004,18.52,60.190002,3.47882e-05,3.0864,70.0
2010-06-28 03:00:00.000039936,18.004,37.04,60.190002,3.5035337e-05,4.6296,70.0
