Time,Vmax,Rmax_IBT,R34,fcor,u_trans,v_trans
2012-07-08 00:00:00.000039936,18.004,74.08,32.41,2.6076874e-05,7.2016,285.0
2012-07-08 03:00:00.000039936,19.5472,74.08,34.725,2.6327272e-05,7.2016,280.0
2012-07-08 06:00:00.000039936,20.576,74.08,37.04,2.6827835e-05,7.2016,280.0
2012-07-08 09:00:00.000039936,22.1192,64.82,48.614998,2.707799e-05,7.2016,280.0
2012-07-08 12:00:00.000039936,23.148,55.56,60.190002,2.7578055e-05,6.6872,285.0
2012-07-08 15:00:00.000039936,24.6912,55.56,74.08,2.7827968e-05,6.1728,285.0
2012-07-08 18:00:00.000039936,25.720001,55.56,87.97,2.8327528e-05,6.1728,285.0
2012-07-08 21:00:00.000039936,27.2632,51.856,92.6,2.882674e-05,6.1728,290.0
2012-07-09 00:00:00.000039936,28.292,46.3,97.229996,2.9325609e-05,5.6584,290.0
2012-07-09 03:00:00.000039936,30.864,37.04,106.49,2.9824112e-05,6.1728,290.0
2012-07-09 06:00:00.000039936,33.436,27.78,115.75,3.0322259e-05,6.1728,290.0
2012-07-09 09:00:00.000039936,38.58,27.78,125.009995,3.0820032e-05,5.6584,290.0
2012-07-09 12:00:00.000039936,43.724,27.78,134.27,3.131743e-05,5.6584,290.0
2012-07-09 15:00:00.000039936,46.296,27.78,148.16,3.1814445e-05,5.6584,290.0
2012-07-09 18:00:00.000039936,48.868,27.78,162.04999,3.231108e-05,5.144,290.0
2012-07-09 21:00:00.000039936,52.9832,27.78,164.36499,3.280731e-05,5.6584,290.0
2012-07-10 00:00:00.000039936,56.584,27.78,166.68,3.330315e-05,5.6584,295.0
2012-07-10 03:00:00.000039936,59.156002,27.78,171.31,3.3798577e-05,5.6584,290.0
2012-07-10 06:00:00.000039936,61.728,27.78,175.94,3.4293596e-05,5.144,290.0
2012-07-10 09:00:00.000039936,60.6992,27.78,175.94,3.47882e-05,4.6296,290.0
2012-07-10 12:00:00.000039936,59.156002,27.78,175.94,3.5035337e-05,4.6296,290.0
2012-07-10 15:00:00.000039936,56.584,27.78,164.36499,3.5529305e-05,4.1152,290.0
2012-07-10 18:00:00.000039936,54.012,27.78,152.79001,3.577612e-05,4.6296,285.0
2012-07-10 21:00:00.000039936,51.440002,27.78,152.79001,3.6022833e-05,4.6296,285.0
2012-07-11 00:00:00.000039936,48.868,27.78,152.79001,3.626943e-05,4.1152,280.0
2012-07-11 03:00:00.000039936,47.8392,27.78,152.79001,3.651592e-05,4.1152,275.0
2012-07-11 06:00:00.000039936,46.296,27.78,152.79001,3.651592e-05,4.1152,275.0
2012-07-11 09:00:00.000039936,47.8392,27.78,152.79001,3.651592e-05,4.6296,275.0
2012-07-11 12:00:00.000039936,48.868,27.78,152.79001,3.67623e-05,4.1152,275.0
2012-07-11 15:00:00.000039936,50.4112,27.78,152.79001,3.67623e-05,4.1152,275.0
2012-07-11 18:00:00.000039936,51.440002,27.78,152.79001,3.700857e-05,4.1152,280.0
2012-07-11 21:00:00.000039936,52.9832,27.78,152.79001,3.700857e-05,4.1152,275.0
2012-07-12 00:00:00.000039936,54.012,27.78,152.79001,3.7254722e-05,4.1152,275.0
2012-07-12 03:00:00.000039936,52.9832,27.78,148.16,3.7254722e-05,4.6296,275.0
2012-07-12 06:00:00.000039936,51.440002,27.78,143.53,3.7500762e-05,5.144,275.0
2012-07-12 09:00:00.000039936,51.440002,27.78,143.53,3.7500762e-05,5.6584,275.0
2012-07-12 12:00:00.000039936,51.440002,27.78,143.53,3.7746686e-05,5.6584,275.0
2012-07-12 15:00:00.000039936,48.868,33.336,141.215,3.7746686e-05,5.6584,275.0
2012-07-12 18:00:00.000039936,46.296,37.04,138.9,3.7992504e-05,5.6584,275.0
2012-07-12 21:00:00.000039936,43.724,37.04,138.9,3.7992504e-05,5.6584,275.0
2012-07-13 00:00:00.000039936,41.152,37.04,138.9,3.8238195e-05,5.6584,275.0
2012-07-13 03:00:00.000039936,38.58,37.04,131.95499,3.8238195e-05,6.1728,275.0
2012-07-13 06:00:00.000039936,36.008,37.04,125.009995,3.8483773e-05,6.1728,275.0
2012-07-13 09:00:00.000039936,33.436,37.04,122.69501,3.8483773e-05,6.1728,275.0
2012-07-13 12:00:00.000039936,30.864,37.04,120.380005,3.872924e-05,6.1728,275.0
2012-07-13 15:00:00.000039936,28.292,37.04,111.119995,3.872924e-05,6.1728,275.0
2012-07-13 18:00:00.000039936,25.720001,37.04,101.86,3.897458e-05,6.1728,275.0
2012-07-13 21:00:00.000039936,24.6912,37.04,94.91501,3.9219805e-05,6.6872,275.0
2012-07-14 00:00:00.000039936,23.148,37.04,87.97,3.9219805e-05,6.6872,270.0
2012-07-14 03:00:00.000039936,23.148,37.04,83.34,3.9219805e-05,6.6872,270.0
2012-07-14 06:00:00.000039936,23.148,37.04,78.71001,3.9219805e-05,6.6872,270.0
2012-07-14 09:00:00.000039936,23.148,37.04,76.395004,3.9219805e-05,6.6872,270.0
2012-07-14 12:00:00.000039936,23.148,37.04,74.08,3.9219805e-05,7.2016,270.0
2012-07-14 15:00:00.000039936,22.1192,37.04,74.08,3.9219805e-05,7.2016,270.0
2012-07-14 18:00:00.000039936,20.576,37.04,74.08,3.9219805e-05,7.716,270.0
2012-07-14 21:00:00.000039936,19.5472,46.3,62.505005,3.9219805e-05,7.716,270.0
2012-07-15 00:00:00.000039936,18.004,55.56,50.93,3.9219805e-05,8.2304,270.0
2012-07-15 03:00:00.000039936,18.004,55.56,50.93,3.9219805e-05,8.2304,270.0
2012-07-15 06:00:00.000039936,18.004,55.56,50.93,3.9219805e-05,8.744801,270.0
2012-07-15 09:00:00.000039936,18.004,55.56,39.355,3.9219805e-05,8.2304,265.0
