Time,Vmax,Rmax_IBT,R34,fcor,u_trans,v_trans
2020-07-07 06:00:00.000039936,18.004,37.04,27.78,2.882674e-05,5.6584,305.0
2020-07-07 09:00:00.000039936,18.004,37.04,27.78,2.9574905e-05,5.6584,305.0
2020-07-07 12:00:00.000039936,18.004,37.04,27.78,3.0322259e-05,5.6584,310.0
2020-07-07 15:00:00.000039936,19.5472,37.04,34.725002,3.1068776e-05,5.6584,310.0
2020-07-07 18:00:00.000039936,20.576,37.04,41.670002,3.206281e-05,6.1728,305.0
2020-07-07 21:00:00.000039936,20.576,37.04,41.670002,3.280731e-05,6.6872,295.0
2020-07-08 00:00:00.000039936,20.576,37.04,41.670002,3.3550914e-05,6.6872,295.0
2020-07-08 03:00:00.000039936,20.576,37.04,34.725002,3.404614e-05,6.6872,295.0
2020-07-08 06:00:00.000039936,20.576,37.04,27.78,3.47882e-05,6.1728,295.0
2020-07-08 09:00:00.000039936,22.1192,37.04,32.41,3.5529305e-05,5.6584,300.0
2020-07-08 12:00:00.000039936,23.148,37.04,37.04,3.626943e-05,6.1728,305.0
2020-07-08 15:00:00.000039936,23.148,42.596,46.3,3.700857e-05,6.1728,305.0
2020-07-08 18:00:00.000039936,23.148,46.3,55.559998,3.7992504e-05,5.6584,310.0
2020-07-08 21:00:00.000039936,24.6912,46.3,74.08,3.872924e-05,5.144,315.0
2020-07-09 00:00:00.000039936,25.720001,46.3,92.6,3.9709896e-05,5.144,315.0
2020-07-09 03:00:00.000039936,25.720001,46.3,94.915,4.0688625e-05,5.144,315.0
2020-07-09 06:00:00.000039936,25.720001,46.3,97.229996,4.142137e-05,4.6296,315.0
2020-07-09 09:00:00.000039936,25.720001,46.3,101.86,4.2152973e-05,4.6296,310.0
2020-07-09 12:00:00.000039936,25.720001,46.3,106.490005,4.288343e-05,4.1152,305.0
2020-07-09 15:00:00.000039936,27.2632,46.3,111.119995,4.3369746e-05,4.1152,300.0
2020-07-09 18:00:00.000039936,28.292,46.3,115.75,4.385554e-05,4.6296,305.0
2020-07-09 21:00:00.000039936,28.292,46.3,115.75,4.458322e-05,5.144,305.0
2020-07-10 00:00:00.000039936,28.292,46.3,115.75,4.5309676e-05,5.144,300.0
2020-07-10 03:00:00.000039936,28.292,46.3,120.38,4.5793287e-05,5.144,295.0
2020-07-10 06:00:00.000039936,28.292,46.3,125.009995,4.627635e-05,5.6584,295.0
2020-07-10 09:00:00.000039936,28.292,46.3,129.63998,4.675884e-05,6.1728,295.0
2020-07-10 12:00:00.000039936,28.292,46.3,134.27,4.748151e-05,6.1728,290.0
2020-07-10 15:00:00.000039936,29.835201,46.3,141.215,4.796257e-05,6.1728,290.0
2020-07-10 18:00:00.000039936,30.864,46.3,148.16,4.844305e-05,6.6872,290.0
2020-07-10 21:00:00.000039936,30.864,46.3,148.16,4.916265e-05,6.6872,290.0
2020-07-11 00:00:00.000039936,30.864,46.3,148.16,4.9641636e-05,7.2016,290.0
2020-07-11 03:00:00.000039936,29.835201,46.3,141.215,5.012002e-05,7.2016,280.0
2020-07-11 06:00:00.000039936,28.292,46.3,134.27,5.035898e-05,7.2016,280.0
2020-07-11 09:00:00.000039936,27.2632,46.3,129.64,5.059779e-05,6.6872,275.0
2020-07-11 12:00:00.000039936,25.720001,46.3,125.01,5.059779e-05,6.6872,270.0
2020-07-11 15:00:00.000039936,24.6912,46.3,118.064995,5.059779e-05,6.1728,270.0
2020-07-11 18:00:00.000039936,23.148,46.3,111.119995,5.059779e-05,6.1728,270.0
2020-07-11 21:00:00.000039936,23.148,46.3,101.86,5.059779e-05,6.1728,275.0
2020-07-12 00:00:00.000039936,23.148,46.3,92.600006,5.083645e-05,5.6584,275.0
2020-07-12 03:00:00.000039936,22.1192,46.3,83.34,5.083645e-05,5.144,275.0
2020-07-12 06:00:00.000039936,20.576,46.3,74.08,5.1074945e-05,5.144,275.0
2020-07-12 09:00:00.000039936,19.5472,46.3,55.559998,5.131329e-05,4.6296,275.0
2020-07-12 12:00:00.000039936,18.004,46.3,37.04,5.131329e-05,5.144,275.0
2020-07-12 15:00:00.000039936,18.004,46.3,37.04,5.131329e-05,5.144,270.0
