Time,Vmax,Rmax_IBT,R34,fcor,u_trans,v_trans
2023-08-05 18:00:00.000039936,18.004,74.08,69.45,4.675884e-05,6.1728,310.0
2023-08-05 21:00:00.000039936,20.576,64.82,74.08,4.7722115e-05,6.1728,310.0
2023-08-06 00:00:00.000039936,23.148,55.56,78.71,4.868306e-05,6.6872,310.0
2023-08-06 03:00:00.000039936,27.2632,46.3,83.34,4.9641636e-05,6.6872,310.0
2023-08-06 06:00:00.000039936,30.864,37.04,87.97,5.059779e-05,7.2016,310.0
2023-08-06 09:00:00.000039936,30.864,33.336,90.285,5.178951e-05,7.716,310.0
2023-08-06 12:00:00.000039936,30.864,27.78,92.6,5.2977284e-05,8.2304,305.0
2023-08-06 15:00:00.000039936,30.864,27.78,92.6,5.392461e-05,8.744801,300.0
2023-08-06 18:00:00.000039936,30.864,27.78,92.6,5.4869302e-05,8.744801,300.0
2023-08-06 21:00:00.000039936,28.292,27.78,92.6,5.6046403e-05,8.744801,300.0
2023-08-07 00:00:00.000039936,25.720001,27.78,92.6,5.698501e-05,9.2592,300.0
2023-08-07 03:00:00.000039936,24.6912,33.336,76.395004,5.7920843e-05,9.2592,295.0
2023-08-07 06:00:00.000039936,23.148,37.04,60.190002,5.862087e-05,9.2592,290.0
2023-08-07 09:00:00.000039936,20.576,37.04,55.56,5.9319285e-05,9.2592,290.0
