Time,Vmax,Rmax_IBT,R34,fcor,u_trans,v_trans
2011-08-16 06:00:00.000039936,18.004,74.08,13.89,3.0820032e-05,4.1152,260.0
2011-08-16 09:00:00.000039936,19.5472,55.56,34.725002,3.0571195e-05,4.1152,250.0
2011-08-16 12:00:00.000039936,20.576,37.04,55.56,3.0073232e-05,4.6296,250.0
2011-08-16 15:00:00.000039936,22.1192,37.04,78.71,2.9574905e-05,4.6296,250.0
2011-08-16 18:00:00.000039936,23.148,37.04,101.86,2.9325609e-05,4.6296,260.0
2011-08-16 21:00:00.000039936,23.148,37.04,101.86,2.9325609e-05,4.1152,270.0
2011-08-17 00:00:00.000039936,23.148,37.04,101.86,2.9325609e-05,3.6008,270.0
2011-08-17 03:00:00.000039936,23.148,37.04,101.86,2.9325609e-05,3.6008,270.0
2011-08-17 06:00:00.000039936,23.148,37.04,101.86,2.9325609e-05,3.6008,280.0
2011-08-17 09:00:00.000039936,23.148,37.04,101.86,2.9574905e-05,3.6008,285.0
2011-08-17 12:00:00.000039936,23.148,37.04,101.86,2.9824112e-05,3.6008,285.0
2011-08-17 15:00:00.000039936,23.148,37.04,97.23,3.0073232e-05,3.6008,285.0
2011-08-17 18:00:00.000039936,23.148,37.04,92.6,3.0322259e-05,4.1152,290.0
2011-08-17 21:00:00.000039936,24.6912,37.04,90.285,3.0820032e-05,4.6296,295.0
2011-08-18 00:00:00.000039936,25.720001,37.04,87.97,3.131743e-05,4.6296,300.0
2011-08-18 03:00:00.000039936,28.292,37.04,87.97,3.1814445e-05,4.1152,305.0
2011-08-18 06:00:00.000039936,30.864,37.04,87.97,3.2559245e-05,5.144,305.0
2011-08-18 09:00:00.000039936,30.864,37.04,87.97,3.330315e-05,5.6584,305.0
2011-08-18 12:00:00.000039936,30.864,37.04,87.97,3.404614e-05,5.6584,300.0
2011-08-18 15:00:00.000039936,29.835201,37.04,92.6,3.47882e-05,5.144,300.0
2011-08-18 18:00:00.000039936,28.292,37.04,97.229996,3.5282377e-05,5.144,300.0
2011-08-18 21:00:00.000039936,28.292,37.04,97.229996,3.6022833e-05,5.144,300.0
2011-08-19 00:00:00.000039936,28.292,37.04,97.229996,3.651592e-05,5.144,295.0
2011-08-19 03:00:00.000039936,25.720001,37.04,97.229996,3.700857e-05,5.144,285.0
2011-08-19 06:00:00.000039936,23.148,37.04,97.229996,3.7254722e-05,4.6296,285.0
2011-08-19 09:00:00.000039936,20.576,46.3,90.285,3.7500762e-05,4.6296,290.0
