Time,Vmax,Rmax_IBT,R34,fcor,u_trans,v_trans
2002-07-23 18:00:00.000040448,23.148,92.6,138.9,3.0820032e-05,9.7736,270.0
2002-07-23 21:00:00.000040448,25.720001,74.08,174.088,3.0820032e-05,9.2592,265.0
2002-07-24 00:00:00.000040448,28.292,55.56,208.34999,3.0571195e-05,8.2304,270.0
2002-07-24 03:00:00.000040448,32.4072,51.856,237.519,3.0820032e-05,7.2016,280.0
2002-07-24 06:00:00.000040448,36.008,46.3,266.225,3.1068776e-05,7.2016,285.0
2002-07-24 09:00:00.000040448,46.296,46.3,266.225,3.156599e-05,7.2016,285.0
2002-07-24 12:00:00.000040448,56.584,46.3,266.225,3.206281e-05,7.716,290.0
2002-07-24 15:00:00.000040448,59.156002,37.04,266.225,3.2559245e-05,7.716,290.0
2002-07-24 18:00:00.000040448,61.728,27.78,266.225,3.330315e-05,7.716,290.0
2002-07-24 21:00:00.000040448,64.3,27.78,295.394,3.404614e-05,7.716,295.0
2002-07-25 00:00:00.000040448,66.872,27.78,324.09998,3.47882e-05,7.716,290.0
2002-07-25 03:00:00.000040448,69.444,24.076,272.707,3.5529305e-05,7.716,290.0
2002-07-25 06:00:00.000040448,72.016,18.52,219.92499,3.6022833e-05,7.716,285.0
2002-07-25 09:00:00.000040448,69.444,18.52,219.92499,3.651592e-05,7.716,285.0
2002-07-25 12:00:00.000040448,66.872,18.52,219.92499,3.700857e-05,7.716,285.0
2002-07-25 15:00:00.000040448,63.271202,18.52,243.538,3.7500762e-05,7.716,280.0
2002-07-25 18:00:00.000040448,59.156002,18.52,266.225,3.7746686e-05,7.2016,280.0
2002-07-25 21:00:00.000040448,56.584,18.52,266.225,3.7992504e-05,6.6872,275.0
2002-07-26 00:00:00.000040448,54.012,18.52,266.225,3.7992504e-05,5.6584,275.0
2002-07-26 03:00:00.000040448,52.9832,18.52,255.113,3.7992504e-05,5.6584,275.0
2002-07-26 06:00:00.000040448,51.440002,18.52,243.075,3.8238195e-05,5.6584,280.0
2002-07-26 09:00:00.000040448,51.440002,18.52,243.075,3.8483773e-05,5.6584,285.0
2002-07-26 12:00:00.000040448,51.440002,18.52,243.075,3.897458e-05,5.6584,290.0
2002-07-26 15:00:00.000040448,50.4112,33.336,243.075,3.9464914e-05,6.1728,295.0
2002-07-26 18:00:00.000040448,48.868,46.3,243.075,4.0199502e-05,6.1728,295.0
2002-07-26 21:00:00.000040448,46.296,46.3,243.075,4.0688625e-05,5.6584,290.0
2002-07-27 00:00:00.000040448,43.724,46.3,243.075,4.1177245e-05,5.6584,290.0
2002-07-27 03:00:00.000040448,41.152,46.3,237.982,4.1665367e-05,5.144,295.0
2002-07-27 06:00:00.000040448,38.58,46.3,231.5,4.2152973e-05,5.6584,295.0
2002-07-27 09:00:00.000040448,36.008,46.3,231.5,4.2640077e-05,6.1728,295.0
2002-07-27 12:00:00.000040448,33.436,46.3,231.5,4.3369746e-05,6.1728,295.0
2002-07-27 15:00:00.000040448,32.4072,46.3,231.5,4.385554e-05,6.1728,295.0
2002-07-27 18:00:00.000040448,30.864,46.3,231.5,4.458322e-05,6.1728,295.0
2002-07-27 21:00:00.000040448,29.835201,46.3,231.5,4.5309676e-05,6.1728,300.0
2002-07-28 00:00:00.000040448,28.292,46.3,231.5,4.6034886e-05,5.6584,305.0
2002-07-28 03:00:00.000040448,28.292,46.3,218.53601,4.675884e-05,5.144,310.0
2002-07-28 06:00:00.000040448,28.292,46.3,203.72,4.748151e-05,5.144,315.0
2002-07-28 09:00:00.000040448,28.292,46.3,203.72,4.844305e-05,5.6584,315.0
2002-07-28 12:00:00.000040448,28.292,46.3,203.72,4.9402213e-05,5.6584,315.0
2002-07-28 15:00:00.000040448,27.2632,46.3,203.72,5.035898e-05,5.6584,315.0
2002-07-28 18:00:00.000040448,25.720001,46.3,203.72,5.131329e-05,6.1728,315.0
2002-07-28 21:00:00.000040448,24.6912,46.3,208.35,5.22651e-05,6.1728,315.0
2002-07-29 00:00:00.000040448,23.148,46.3,212.98,5.345127e-05,6.6872,325.0
2002-07-29 03:00:00.000040448,22.1192,51.856,193.534,5.4633376e-05,6.6872,330.0
2002-07-29 06:00:00.000040448,20.576,55.56,173.625,5.6046403e-05,6.6872,330.0
2002-07-29 09:00:00.000040448,19.5472,61.116,145.38199,5.721923e-05,6.1728,335.0
