Time,Vmax,Rmax_IBT,R34,fcor,u_trans,v_trans
2015-07-13 06:00:00.000039936,18.004,74.08,46.3,3.700857e-05,4.6296,340.0
2015-07-13 09:00:00.000039936,18.004,74.08,50.93,3.7992504e-05,5.144,335.0
2015-07-13 12:00:00.000039936,18.004,74.08,55.56,3.9219805e-05,5.144,330.0
2015-07-13 15:00:00.000039936,18.004,74.08,55.56,4.0199502e-05,5.144,315.0
2015-07-13 18:00:00.000039936,18.004,74.08,55.56,4.093299e-05,4.6296,305.0
2015-07-13 21:00:00.000039936,18.004,74.08,55.56,4.142137e-05,4.6296,300.0
2015-07-14 00:00:00.000039936,18.004,74.08,55.56,4.1909232e-05,4.1152,295.0
2015-07-14 03:00:00.000039936,19.5472,74.08,62.504997,4.239659e-05,4.1152,300.0
2015-07-14 06:00:00.000039936,20.576,74.08,69.45,4.288343e-05,4.1152,300.0
2015-07-14 09:00:00.000039936,20.576,74.08,69.45,4.3369746e-05,4.1152,300.0
2015-07-14 12:00:00.000039936,20.576,74.08,69.45,4.385554e-05,4.1152,300.0
2015-07-14 15:00:00.000039936,22.1192,74.08,67.135,4.4340795e-05,4.1152,300.0
2015-07-14 18:00:00.000039936,23.148,74.08,64.82,4.4825505e-05,4.1152,295.0
2015-07-14 21:00:00.000039936,23.148,74.08,64.82,4.5309676e-05,4.1152,290.0
2015-07-15 00:00:00.000039936,23.148,74.08,64.82,4.5551555e-05,4.6296,290.0
2015-07-15 03:00:00.000039936,23.148,74.08,64.82,4.5793287e-05,4.6296,290.0
2015-07-15 06:00:00.000039936,23.148,74.08,64.82,4.627635e-05,4.6296,290.0
2015-07-15 09:00:00.000039936,22.1192,74.08,64.82,4.675884e-05,4.1152,290.0
2015-07-15 12:00:00.000039936,20.576,74.08,64.82,4.6999867e-05,3.6008,290.0
2015-07-15 15:00:00.000039936,19.5472,74.08,64.82,4.7240763e-05,3.6008,285.0
2015-07-15 18:00:00.000039936,18.004,74.08,64.82,4.748151e-05,3.6008,280.0
2015-07-15 21:00:00.000039936,18.004,74.08,64.82,4.748151e-05,3.6008,280.0
2015-07-16 00:00:00.000039936,18.004,74.08,64.82,4.7722115e-05,3.6008,280.0
2015-07-16 03:00:00.000039936,18.004,74.08,64.82,4.796257e-05,3.6008,285.0
2015-07-16 06:00:00.000039936,18.004,74.08,64.82,4.8202877e-05,3.6008,295.0
2015-07-16 09:00:00.000039936,18.004,92.6,55.56,4.868306e-05,3.6008,305.0
2015-07-16 12:00:00.000039936,18.004,111.12,46.3,4.916265e-05,3.0864,310.0
2015-07-16 15:00:00.000039936,18.004,111.12,46.3,4.9641636e-05,3.0864,315.0
2015-07-16 18:00:00.000039936,18.004,111.12,46.3,5.012002e-05,2.572,315.0
2015-07-16 21:00:00.000039936,18.004,111.12,46.3,5.059779e-05,2.572,310.0
2015-07-17 00:00:00.000039936,18.004,111.12,46.3,5.083645e-05,2.0576,300.0
2015-07-17 03:00:00.000039936,18.004,92.6,46.3,5.1074945e-05,2.0576,285.0
