Time,Vmax,Rmax_IBT,R34,fcor,u_trans,v_trans
2013-07-25 06:00:00.000039936,18.004,55.56,13.89,3.7500762e-05,8.744801,270.0
2013-07-25 09:00:00.000039936,18.004,55.56,20.835001,3.7500762e-05,8.2304,270.0
2013-07-25 12:00:00.000039936,18.004,55.56,27.78,3.7500762e-05,7.716,265.0
2013-07-25 15:00:00.000039936,19.5472,55.56,55.559998,3.7254722e-05,7.716,265.0
2013-07-25 18:00:00.000039936,20.576,55.56,83.340004,3.7254722e-05,7.716,275.0
2013-07-25 21:00:00.000039936,20.576,55.56,83.340004,3.7500762e-05,8.2304,280.0
2013-07-26 00:00:00.000039936,20.576,55.56,83.340004,3.7992504e-05,8.2304,285.0
2013-07-26 03:00:00.000039936,22.1192,55.56,83.340004,3.8483773e-05,8.2304,285.0
2013-07-26 06:00:00.000039936,23.148,55.56,83.340004,3.897458e-05,8.2304,285.0
2013-07-26 09:00:00.000039936,23.148,46.3,83.340004,3.9464914e-05,8.744801,285.0
2013-07-26 12:00:00.000039936,23.148,37.04,83.340004,3.995476e-05,8.744801,285.0
2013-07-26 15:00:00.000039936,24.6912,37.04,83.340004,4.0444127e-05,8.744801,285.0
2013-07-26 18:00:00.000039936,25.720001,37.04,83.340004,4.093299e-05,8.744801,285.0
2013-07-26 21:00:00.000039936,25.720001,37.04,83.340004,4.142137e-05,8.744801,285.0
2013-07-27 00:00:00.000039936,25.720001,37.04,83.340004,4.2152973e-05,8.744801,285.0
2013-07-27 03:00:00.000039936,27.2632,37.04,104.175,4.2640077e-05,8.744801,285.0
2013-07-27 06:00:00.000039936,28.292,37.04,125.01,4.3126656e-05,8.744801,285.0
2013-07-27 09:00:00.000039936,29.835201,37.04,138.9,4.3612705e-05,8.744801,285.0
2013-07-27 12:00:00.000039936,30.864,37.04,152.79,4.4340795e-05,9.2592,290.0
2013-07-27 15:00:00.000039936,29.835201,37.04,150.475,4.506766e-05,9.7736,290.0
2013-07-27 18:00:00.000039936,28.292,37.04,148.16,4.6034886e-05,10.288,290.0
2013-07-27 21:00:00.000039936,27.2632,37.04,138.9,4.675884e-05,10.802401,285.0
2013-07-28 00:00:00.000039936,25.720001,37.04,129.64,4.7240763e-05,10.288,280.0
2013-07-28 03:00:00.000039936,25.720001,42.596,129.64,4.7722115e-05,9.7736,280.0
2013-07-28 06:00:00.000039936,25.720001,46.3,129.64,4.8202877e-05,9.2592,285.0
2013-07-28 09:00:00.000039936,27.2632,46.3,138.9,4.868306e-05,8.744801,285.0
2013-07-28 12:00:00.000039936,28.292,46.3,148.16,4.916265e-05,8.2304,280.0
2013-07-28 15:00:00.000039936,27.2632,46.3,138.9,4.9402213e-05,8.2304,275.0
2013-07-28 18:00:00.000039936,25.720001,46.3,129.64,4.9402213e-05,8.2304,270.0
2013-07-28 21:00:00.000039936,25.720001,46.3,125.009995,4.916265e-05,8.2304,265.0
2013-07-29 00:00:00.000039936,25.720001,46.3,120.380005,4.916265e-05,8.2304,270.0
2013-07-29 03:00:00.000039936,24.6912,51.856,106.49,4.9402213e-05,8.2304,275.0
2013-07-29 06:00:00.000039936,23.148,55.56,92.6,4.9641636e-05,8.2304,280.0
2013-07-29 09:00:00.000039936,22.1192,61.116,83.34,4.9880902e-05,7.716,280.0
2013-07-29 12:00:00.000039936,20.576,64.82,74.08,5.035898e-05,7.716,280.0
2013-07-29 15:00:00.000039936,19.5472,64.82,69.45,5.059779e-05,7.2016,280.0
