Time,Vmax,Rmax_IBT,R34,fcor,u_trans,v_trans
2017-07-12 18:00:00.000039936,18.004,37.04,27.78,3.0073232e-05,4.1152,265.0
2017-07-12 21:00:00.000039936,19.5472,37.04,37.04,2.9824112e-05,4.1152,265.0
2017-07-13 00:00:00.000039936,20.576,37.04,46.3,2.9824112e-05,4.1152,265.0
2017-07-13 03:00:00.000039936,22.1192,33.336,53.245003,2.9824112e-05,4.6296,265.0
2017-07-13 06:00:00.000039936,23.148,27.78,60.190002,2.9574905e-05,5.144,260.0
2017-07-13 09:00:00.000039936,25.720001,27.78,62.505,2.9325609e-05,5.144,260.0
2017-07-13 12:00:00.000039936,28.292,27.78,64.82001,2.9076216e-05,5.144,260.0
2017-07-13 15:00:00.000039936,30.864,27.78,76.395,2.882674e-05,5.144,260.0
2017-07-13 18:00:00.000039936,33.436,27.78,87.97,2.857718e-05,5.144,260.0
2017-07-13 21:00:00.000039936,36.008,27.78,90.285,2.8327528e-05,5.144,260.0
2017-07-14 00:00:00.000039936,38.58,27.78,92.6,2.807779e-05,4.6296,260.0
2017-07-14 03:00:00.000039936,41.152,27.78,92.6,2.7827968e-05,4.6296,265.0
2017-07-14 06:00:00.000039936,43.724,27.78,92.6,2.7827968e-05,4.6296,260.0
2017-07-14 09:00:00.000039936,46.296,27.78,97.229996,2.7578055e-05,4.6296,255.0
2017-07-14 12:00:00.000039936,48.868,27.78,101.86,2.7328068e-05,4.6296,260.0
2017-07-14 15:00:00.000039936,52.9832,27.78,104.175,2.707799e-05,5.144,265.0
2017-07-14 18:00:00.000039936,56.584,27.78,106.49,2.707799e-05,5.144,265.0
2017-07-14 21:00:00.000039936,60.6992,24.076,108.805,2.707799e-05,5.144,270.0
2017-07-15 00:00:00.000039936,64.3,18.52,111.12,2.707799e-05,5.144,275.0
2017-07-15 03:00:00.000039936,64.3,18.52,111.12,2.707799e-05,5.144,275.0
2017-07-15 06:00:00.000039936,64.3,18.52,111.12,2.7328068e-05,5.144,280.0
2017-07-15 09:00:00.000039936,63.271202,18.52,115.75,2.7578055e-05,5.144,280.0
2017-07-15 12:00:00.000039936,61.728,18.52,120.380005,2.7827968e-05,5.6584,285.0
2017-07-15 15:00:00.000039936,60.6992,18.52,125.009995,2.807779e-05,6.1728,285.0
2017-07-15 18:00:00.000039936,59.156002,18.52,129.64,2.857718e-05,6.1728,285.0
2017-07-15 21:00:00.000039936,59.156002,18.52,131.955,2.882674e-05,6.1728,285.0
2017-07-16 00:00:00.000039936,59.156002,18.52,134.27,2.9325609e-05,6.1728,285.0
2017-07-16 03:00:00.000039936,59.156002,18.52,138.9,2.9574905e-05,5.6584,285.0
2017-07-16 06:00:00.000039936,59.156002,18.52,143.53,3.0073232e-05,5.6584,285.0
2017-07-16 09:00:00.000039936,59.156002,18.52,143.53,3.0322259e-05,5.6584,285.0
2017-07-16 12:00:00.000039936,59.156002,18.52,143.53,3.0820032e-05,5.6584,285.0
2017-07-16 15:00:00.000039936,59.156002,18.52,148.16,3.1068776e-05,5.144,285.0
2017-07-16 18:00:00.000039936,59.156002,18.52,152.79001,3.156599e-05,5.144,290.0
2017-07-16 21:00:00.000039936,58.1272,18.52,155.10501,3.1814445e-05,4.6296,290.0
2017-07-17 00:00:00.000039936,56.584,18.52,157.42001,3.231108e-05,4.6296,290.0
2017-07-17 03:00:00.000039936,56.584,18.52,157.42001,3.2559245e-05,4.6296,290.0
2017-07-17 06:00:00.000039936,56.584,18.52,157.42001,3.305528e-05,4.6296,295.0
2017-07-17 09:00:00.000039936,55.5552,18.52,159.73502,3.3550914e-05,4.6296,295.0
2017-07-17 12:00:00.000039936,54.012,18.52,162.04999,3.404614e-05,4.1152,300.0
2017-07-17 15:00:00.000039936,52.9832,18.52,162.04999,3.454095e-05,4.1152,300.0
2017-07-17 18:00:00.000039936,51.440002,18.52,162.04999,3.5035337e-05,4.1152,305.0
2017-07-17 21:00:00.000039936,50.4112,18.52,162.04999,3.5529305e-05,4.1152,310.0
2017-07-18 00:00:00.000039936,48.868,18.52,162.04999,3.626943e-05,4.1152,310.0
2017-07-18 03:00:00.000039936,47.8392,18.52,162.04999,3.67623e-05,4.1152,310.0
2017-07-18 06:00:00.000039936,46.296,18.52,162.04999,3.7500762e-05,3.6008,315.0
2017-07-18 09:00:00.000039936,46.296,24.076,159.73502,3.7992504e-05,3.6008,315.0
2017-07-18 12:00:00.000039936,46.296,27.78,157.42001,3.872924e-05,3.6008,315.0
2017-07-18 15:00:00.000039936,46.296,27.78,152.79001,3.9219805e-05,4.1152,310.0
2017-07-18 18:00:00.000039936,46.296,27.78,148.16,3.995476e-05,4.1152,310.0
2017-07-18 21:00:00.000039936,45.2672,27.78,143.53,4.0688625e-05,4.1152,310.0
2017-07-19 00:00:00.000039936,43.724,27.78,138.9,4.1177245e-05,3.6008,310.0
2017-07-19 03:00:00.000039936,42.6952,27.78,131.955,4.1665367e-05,3.6008,305.0
2017-07-19 06:00:00.000039936,41.152,27.78,125.01,4.2152973e-05,3.6008,300.0
2017-07-19 09:00:00.000039936,40.1232,27.78,125.01,4.2640077e-05,3.0864,300.0
2017-07-19 12:00:00.000039936,38.58,27.78,125.01,4.288343e-05,3.0864,295.0
2017-07-19 15:00:00.000039936,37.5512,27.78,122.695,4.3126656e-05,3.0864,300.0
2017-07-19 18:00:00.000039936,36.008,27.78,120.380005,4.3612705e-05,3.6008,295.0
2017-07-19 21:00:00.000039936,34.979202,27.78,120.380005,4.385554e-05,3.6008,295.0
2017-07-20 00:00:00.000039936,33.436,27.78,120.380005,4.4340795e-05,4.1152,295.0
2017-07-20 03:00:00.000039936,32.4072,27.78,120.380005,4.4825505e-05,4.6296,290.0
2017-07-20 06:00:00.000039936,30.864,27.78,120.380005,4.506766e-05,5.144,280.0
2017-07-20 09:00:00.000039936,29.835201,33.336,120.380005,4.5309676e-05,5.6584,275.0
2017-07-20 12:00:00.000039936,28.292,37.04,120.380005,4.5309676e-05,6.1728,270.0
2017-07-20 15:00:00.000039936,25.720001,37.04,118.065,4.5309676e-05,5.6584,270.0
2017-07-20 18:00:00.000039936,23.148,37.04,115.75,4.5309676e-05,5.144,275.0
2017-07-20 21:00:00.000039936,23.148,46.3,106.490005,4.5551555e-05,5.144,280.0
2017-07-21 00:00:00.000039936,23.148,55.56,97.229996,4.5793287e-05,5.6584,280.0
2017-07-21 03:00:00.000039936,23.148,55.56,97.229996,4.6034886e-05,5.6584,275.0
2017-07-21 06:00:00.000039936,23.148,55.56,97.229996,4.6034886e-05,5.6584,275.0
2017-07-21 09:00:00.000039936,22.1192,55.56,92.6,4.6034886e-05,5.144,275.0
2017-07-21 12:00:00.000039936,20.576,55.56,87.97,4.627635e-05,4.6296,275.0
2017-07-21 15:00:00.000039936,19.5472,55.56,87.97,4.627635e-05,3.6008,280.0
2017-07-21 18:00:00.000039936,18.004,55.56,87.97,4.651767e-05,2.572,280.0
2017-07-21 21:00:00.000039936,18.004,55.56,67.135,4.651767e-05,2.572,280.0
2017-07-22 00:00:00.000039936,18.004,55.56,46.3,4.675884e-05,2.572,290.0
2017-07-22 03:00:00.000039936,18.004,55.56,46.3,4.6999867e-05,2.572,295.0
2017-07-22 06:00:00.000039936,18.004,55.56,46.3,4.7240763e-05,3.6008,285.0
2017-07-22 09:00:00.000039936,18.004,61.116,41.67,4.748151e-05,5.144,280.0
