Time,Vmax,Rmax_IBT,R34,fcor,u_trans,v_trans
2012-07-12 06:00:00.000039936,18.004,74.08,37.04,3.404614e-05,4.6296,280.0
2012-07-12 09:00:00.000039936,19.5472,64.82,43.985,3.4293596e-05,4.1152,275.0
2012-07-12 12:00:00.000039936,20.576,55.56,50.93,3.4293596e-05,4.1152,275.0
2012-07-12 15:00:00.000039936,22.1192,74.08,55.56,3.4293596e-05,4.6296,275.0
2012-07-12 18:00:00.000039936,23.148,92.6,60.190002,3.454095e-05,4.6296,275.0
2012-07-12 21:00:00.000039936,24.6912,64.82,83.34,3.454095e-05,4.6296,275.0
2012-07-13 00:00:00.000039936,25.720001,37.04,106.490005,3.47882e-05,4.6296,285.0
2012-07-13 03:00:00.000039936,27.2632,51.856,127.325,3.5282377e-05,4.6296,295.0
2012-07-13 06:00:00.000039936,28.292,64.82,148.16,3.577612e-05,4.6296,305.0
2012-07-13 09:00:00.000039936,29.835201,70.376,148.16,3.651592e-05,5.144,310.0
2012-07-13 12:00:00.000039936,30.864,74.08,148.16,3.7254722e-05,5.144,305.0
2012-07-13 15:00:00.000039936,33.436,55.56,150.47499,3.7992504e-05,4.6296,305.0
2012-07-13 18:00:00.000039936,36.008,37.04,152.79,3.8483773e-05,4.6296,295.0
2012-07-13 21:00:00.000039936,37.5512,37.04,157.42,3.897458e-05,4.6296,290.0
2012-07-14 00:00:00.000039936,38.58,37.04,162.05,3.9219805e-05,5.144,285.0
2012-07-14 03:00:00.000039936,38.58,33.336,162.05,3.9709896e-05,5.144,285.0
2012-07-14 06:00:00.000039936,38.58,27.78,162.05,3.995476e-05,5.144,285.0
2012-07-14 09:00:00.000039936,40.1232,27.78,164.365,4.0199502e-05,4.6296,285.0
2012-07-14 12:00:00.000039936,41.152,27.78,166.68,4.0444127e-05,4.6296,280.0
2012-07-14 15:00:00.000039936,42.6952,27.78,168.995,4.0688625e-05,4.6296,275.0
2012-07-14 18:00:00.000039936,43.724,27.78,171.31,4.0688625e-05,4.1152,275.0
2012-07-14 21:00:00.000039936,45.2672,27.78,178.255,4.0688625e-05,4.1152,275.0
2012-07-15 00:00:00.000039936,46.296,27.78,185.19998,4.093299e-05,4.1152,280.0
2012-07-15 03:00:00.000039936,47.8392,27.78,185.19998,4.1177245e-05,4.1152,285.0
2012-07-15 06:00:00.000039936,48.868,27.78,185.19998,4.142137e-05,3.6008,285.0
2012-07-15 09:00:00.000039936,48.868,27.78,185.19998,4.1665367e-05,3.6008,285.0
2012-07-15 12:00:00.000039936,48.868,27.78,185.19998,4.1909232e-05,4.1152,295.0
2012-07-15 15:00:00.000039936,47.8392,27.78,185.19998,4.239659e-05,4.6296,300.0
2012-07-15 18:00:00.000039936,46.296,27.78,185.19998,4.288343e-05,4.1152,300.0
2012-07-15 21:00:00.000039936,45.2672,27.78,175.94,4.3369746e-05,4.1152,300.0
2012-07-16 00:00:00.000039936,43.724,27.78,166.68001,4.385554e-05,4.1152,305.0
2012-07-16 03:00:00.000039936,42.6952,27.78,155.105,4.4340795e-05,4.1152,305.0
2012-07-16 06:00:00.000039936,41.152,27.78,143.53,4.506766e-05,4.1152,310.0
2012-07-16 09:00:00.000039936,38.58,27.78,143.53,4.5793287e-05,4.1152,315.0
2012-07-16 12:00:00.000039936,36.008,27.78,143.53,4.651767e-05,4.1152,330.0
2012-07-16 15:00:00.000039936,33.436,27.78,125.009995,4.7240763e-05,4.1152,340.0
2012-07-16 18:00:00.000039936,30.864,27.78,106.490005,4.8202877e-05,4.1152,340.0
2012-07-16 21:00:00.000039936,28.292,27.78,97.229996,4.892293e-05,4.1152,340.0
2012-07-17 00:00:00.000039936,25.720001,27.78,87.97,4.9880902e-05,4.1152,345.0
2012-07-17 03:00:00.000039936,24.6912,27.78,87.97,5.083645e-05,4.1152,355.0
2012-07-17 06:00:00.000039936,23.148,27.78,87.97,5.178951e-05,4.6296,355.0
2012-07-17 09:00:00.000039936,22.1192,27.78,85.655,5.2977284e-05,5.144,355.0
2012-07-17 12:00:00.000039936,20.576,27.78,83.34,5.4161024e-05,4.6296,360.0
2012-07-17 15:00:00.000039936,19.5472,33.336,81.025,5.510506e-05,4.1152,0.0
