Time,Vmax,Rmax_IBT,R34,fcor,u_trans,v_trans
2008-07-12 06:00:00.000039936,18.004,37.04,23.150002,3.1068776e-05,7.716,295.0
2008-07-12 09:00:00.000039936,20.576,42.596,39.355,3.1814445e-05,8.2304,290.0
2008-07-12 12:00:00.000039936,23.148,46.3,55.56,3.2559245e-05,8.2304,290.0
2008-07-12 15:00:00.000039936,23.148,46.3,57.875,3.330315e-05,8.2304,290.0
2008-07-12 18:00:00.000039936,23.148,46.3,60.19,3.404614e-05,7.716,295.0
2008-07-12 21:00:00.000039936,24.6912,42.596,64.82,3.47882e-05,7.716,295.0
2008-07-13 00:00:00.000039936,25.720001,37.04,69.450005,3.5529305e-05,7.716,290.0
2008-07-13 03:00:00.000039936,25.720001,37.04,69.450005,3.626943e-05,7.2016,290.0
2008-07-13 06:00:00.000039936,25.720001,37.04,69.450005,3.67623e-05,6.6872,290.0
2008-07-13 09:00:00.000039936,27.2632,37.04,69.450005,3.7254722e-05,6.1728,290.0
2008-07-13 12:00:00.000039936,28.292,37.04,69.450005,3.7746686e-05,6.1728,285.0
2008-07-13 15:00:00.000039936,28.292,37.04,71.765,3.8238195e-05,6.6872,285.0
2008-07-13 18:00:00.000039936,28.292,37.04,74.08,3.8483773e-05,6.6872,280.0
2008-07-13 21:00:00.000039936,28.292,37.04,76.395004,3.872924e-05,6.6872,280.0
2008-07-14 00:00:00.000039936,28.292,37.04,78.71001,3.897458e-05,6.1728,275.0
2008-07-14 03:00:00.000039936,29.835201,33.336,91.674,3.9219805e-05,6.1728,275.0
2008-07-14 06:00:00.000039936,30.864,27.78,104.175,3.9219805e-05,5.6584,275.0
2008-07-14 09:00:00.000039936,32.4072,27.78,111.583,3.9219805e-05,5.144,275.0
2008-07-14 12:00:00.000039936,33.436,27.78,118.064995,3.9464914e-05,4.6296,275.0
2008-07-14 15:00:00.000039936,36.008,27.78,118.064995,3.9464914e-05,4.1152,275.0
2008-07-14 18:00:00.000039936,38.58,27.78,118.064995,3.9709896e-05,3.6008,285.0
2008-07-14 21:00:00.000039936,38.58,27.78,118.064995,3.995476e-05,3.0864,290.0
2008-07-15 00:00:00.000039936,38.58,27.78,118.064995,4.0199502e-05,3.6008,285.0
2008-07-15 03:00:00.000039936,37.5512,27.78,118.064995,4.0444127e-05,4.6296,285.0
2008-07-15 06:00:00.000039936,36.008,27.78,118.064995,4.0688625e-05,4.6296,280.0
2008-07-15 09:00:00.000039936,36.008,27.78,116.213,4.093299e-05,5.144,275.0
2008-07-15 12:00:00.000039936,36.008,27.78,113.435005,4.093299e-05,5.144,275.0
2008-07-15 15:00:00.000039936,34.979202,24.076,120.843,4.093299e-05,5.144,270.0
2008-07-15 18:00:00.000039936,33.436,18.52,127.325,4.093299e-05,4.6296,270.0
2008-07-15 21:00:00.000039936,33.436,18.52,137.048,4.093299e-05,5.144,270.0
2008-07-16 00:00:00.000039936,33.436,18.52,145.845,4.093299e-05,5.6584,270.0
2008-07-16 03:00:00.000039936,34.979202,18.52,145.845,4.093299e-05,6.1728,275.0
2008-07-16 06:00:00.000039936,36.008,18.52,145.845,4.1177245e-05,5.6584,280.0
2008-07-16 09:00:00.000039936,37.5512,18.52,145.845,4.142137e-05,5.6584,280.0
2008-07-16 12:00:00.000039936,38.58,18.52,145.845,4.1665367e-05,5.6584,285.0
2008-07-16 15:00:00.000039936,42.6952,18.52,136.122,4.1909232e-05,6.1728,285.0
2008-07-16 18:00:00.000039936,46.296,18.52,125.009995,4.239659e-05,6.1728,285.0
2008-07-16 21:00:00.000039936,46.296,18.52,125.009995,4.288343e-05,6.1728,285.0
2008-07-17 00:00:00.000039936,46.296,18.52,125.009995,4.3126656e-05,6.6872,275.0
2008-07-17 03:00:00.000039936,45.2672,18.52,125.009995,4.3126656e-05,7.2016,265.0
2008-07-17 06:00:00.000039936,43.724,18.52,125.009995,4.288343e-05,7.2016,265.0
2008-07-17 09:00:00.000039936,42.6952,18.52,123.158005,4.288343e-05,6.6872,270.0
2008-07-17 12:00:00.000039936,41.152,18.52,120.38,4.288343e-05,6.6872,270.0
2008-07-17 15:00:00.000039936,38.58,24.076,112.509,4.288343e-05,6.6872,275.0
2008-07-17 18:00:00.000039936,36.008,27.78,104.174995,4.3126656e-05,6.6872,275.0
2008-07-17 21:00:00.000039936,34.979202,27.78,99.545,4.3369746e-05,6.6872,280.0
2008-07-18 00:00:00.000039936,33.436,27.78,94.915,4.3612705e-05,6.1728,280.0
2008-07-18 03:00:00.000039936,30.864,27.78,89.359,4.385554e-05,6.6872,280.0
2008-07-18 06:00:00.000039936,28.292,27.78,83.34,4.409823e-05,6.6872,280.0
2008-07-18 09:00:00.000039936,27.2632,33.336,81.024994,4.4340795e-05,6.6872,280.0
2008-07-18 12:00:00.000039936,25.720001,37.04,78.71,4.458322e-05,7.2016,280.0
2008-07-18 15:00:00.000039936,23.148,42.596,62.504997,4.4825505e-05,6.6872,280.0
2008-07-18 18:00:00.000039936,20.576,46.3,46.3,4.506766e-05,6.6872,280.0
2008-07-18 21:00:00.000039936,19.5472,46.3,43.059,4.5309676e-05,6.1728,280.0
