Time,Vmax,Rmax_IBT,R34,fcor,u_trans,v_trans
2005-08-10 00:00:00.000039936,18.004,37.04,69.45,3.7254722e-05,5.6584,290.0
2005-08-10 03:00:00.000039936,20.576,37.04,69.45,3.7746686e-05,5.6584,285.0
2005-08-10 06:00:00.000039936,23.148,37.04,69.45,3.7992504e-05,5.6584,285.0
2005-08-10 09:00:00.000039936,25.720001,33.336,76.395,3.8483773e-05,5.6584,285.0
2005-08-10 12:00:00.000039936,28.292,27.78,83.34,3.872924e-05,4.1152,285.0
2005-08-10 15:00:00.000039936,28.292,27.78,92.59999,3.897458e-05,3.0864,290.0
2005-08-10 18:00:00.000039936,28.292,27.78,101.86,3.9219805e-05,4.1152,295.0
2005-08-10 21:00:00.000039936,28.292,27.78,101.86,3.995476e-05,5.6584,295.0
2005-08-11 00:00:00.000039936,28.292,27.78,101.86,4.0444127e-05,4.6296,295.0
2005-08-11 03:00:00.000039936,30.864,24.076,101.86,4.0688625e-05,3.0864,290.0
2005-08-11 06:00:00.000039936,33.436,18.52,101.86,4.093299e-05,3.0864,300.0
2005-08-11 09:00:00.000039936,33.436,18.52,101.86,4.142137e-05,3.6008,305.0
2005-08-11 12:00:00.000039936,33.436,18.52,101.86,4.1909232e-05,4.1152,300.0
2005-08-11 15:00:00.000039936,33.436,37.04,137.974,4.239659e-05,4.6296,300.0
2005-08-11 18:00:00.000039936,33.436,55.56,173.625,4.288343e-05,4.1152,305.0
2005-08-11 21:00:00.000039936,34.979202,55.56,173.625,4.3612705e-05,4.1152,310.0
2005-08-12 00:00:00.000039936,36.008,55.56,173.625,4.409823e-05,3.0864,315.0
2005-08-12 03:00:00.000039936,37.5512,55.56,173.625,4.458322e-05,2.572,310.0
2005-08-12 06:00:00.000039936,38.58,55.56,173.625,4.4825505e-05,3.6008,300.0
2005-08-12 09:00:00.000039936,38.58,55.56,173.625,4.5309676e-05,4.6296,295.0
2005-08-12 12:00:00.000039936,38.58,55.56,173.625,4.5793287e-05,4.6296,295.0
2005-08-12 15:00:00.000039936,38.58,55.56,173.625,4.627635e-05,4.1152,290.0
2005-08-12 18:00:00.000039936,38.58,55.56,173.625,4.651767e-05,4.1152,290.0
2005-08-12 21:00:00.000039936,38.58,55.56,173.625,4.675884e-05,4.1152,285.0
2005-08-13 00:00:00.000039936,38.58,55.56,173.625,4.6999867e-05,4.6296,285.0
2005-08-13 03:00:00.000039936,38.58,55.56,173.625,4.748151e-05,4.6296,290.0
2005-08-13 06:00:00.000039936,38.58,55.56,173.625,4.7722115e-05,4.1152,285.0
2005-08-13 09:00:00.000039936,38.58,51.856,173.625,4.796257e-05,3.6008,280.0
2005-08-13 12:00:00.000039936,38.58,46.3,173.625,4.796257e-05,3.6008,275.0
2005-08-13 15:00:00.000039936,36.008,46.3,165.754,4.796257e-05,4.1152,270.0
2005-08-13 18:00:00.000039936,33.436,46.3,157.41998,4.796257e-05,4.1152,270.0
2005-08-13 21:00:00.000039936,33.436,37.04,140.752,4.796257e-05,4.1152,270.0
2005-08-14 00:00:00.000039936,33.436,27.78,122.69499,4.796257e-05,3.6008,265.0
2005-08-14 03:00:00.000039936,32.4072,33.336,124.084,4.7722115e-05,3.6008,255.0
2005-08-14 06:00:00.000039936,30.864,37.04,125.009995,4.748151e-05,3.6008,245.0
2005-08-14 09:00:00.000039936,30.864,37.04,125.009995,4.7240763e-05,3.0864,240.0
2005-08-14 12:00:00.000039936,30.864,37.04,125.009995,4.675884e-05,3.6008,240.0
2005-08-14 15:00:00.000039936,30.864,37.04,121.769,4.627635e-05,4.1152,240.0
2005-08-14 18:00:00.000039936,30.864,37.04,118.065,4.5793287e-05,4.1152,240.0
2005-08-14 21:00:00.000039936,30.864,37.04,118.065,4.5309676e-05,4.1152,240.0
2005-08-15 00:00:00.000039936,30.864,37.04,118.065,4.4825505e-05,4.1152,245.0
2005-08-15 03:00:00.000039936,28.292,37.04,112.508995,4.4340795e-05,4.1152,250.0
2005-08-15 06:00:00.000039936,25.720001,37.04,106.49,4.409823e-05,4.1152,250.0
2005-08-15 09:00:00.000039936,23.148,42.596,97.229996,4.3612705e-05,4.1152,250.0
2005-08-15 12:00:00.000039936,20.576,46.3,87.97,4.3369746e-05,5.144,255.0
