Time,Vmax,Rmax_IBT,R34,fcor,u_trans,v_trans
2006-07-22 06:00:00.000039936,18.004,46.3,13.89,3.47882e-05,5.144,335.0
2006-07-22 09:00:00.000039936,18.004,46.3,13.89,3.6022833e-05,6.6872,330.0
2006-07-22 12:00:00.000039936,18.004,46.3,13.89,3.7500762e-05,6.1728,340.0
2006-07-22 15:00:00.000039936,18.004,42.596,34.725002,3.872924e-05,5.144,345.0
2006-07-22 18:00:00.000039936,18.004,37.04,55.56,3.995476e-05,5.6584,335.0
2006-07-22 21:00:00.000039936,19.5472,37.04,55.56,4.1177245e-05,5.6584,325.0
2006-07-23 00:00:00.000039936,20.576,37.04,55.56,4.2152973e-05,5.6584,310.0
2006-07-23 03:00:00.000039936,22.1192,37.04,69.912994,4.288343e-05,5.6584,300.0
2006-07-23 06:00:00.000039936,23.148,37.04,83.34,4.3369746e-05,5.144,305.0
2006-07-23 09:00:00.000039936,24.6912,33.336,91.674,4.409823e-05,4.6296,310.0
2006-07-23 12:00:00.000039936,25.720001,27.78,99.545,4.4825505e-05,3.6008,300.0
2006-07-23 15:00:00.000039936,27.2632,24.076,117.602,4.506766e-05,3.6008,280.0
2006-07-23 18:00:00.000039936,28.292,18.52,134.26999,4.506766e-05,3.6008,275.0
2006-07-23 21:00:00.000039936,27.2632,18.52,139.36299,4.506766e-05,3.6008,280.0
2006-07-24 00:00:00.000039936,25.720001,18.52,143.53,4.5309676e-05,4.1152,280.0
2006-07-24 03:00:00.000039936,24.6912,18.52,134.26999,4.5551555e-05,4.1152,285.0
2006-07-24 06:00:00.000039936,23.148,18.52,125.009995,4.5793287e-05,3.0864,295.0
2006-07-24 09:00:00.000039936,23.148,18.52,125.009995,4.6034886e-05,2.572,310.0
2006-07-24 12:00:00.000039936,23.148,18.52,125.009995,4.651767e-05,2.572,310.0
2006-07-24 15:00:00.000039936,23.148,18.52,127.325,4.6999867e-05,3.0864,310.0
2006-07-24 18:00:00.000039936,23.148,18.52,129.64,4.748151e-05,3.0864,320.0
2006-07-24 21:00:00.000039936,23.148,27.78,120.380005,4.796257e-05,3.0864,330.0
2006-07-25 00:00:00.000039936,23.148,37.04,111.12,4.868306e-05,2.572,330.0
2006-07-25 03:00:00.000039936,24.6912,37.04,120.38,4.916265e-05,2.572,325.0
2006-07-25 06:00:00.000039936,25.720001,37.04,129.64,4.9641636e-05,2.0576,320.0
2006-07-25 09:00:00.000039936,25.720001,37.04,141.215,4.9880902e-05,2.572,325.0
2006-07-25 12:00:00.000039936,25.720001,37.04,152.79,5.059779e-05,4.1152,340.0
2006-07-25 15:00:00.000039936,25.720001,37.04,165.754,5.178951e-05,5.6584,345.0
2006-07-25 18:00:00.000039936,25.720001,37.04,178.25499,5.321436e-05,6.1728,350.0
2006-07-25 21:00:00.000039936,27.2632,37.04,178.25499,5.439729e-05,5.6584,350.0
2006-07-26 00:00:00.000039936,28.292,37.04,178.25499,5.581132e-05,6.1728,340.0
2006-07-26 03:00:00.000039936,28.292,37.04,175.93999,5.721923e-05,6.6872,330.0
2006-07-26 06:00:00.000039936,28.292,37.04,173.625,5.83877e-05,6.1728,320.0
2006-07-26 09:00:00.000039936,28.292,37.04,162.513,5.9319285e-05,6.1728,315.0
2006-07-26 12:00:00.000039936,28.292,37.04,150.475,6.0247978e-05,5.6584,310.0
2006-07-26 15:00:00.000039936,27.2632,37.04,150.475,6.1173734e-05,5.6584,310.0
2006-07-26 18:00:00.000039936,25.720001,37.04,150.475,6.186609e-05,6.1728,300.0
2006-07-26 21:00:00.000039936,24.6912,37.04,135.659,6.2326726e-05,6.1728,295.0
2006-07-27 00:00:00.000039936,23.148,37.04,120.380005,6.3016254e-05,6.1728,300.0
2006-07-27 03:00:00.000039936,20.576,37.04,106.953,6.370404e-05,6.6872,305.0
