Time,Vmax,Rmax_IBT,R34,fcor,u_trans,v_trans
2016-07-16 00:00:00.000039936,18.004,129.64,32.41,3.7254722e-05,4.1152,305.0
2016-07-16 03:00:00.000039936,19.5472,129.64,32.41,3.7746686e-05,4.1152,305.0
2016-07-16 06:00:00.000039936,20.576,129.64,32.41,3.8483773e-05,4.1152,305.0
2016-07-16 09:00:00.000039936,22.1192,129.64,50.93,3.897458e-05,3.6008,305.0
2016-07-16 12:00:00.000039936,23.148,129.64,69.45,3.9464914e-05,3.6008,295.0
2016-07-16 15:00:00.000039936,23.148,120.38,76.395004,3.9709896e-05,3.6008,285.0
2016-07-16 18:00:00.000039936,23.148,111.12,83.34,3.995476e-05,3.6008,280.0
2016-07-16 21:00:00.000039936,23.148,111.12,97.23,4.0199502e-05,3.6008,280.0
2016-07-17 00:00:00.000039936,23.148,111.12,111.12,4.0199502e-05,3.6008,275.0
2016-07-17 03:00:00.000039936,24.6912,83.34,122.69499,4.0199502e-05,3.6008,280.0
2016-07-17 06:00:00.000039936,25.720001,55.56,134.27,4.0444127e-05,3.6008,285.0
2016-07-17 09:00:00.000039936,27.2632,55.56,143.53,4.0688625e-05,3.6008,285.0
2016-07-17 12:00:00.000039936,28.292,55.56,152.79001,4.093299e-05,3.6008,285.0
2016-07-17 15:00:00.000039936,29.835201,74.08,164.365,4.1177245e-05,3.6008,285.0
2016-07-17 18:00:00.000039936,30.864,92.6,175.93999,4.142137e-05,4.1152,290.0
2016-07-17 21:00:00.000039936,30.864,92.6,182.885,4.1665367e-05,4.1152,290.0
2016-07-18 00:00:00.000039936,30.864,92.6,189.83,4.2152973e-05,4.1152,295.0
2016-07-18 03:00:00.000039936,30.864,88.895996,194.46,4.2640077e-05,4.1152,300.0
2016-07-18 06:00:00.000039936,30.864,83.34,199.09001,4.3126656e-05,4.1152,305.0
2016-07-18 09:00:00.000039936,29.835201,83.34,201.40501,4.3612705e-05,4.1152,300.0
2016-07-18 12:00:00.000039936,28.292,83.34,203.72,4.409823e-05,4.1152,295.0
2016-07-18 15:00:00.000039936,28.292,83.34,208.35,4.458322e-05,4.6296,290.0
2016-07-18 18:00:00.000039936,28.292,83.34,212.97998,4.4825505e-05,4.6296,285.0
2016-07-18 21:00:00.000039936,28.292,83.34,215.29498,4.506766e-05,4.6296,285.0
2016-07-19 00:00:00.000039936,28.292,83.34,217.60999,4.5309676e-05,4.6296,285.0
2016-07-19 03:00:00.000039936,28.292,83.34,217.60999,4.5551555e-05,4.6296,290.0
2016-07-19 06:00:00.000039936,28.292,83.34,217.60999,4.6034886e-05,4.6296,290.0
2016-07-19 09:00:00.000039936,29.835201,79.636,217.60999,4.651767e-05,5.144,290.0
2016-07-19 12:00:00.000039936,30.864,74.08,217.60999,4.675884e-05,5.144,285.0
2016-07-19 15:00:00.000039936,30.864,70.376,217.60999,4.6999867e-05,5.6584,280.0
2016-07-19 18:00:00.000039936,30.864,64.82,217.60999,4.7240763e-05,5.6584,280.0
2016-07-19 21:00:00.000039936,30.864,55.56,215.295,4.748151e-05,5.6584,275.0
2016-07-20 00:00:00.000039936,30.864,46.3,212.98,4.748151e-05,6.1728,270.0
2016-07-20 03:00:00.000039936,30.864,46.3,210.66501,4.748151e-05,5.6584,270.0
2016-07-20 06:00:00.000039936,30.864,46.3,208.35,4.748151e-05,5.6584,270.0
2016-07-20 09:00:00.000039936,30.864,46.3,203.72,4.748151e-05,5.144,275.0
2016-07-20 12:00:00.000039936,30.864,46.3,199.09,4.7722115e-05,5.144,275.0
2016-07-20 15:00:00.000039936,29.835201,46.3,194.45999,4.7722115e-05,5.144,275.0
2016-07-20 18:00:00.000039936,28.292,46.3,189.82999,4.796257e-05,5.144,275.0
2016-07-20 21:00:00.000039936,28.292,46.3,180.56999,4.796257e-05,5.144,275.0
2016-07-21 00:00:00.000039936,28.292,46.3,171.31,4.8202877e-05,5.6584,275.0
2016-07-21 03:00:00.000039936,28.292,51.856,162.05,4.844305e-05,6.1728,280.0
2016-07-21 06:00:00.000039936,28.292,55.56,152.79,4.868306e-05,6.1728,285.0
2016-07-21 09:00:00.000039936,27.2632,55.56,143.53,4.916265e-05,6.6872,290.0
2016-07-21 12:00:00.000039936,25.720001,55.56,134.27,4.9641636e-05,7.2016,290.0
2016-07-21 15:00:00.000039936,24.6912,55.56,115.74999,5.035898e-05,7.716,290.0
2016-07-21 18:00:00.000039936,23.148,55.56,97.229996,5.083645e-05,7.2016,290.0
2016-07-21 21:00:00.000039936,22.1192,55.56,78.71,5.131329e-05,6.6872,290.0
2016-07-22 00:00:00.000039936,20.576,55.56,60.190002,5.178951e-05,6.1728,285.0
2016-07-22 03:00:00.000039936,19.5472,70.376,55.559998,5.2027382e-05,6.6872,285.0
2016-07-22 06:00:00.000039936,18.004,83.34,50.93,5.250265e-05,6.6872,285.0
2016-07-22 09:00:00.000039936,18.004,83.34,50.93,5.2977284e-05,6.6872,290.0
