Time,Vmax,Rmax_IBT,R34,fcor,u_trans,v_trans
2009-07-30 18:00:00.000039936,18.004,55.56,76.395004,3.0571195e-05,8.744801,280.0
2009-07-30 21:00:00.000039936,20.576,55.56,88.433,3.1068776e-05,8.744801,285.0
2009-07-31 00:00:00.000039936,23.148,55.56,99.545,3.1814445e-05,8.744801,285.0
2009-07-31 03:00:00.000039936,24.6912,46.3,107.879,3.231108e-05,8.2304,285.0
2009-07-31 06:00:00.000039936,25.720001,37.04,115.75,3.280731e-05,8.2304,285.0
2009-07-31 09:00:00.000039936,25.720001,37.04,115.75,3.330315e-05,8.2304,285.0
2009-07-31 12:00:00.000039936,25.720001,37.04,115.75,3.3798577e-05,7.716,285.0
2009-07-31 15:00:00.000039936,27.2632,33.336,115.75,3.4293596e-05,7.2016,285.0
2009-07-31 18:00:00.000039936,28.292,27.78,115.75,3.47882e-05,7.2016,280.0
2009-07-31 21:00:00.000039936,27.2632,27.78,115.75,3.5035337e-05,7.716,280.0
2009-08-01 00:00:00.000039936,25.720001,27.78,115.75,3.5282377e-05,7.2016,280.0
2009-08-01 03:00:00.000039936,24.6912,33.336,111.119995,3.5529305e-05,6.6872,280.0
2009-08-01 06:00:00.000039936,23.148,37.04,106.49,3.577612e-05,6.6872,280.0
2009-08-01 09:00:00.000039936,23.148,37.04,102.323,3.6022833e-05,7.2016,275.0
2009-08-01 12:00:00.000039936,23.148,37.04,97.229996,3.626943e-05,7.2016,275.0
2009-08-01 15:00:00.000039936,23.148,64.82,85.655,3.626943e-05,7.2016,270.0
2009-08-01 18:00:00.000039936,23.148,92.6,74.08,3.626943e-05,7.716,270.0
2009-08-01 21:00:00.000039936,22.1192,92.6,74.08,3.626943e-05,8.2304,270.0
2009-08-02 00:00:00.000039936,20.576,92.6,74.08,3.651592e-05,8.2304,270.0
2009-08-02 03:00:00.000039936,20.576,92.6,74.08,3.651592e-05,8.2304,270.0
2009-08-02 06:00:00.000039936,20.576,92.6,74.08,3.651592e-05,7.716,270.0
2009-08-02 09:00:00.000039936,19.5472,92.6,60.19,3.626943e-05,7.2016,265.0
