Time,Vmax,Rmax_IBT,R34,fcor,u_trans,v_trans
2021-07-14 06:00:00.000039936,18.004,46.3,27.78,3.5035337e-05,7.2016,285.0
2021-07-14 09:00:00.000039936,20.576,42.596,39.355,3.5282377e-05,6.6872,285.0
2021-07-14 12:00:00.000039936,23.148,37.04,50.93,3.577612e-05,6.6872,285.0
2021-07-14 15:00:00.000039936,25.720001,37.04,64.82,3.626943e-05,6.6872,290.0
2021-07-14 18:00:00.000039936,28.292,37.04,78.71,3.67623e-05,6.6872,285.0
2021-07-14 21:00:00.000039936,29.835201,37.04,78.71,3.7254722e-05,6.1728,285.0
2021-07-15 00:00:00.000039936,30.864,37.04,78.71,3.7500762e-05,5.6584,285.0
2021-07-15 03:00:00.000039936,33.436,37.04,78.71,3.7746686e-05,5.6584,280.0
2021-07-15 06:00:00.000039936,36.008,37.04,78.71,3.7992504e-05,5.144,280.0
2021-07-15 09:00:00.000039936,38.58,37.04,78.71,3.8238195e-05,5.144,275.0
2021-07-15 12:00:00.000039936,41.152,37.04,78.71,3.8238195e-05,4.6296,275.0
2021-07-15 15:00:00.000039936,43.724,37.04,78.71,3.8483773e-05,4.6296,275.0
2021-07-15 18:00:00.000039936,46.296,37.04,78.71,3.8483773e-05,4.1152,275.0
2021-07-15 21:00:00.000039936,47.8392,37.04,81.025,3.8483773e-05,4.1152,270.0
2021-07-16 00:00:00.000039936,48.868,37.04,83.34,3.8483773e-05,3.6008,265.0
2021-07-16 03:00:00.000039936,50.4112,33.336,83.34,3.8483773e-05,3.6008,260.0
2021-07-16 06:00:00.000039936,51.440002,27.78,83.34,3.8238195e-05,3.6008,260.0
2021-07-16 09:00:00.000039936,54.012,24.076,83.34,3.8238195e-05,3.6008,260.0
2021-07-16 12:00:00.000039936,56.584,18.52,83.34,3.7992504e-05,3.6008,260.0
2021-07-16 15:00:00.000039936,58.1272,18.52,83.34,3.7746686e-05,4.1152,255.0
2021-07-16 18:00:00.000039936,59.156002,18.52,83.34,3.7500762e-05,4.1152,255.0
2021-07-16 21:00:00.000039936,59.156002,18.52,83.34,3.7254722e-05,4.1152,255.0
2021-07-17 00:00:00.000039936,59.156002,18.52,83.34,3.700857e-05,3.6008,260.0
2021-07-17 03:00:00.000039936,60.6992,18.52,83.34,3.67623e-05,3.6008,260.0
2021-07-17 06:00:00.000039936,61.728,18.52,83.34,3.67623e-05,3.6008,260.0
2021-07-17 09:00:00.000039936,63.271202,18.52,83.34,3.651592e-05,3.6008,260.0
2021-07-17 12:00:00.000039936,64.3,18.52,83.34,3.651592e-05,3.6008,275.0
2021-07-17 15:00:00.000039936,64.3,18.52,83.34,3.67623e-05,3.6008,285.0
2021-07-17 18:00:00.000039936,64.3,18.52,83.34,3.700857e-05,4.1152,290.0
2021-07-17 21:00:00.000039936,63.271202,18.52,83.34,3.7254722e-05,4.1152,290.0
2021-07-18 00:00:00.000039936,61.728,18.52,83.34,3.7746686e-05,4.6296,290.0
2021-07-18 03:00:00.000039936,61.728,18.52,83.34,3.7992504e-05,4.6296,290.0
2021-07-18 06:00:00.000039936,61.728,18.52,83.34,3.8483773e-05,5.144,290.0
2021-07-18 09:00:00.000039936,60.6992,18.52,83.34,3.872924e-05,5.144,285.0
2021-07-18 12:00:00.000039936,59.156002,18.52,83.34,3.9219805e-05,5.144,290.0
2021-07-18 15:00:00.000039936,58.1272,18.52,83.34,3.9464914e-05,4.6296,290.0
2021-07-18 18:00:00.000039936,56.584,18.52,83.34,3.995476e-05,5.144,290.0
2021-07-18 21:00:00.000039936,52.9832,18.52,83.34,4.0444127e-05,5.144,285.0
2021-07-19 00:00:00.000039936,48.868,18.52,83.34,4.0688625e-05,5.144,280.0
2021-07-19 03:00:00.000039936,45.2672,18.52,74.08,4.093299e-05,5.144,275.0
2021-07-19 06:00:00.000039936,41.152,18.52,64.82,4.093299e-05,5.6584,270.0
2021-07-19 09:00:00.000039936,37.5512,18.52,64.82,4.093299e-05,6.1728,270.0
2021-07-19 12:00:00.000039936,33.436,18.52,64.82,4.093299e-05,5.6584,265.0
2021-07-19 15:00:00.000039936,30.864,18.52,62.505,4.093299e-05,5.6584,265.0
2021-07-19 18:00:00.000039936,28.292,18.52,60.19,4.0688625e-05,5.6584,265.0
2021-07-19 21:00:00.000039936,25.720001,24.076,55.56,4.0444127e-05,6.6872,265.0
2021-07-20 00:00:00.000039936,23.148,27.78,50.93,4.0444127e-05,7.2016,265.0
2021-07-20 03:00:00.000039936,22.1192,27.78,41.67,4.0444127e-05,7.2016,265.0
2021-07-20 06:00:00.000039936,20.576,27.78,32.41,4.0199502e-05,7.716,265.0
2021-07-20 09:00:00.000039936,19.5472,27.78,27.779999,3.995476e-05,7.716,260.0
