Time,Vmax,Rmax_IBT,R34,fcor,u_trans,v_trans
2022-07-16 00:00:00.000039936,18.004,74.08,18.52,3.280731e-05,5.144,295.0
2022-07-16 03:00:00.000039936,20.576,64.82,30.095001,3.330315e-05,5.144,295.0
2022-07-16 06:00:00.000039936,23.148,55.56,41.67,3.3798577e-05,4.6296,295.0
2022-07-16 09:00:00.000039936,25.720001,46.3,57.875,3.4293596e-05,4.6296,295.0
2022-07-16 12:00:00.000039936,28.292,37.04,74.08,3.47882e-05,4.1152,295.0
2022-07-16 15:00:00.000039936,29.835201,37.04,74.08,3.5035337e-05,3.6008,295.0
2022-07-16 18:00:00.000039936,30.864,37.04,74.08,3.5529305e-05,3.6008,300.0
2022-07-16 21:00:00.000039936,32.4072,27.78,78.71,3.6022833e-05,4.1152,300.0
2022-07-17 00:00:00.000039936,33.436,18.52,83.34,3.651592e-05,4.1152,300.0
2022-07-17 03:00:00.000039936,34.979202,18.52,83.34,3.700857e-05,4.6296,295.0
2022-07-17 06:00:00.000039936,36.008,18.52,83.34,3.7500762e-05,5.144,295.0
2022-07-17 09:00:00.000039936,37.5512,18.52,83.34,3.7992504e-05,5.144,290.0
2022-07-17 12:00:00.000039936,38.58,18.52,83.34,3.8483773e-05,5.6584,295.0
2022-07-17 15:00:00.000039936,38.58,18.52,83.34,3.9219805e-05,5.6584,300.0
2022-07-17 18:00:00.000039936,38.58,18.52,83.34,3.995476e-05,5.6584,305.0
2022-07-17 21:00:00.000039936,37.5512,18.52,87.97,4.0688625e-05,5.6584,310.0
2022-07-18 00:00:00.000039936,36.008,18.52,92.6,4.1665367e-05,5.6584,310.0
2022-07-18 03:00:00.000039936,36.008,18.52,118.065,4.2640077e-05,6.1728,305.0
2022-07-18 06:00:00.000039936,36.008,18.52,143.53,4.3369746e-05,6.6872,300.0
2022-07-18 09:00:00.000039936,36.008,18.52,143.53,4.409823e-05,6.6872,290.0
2022-07-18 12:00:00.000039936,36.008,18.52,143.53,4.458322e-05,6.6872,290.0
2022-07-18 15:00:00.000039936,36.008,18.52,143.53,4.506766e-05,6.6872,285.0
2022-07-18 18:00:00.000039936,36.008,18.52,143.53,4.5309676e-05,6.1728,280.0
2022-07-18 21:00:00.000039936,34.979202,27.78,152.79,4.5551555e-05,5.6584,275.0
2022-07-19 00:00:00.000039936,33.436,37.04,162.05,4.5551555e-05,5.6584,275.0
2022-07-19 03:00:00.000039936,32.4072,46.3,155.105,4.5793287e-05,5.6584,280.0
2022-07-19 06:00:00.000039936,30.864,55.56,148.16,4.6034886e-05,5.144,285.0
2022-07-19 09:00:00.000039936,29.835201,55.56,148.16,4.651767e-05,5.144,295.0
2022-07-19 12:00:00.000039936,28.292,55.56,148.16,4.6999867e-05,5.6584,295.0
2022-07-19 15:00:00.000039936,28.292,55.56,148.16,4.748151e-05,6.1728,295.0
2022-07-19 18:00:00.000039936,28.292,55.56,148.16,4.8202877e-05,6.1728,300.0
2022-07-19 21:00:00.000039936,28.292,55.56,143.53,4.892293e-05,6.1728,300.0
2022-07-20 00:00:00.000039936,28.292,55.56,138.9,4.9641636e-05,6.6872,295.0
2022-07-20 03:00:00.000039936,27.2632,55.56,129.64001,5.035898e-05,7.2016,290.0
2022-07-20 06:00:00.000039936,25.720001,55.56,120.38,5.083645e-05,7.2016,290.0
2022-07-20 09:00:00.000039936,25.720001,55.56,120.38,5.155148e-05,7.2016,290.0
2022-07-20 12:00:00.000039936,25.720001,55.56,120.38,5.2027382e-05,7.2016,290.0
2022-07-20 15:00:00.000039936,24.6912,55.56,92.6,5.250265e-05,7.2016,285.0
2022-07-20 18:00:00.000039936,23.148,55.56,64.82,5.2977284e-05,6.6872,290.0
2022-07-20 21:00:00.000039936,22.1192,55.56,57.875,5.345127e-05,6.1728,290.0
2022-07-21 00:00:00.000039936,20.576,55.56,50.93,5.392461e-05,5.6584,290.0
2022-07-21 03:00:00.000039936,19.5472,55.56,43.985,5.439729e-05,5.6584,290.0
