Time,Vmax,Rmax_IBT,R34,fcor,u_trans,v_trans
2007-07-15 18:00:00.000039936,18.004,74.08,69.45,3.156599e-05,4.1152,305.0
2007-07-15 21:00:00.000039936,20.576,64.82,81.488,3.206281e-05,4.1152,305.0
2007-07-16 00:00:00.000039936,23.148,55.56,92.6,3.280731e-05,4.6296,310.0
2007-07-16 03:00:00.000039936,25.720001,46.3,104.638,3.3550914e-05,4.6296,310.0
2007-07-16 06:00:00.000039936,28.292,37.04,115.74999,3.4293596e-05,4.6296,305.0
2007-07-16 09:00:00.000039936,29.835201,37.04,125.473,3.47882e-05,5.144,295.0
2007-07-16 12:00:00.000039936,30.864,37.04,134.27,3.5282377e-05,5.144,295.0
2007-07-16 15:00:00.000039936,32.4072,37.04,136.58499,3.577612e-05,5.144,295.0
2007-07-16 18:00:00.000039936,33.436,37.04,138.9,3.626943e-05,5.144,295.0
2007-07-16 21:00:00.000039936,32.4072,37.04,125.47299,3.67623e-05,5.144,295.0
2007-07-17 00:00:00.000039936,30.864,37.04,111.119995,3.7254722e-05,5.144,285.0
2007-07-17 03:00:00.000039936,29.835201,37.04,107.879,3.7500762e-05,5.144,275.0
2007-07-17 06:00:00.000039936,28.292,37.04,104.174995,3.7500762e-05,5.144,270.0
2007-07-17 09:00:00.000039936,25.720001,37.04,95.378,3.7500762e-05,5.144,270.0
2007-07-17 12:00:00.000039936,23.148,37.04,85.655,3.7500762e-05,5.144,270.0
2007-07-17 15:00:00.000039936,20.576,37.04,70.839005,3.7500762e-05,5.144,270.0
2007-07-17 18:00:00.000039936,18.004,37.04,55.56,3.7500762e-05,5.6584,275.0
2007-07-17 21:00:00.000039936,18.004,37.04,55.56,3.7500762e-05,6.1728,275.0
2007-07-18 00:00:00.000039936,18.004,37.04,55.56,3.7746686e-05,6.1728,275.0
2007-07-18 03:00:00.000039936,18.004,37.04,55.56,3.7992504e-05,6.1728,275.0
2007-07-18 06:00:00.000039936,18.004,37.04,55.56,3.7992504e-05,5.6584,275.0
2007-07-18 09:00:00.000039936,18.004,37.04,48.614998,3.7992504e-05,5.6584,270.0
