Time,Vmax,Rmax_IBT,R34,fcor,u_trans,v_trans
2018-06-28 12:00:00.000039936,18.004,111.12,55.56,3.577612e-05,7.2016,290.0
2018-06-28 15:00:00.000039936,19.5472,101.86,76.395004,3.651592e-05,7.2016,290.0
2018-06-28 18:00:00.000039936,20.576,92.6,97.23,3.700857e-05,5.6584,295.0
2018-06-28 21:00:00.000039936,22.1192,83.34,97.23,3.7500762e-05,5.144,295.0
2018-06-29 00:00:00.000039936,23.148,74.08,97.23,3.7992504e-05,5.144,295.0
2018-06-29 03:00:00.000039936,23.148,64.82,99.545006,3.872924e-05,5.6584,295.0
2018-06-29 06:00:00.000039936,23.148,55.56,101.86,3.9219805e-05,5.144,295.0
2018-06-29 09:00:00.000039936,24.6912,46.3,108.805,3.9709896e-05,4.6296,295.0
2018-06-29 12:00:00.000039936,25.720001,37.04,115.75001,4.0199502e-05,4.1152,300.0
2018-06-29 15:00:00.000039936,25.720001,46.3,125.009995,4.0688625e-05,4.1152,300.0
2018-06-29 18:00:00.000039936,25.720001,55.56,134.27,4.1177245e-05,4.1152,295.0
2018-06-29 21:00:00.000039936,23.148,64.82,127.325,4.142137e-05,4.1152,285.0
2018-06-30 00:00:00.000039936,20.576,74.08,120.38,4.1665367e-05,4.1152,280.0
2018-06-30 03:00:00.000039936,19.5472,83.34,94.915,4.1909232e-05,4.1152,285.0
