Time,Vmax,Rmax_IBT,R34,fcor,u_trans,v_trans
2019-07-27 18:00:00.000039936,18.004,37.04,18.52,2.9076216e-05,8.2304,280.0
2019-07-27 21:00:00.000039936,18.004,37.04,18.52,2.9574905e-05,8.2304,280.0
2019-07-28 00:00:00.000039936,18.004,37.04,18.52,2.9824112e-05,8.2304,280.0
2019-07-28 03:00:00.000039936,18.004,37.04,16.205,3.0073232e-05,8.2304,275.0
2019-07-28 06:00:00.000039936,18.004,37.04,13.89,3.0073232e-05,8.2304,270.0
2019-07-28 09:00:00.000039936,18.004,37.04,13.89,2.9824112e-05,8.744801,265.0
2019-07-28 12:00:00.000039936,18.004,37.04,13.89,2.9574905e-05,8.744801,260.0
2019-07-28 15:00:00.000039936,19.5472,33.336,27.78,2.9325609e-05,8.2304,265.0
2019-07-28 18:00:00.000039936,20.576,27.78,41.670002,2.9076216e-05,7.716,270.0
2019-07-28 21:00:00.000039936,23.148,27.78,46.300003,2.9076216e-05,7.716,275.0
2019-07-29 00:00:00.000039936,25.720001,27.78,50.93,2.9325609e-05,7.716,275.0
2019-07-29 03:00:00.000039936,27.2632,27.78,50.93,2.9574905e-05,8.2304,275.0
2019-07-29 06:00:00.000039936,28.292,27.78,50.93,2.9824112e-05,8.2304,280.0
2019-07-29 09:00:00.000039936,29.835201,27.78,62.505005,3.0073232e-05,8.744801,280.0
2019-07-29 12:00:00.000039936,30.864,27.78,74.08,3.0571195e-05,9.2592,280.0
2019-07-29 15:00:00.000039936,32.4072,27.78,78.71,3.1068776e-05,9.2592,280.0
2019-07-29 18:00:00.000039936,33.436,27.78,83.34,3.131743e-05,9.2592,280.0
2019-07-29 21:00:00.000039936,34.979202,27.78,83.34,3.156599e-05,8.744801,275.0
2019-07-30 00:00:00.000039936,36.008,27.78,83.34,3.1814445e-05,7.716,280.0
2019-07-30 03:00:00.000039936,38.58,27.78,95.378006,3.206281e-05,7.2016,280.0
2019-07-30 06:00:00.000039936,41.152,27.78,106.48999,3.2559245e-05,7.2016,285.0
2019-07-30 09:00:00.000039936,46.296,27.78,114.824,3.305528e-05,7.716,280.0
2019-07-30 12:00:00.000039936,51.440002,27.78,122.695,3.330315e-05,7.2016,280.0
2019-07-30 15:00:00.000039936,55.5552,24.076,131.02899,3.3550914e-05,7.2016,280.0
2019-07-30 18:00:00.000039936,59.156002,18.52,138.9,3.3798577e-05,7.2016,285.0
2019-07-30 21:00:00.000039936,59.156002,18.52,138.9,3.4293596e-05,6.6872,290.0
2019-07-31 00:00:00.000039936,59.156002,18.52,138.9,3.47882e-05,6.1728,290.0
2019-07-31 03:00:00.000039936,58.1272,18.52,138.9,3.5282377e-05,5.6584,285.0
2019-07-31 06:00:00.000039936,56.584,18.52,138.9,3.5529305e-05,5.144,285.0
2019-07-31 09:00:00.000039936,55.5552,18.52,138.9,3.577612e-05,5.144,280.0
2019-07-31 12:00:00.000039936,54.012,18.52,138.9,3.6022833e-05,5.144,285.0
2019-07-31 15:00:00.000039936,52.9832,18.52,137.974,3.626943e-05,5.6584,285.0
2019-07-31 18:00:00.000039936,51.440002,18.52,136.58499,3.67623e-05,5.6584,290.0
2019-07-31 21:00:00.000039936,48.868,18.52,131.02899,3.7254722e-05,5.6584,290.0
2019-08-01 00:00:00.000039936,46.296,18.52,125.01,3.7746686e-05,5.6584,290.0
2019-08-01 03:00:00.000039936,43.724,18.52,120.842995,3.8238195e-05,5.6584,285.0
2019-08-01 06:00:00.000039936,41.152,18.52,115.75,3.8483773e-05,5.6584,285.0
2019-08-01 09:00:00.000039936,40.1232,18.52,112.046,3.872924e-05,6.1728,280.0
2019-08-01 12:00:00.000039936,38.58,18.52,106.490005,3.897458e-05,6.1728,275.0
2019-08-01 15:00:00.000039936,37.5512,18.52,103.712,3.897458e-05,6.1728,275.0
2019-08-01 18:00:00.000039936,36.008,18.52,99.545,3.9219805e-05,6.1728,275.0
2019-08-01 21:00:00.000039936,33.436,18.52,93.063,3.9464914e-05,6.6872,280.0
2019-08-02 00:00:00.000039936,30.864,18.52,85.655,3.9709896e-05,6.6872,280.0
2019-08-02 03:00:00.000039936,28.292,27.78,83.803,3.995476e-05,7.2016,285.0
2019-08-02 06:00:00.000039936,25.720001,37.04,81.024994,4.0444127e-05,7.2016,285.0
2019-08-02 09:00:00.000039936,24.6912,42.596,72.691,4.093299e-05,7.2016,285.0
2019-08-02 12:00:00.000039936,23.148,46.3,62.505,4.1177245e-05,6.6872,280.0
2019-08-02 15:00:00.000039936,22.1192,46.3,60.653,4.142137e-05,6.1728,280.0
2019-08-02 18:00:00.000039936,20.576,46.3,57.875,4.1665367e-05,5.144,280.0
2019-08-02 21:00:00.000039936,19.5472,79.636,55.097,4.1909232e-05,4.6296,285.0
2019-08-03 00:00:00.000039936,18.004,111.12,50.93,4.2152973e-05,6.1728,275.0
2019-08-03 03:00:00.000039936,18.004,101.86,43.985,4.239659e-05,7.716,275.0
2019-08-03 06:00:00.000039936,18.004,92.6,37.04,4.239659e-05,8.744801,275.0
2019-08-03 09:00:00.000039936,18.004,88.895996,35.188,4.239659e-05,8.2304,275.0
2019-08-03 12:00:00.000039936,18.004,83.34,32.41,4.2640077e-05,7.2016,275.0
2019-08-03 15:00:00.000039936,18.004,79.636,30.558,4.288343e-05,6.1728,280.0
