Time,Vmax,Rmax_IBT,R34,fcor,u_trans,v_trans
2009-08-04 00:00:00.000039936,18.004,55.56,41.670002,3.330315e-05,7.2016,290.0
2009-08-04 03:00:00.000039936,20.576,55.56,56.486,3.3798577e-05,7.2016,290.0
2009-08-04 06:00:00.000039936,23.148,55.56,69.45,3.454095e-05,7.2016,295.0
2009-08-04 09:00:00.000039936,25.720001,55.56,76.858,3.5282377e-05,7.716,295.0
2009-08-04 12:00:00.000039936,28.292,55.56,83.340004,3.6022833e-05,7.716,290.0
2009-08-04 15:00:00.000039936,28.292,46.3,83.340004,3.67623e-05,7.716,295.0
2009-08-04 18:00:00.000039936,28.292,37.04,83.340004,3.7500762e-05,7.716,295.0
2009-08-04 21:00:00.000039936,27.2632,46.3,90.748,3.8238195e-05,7.716,300.0
2009-08-05 00:00:00.000039936,25.720001,55.56,97.229996,3.9219805e-05,7.2016,305.0
2009-08-05 03:00:00.000039936,24.6912,55.56,100.934,4.0199502e-05,7.2016,305.0
2009-08-05 06:00:00.000039936,23.148,55.56,104.174995,4.1177245e-05,7.2016,305.0
2009-08-05 09:00:00.000039936,23.148,55.56,104.174995,4.2152973e-05,7.2016,305.0
2009-08-05 12:00:00.000039936,23.148,55.56,104.174995,4.3126656e-05,7.2016,305.0
2009-08-05 15:00:00.000039936,23.148,55.56,104.174995,4.409823e-05,7.716,305.0
2009-08-05 18:00:00.000039936,23.148,55.56,104.174995,4.5309676e-05,8.2304,310.0
2009-08-05 21:00:00.000039936,23.148,37.04,97.693,4.651767e-05,8.2304,310.0
2009-08-06 00:00:00.000039936,23.148,18.52,90.284996,4.7722115e-05,8.2304,310.0
2009-08-06 03:00:00.000039936,23.148,18.52,90.748,4.892293e-05,8.2304,310.0
2009-08-06 06:00:00.000039936,23.148,18.52,90.285,5.012002e-05,7.716,305.0
2009-08-06 09:00:00.000039936,22.1192,18.52,83.80299,5.1074945e-05,7.716,305.0
2009-08-06 12:00:00.000039936,20.576,18.52,76.395,5.22651e-05,7.716,310.0
2009-08-06 15:00:00.000039936,19.5472,27.78,69.913,5.345127e-05,7.2016,315.0
