Time,Vmax,Rmax_IBT,R34,fcor,u_trans,v_trans
2021-07-17 12:00:00.000039936,18.004,111.12,27.78,4.093299e-05,6.1728,295.0
2021-07-17 15:00:00.000039936,18.004,111.12,27.78,4.1665367e-05,5.6584,300.0
2021-07-17 18:00:00.000039936,18.004,111.12,27.78,4.2152973e-05,5.144,295.0
2021-07-17 21:00:00.000039936,18.004,111.12,27.78,4.2640077e-05,5.144,295.0
2021-07-18 00:00:00.000039936,18.004,111.12,27.78,4.3126656e-05,5.144,290.0
2021-07-18 03:00:00.000039936,19.5472,111.12,41.670002,4.3369746e-05,4.6296,290.0
2021-07-18 06:00:00.000039936,20.576,111.12,55.56,4.385554e-05,4.6296,290.0
2021-07-18 09:00:00.000039936,22.1192,101.86,74.079994,4.4340795e-05,5.144,295.0
2021-07-18 12:00:00.000039936,23.148,92.6,92.6,4.4825505e-05,5.6584,290.0
2021-07-18 15:00:00.000039936,24.6912,83.34,99.545,4.5309676e-05,6.1728,290.0
2021-07-18 18:00:00.000039936,25.720001,74.08,106.49,4.5793287e-05,6.1728,285.0
2021-07-18 21:00:00.000039936,24.6912,83.34,108.805,4.627635e-05,6.1728,285.0
2021-07-19 00:00:00.000039936,23.148,92.6,111.12,4.651767e-05,6.6872,280.0
2021-07-19 03:00:00.000039936,20.576,111.12,101.86,4.675884e-05,6.6872,280.0
2021-07-19 06:00:00.000039936,18.004,129.64,92.6,4.6999867e-05,6.6872,280.0
2021-07-19 09:00:00.000039936,18.004,129.64,92.6,4.7240763e-05,6.6872,280.0
2021-07-19 12:00:00.000039936,18.004,129.64,92.6,4.748151e-05,7.716,280.0
2021-07-19 15:00:00.000039936,18.004,129.64,87.97,4.7722115e-05,8.2304,275.0
