Time,Vmax,Rmax_IBT,R34,fcor,u_trans,v_trans
2005-08-11 12:00:00.000039936,18.004,55.56,111.12,3.3550914e-05,3.6008,295.0
2005-08-11 15:00:00.000039936,19.5472,55.56,111.12,3.3798577e-05,2.572,290.0
2005-08-11 18:00:00.000039936,20.576,55.56,111.12,3.404614e-05,4.1152,280.0
2005-08-11 21:00:00.000039936,22.1192,55.56,111.12,3.4293596e-05,5.6584,275.0
2005-08-12 00:00:00.000039936,23.148,55.56,111.12,3.4293596e-05,5.144,270.0
2005-08-12 03:00:00.000039936,23.148,55.56,111.12,3.4293596e-05,4.1152,270.0
2005-08-12 06:00:00.000039936,23.148,55.56,111.12,3.4293596e-05,3.6008,285.0
2005-08-12 09:00:00.000039936,22.1192,55.56,111.12,3.47882e-05,3.6008,305.0
2005-08-12 12:00:00.000039936,20.576,55.56,111.12,3.5282377e-05,3.6008,310.0
2005-08-12 15:00:00.000039936,20.576,55.56,111.12,3.577612e-05,3.0864,315.0
2005-08-12 18:00:00.000039936,20.576,55.56,111.12,3.626943e-05,2.0576,325.0
2005-08-12 21:00:00.000039936,19.5472,55.56,97.229996,3.67623e-05,2.0576,325.0
2005-08-13 00:00:00.000039936,18.004,55.56,83.340004,3.700857e-05,2.572,310.0
2005-08-13 03:00:00.000039936,18.004,55.56,74.08,3.7500762e-05,3.0864,300.0
2005-08-13 06:00:00.000039936,18.004,55.56,64.82,3.7746686e-05,2.572,315.0
2005-08-13 09:00:00.000039936,18.004,55.56,64.82,3.8238195e-05,2.0576,325.0
2005-08-13 12:00:00.000039936,18.004,55.56,64.82,3.8483773e-05,2.572,305.0
2005-08-13 15:00:00.000039936,18.004,55.56,78.71,3.872924e-05,3.0864,290.0
2005-08-13 18:00:00.000039936,18.004,55.56,92.6,3.897458e-05,3.0864,280.0
2005-08-13 21:00:00.000039936,19.5472,46.3,92.6,3.897458e-05,3.0864,270.0
2005-08-14 00:00:00.000039936,20.576,37.04,92.6,3.897458e-05,2.572,260.0
2005-08-14 03:00:00.000039936,20.576,37.04,74.08,3.872924e-05,2.0576,235.0
2005-08-14 06:00:00.000039936,20.576,37.04,55.559998,3.8483773e-05,2.572,205.0
2005-08-14 09:00:00.000039936,19.5472,37.04,55.559998,3.7746686e-05,3.0864,190.0
