Time,Vmax,Rmax_IBT,R34,fcor,u_trans,v_trans
2018-07-01 03:00:00.000039936,18.004,120.38,55.56,2.882674e-05,5.144,285.0
2018-07-01 06:00:00.000039936,20.576,111.12,27.78,2.9325609e-05,5.144,290.0
2018-07-01 09:00:00.000039936,22.1192,101.86,67.135,2.9824112e-05,5.6584,290.0
2018-07-01 12:00:00.000039936,23.148,92.6,106.490005,3.0322259e-05,5.6584,290.0
2018-07-01 15:00:00.000039936,24.6912,88.895996,122.69499,3.0820032e-05,5.6584,285.0
2018-07-01 18:00:00.000039936,25.720001,83.34,138.9,3.1068776e-05,5.144,280.0
2018-07-01 21:00:00.000039936,27.2632,79.636,138.9,3.131743e-05,4.6296,275.0
2018-07-02 00:00:00.000039936,28.292,74.08,138.9,3.131743e-05,4.1152,275.0
2018-07-02 03:00:00.000039936,29.835201,74.08,148.16,3.131743e-05,4.1152,275.0
2018-07-02 06:00:00.000039936,30.864,74.08,157.42001,3.156599e-05,4.1152,285.0
2018-07-02 09:00:00.000039936,32.4072,61.116,157.42001,3.206281e-05,4.6296,295.0
2018-07-02 12:00:00.000039936,33.436,46.3,157.42001,3.2559245e-05,5.144,300.0
2018-07-02 15:00:00.000039936,34.979202,46.3,182.885,3.330315e-05,5.6584,305.0
2018-07-02 18:00:00.000039936,36.008,46.3,208.35,3.404614e-05,6.1728,305.0
2018-07-02 21:00:00.000039936,37.5512,46.3,208.35,3.5035337e-05,6.6872,305.0
2018-07-03 00:00:00.000039936,38.58,46.3,208.35,3.577612e-05,6.6872,300.0
2018-07-03 03:00:00.000039936,41.152,46.3,219.92499,3.651592e-05,6.6872,295.0
2018-07-03 06:00:00.000039936,43.724,46.3,231.5,3.700857e-05,6.1728,290.0
2018-07-03 09:00:00.000039936,45.2672,46.3,233.815,3.7254722e-05,6.1728,285.0
2018-07-03 12:00:00.000039936,46.296,46.3,236.13,3.7746686e-05,6.1728,290.0
2018-07-03 15:00:00.000039936,47.8392,46.3,238.445,3.8238195e-05,6.6872,295.0
2018-07-03 18:00:00.000039936,48.868,46.3,240.76,3.897458e-05,7.2016,300.0
2018-07-03 21:00:00.000039936,48.868,46.3,240.76,3.9709896e-05,7.2016,300.0
2018-07-04 00:00:00.000039936,48.868,46.3,240.76,4.0688625e-05,7.716,295.0
2018-07-04 03:00:00.000039936,47.8392,46.3,240.76,4.142137e-05,7.2016,290.0
2018-07-04 06:00:00.000039936,46.296,46.3,240.76,4.1909232e-05,6.6872,285.0
2018-07-04 09:00:00.000039936,45.2672,46.3,236.13,4.2152973e-05,6.1728,280.0
2018-07-04 12:00:00.000039936,43.724,46.3,231.5,4.239659e-05,5.6584,285.0
2018-07-04 15:00:00.000039936,42.6952,46.3,231.5,4.288343e-05,6.1728,295.0
2018-07-04 18:00:00.000039936,41.152,46.3,231.5,4.3612705e-05,6.6872,300.0
2018-07-04 21:00:00.000039936,40.1232,46.3,231.5,4.4340795e-05,6.6872,300.0
2018-07-05 00:00:00.000039936,38.58,46.3,231.5,4.5309676e-05,7.2016,305.0
2018-07-05 03:00:00.000039936,34.979202,46.3,231.5,4.627635e-05,7.716,310.0
2018-07-05 06:00:00.000039936,30.864,46.3,231.5,4.748151e-05,7.716,305.0
2018-07-05 09:00:00.000039936,29.835201,46.3,217.61,4.844305e-05,7.716,300.0
2018-07-05 12:00:00.000039936,28.292,46.3,203.72,4.9402213e-05,7.716,295.0
2018-07-05 15:00:00.000039936,25.720001,51.856,194.45999,5.012002e-05,7.2016,295.0
2018-07-05 18:00:00.000039936,23.148,55.56,185.20001,5.083645e-05,6.6872,295.0
2018-07-05 21:00:00.000039936,22.1192,55.56,150.475,5.155148e-05,6.1728,295.0
2018-07-06 00:00:00.000039936,20.576,55.56,115.75,5.2027382e-05,6.1728,290.0
2018-07-06 03:00:00.000039936,19.5472,83.34,76.395,5.250265e-05,5.6584,290.0
