Time,Vmax,Rmax_IBT,R34,fcor,u_trans,v_trans
2011-08-17 06:00:00.000039936,18.004,46.3,32.41,3.897458e-05,9.2592,295.0
2011-08-17 09:00:00.000039936,20.576,46.3,37.04,3.995476e-05,10.288,295.0
2011-08-17 12:00:00.000039936,23.148,46.3,41.67,4.093299e-05,11.3168,290.0
2011-08-17 15:00:00.000039936,25.720001,42.596,62.968,4.1665367e-05,11.3168,285.0
2011-08-17 18:00:00.000039936,28.292,37.04,83.34,4.239659e-05,10.802401,285.0
2011-08-17 21:00:00.000039936,30.864,33.336,99.082,4.288343e-05,9.7736,280.0
2011-08-18 00:00:00.000039936,33.436,27.78,113.435,4.3369746e-05,9.2592,285.0
2011-08-18 03:00:00.000039936,34.979202,33.336,113.435,4.385554e-05,8.744801,285.0
2011-08-18 06:00:00.000039936,36.008,37.04,113.435,4.458322e-05,8.744801,290.0
2011-08-18 09:00:00.000039936,37.5512,33.336,118.991,4.5309676e-05,8.2304,290.0
2011-08-18 12:00:00.000039936,38.58,27.78,122.695,4.5793287e-05,7.2016,285.0
2011-08-18 15:00:00.000039936,38.58,27.78,122.695,4.627635e-05,6.1728,285.0
2011-08-18 18:00:00.000039936,38.58,27.78,122.695,4.651767e-05,6.1728,280.0
2011-08-18 21:00:00.000039936,37.5512,27.78,122.695,4.675884e-05,6.1728,280.0
2011-08-19 00:00:00.000039936,36.008,27.78,122.695,4.6999867e-05,6.1728,280.0
2011-08-19 03:00:00.000039936,34.979202,27.78,122.695,4.7240763e-05,6.1728,280.0
2011-08-19 06:00:00.000039936,33.436,27.78,122.695,4.748151e-05,5.6584,285.0
2011-08-19 09:00:00.000039936,32.4072,27.78,122.695,4.7722115e-05,5.144,290.0
2011-08-19 12:00:00.000039936,30.864,27.78,122.695,4.8202877e-05,5.144,285.0
2011-08-19 15:00:00.000039936,28.292,33.336,118.991,4.844305e-05,5.144,280.0
2011-08-19 18:00:00.000039936,25.720001,37.04,113.435,4.868306e-05,5.144,280.0
2011-08-19 21:00:00.000039936,24.6912,37.04,113.435,4.892293e-05,5.144,275.0
2011-08-20 00:00:00.000039936,23.148,37.04,113.435,4.892293e-05,5.144,275.0
2011-08-20 03:00:00.000039936,22.1192,37.04,105.563995,4.892293e-05,4.6296,275.0
2011-08-20 06:00:00.000039936,20.576,37.04,97.229996,4.916265e-05,4.6296,275.0
2011-08-20 09:00:00.000039936,19.5472,37.04,93.526,4.916265e-05,4.6296,275.0
