Time,Vmax,Rmax_IBT,R34,fcor,u_trans,v_trans
2006-08-01 00:00:00.000039936,18.004,55.56,64.82,3.6022833e-05,6.1728,285.0
2006-08-01 03:00:00.000039936,18.004,55.56,64.82,3.626943e-05,6.1728,285.0
2006-08-01 06:00:00.000039936,18.004,55.56,64.82,3.67623e-05,6.6872,285.0
2006-08-01 09:00:00.000039936,19.5472,55.56,64.82,3.700857e-05,7.2016,280.0
2006-08-01 12:00:00.000039936,20.576,55.56,64.82,3.7254722e-05,7.2016,270.0
2006-08-01 15:00:00.000039936,22.1192,55.56,62.504997,3.7254722e-05,7.2016,265.0
2006-08-01 18:00:00.000039936,23.148,55.56,60.190002,3.700857e-05,6.6872,270.0
2006-08-01 21:00:00.000039936,23.148,55.56,60.190002,3.700857e-05,6.6872,275.0
2006-08-02 00:00:00.000039936,23.148,55.56,60.190002,3.7254722e-05,6.6872,275.0
2006-08-02 03:00:00.000039936,23.148,55.56,57.875,3.7254722e-05,6.6872,270.0
2006-08-02 06:00:00.000039936,23.148,55.56,55.56,3.7254722e-05,6.1728,270.0
2006-08-02 09:00:00.000039936,22.1192,55.56,57.875,3.7254722e-05,6.6872,270.0
2006-08-02 12:00:00.000039936,20.576,55.56,60.190002,3.7254722e-05,7.2016,275.0
2006-08-02 15:00:00.000039936,19.5472,55.56,60.190002,3.7500762e-05,7.716,280.0
