Time,Vmax,Rmax_IBT,R34,fcor,u_trans,v_trans
2008-07-16 12:00:00.000039936,18.004,46.3,13.89,2.7827968e-05,9.7736,290.0
2008-07-16 15:00:00.000039936,18.004,46.3,43.985,2.8327528e-05,10.288,280.0
2008-07-16 18:00:00.000039936,18.004,46.3,74.08,2.857718e-05,10.802401,275.0
2008-07-16 21:00:00.000039936,19.5472,46.3,85.655,2.882674e-05,10.802401,275.0
2008-07-17 00:00:00.000039936,20.576,46.3,97.23,2.9076216e-05,8.2304,275.0
2008-07-17 03:00:00.000039936,23.148,42.596,98.619,2.9325609e-05,5.6584,280.0
2008-07-17 06:00:00.000039936,25.720001,37.04,99.545,2.9574905e-05,5.144,285.0
2008-07-17 09:00:00.000039936,25.720001,37.04,102.323,2.9824112e-05,5.6584,285.0
2008-07-17 12:00:00.000039936,25.720001,37.04,104.175,3.0322259e-05,6.1728,290.0
2008-07-17 15:00:00.000039936,27.2632,55.56,115.286995,3.0820032e-05,6.6872,295.0
2008-07-17 18:00:00.000039936,28.292,74.08,125.009995,3.156599e-05,6.1728,295.0
2008-07-17 21:00:00.000039936,29.835201,74.08,130.56601,3.206281e-05,5.6584,290.0
2008-07-18 00:00:00.000039936,30.864,74.08,134.26999,3.2559245e-05,5.144,290.0
2008-07-18 03:00:00.000039936,30.864,74.08,143.993,3.305528e-05,5.144,285.0
2008-07-18 06:00:00.000039936,30.864,74.08,152.79,3.330315e-05,4.6296,290.0
2008-07-18 09:00:00.000039936,32.4072,55.56,164.828,3.3550914e-05,4.1152,290.0
2008-07-18 12:00:00.000039936,33.436,37.04,175.94,3.404614e-05,4.6296,295.0
2008-07-18 15:00:00.000039936,33.436,37.04,175.94,3.454095e-05,4.6296,295.0
2008-07-18 18:00:00.000039936,33.436,37.04,175.94,3.5035337e-05,4.1152,295.0
2008-07-18 21:00:00.000039936,34.979202,37.04,175.94,3.5282377e-05,3.6008,295.0
2008-07-19 00:00:00.000039936,36.008,37.04,175.94,3.577612e-05,3.0864,305.0
2008-07-19 03:00:00.000039936,37.5512,37.04,178.255,3.626943e-05,3.0864,310.0
2008-07-19 06:00:00.000039936,38.58,37.04,180.56999,3.67623e-05,3.0864,305.0
2008-07-19 09:00:00.000039936,38.58,37.04,192.145,3.700857e-05,3.0864,300.0
2008-07-19 12:00:00.000039936,38.58,37.04,203.72,3.7500762e-05,3.0864,310.0
2008-07-19 15:00:00.000039936,38.58,37.04,191.219,3.7992504e-05,3.0864,320.0
2008-07-19 18:00:00.000039936,38.58,37.04,178.255,3.872924e-05,3.6008,320.0
2008-07-19 21:00:00.000039936,38.58,37.04,173.162,3.9464914e-05,4.1152,315.0
2008-07-20 00:00:00.000039936,38.58,37.04,166.68,4.0199502e-05,5.144,320.0
2008-07-20 03:00:00.000039936,38.58,37.04,168.069,4.1177245e-05,5.144,320.0
2008-07-20 06:00:00.000039936,38.58,37.04,168.995,4.2152973e-05,5.6584,315.0
2008-07-20 09:00:00.000039936,40.1232,42.596,171.31,4.3126656e-05,5.6584,310.0
2008-07-20 12:00:00.000039936,41.152,46.3,173.625,4.385554e-05,5.6584,315.0
2008-07-20 15:00:00.000039936,41.152,51.856,173.625,4.4825505e-05,5.6584,315.0
2008-07-20 18:00:00.000039936,41.152,55.56,173.625,4.5793287e-05,5.6584,310.0
2008-07-20 21:00:00.000039936,41.152,55.56,173.625,4.651767e-05,5.6584,300.0
2008-07-21 00:00:00.000039936,41.152,55.56,173.625,4.7240763e-05,5.6584,300.0
2008-07-21 03:00:00.000039936,40.1232,55.56,173.625,4.796257e-05,5.6584,300.0
2008-07-21 06:00:00.000039936,38.58,55.56,173.625,4.868306e-05,6.1728,300.0
2008-07-21 09:00:00.000039936,37.5512,55.56,165.754,4.9402213e-05,6.1728,295.0
2008-07-21 12:00:00.000039936,36.008,55.56,157.42,4.9880902e-05,5.6584,290.0
2008-07-21 15:00:00.000039936,33.436,61.116,148.16,5.035898e-05,5.144,290.0
2008-07-21 18:00:00.000039936,30.864,64.82,138.9,5.059779e-05,4.6296,285.0
2008-07-21 21:00:00.000039936,29.835201,79.636,138.9,5.083645e-05,4.6296,285.0
2008-07-22 00:00:00.000039936,28.292,92.6,138.9,5.1074945e-05,4.6296,290.0
2008-07-22 03:00:00.000039936,27.2632,92.6,138.9,5.155148e-05,5.144,295.0
2008-07-22 06:00:00.000039936,25.720001,92.6,138.9,5.2027382e-05,5.144,295.0
2008-07-22 09:00:00.000039936,23.148,101.86,97.229996,5.250265e-05,4.6296,295.0
2008-07-22 12:00:00.000039936,20.576,111.12,55.56,5.2977284e-05,5.144,295.0
