Time,Vmax,Rmax_IBT,R34,fcor,u_trans,v_trans
2007-07-24 00:00:00.000039936,18.004,64.82,69.45,3.9709896e-05,4.1152,330.0
2007-07-24 03:00:00.000039936,18.004,64.82,76.395,4.0444127e-05,3.6008,325.0
2007-07-24 06:00:00.000039936,18.004,64.82,83.34,4.1177245e-05,3.0864,330.0
2007-07-24 09:00:00.000039936,19.5472,64.82,99.545,4.1665367e-05,3.0864,330.0
2007-07-24 12:00:00.000039936,20.576,64.82,115.75,4.239659e-05,3.0864,335.0
2007-07-24 15:00:00.000039936,22.1192,42.596,115.75,4.3126656e-05,3.6008,335.0
2007-07-24 18:00:00.000039936,23.148,18.52,115.75,4.385554e-05,3.6008,335.0
2007-07-24 21:00:00.000039936,24.6912,55.56,134.26999,4.458322e-05,3.6008,335.0
2007-07-25 00:00:00.000039936,25.720001,92.6,152.79,4.5309676e-05,3.6008,335.0
2007-07-25 03:00:00.000039936,25.720001,92.6,145.845,4.6034886e-05,3.6008,335.0
2007-07-25 06:00:00.000039936,25.720001,92.6,138.9,4.675884e-05,3.6008,330.0
2007-07-25 09:00:00.000039936,24.6912,92.6,142.604,4.748151e-05,3.6008,330.0
2007-07-25 12:00:00.000039936,23.148,92.6,145.845,4.8202877e-05,3.6008,320.0
2007-07-25 15:00:00.000039936,23.148,92.6,139.363,4.892293e-05,3.6008,315.0
2007-07-25 18:00:00.000039936,23.148,92.6,131.955,4.9402213e-05,3.6008,315.0
2007-07-25 21:00:00.000039936,23.148,92.6,131.955,4.9880902e-05,3.6008,315.0
2007-07-26 00:00:00.000039936,23.148,92.6,131.955,5.059779e-05,3.6008,320.0
2007-07-26 03:00:00.000039936,23.148,92.6,128.714,5.131329e-05,4.1152,315.0
2007-07-26 06:00:00.000039936,23.148,92.6,125.01,5.2027382e-05,4.6296,315.0
2007-07-26 09:00:00.000039936,23.148,92.6,111.12,5.2740055e-05,5.144,310.0
2007-07-26 12:00:00.000039936,23.148,92.6,97.229996,5.345127e-05,5.6584,300.0
2007-07-26 15:00:00.000039936,22.1192,92.6,83.34,5.4161024e-05,5.6584,295.0
2007-07-26 18:00:00.000039936,20.576,92.6,69.450005,5.4633376e-05,5.6584,295.0
2007-07-26 21:00:00.000039936,19.5472,74.08,55.56,5.510506e-05,4.6296,295.0
