Time,Vmax,Rmax_IBT,R34,fcor,u_trans,v_trans
2022-07-26 06:00:00.000039936,18.004,74.08,23.15,2.857718e-05,4.6296,285.0
2022-07-26 09:00:00.000039936,18.004,74.08,34.725,2.882674e-05,4.1152,285.0
2022-07-26 12:00:00.000039936,18.004,74.08,46.3,2.9076216e-05,4.1152,280.0
2022-07-26 15:00:00.000039936,18.004,74.08,55.559998,2.9076216e-05,4.6296,275.0
2022-07-26 18:00:00.000039936,18.004,74.08,64.82,2.9325609e-05,4.6296,280.0
2022-07-26 21:00:00.000039936,18.004,74.08,64.82,2.9574905e-05,4.6296,285.0
2022-07-27 00:00:00.000039936,18.004,74.08,64.82,2.9824112e-05,4.6296,290.0
2022-07-27 03:00:00.000039936,18.004,74.08,64.82,3.0073232e-05,4.1152,290.0
2022-07-27 06:00:00.000039936,18.004,74.08,64.82,3.0571195e-05,4.6296,290.0
2022-07-27 09:00:00.000039936,18.004,74.08,64.82,3.0820032e-05,4.6296,285.0
2022-07-27 12:00:00.000039936,18.004,74.08,64.82,3.1068776e-05,4.6296,280.0
2022-07-27 15:00:00.000039936,19.5472,74.08,74.08,3.1068776e-05,4.6296,275.0
2022-07-27 18:00:00.000039936,20.576,74.08,83.34,3.131743e-05,4.6296,280.0
2022-07-27 21:00:00.000039936,22.1192,74.08,92.59999,3.156599e-05,5.144,280.0
2022-07-28 00:00:00.000039936,23.148,74.08,101.86,3.1814445e-05,5.6584,280.0
2022-07-28 03:00:00.000039936,23.148,64.82,104.175,3.206281e-05,5.6584,280.0
2022-07-28 06:00:00.000039936,23.148,55.56,106.49,3.231108e-05,5.6584,280.0
2022-07-28 09:00:00.000039936,23.148,55.56,104.175,3.2559245e-05,5.6584,275.0
2022-07-28 12:00:00.000039936,23.148,55.56,101.86,3.2559245e-05,5.144,275.0
2022-07-28 15:00:00.000039936,24.6912,55.56,106.49,3.2559245e-05,4.6296,275.0
2022-07-28 18:00:00.000039936,25.720001,55.56,111.12,3.280731e-05,4.1152,280.0
2022-07-28 21:00:00.000039936,27.2632,55.56,113.435,3.305528e-05,4.1152,285.0
2022-07-29 00:00:00.000039936,28.292,55.56,115.75,3.330315e-05,4.1152,290.0
2022-07-29 03:00:00.000039936,28.292,55.56,122.695,3.3550914e-05,3.6008,295.0
2022-07-29 06:00:00.000039936,28.292,55.56,129.64,3.404614e-05,3.6008,305.0
2022-07-29 09:00:00.000039936,28.292,55.56,131.955,3.454095e-05,4.1152,310.0
2022-07-29 12:00:00.000039936,28.292,55.56,134.27,3.5282377e-05,4.1152,305.0
2022-07-29 15:00:00.000039936,29.835201,46.3,138.9,3.577612e-05,4.6296,295.0
2022-07-29 18:00:00.000039936,30.864,37.04,143.53,3.626943e-05,4.6296,300.0
2022-07-29 21:00:00.000039936,33.436,37.04,143.53,3.67623e-05,4.6296,305.0
2022-07-30 00:00:00.000039936,36.008,37.04,143.53,3.7500762e-05,5.144,305.0
2022-07-30 03:00:00.000039936,38.58,37.04,155.105,3.8238195e-05,5.144,310.0
2022-07-30 06:00:00.000039936,41.152,37.04,166.68,3.897458e-05,5.144,310.0
2022-07-30 09:00:00.000039936,41.152,37.04,166.68,3.9709896e-05,5.144,310.0
2022-07-30 12:00:00.000039936,41.152,37.04,166.68,4.0688625e-05,5.144,315.0
2022-07-30 15:00:00.000039936,41.152,37.04,166.68,4.142137e-05,5.144,315.0
2022-07-30 18:00:00.000039936,41.152,37.04,166.68,4.239659e-05,5.144,315.0
2022-07-30 21:00:00.000039936,41.152,37.04,168.995,4.3126656e-05,5.144,310.0
2022-07-31 00:00:00.000039936,41.152,37.04,171.31,4.409823e-05,5.6584,310.0
2022-07-31 03:00:00.000039936,40.1232,37.04,175.94,4.506766e-05,5.6584,310.0
2022-07-31 06:00:00.000039936,38.58,37.04,180.56999,4.5793287e-05,5.144,310.0
2022-07-31 09:00:00.000039936,37.5512,46.3,185.2,4.651767e-05,5.144,310.0
2022-07-31 12:00:00.000039936,36.008,55.56,189.83,4.7240763e-05,5.144,315.0
2022-07-31 15:00:00.000039936,36.008,55.56,189.83,4.8202877e-05,5.6584,315.0
2022-07-31 18:00:00.000039936,36.008,55.56,189.83,4.916265e-05,5.144,315.0
2022-07-31 21:00:00.000039936,34.979202,55.56,187.515,4.9880902e-05,5.144,315.0
2022-08-01 00:00:00.000039936,33.436,55.56,185.2,5.083645e-05,5.144,315.0
2022-08-01 03:00:00.000039936,32.4072,55.56,185.2,5.178951e-05,5.6584,315.0
2022-08-01 06:00:00.000039936,30.864,55.56,185.2,5.2740055e-05,5.6584,315.0
2022-08-01 09:00:00.000039936,29.835201,55.56,178.255,5.3688025e-05,5.144,315.0
2022-08-01 12:00:00.000039936,28.292,55.56,171.31,5.439729e-05,5.144,310.0
2022-08-01 15:00:00.000039936,25.720001,64.82,166.68,5.510506e-05,5.144,310.0
2022-08-01 18:00:00.000039936,23.148,74.08,162.05,5.581132e-05,4.6296,310.0
2022-08-01 21:00:00.000039936,22.1192,74.08,152.79,5.6516048e-05,5.144,310.0
2022-08-02 00:00:00.000039936,20.576,74.08,143.53,5.721923e-05,5.144,310.0
2022-08-02 03:00:00.000039936,20.576,74.08,134.26999,5.7920843e-05,5.144,310.0
2022-08-02 06:00:00.000039936,20.576,74.08,125.009995,5.862087e-05,4.6296,315.0
2022-08-02 09:00:00.000039936,19.5472,74.08,97.229996,5.9319285e-05,5.144,320.0
2022-08-02 12:00:00.000039936,18.004,74.08,69.45,6.0247978e-05,5.144,320.0
2022-08-02 15:00:00.000039936,18.004,74.08,48.615,6.1173734e-05,5.144,325.0
