Time,Vmax,Rmax_IBT,R34,fcor,u_trans,v_trans
2010-08-06 12:00:00.000039936,18.004,46.3,20.835,4.1665367e-05,5.144,290.0
2010-08-06 15:00:00.000039936,19.5472,46.3,31.484,4.2152973e-05,5.6584,285.0
2010-08-06 18:00:00.000039936,20.576,46.3,41.67,4.239659e-05,5.6584,280.0
2010-08-06 21:00:00.000039936,22.1192,46.3,52.319,4.2640077e-05,5.144,275.0
2010-08-07 00:00:00.000039936,23.148,46.3,62.504997,4.2640077e-05,4.6296,265.0
2010-08-07 03:00:00.000039936,23.148,46.3,62.504997,4.239659e-05,4.1152,255.0
2010-08-07 06:00:00.000039936,23.148,46.3,62.504997,4.2152973e-05,4.1152,265.0
2010-08-07 09:00:00.000039936,24.6912,46.3,69.45,4.2152973e-05,4.6296,275.0
2010-08-07 12:00:00.000039936,25.720001,46.3,76.395,4.239659e-05,4.6296,280.0
2010-08-07 15:00:00.000039936,25.720001,46.3,82.877,4.2640077e-05,5.144,280.0
2010-08-07 18:00:00.000039936,25.720001,46.3,87.97,4.288343e-05,5.144,280.0
2010-08-07 21:00:00.000039936,27.2632,46.3,100.93399,4.3126656e-05,4.6296,285.0
2010-08-08 00:00:00.000039936,28.292,46.3,113.435,4.3369746e-05,3.6008,285.0
2010-08-08 03:00:00.000039936,28.292,37.04,113.435,4.3612705e-05,3.0864,290.0
2010-08-08 06:00:00.000039936,28.292,27.78,113.435,4.385554e-05,3.0864,290.0
2010-08-08 09:00:00.000039936,27.2632,27.78,113.435,4.409823e-05,3.0864,290.0
2010-08-08 12:00:00.000039936,25.720001,27.78,113.435,4.4340795e-05,3.0864,290.0
2010-08-08 15:00:00.000039936,24.6912,27.78,101.397,4.458322e-05,2.572,295.0
2010-08-08 18:00:00.000039936,23.148,27.78,87.97,4.4825505e-05,2.0576,285.0
2010-08-08 21:00:00.000039936,22.1192,33.336,80.099,4.4825505e-05,2.0576,270.0
2010-08-09 00:00:00.000039936,20.576,37.04,71.765,4.4825505e-05,2.0576,270.0
2010-08-09 03:00:00.000039936,19.5472,37.04,64.357,4.4825505e-05,2.0576,270.0
2010-08-09 06:00:00.000039936,18.004,37.04,55.56,4.4825505e-05,1.5432,260.0
2010-08-09 09:00:00.000039936,18.004,37.04,55.56,4.4825505e-05,1.5432,250.0
