Time,Vmax,Rmax_IBT,R34,fcor,u_trans,v_trans
2012-08-07 15:00:00.000039936,18.004,46.3,27.78,3.7254722e-05,5.144,285.0
2012-08-07 18:00:00.000039936,20.576,46.3,27.78,3.7500762e-05,5.144,285.0
2012-08-07 21:00:00.000039936,23.148,46.3,50.93,3.7746686e-05,5.144,285.0
2012-08-08 00:00:00.000039936,25.720001,46.3,74.08,3.8238195e-05,5.144,290.0
2012-08-08 03:00:00.000039936,27.2632,46.3,83.34,3.872924e-05,5.144,285.0
2012-08-08 06:00:00.000039936,28.292,46.3,92.6,3.897458e-05,5.144,285.0
2012-08-08 09:00:00.000039936,29.835201,42.596,92.6,3.9219805e-05,4.6296,285.0
2012-08-08 12:00:00.000039936,30.864,37.04,92.6,3.9464914e-05,4.6296,280.0
2012-08-08 15:00:00.000039936,32.4072,33.336,94.915,3.9709896e-05,4.6296,285.0
2012-08-08 18:00:00.000039936,33.436,27.78,97.229996,3.995476e-05,4.1152,285.0
2012-08-08 21:00:00.000039936,33.436,27.78,101.86,4.0199502e-05,3.0864,290.0
2012-08-09 00:00:00.000039936,33.436,27.78,106.490005,4.0444127e-05,2.572,290.0
2012-08-09 03:00:00.000039936,34.979202,33.336,111.119995,4.0688625e-05,2.572,295.0
2012-08-09 06:00:00.000039936,36.008,37.04,115.75,4.093299e-05,2.572,305.0
2012-08-09 09:00:00.000039936,34.979202,37.04,115.75,4.142137e-05,3.0864,315.0
2012-08-09 12:00:00.000039936,33.436,37.04,115.75,4.1909232e-05,2.572,325.0
2012-08-09 15:00:00.000039936,32.4072,42.596,115.75,4.239659e-05,2.0576,335.0
2012-08-09 18:00:00.000039936,30.864,46.3,115.75,4.288343e-05,2.572,350.0
2012-08-09 21:00:00.000039936,30.864,46.3,118.064995,4.3369746e-05,2.572,0.0
2012-08-10 00:00:00.000039936,30.864,46.3,120.38,4.409823e-05,2.572,0.0
2012-08-10 03:00:00.000039936,30.864,42.596,120.38,4.4825505e-05,2.572,350.0
2012-08-10 06:00:00.000039936,30.864,37.04,120.38,4.5309676e-05,2.572,340.0
2012-08-10 09:00:00.000039936,29.835201,37.04,120.38,4.5793287e-05,2.0576,335.0
2012-08-10 12:00:00.000039936,28.292,37.04,120.38,4.627635e-05,2.0576,335.0
2012-08-10 15:00:00.000039936,27.2632,37.04,111.119995,4.675884e-05,2.0576,335.0
2012-08-10 18:00:00.000039936,25.720001,37.04,101.86,4.7240763e-05,2.572,335.0
2012-08-10 21:00:00.000039936,24.6912,37.04,90.284996,4.7722115e-05,2.0576,335.0
2012-08-11 00:00:00.000039936,23.148,37.04,78.71001,4.8202877e-05,2.0576,330.0
2012-08-11 03:00:00.000039936,22.1192,46.3,60.190002,4.844305e-05,2.0576,330.0
2012-08-11 06:00:00.000039936,20.576,55.56,41.670002,4.892293e-05,2.0576,330.0
2012-08-11 09:00:00.000039936,19.5472,55.56,27.78,4.9402213e-05,2.0576,335.0
