Time,Vmax,Rmax_IBT,R34,fcor,u_trans,v_trans
2023-08-13 00:00:00.000039936,18.004,74.08,46.3,3.7746686e-05,5.144,285.0
2023-08-13 03:00:00.000039936,20.576,64.82,60.190002,3.7992504e-05,5.144,280.0
2023-08-13 06:00:00.000039936,23.148,55.56,74.08,3.8238195e-05,4.6296,280.0
2023-08-13 09:00:00.000039936,24.6912,46.3,74.08,3.8483773e-05,4.1152,275.0
2023-08-13 12:00:00.000039936,25.720001,37.04,74.08,3.8483773e-05,3.6008,275.0
2023-08-13 15:00:00.000039936,29.835201,33.336,76.395004,3.8483773e-05,3.6008,270.0
2023-08-13 18:00:00.000039936,33.436,27.78,78.71,3.8483773e-05,3.6008,275.0
2023-08-13 21:00:00.000039936,38.58,24.076,83.34,3.8483773e-05,3.6008,280.0
2023-08-14 00:00:00.000039936,43.724,18.52,87.97,3.872924e-05,3.0864,280.0
2023-08-14 03:00:00.000039936,48.868,14.816,92.600006,3.872924e-05,3.0864,280.0
2023-08-14 06:00:00.000039936,54.012,9.26,97.229996,3.897458e-05,3.0864,280.0
2023-08-14 09:00:00.000039936,56.584,9.26,104.175,3.897458e-05,3.0864,280.0
2023-08-14 12:00:00.000039936,59.156002,9.26,111.119995,3.9219805e-05,3.0864,280.0
2023-08-14 15:00:00.000039936,59.156002,9.26,111.119995,3.9464914e-05,3.6008,285.0
2023-08-14 18:00:00.000039936,59.156002,9.26,111.119995,3.9709896e-05,3.6008,295.0
2023-08-14 21:00:00.000039936,58.1272,9.26,120.38,4.0199502e-05,4.1152,300.0
2023-08-15 00:00:00.000039936,56.584,9.26,129.64,4.0688625e-05,4.1152,295.0
2023-08-15 03:00:00.000039936,54.012,14.816,129.64,4.1177245e-05,4.1152,290.0
2023-08-15 06:00:00.000039936,51.440002,18.52,129.64,4.142137e-05,4.6296,290.0
2023-08-15 09:00:00.000039936,50.4112,18.52,129.64,4.1665367e-05,5.144,285.0
2023-08-15 12:00:00.000039936,48.868,18.52,129.64,4.2152973e-05,5.144,290.0
2023-08-15 15:00:00.000039936,47.8392,24.076,129.64,4.2640077e-05,5.144,285.0
2023-08-15 18:00:00.000039936,46.296,27.78,129.64,4.288343e-05,5.6584,280.0
2023-08-15 21:00:00.000039936,45.2672,33.336,129.64,4.3126656e-05,6.1728,275.0
2023-08-16 00:00:00.000039936,43.724,37.04,129.64,4.3126656e-05,6.6872,270.0
2023-08-16 03:00:00.000039936,40.1232,37.04,125.01,4.3126656e-05,6.6872,270.0
2023-08-16 06:00:00.000039936,36.008,37.04,120.380005,4.3126656e-05,6.6872,265.0
2023-08-16 09:00:00.000039936,32.4072,42.596,115.75,4.288343e-05,6.6872,260.0
2023-08-16 12:00:00.000039936,28.292,46.3,111.119995,4.2640077e-05,6.1728,260.0
2023-08-16 15:00:00.000039936,25.720001,51.856,111.119995,4.239659e-05,6.1728,260.0
2023-08-16 18:00:00.000039936,23.148,55.56,111.119995,4.2152973e-05,6.1728,260.0
2023-08-16 21:00:00.000039936,22.1192,55.56,87.97,4.1909232e-05,6.6872,260.0
2023-08-17 00:00:00.000039936,20.576,55.56,64.82,4.1665367e-05,6.1728,265.0
2023-08-17 03:00:00.000039936,19.5472,64.82,60.19,4.142137e-05,6.6872,265.0
2023-08-17 06:00:00.000039936,18.004,74.08,55.56,4.142137e-05,6.6872,265.0
2023-08-17 09:00:00.000039936,18.004,74.08,55.56,4.1177245e-05,7.2016,265.0
2023-08-17 12:00:00.000039936,18.004,74.08,55.56,4.1177245e-05,7.716,265.0
2023-08-17 15:00:00.000039936,18.004,74.08,50.93,4.093299e-05,7.2016,265.0
2023-08-17 18:00:00.000039936,18.004,74.08,46.3,4.093299e-05,7.2016,265.0
2023-08-17 21:00:00.000039936,18.004,74.08,46.3,4.0688625e-05,6.6872,265.0
2023-08-18 00:00:00.000039936,18.004,74.08,46.3,4.0688625e-05,6.1728,265.0
2023-08-18 03:00:00.000039936,18.004,74.08,46.3,4.0444127e-05,6.1728,265.0
2023-08-18 06:00:00.000039936,18.004,74.08,46.3,4.0444127e-05,6.1728,265.0
2023-08-18 09:00:00.000039936,18.004,74.08,46.3,4.0199502e-05,7.2016,265.0
2023-08-18 12:00:00.000039936,18.004,74.08,46.3,4.0199502e-05,7.2016,270.0
2023-08-18 15:00:00.000039936,18.004,74.08,46.3,4.0199502e-05,6.6872,270.0
