Time,Vmax,Rmax_IBT,R34,fcor,u_trans,v_trans
2003-08-07 21:00:00.000040448,18.004,61.116,27.78,4.1665367e-05,3.0864,280.0
2003-08-08 00:00:00.000040448,20.576,37.04,55.56,4.1665367e-05,3.0864,275.0
2003-08-08 03:00:00.000040448,20.576,37.04,64.82,4.1665367e-05,3.0864,270.0
2003-08-08 06:00:00.000040448,20.576,37.04,74.08,4.1665367e-05,3.0864,265.0
2003-08-08 09:00:00.000040448,22.1192,37.04,83.34,4.1665367e-05,3.6008,260.0
2003-08-08 12:00:00.000040448,23.148,37.04,92.6,4.142137e-05,3.6008,250.0
2003-08-08 15:00:00.000040448,24.6912,37.04,101.86,4.093299e-05,4.1152,240.0
2003-08-08 18:00:00.000040448,25.720001,37.04,111.12,4.0444127e-05,4.1152,245.0
2003-08-08 21:00:00.000040448,25.720001,37.04,111.12,4.0199502e-05,4.1152,255.0
2003-08-09 00:00:00.000040448,25.720001,37.04,111.12,3.995476e-05,4.6296,260.0
2003-08-09 03:00:00.000040448,25.720001,37.04,111.12,3.9709896e-05,5.144,265.0
2003-08-09 06:00:00.000040448,25.720001,37.04,111.12,3.9709896e-05,5.6584,265.0
2003-08-09 09:00:00.000040448,25.720001,37.04,111.12,3.9709896e-05,6.1728,265.0
2003-08-09 12:00:00.000040448,25.720001,37.04,111.12,3.9464914e-05,6.1728,260.0
2003-08-09 15:00:00.000040448,24.6912,37.04,111.12,3.9219805e-05,6.1728,260.0
2003-08-09 18:00:00.000040448,23.148,37.04,111.12,3.897458e-05,6.1728,260.0
2003-08-09 21:00:00.000040448,23.148,37.04,101.86,3.872924e-05,6.1728,265.0
2003-08-10 00:00:00.000040448,23.148,37.04,92.600006,3.872924e-05,6.1728,270.0
2003-08-10 03:00:00.000040448,23.148,37.04,101.86,3.872924e-05,6.1728,270.0
2003-08-10 06:00:00.000040448,23.148,37.04,111.12,3.872924e-05,5.6584,275.0
2003-08-10 09:00:00.000040448,22.1192,37.04,111.12,3.872924e-05,5.6584,275.0
2003-08-10 12:00:00.000040448,20.576,37.04,111.12,3.897458e-05,5.144,275.0
2003-08-10 15:00:00.000040448,19.5472,37.04,90.284996,3.897458e-05,5.6584,270.0
