Time,Vmax,Rmax_IBT,R34,fcor,u_trans,v_trans
2017-07-18 12:00:00.000039936,18.004,55.56,13.89,3.651592e-05,4.1152,275.0
2017-07-18 15:00:00.000039936,18.004,55.56,13.89,3.651592e-05,4.1152,270.0
2017-07-18 18:00:00.000039936,18.004,55.56,13.89,3.651592e-05,4.1152,265.0
2017-07-18 21:00:00.000039936,18.004,55.56,13.89,3.651592e-05,4.6296,265.0
2017-07-19 00:00:00.000039936,18.004,55.56,13.89,3.626943e-05,4.6296,260.0
2017-07-19 03:00:00.000039936,18.004,55.56,13.89,3.6022833e-05,4.6296,255.0
2017-07-19 06:00:00.000039936,18.004,55.56,13.89,3.577612e-05,4.6296,260.0
2017-07-19 09:00:00.000039936,19.5472,55.56,13.89,3.5529305e-05,4.6296,265.0
2017-07-19 12:00:00.000039936,20.576,55.56,13.89,3.5529305e-05,4.6296,265.0
2017-07-19 15:00:00.000039936,20.576,55.56,27.779999,3.5282377e-05,4.6296,265.0
2017-07-19 18:00:00.000039936,20.576,55.56,41.67,3.5282377e-05,4.6296,265.0
2017-07-19 21:00:00.000039936,19.5472,64.82,41.67,3.5282377e-05,5.144,270.0
2017-07-20 00:00:00.000039936,18.004,74.08,41.67,3.5282377e-05,5.144,270.0
2017-07-20 03:00:00.000039936,18.004,74.08,43.985,3.5282377e-05,5.144,270.0
2017-07-20 06:00:00.000039936,18.004,74.08,46.3,3.5282377e-05,4.6296,270.0
2017-07-20 09:00:00.000039936,19.5472,74.08,46.3,3.5282377e-05,4.6296,270.0
2017-07-20 12:00:00.000039936,20.576,74.08,46.3,3.5282377e-05,4.6296,275.0
2017-07-20 15:00:00.000039936,22.1192,74.08,46.3,3.5282377e-05,4.6296,275.0
2017-07-20 18:00:00.000039936,23.148,74.08,46.3,3.5529305e-05,4.6296,275.0
2017-07-20 21:00:00.000039936,24.6912,64.82,60.190002,3.5529305e-05,4.6296,275.0
2017-07-21 00:00:00.000039936,25.720001,55.56,74.08,3.577612e-05,4.6296,275.0
2017-07-21 03:00:00.000039936,25.720001,55.56,74.08,3.577612e-05,4.6296,275.0
2017-07-21 06:00:00.000039936,25.720001,55.56,74.08,3.6022833e-05,5.144,280.0
2017-07-21 09:00:00.000039936,24.6912,46.3,74.08,3.626943e-05,5.6584,280.0
2017-07-21 12:00:00.000039936,23.148,37.04,74.08,3.651592e-05,5.6584,280.0
2017-07-21 15:00:00.000039936,23.148,37.04,74.08,3.67623e-05,5.6584,280.0
2017-07-21 18:00:00.000039936,23.148,37.04,74.08,3.700857e-05,5.6584,280.0
2017-07-21 21:00:00.000039936,23.148,46.3,74.08,3.7254722e-05,5.6584,280.0
2017-07-22 00:00:00.000039936,23.148,55.56,74.08,3.7500762e-05,5.6584,280.0
2017-07-22 03:00:00.000039936,23.148,55.56,74.08,3.7746686e-05,5.6584,275.0
2017-07-22 06:00:00.000039936,23.148,55.56,74.08,3.7746686e-05,5.6584,275.0
2017-07-22 09:00:00.000039936,23.148,55.56,74.08,3.7746686e-05,6.1728,270.0
2017-07-22 12:00:00.000039936,23.148,55.56,74.08,3.7746686e-05,6.1728,270.0
2017-07-22 15:00:00.000039936,23.148,55.56,74.08,3.7746686e-05,6.1728,265.0
2017-07-22 18:00:00.000039936,23.148,55.56,74.08,3.7500762e-05,6.1728,265.0
2017-07-22 21:00:00.000039936,23.148,55.56,74.08,3.7254722e-05,6.1728,260.0
2017-07-23 00:00:00.000039936,23.148,55.56,74.08,3.700857e-05,6.1728,255.0
2017-07-23 03:00:00.000039936,23.148,55.56,74.08,3.651592e-05,6.6872,255.0
2017-07-23 06:00:00.000039936,23.148,55.56,74.08,3.626943e-05,6.1728,260.0
2017-07-23 09:00:00.000039936,23.148,55.56,81.025,3.6022833e-05,6.1728,265.0
2017-07-23 12:00:00.000039936,23.148,55.56,87.97,3.6022833e-05,6.1728,270.0
2017-07-23 15:00:00.000039936,23.148,46.3,94.915,3.6022833e-05,6.1728,270.0
2017-07-23 18:00:00.000039936,23.148,37.04,101.86,3.6022833e-05,5.6584,270.0
2017-07-23 21:00:00.000039936,23.148,37.04,101.86,3.6022833e-05,5.6584,270.0
2017-07-24 00:00:00.000039936,23.148,37.04,101.86,3.6022833e-05,5.6584,270.0
2017-07-24 03:00:00.000039936,22.1192,37.04,67.135,3.6022833e-05,5.6584,270.0
2017-07-24 06:00:00.000039936,20.576,37.04,32.41,3.6022833e-05,5.144,270.0
2017-07-24 09:00:00.000039936,20.576,51.856,32.41,3.6022833e-05,5.144,270.0
2017-07-24 12:00:00.000039936,20.576,64.82,32.41,3.6022833e-05,5.144,275.0
2017-07-24 15:00:00.000039936,20.576,64.82,30.095,3.6022833e-05,5.144,275.0
2017-07-24 18:00:00.000039936,20.576,64.82,27.78,3.626943e-05,5.144,280.0
2017-07-24 21:00:00.000039936,20.576,61.116,27.78,3.651592e-05,5.144,280.0
2017-07-25 00:00:00.000039936,20.576,55.56,27.78,3.67623e-05,5.144,285.0
2017-07-25 03:00:00.000039936,20.576,55.56,27.78,3.700857e-05,5.144,285.0
2017-07-25 06:00:00.000039936,20.576,55.56,27.78,3.7500762e-05,5.144,290.0
2017-07-25 09:00:00.000039936,19.5472,55.56,27.78,3.7992504e-05,5.144,295.0
2017-07-25 12:00:00.000039936,18.004,55.56,27.78,3.8483773e-05,5.144,300.0
2017-07-25 15:00:00.000039936,18.004,55.56,27.78,3.9219805e-05,5.6584,305.0
