Time,Vmax,Rmax_IBT,R34,fcor,u_trans,v_trans
2016-07-21 12:00:00.000039936,18.004,166.68,50.93,3.5282377e-05,6.6872,310.0
2016-07-21 15:00:00.000039936,19.5472,101.86,50.93,3.626943e-05,6.6872,305.0
2016-07-21 18:00:00.000039936,20.576,37.04,50.93,3.7254722e-05,6.6872,305.0
2016-07-21 21:00:00.000039936,22.1192,37.04,50.93,3.8238195e-05,6.6872,305.0
2016-07-22 00:00:00.000039936,23.148,37.04,50.93,3.9219805e-05,6.6872,305.0
2016-07-22 03:00:00.000039936,23.148,37.04,60.190002,4.0199502e-05,6.6872,305.0
2016-07-22 06:00:00.000039936,23.148,37.04,69.45,4.1177245e-05,7.2016,310.0
2016-07-22 09:00:00.000039936,23.148,37.04,83.34,4.2152973e-05,6.6872,305.0
2016-07-22 12:00:00.000039936,23.148,37.04,97.229996,4.3126656e-05,6.1728,305.0
2016-07-22 15:00:00.000039936,24.6912,37.04,101.86,4.385554e-05,5.144,300.0
2016-07-22 18:00:00.000039936,25.720001,37.04,106.490005,4.4340795e-05,4.1152,295.0
2016-07-22 21:00:00.000039936,27.2632,37.04,111.119995,4.4825505e-05,3.6008,295.0
2016-07-23 00:00:00.000039936,28.292,37.04,115.75,4.506766e-05,3.6008,295.0
2016-07-23 03:00:00.000039936,28.292,37.04,115.75,4.5309676e-05,3.0864,300.0
2016-07-23 06:00:00.000039936,28.292,37.04,115.75,4.5793287e-05,3.0864,295.0
2016-07-23 09:00:00.000039936,28.292,37.04,115.75,4.6034886e-05,3.0864,300.0
2016-07-23 12:00:00.000039936,28.292,37.04,115.75,4.651767e-05,3.6008,300.0
2016-07-23 15:00:00.000039936,28.292,37.04,115.75,4.6999867e-05,3.6008,305.0
2016-07-23 18:00:00.000039936,28.292,37.04,115.75,4.748151e-05,3.0864,305.0
2016-07-23 21:00:00.000039936,28.292,37.04,115.75,4.796257e-05,3.0864,300.0
2016-07-24 00:00:00.000039936,28.292,37.04,115.75,4.8202877e-05,3.0864,300.0
2016-07-24 03:00:00.000039936,28.292,37.04,118.065,4.868306e-05,3.0864,300.0
2016-07-24 06:00:00.000039936,28.292,37.04,120.380005,4.892293e-05,3.0864,295.0
2016-07-24 09:00:00.000039936,28.292,46.3,115.75,4.916265e-05,2.572,295.0
2016-07-24 12:00:00.000039936,28.292,55.56,111.12001,4.9402213e-05,2.0576,290.0
2016-07-24 15:00:00.000039936,29.835201,46.3,111.12001,4.9402213e-05,2.0576,285.0
2016-07-24 18:00:00.000039936,30.864,37.04,111.12001,4.9641636e-05,2.0576,290.0
2016-07-24 21:00:00.000039936,30.864,37.04,108.80501,4.9880902e-05,2.572,295.0
2016-07-25 00:00:00.000039936,30.864,37.04,106.490005,5.012002e-05,2.572,290.0
2016-07-25 03:00:00.000039936,29.835201,37.04,106.490005,5.035898e-05,2.0576,285.0
2016-07-25 06:00:00.000039936,28.292,37.04,106.490005,5.035898e-05,2.0576,280.0
2016-07-25 09:00:00.000039936,27.2632,37.04,106.490005,5.035898e-05,2.572,280.0
2016-07-25 12:00:00.000039936,25.720001,37.04,106.490005,5.059779e-05,2.572,285.0
2016-07-25 15:00:00.000039936,24.6912,37.04,104.175,5.083645e-05,2.572,295.0
2016-07-25 18:00:00.000039936,23.148,37.04,101.86,5.1074945e-05,2.572,295.0
2016-07-25 21:00:00.000039936,24.6912,37.04,101.86,5.131329e-05,2.572,295.0
2016-07-26 00:00:00.000039936,25.720001,37.04,101.86,5.155148e-05,3.0864,290.0
2016-07-26 03:00:00.000039936,27.2632,37.04,101.86,5.178951e-05,3.6008,285.0
2016-07-26 06:00:00.000039936,28.292,37.04,101.86,5.2027382e-05,3.6008,285.0
2016-07-26 09:00:00.000039936,30.864,37.04,104.175,5.22651e-05,4.1152,285.0
2016-07-26 12:00:00.000039936,33.436,37.04,106.490005,5.250265e-05,4.6296,285.0
2016-07-26 15:00:00.000039936,34.979202,37.04,115.75,5.2740055e-05,5.144,280.0
2016-07-26 18:00:00.000039936,36.008,37.04,125.01,5.2977284e-05,5.144,285.0
2016-07-26 21:00:00.000039936,37.5512,37.04,125.01,5.321436e-05,5.144,290.0
2016-07-27 00:00:00.000039936,38.58,37.04,125.01,5.3688025e-05,5.144,290.0
2016-07-27 03:00:00.000039936,38.58,37.04,104.175,5.4161024e-05,5.144,295.0
2016-07-27 06:00:00.000039936,38.58,37.04,83.34,5.4633376e-05,5.6584,290.0
2016-07-27 09:00:00.000039936,34.979202,37.04,83.34,5.510506e-05,5.6584,290.0
2016-07-27 12:00:00.000039936,30.864,37.04,83.34,5.5576067e-05,5.6584,295.0
2016-07-27 15:00:00.000039936,29.835201,37.04,76.395004,5.6281307e-05,5.6584,295.0
2016-07-27 18:00:00.000039936,28.292,37.04,69.45,5.6750614e-05,5.6584,295.0
2016-07-27 21:00:00.000039936,25.720001,37.04,69.45,5.721923e-05,5.144,290.0
2016-07-28 00:00:00.000039936,23.148,37.04,69.45,5.7453286e-05,4.6296,285.0
2016-07-28 03:00:00.000039936,20.576,37.04,43.985,5.768715e-05,4.6296,285.0
