Time,Vmax,Rmax_IBT,R34,fcor,u_trans,v_trans
2013-08-04 00:00:00.000039936,18.004,64.82,74.08,3.231108e-05,4.6296,270.0
2013-08-04 03:00:00.000039936,18.004,64.82,74.08,3.231108e-05,4.6296,265.0
2013-08-04 06:00:00.000039936,18.004,64.82,74.08,3.206281e-05,4.1152,260.0
2013-08-04 09:00:00.000039936,19.5472,64.82,74.08,3.1814445e-05,3.6008,255.0
2013-08-04 12:00:00.000039936,20.576,64.82,74.08,3.156599e-05,3.6008,245.0
2013-08-04 15:00:00.000039936,22.1192,64.82,74.08,3.1068776e-05,3.6008,235.0
2013-08-04 18:00:00.000039936,23.148,64.82,74.08,3.0571195e-05,3.0864,235.0
2013-08-04 21:00:00.000039936,23.148,61.116,76.395,3.0322259e-05,2.0576,245.0
2013-08-05 00:00:00.000039936,23.148,55.56,78.71,3.0073232e-05,2.572,250.0
2013-08-05 03:00:00.000039936,23.148,51.856,78.71,2.9824112e-05,2.572,260.0
2013-08-05 06:00:00.000039936,23.148,46.3,78.71,2.9824112e-05,2.572,275.0
2013-08-05 09:00:00.000039936,24.6912,46.3,81.025,3.0073232e-05,2.572,290.0
2013-08-05 12:00:00.000039936,25.720001,46.3,83.34001,3.0322259e-05,3.6008,300.0
2013-08-05 15:00:00.000039936,27.2632,42.596,85.655,3.0820032e-05,4.1152,300.0
2013-08-05 18:00:00.000039936,28.292,37.04,87.97,3.131743e-05,4.6296,300.0
2013-08-05 21:00:00.000039936,29.835201,37.04,92.6,3.1814445e-05,4.6296,305.0
2013-08-06 00:00:00.000039936,30.864,37.04,97.23,3.2559245e-05,5.144,305.0
2013-08-06 03:00:00.000039936,33.436,33.336,99.545006,3.330315e-05,5.6584,305.0
2013-08-06 06:00:00.000039936,36.008,27.78,101.86001,3.404614e-05,5.144,305.0
2013-08-06 09:00:00.000039936,37.5512,27.78,106.48999,3.47882e-05,4.6296,305.0
2013-08-06 12:00:00.000039936,38.58,27.78,111.119995,3.5282377e-05,4.6296,300.0
2013-08-06 15:00:00.000039936,40.1232,27.78,115.75,3.577612e-05,4.6296,295.0
2013-08-06 18:00:00.000039936,41.152,27.78,120.380005,3.626943e-05,4.6296,295.0
2013-08-06 21:00:00.000039936,41.152,33.336,120.380005,3.67623e-05,4.6296,295.0
2013-08-07 00:00:00.000039936,41.152,37.04,120.380005,3.7254722e-05,4.6296,300.0
2013-08-07 03:00:00.000039936,41.152,37.04,120.380005,3.7746686e-05,4.6296,305.0
2013-08-07 06:00:00.000039936,41.152,37.04,120.380005,3.8483773e-05,4.6296,305.0
2013-08-07 09:00:00.000039936,41.152,37.04,120.380005,3.897458e-05,4.6296,305.0
2013-08-07 12:00:00.000039936,41.152,37.04,120.380005,3.9709896e-05,5.144,305.0
2013-08-07 15:00:00.000039936,41.152,33.336,118.065,4.0444127e-05,5.6584,305.0
2013-08-07 18:00:00.000039936,41.152,27.78,115.75,4.1177245e-05,5.144,300.0
2013-08-07 21:00:00.000039936,41.152,27.78,113.435005,4.1665367e-05,5.144,295.0
2013-08-08 00:00:00.000039936,41.152,27.78,111.12,4.2152973e-05,4.6296,295.0
2013-08-08 03:00:00.000039936,41.152,24.076,106.49,4.2640077e-05,4.1152,290.0
2013-08-08 06:00:00.000039936,41.152,18.52,101.86,4.288343e-05,4.1152,285.0
2013-08-08 09:00:00.000039936,42.6952,18.52,94.91499,4.3126656e-05,4.6296,275.0
2013-08-08 12:00:00.000039936,43.724,18.52,87.97001,4.3126656e-05,4.6296,275.0
2013-08-08 15:00:00.000039936,45.2672,18.52,85.655,4.3126656e-05,5.144,270.0
2013-08-08 18:00:00.000039936,46.296,18.52,83.34,4.3126656e-05,5.144,265.0
2013-08-08 21:00:00.000039936,45.2672,18.52,76.395,4.288343e-05,5.144,260.0
2013-08-09 00:00:00.000039936,43.724,18.52,69.45,4.2640077e-05,5.144,250.0
2013-08-09 03:00:00.000039936,38.58,18.52,64.82,4.2152973e-05,5.144,245.0
2013-08-09 06:00:00.000039936,33.436,18.52,60.190002,4.1665367e-05,5.144,240.0
2013-08-09 09:00:00.000039936,32.4072,18.52,60.190002,4.1177245e-05,5.6584,240.0
2013-08-09 12:00:00.000039936,30.864,18.52,60.190002,4.0444127e-05,6.6872,245.0
2013-08-09 15:00:00.000039936,29.835201,18.52,60.190002,3.995476e-05,7.716,250.0
2013-08-09 18:00:00.000039936,28.292,18.52,60.190002,3.9219805e-05,7.716,250.0
2013-08-09 21:00:00.000039936,27.2632,18.52,64.82,3.872924e-05,7.2016,250.0
2013-08-10 00:00:00.000039936,25.720001,18.52,69.45,3.7992504e-05,7.2016,245.0
2013-08-10 03:00:00.000039936,24.6912,24.076,67.135,3.7254722e-05,7.2016,245.0
2013-08-10 06:00:00.000039936,23.148,27.78,64.82,3.651592e-05,7.716,250.0
2013-08-10 09:00:00.000039936,23.148,27.78,64.82,3.6022833e-05,8.2304,260.0
2013-08-10 12:00:00.000039936,23.148,27.78,64.82,3.577612e-05,8.744801,260.0
2013-08-10 15:00:00.000039936,23.148,27.78,64.82,3.5529305e-05,9.2592,265.0
2013-08-10 18:00:00.000039936,23.148,27.78,64.82,3.5282377e-05,8.744801,265.0
2013-08-10 21:00:00.000039936,20.576,51.856,55.559998,3.5035337e-05,8.744801,265.0
2013-08-11 00:00:00.000039936,18.004,74.08,46.300003,3.5035337e-05,9.2592,265.0
2013-08-11 03:00:00.000039936,18.004,74.08,46.300003,3.47882e-05,10.288,265.0
