Time,Vmax,Rmax_IBT,R34,fcor,u_trans,v_trans
2012-08-11 18:00:00.000039936,18.004,111.12,152.79,4.458322e-05,6.1728,290.0
2012-08-11 21:00:00.000039936,19.5472,111.12,152.79,4.506766e-05,5.6584,290.0
2012-08-12 00:00:00.000039936,20.576,111.12,152.79,4.5551555e-05,5.144,285.0
2012-08-12 03:00:00.000039936,22.1192,111.12,152.79,4.5793287e-05,4.6296,275.0
2012-08-12 06:00:00.000039936,23.148,111.12,152.79,4.5793287e-05,4.1152,270.0
2012-08-12 09:00:00.000039936,23.148,111.12,145.845,4.5793287e-05,3.6008,260.0
2012-08-12 12:00:00.000039936,23.148,111.12,138.90001,4.5551555e-05,3.0864,260.0
2012-08-12 15:00:00.000039936,22.1192,111.12,138.90001,4.5309676e-05,3.0864,260.0
2012-08-12 18:00:00.000039936,20.576,111.12,138.9,4.5309676e-05,2.572,265.0
2012-08-12 21:00:00.000039936,19.5472,111.12,138.9,4.5309676e-05,2.572,270.0
2012-08-13 00:00:00.000039936,18.004,111.12,138.9,4.5309676e-05,2.572,270.0
2012-08-13 03:00:00.000039936,18.004,111.12,138.9,4.5309676e-05,3.0864,270.0
2012-08-13 06:00:00.000039936,18.004,111.12,138.9,4.5309676e-05,3.0864,270.0
2012-08-13 09:00:00.000039936,18.004,111.12,138.9,4.5309676e-05,3.6008,270.0
2012-08-13 12:00:00.000039936,18.004,111.12,138.9,4.5309676e-05,3.6008,265.0
2012-08-13 15:00:00.000039936,19.5472,111.12,131.955,4.5309676e-05,3.6008,260.0
2012-08-13 18:00:00.000039936,20.576,111.12,125.009995,4.506766e-05,3.6008,260.0
2012-08-13 21:00:00.000039936,20.576,111.12,125.009995,4.4825505e-05,3.6008,260.0
2012-08-14 00:00:00.000039936,20.576,111.12,125.009995,4.4825505e-05,3.0864,260.0
2012-08-14 03:00:00.000039936,20.576,101.86,125.009995,4.458322e-05,3.0864,260.0
2012-08-14 06:00:00.000039936,20.576,92.6,125.009995,4.458322e-05,2.572,260.0
2012-08-14 09:00:00.000039936,20.576,92.6,111.119995,4.458322e-05,2.572,260.0
2012-08-14 12:00:00.000039936,20.576,92.6,97.229996,4.4340795e-05,2.572,250.0
2012-08-14 15:00:00.000039936,19.5472,92.6,97.229996,4.409823e-05,3.0864,240.0
2012-08-14 18:00:00.000039936,18.004,92.6,97.229996,4.3612705e-05,2.572,220.0
2012-08-14 21:00:00.000039936,18.004,92.6,83.340004,4.3126656e-05,2.0576,205.0
2012-08-15 00:00:00.000039936,18.004,92.6,69.45,4.2640077e-05,1.0288,235.0
2012-08-15 03:00:00.000039936,18.004,92.6,69.45,4.2640077e-05,1.5432,315.0
