Time,Vmax,Rmax_IBT,R34,fcor,u_trans,v_trans
2016-07-22 09:00:00.000039936,18.004,61.116,27.78,2.9824112e-05,6.6872,295.0
2016-07-22 12:00:00.000039936,20.576,55.56,41.670002,3.0571195e-05,7.2016,290.0
2016-07-22 15:00:00.000039936,23.148,46.3,62.505,3.131743e-05,7.2016,290.0
2016-07-22 18:00:00.000039936,25.720001,37.04,83.34,3.1814445e-05,6.1728,290.0
2016-07-22 21:00:00.000039936,27.2632,37.04,83.34,3.231108e-05,5.6584,290.0
2016-07-23 00:00:00.000039936,28.292,37.04,83.34,3.280731e-05,5.6584,290.0
2016-07-23 03:00:00.000039936,28.292,37.04,83.34,3.330315e-05,5.6584,290.0
2016-07-23 06:00:00.000039936,28.292,37.04,83.34,3.3798577e-05,5.6584,285.0
2016-07-23 09:00:00.000039936,28.292,37.04,83.34,3.404614e-05,5.144,280.0
2016-07-23 12:00:00.000039936,28.292,37.04,83.34,3.4293596e-05,4.6296,280.0
2016-07-23 15:00:00.000039936,29.835201,37.04,87.97,3.454095e-05,4.1152,285.0
2016-07-23 18:00:00.000039936,30.864,37.04,92.6,3.47882e-05,4.6296,285.0
2016-07-23 21:00:00.000039936,32.4072,37.04,94.91499,3.5035337e-05,4.6296,290.0
2016-07-24 00:00:00.000039936,33.436,37.04,97.229996,3.5529305e-05,4.6296,295.0
2016-07-24 03:00:00.000039936,34.979202,37.04,97.229996,3.6022833e-05,4.6296,295.0
2016-07-24 06:00:00.000039936,36.008,37.04,97.229996,3.651592e-05,4.6296,300.0
2016-07-24 09:00:00.000039936,37.5512,37.04,94.91499,3.700857e-05,4.6296,295.0
2016-07-24 12:00:00.000039936,38.58,37.04,92.6,3.7500762e-05,4.6296,300.0
2016-07-24 15:00:00.000039936,42.6952,37.04,92.6,3.7992504e-05,4.6296,305.0
2016-07-24 18:00:00.000039936,46.296,37.04,92.6,3.872924e-05,4.6296,305.0
2016-07-24 21:00:00.000039936,50.4112,37.04,90.284996,3.9464914e-05,4.6296,310.0
2016-07-25 00:00:00.000039936,54.012,37.04,87.97,4.0199502e-05,4.6296,315.0
2016-07-25 03:00:00.000039936,56.584,37.04,78.71,4.093299e-05,4.1152,315.0
2016-07-25 06:00:00.000039936,59.156002,37.04,69.45,4.1665367e-05,4.1152,315.0
2016-07-25 09:00:00.000039936,58.1272,27.78,69.45,4.239659e-05,4.1152,315.0
2016-07-25 12:00:00.000039936,56.584,18.52,69.45,4.3126656e-05,4.1152,315.0
2016-07-25 15:00:00.000039936,54.012,18.52,69.45,4.385554e-05,4.1152,310.0
2016-07-25 18:00:00.000039936,51.440002,18.52,69.45,4.4340795e-05,3.0864,310.0
2016-07-25 21:00:00.000039936,47.8392,18.52,69.45,4.4825505e-05,2.572,310.0
2016-07-26 00:00:00.000039936,43.724,18.52,69.45,4.506766e-05,1.5432,305.0
2016-07-26 03:00:00.000039936,41.152,18.52,69.45,4.5309676e-05,1.0288,300.0
2016-07-26 06:00:00.000039936,38.58,18.52,69.45,4.5309676e-05,1.0288,300.0
2016-07-26 09:00:00.000039936,36.008,18.52,69.45,4.5309676e-05,0.5144,315.0
2016-07-26 12:00:00.000039936,33.436,18.52,69.45,4.5551555e-05,0.5144,315.0
2016-07-26 15:00:00.000039936,30.864,18.52,69.45,4.5551555e-05,0.5144,315.0
2016-07-26 18:00:00.000039936,28.292,18.52,69.45,4.5793287e-05,1.0288,335.0
2016-07-26 21:00:00.000039936,25.720001,18.52,69.45,4.6034886e-05,1.5432,345.0
2016-07-27 00:00:00.000039936,23.148,18.52,69.45,4.651767e-05,2.0576,340.0
2016-07-27 03:00:00.000039936,20.576,24.076,39.355003,4.6999867e-05,2.0576,335.0
