Time,Vmax,Rmax_IBT,R34,fcor,u_trans,v_trans
2009-08-04 00:00:00.000039936,18.004,55.56,81.024994,2.9076216e-05,6.6872,285.0
2009-08-04 03:00:00.000039936,20.576,55.56,81.024994,2.9574905e-05,6.6872,285.0
2009-08-04 06:00:00.000039936,23.148,55.56,81.024994,2.9824112e-05,6.6872,280.0
2009-08-04 09:00:00.000039936,25.720001,55.56,86.118,3.0073232e-05,6.6872,280.0
2009-08-04 12:00:00.000039936,28.292,55.56,90.284996,3.0322259e-05,6.1728,275.0
2009-08-04 15:00:00.000039936,30.864,46.3,95.841,3.0571195e-05,6.1728,280.0
2009-08-04 18:00:00.000039936,33.436,37.04,99.545006,3.0820032e-05,5.144,285.0
2009-08-04 21:00:00.000039936,36.008,37.04,101.86,3.131743e-05,4.6296,300.0
2009-08-05 00:00:00.000039936,38.58,37.04,104.174995,3.1814445e-05,4.6296,305.0
2009-08-05 03:00:00.000039936,41.152,42.596,116.213,3.2559245e-05,5.144,310.0
2009-08-05 06:00:00.000039936,43.724,46.3,127.325,3.330315e-05,5.144,305.0
2009-08-05 09:00:00.000039936,47.8392,46.3,133.34401,3.404614e-05,5.144,300.0
2009-08-05 12:00:00.000039936,51.440002,46.3,138.90001,3.454095e-05,5.144,300.0
2009-08-05 15:00:00.000039936,55.5552,46.3,151.864,3.5035337e-05,5.144,300.0
2009-08-05 18:00:00.000039936,59.156002,46.3,164.36499,3.577612e-05,4.6296,300.0
2009-08-05 21:00:00.000039936,61.728,33.336,171.773,3.651592e-05,4.6296,305.0
2009-08-06 00:00:00.000039936,64.3,18.52,178.25499,3.700857e-05,4.1152,300.0
2009-08-06 03:00:00.000039936,64.3,18.52,181.959,3.7500762e-05,4.1152,300.0
2009-08-06 06:00:00.000039936,64.3,18.52,185.2,3.7992504e-05,4.1152,305.0
2009-08-06 09:00:00.000039936,63.271202,18.52,185.2,3.872924e-05,4.6296,310.0
2009-08-06 12:00:00.000039936,61.728,18.52,185.2,3.9464914e-05,4.6296,310.0
2009-08-06 15:00:00.000039936,60.6992,18.52,181.959,4.0199502e-05,4.6296,305.0
2009-08-06 18:00:00.000039936,59.156002,18.52,178.25499,4.0688625e-05,5.144,300.0
2009-08-06 21:00:00.000039936,59.156002,18.52,178.25499,4.1177245e-05,5.144,300.0
2009-08-07 00:00:00.000039936,59.156002,18.52,178.25499,4.1909232e-05,5.144,305.0
2009-08-07 03:00:00.000039936,56.584,18.52,171.773,4.2640077e-05,5.144,305.0
2009-08-07 06:00:00.000039936,54.012,18.52,164.36499,4.3369746e-05,5.6584,300.0
2009-08-07 09:00:00.000039936,52.9832,18.52,159.73499,4.385554e-05,6.1728,290.0
2009-08-07 12:00:00.000039936,51.440002,18.52,155.105,4.4340795e-05,6.1728,290.0
2009-08-07 15:00:00.000039936,50.4112,24.076,148.16,4.4825505e-05,5.6584,290.0
2009-08-07 18:00:00.000039936,48.868,27.78,141.215,4.5309676e-05,5.6584,295.0
2009-08-07 21:00:00.000039936,47.8392,27.78,140.289,4.6034886e-05,6.1728,295.0
2009-08-08 00:00:00.000039936,46.296,27.78,138.9,4.651767e-05,6.1728,290.0
2009-08-08 03:00:00.000039936,45.2672,27.78,138.9,4.6999867e-05,6.6872,285.0
2009-08-08 06:00:00.000039936,43.724,27.78,138.9,4.7240763e-05,6.6872,280.0
2009-08-08 09:00:00.000039936,42.6952,27.78,144.919,4.748151e-05,7.2016,285.0
2009-08-08 12:00:00.000039936,41.152,27.78,150.47499,4.796257e-05,6.6872,285.0
2009-08-08 15:00:00.000039936,40.1232,27.78,150.47499,4.844305e-05,6.6872,285.0
2009-08-08 18:00:00.000039936,38.58,27.78,150.47499,4.892293e-05,6.6872,285.0
2009-08-08 21:00:00.000039936,38.58,27.78,150.47499,4.9402213e-05,6.6872,285.0
2009-08-09 00:00:00.000039936,38.58,27.78,150.47499,4.9641636e-05,6.6872,285.0
2009-08-09 03:00:00.000039936,37.5512,33.336,150.47499,4.9880902e-05,6.6872,285.0
2009-08-09 06:00:00.000039936,36.008,37.04,150.47499,5.035898e-05,6.6872,285.0
2009-08-09 09:00:00.000039936,33.436,37.04,145.845,5.059779e-05,6.6872,285.0
2009-08-09 12:00:00.000039936,30.864,37.04,141.215,5.1074945e-05,6.1728,290.0
2009-08-09 15:00:00.000039936,28.292,46.3,141.215,5.155148e-05,6.1728,290.0
2009-08-09 18:00:00.000039936,25.720001,55.56,141.215,5.2027382e-05,6.1728,285.0
2009-08-09 21:00:00.000039936,24.6912,74.08,135.659,5.22651e-05,6.1728,275.0
2009-08-10 00:00:00.000039936,23.148,92.6,129.64,5.22651e-05,5.144,270.0
2009-08-10 03:00:00.000039936,23.148,92.6,127.325,5.22651e-05,4.6296,270.0
2009-08-10 06:00:00.000039936,23.148,92.6,125.009995,5.22651e-05,4.6296,265.0
2009-08-10 09:00:00.000039936,22.1192,92.6,123.158,5.2027382e-05,4.6296,265.0
2009-08-10 12:00:00.000039936,20.576,92.6,120.38,5.2027382e-05,4.6296,265.0
2009-08-10 15:00:00.000039936,20.576,116.676,104.638,5.2027382e-05,4.6296,270.0
2009-08-10 18:00:00.000039936,20.576,138.9,87.97,5.2027382e-05,4.6296,270.0
2009-08-10 21:00:00.000039936,19.5472,138.9,87.97,5.2027382e-05,4.6296,270.0
2009-08-11 00:00:00.000039936,18.004,138.9,87.97,5.2027382e-05,4.6296,270.0
2009-08-11 03:00:00.000039936,18.004,138.9,82.414,5.2027382e-05,4.1152,270.0
