Time,Vmax,Rmax_IBT,R34,fcor,u_trans,v_trans
2002-08-22 00:00:00.000040448,18.004,55.56,83.34,3.231108e-05,5.144,275.0
2002-08-22 03:00:00.000040448,20.576,55.56,83.34,3.2559245e-05,5.6584,280.0
2002-08-22 06:00:00.000040448,23.148,55.56,83.34,3.280731e-05,6.1728,280.0
2002-08-22 09:00:00.000040448,25.720001,51.856,104.638,3.305528e-05,6.6872,280.0
2002-08-22 12:00:00.000040448,28.292,46.3,125.009995,3.330315e-05,6.6872,285.0
2002-08-22 15:00:00.000040448,30.864,46.3,139.826,3.3798577e-05,7.2016,290.0
2002-08-22 18:00:00.000040448,33.436,46.3,152.79,3.454095e-05,7.2016,290.0
2002-08-22 21:00:00.000040448,34.979202,46.3,181.033,3.5282377e-05,7.716,290.0
2002-08-23 00:00:00.000040448,36.008,46.3,208.35,3.577612e-05,7.2016,285.0
2002-08-23 03:00:00.000040448,38.58,46.3,222.23999,3.626943e-05,7.2016,280.0
2002-08-23 06:00:00.000040448,41.152,46.3,236.12999,3.651592e-05,7.2016,280.0
2002-08-23 09:00:00.000040448,43.724,42.596,238.44499,3.67623e-05,7.2016,280.0
2002-08-23 12:00:00.000040448,46.296,37.04,240.76,3.700857e-05,7.2016,280.0
2002-08-23 15:00:00.000040448,48.868,33.336,240.76,3.7254722e-05,7.2016,285.0
2002-08-23 18:00:00.000040448,51.440002,27.78,240.76,3.7746686e-05,6.6872,280.0
2002-08-23 21:00:00.000040448,54.012,27.78,304.654,3.7992504e-05,6.6872,280.0
2002-08-24 00:00:00.000040448,56.584,27.78,368.085,3.8238195e-05,6.6872,275.0
2002-08-24 03:00:00.000040448,59.156002,33.336,356.51,3.8238195e-05,6.6872,275.0
2002-08-24 06:00:00.000040448,61.728,37.04,344.935,3.8483773e-05,6.6872,280.0
2002-08-24 09:00:00.000040448,63.271202,37.04,344.935,3.897458e-05,6.6872,290.0
2002-08-24 12:00:00.000040448,64.3,37.04,344.935,3.9464914e-05,6.1728,290.0
2002-08-24 15:00:00.000040448,64.3,42.596,339.379,3.995476e-05,5.6584,290.0
2002-08-24 18:00:00.000040448,64.3,46.3,333.36,4.0444127e-05,5.6584,295.0
2002-08-24 21:00:00.000040448,63.271202,42.596,327.804,4.093299e-05,6.1728,295.0
2002-08-25 00:00:00.000040448,61.728,37.04,321.78497,4.1665367e-05,6.1728,295.0
2002-08-25 03:00:00.000040448,59.156002,37.04,316.229,4.239659e-05,6.6872,300.0
2002-08-25 06:00:00.000040448,56.584,37.04,310.21,4.3126656e-05,6.6872,295.0
2002-08-25 09:00:00.000040448,52.9832,37.04,298.635,4.385554e-05,7.2016,295.0
2002-08-25 12:00:00.000040448,48.868,37.04,287.06,4.458322e-05,7.2016,295.0
2002-08-25 15:00:00.000040448,47.8392,37.04,276.874,4.5309676e-05,7.716,300.0
2002-08-25 18:00:00.000040448,46.296,37.04,266.225,4.627635e-05,8.2304,300.0
2002-08-25 21:00:00.000040448,45.2672,37.04,266.225,4.7240763e-05,8.2304,305.0
2002-08-26 00:00:00.000040448,43.724,37.04,266.225,4.844305e-05,8.2304,305.0
2002-08-26 03:00:00.000040448,41.152,37.04,283.819,4.9402213e-05,7.716,300.0
2002-08-26 06:00:00.000040448,38.58,37.04,300.95,5.035898e-05,7.716,300.0
2002-08-26 09:00:00.000040448,34.979202,37.04,300.95,5.131329e-05,7.716,300.0
2002-08-26 12:00:00.000040448,30.864,37.04,300.95,5.2027382e-05,8.2304,290.0
2002-08-26 15:00:00.000040448,28.292,55.56,265.299,5.2740055e-05,9.2592,285.0
2002-08-26 18:00:00.000040448,25.720001,74.08,229.185,5.321436e-05,9.2592,290.0
2002-08-26 21:00:00.000040448,24.6912,64.82,172.699,5.392461e-05,8.744801,290.0
2002-08-27 00:00:00.000040448,23.148,55.56,115.75,5.4633376e-05,8.2304,290.0
2002-08-27 03:00:00.000040448,22.1192,55.56,92.6,5.5340646e-05,7.2016,295.0
