Time,Vmax,Rmax_IBT,R34,fcor,u_trans,v_trans
2021-07-30 12:00:00.000039936,18.004,166.68,83.34,3.0073232e-05,6.6872,290.0
2021-07-30 15:00:00.000039936,19.5472,138.9,83.34,3.0571195e-05,6.1728,290.0
2021-07-30 18:00:00.000039936,20.576,111.12,83.34,3.1068776e-05,6.1728,290.0
2021-07-30 21:00:00.000039936,22.1192,111.12,83.34,3.156599e-05,5.6584,290.0
2021-07-31 00:00:00.000039936,23.148,111.12,83.34,3.206281e-05,6.1728,295.0
2021-07-31 03:00:00.000039936,24.6912,101.86,99.545,3.2559245e-05,6.1728,295.0
2021-07-31 06:00:00.000039936,25.720001,92.6,115.75,3.330315e-05,6.1728,295.0
2021-07-31 09:00:00.000039936,27.2632,92.6,125.009995,3.3798577e-05,5.6584,290.0
2021-07-31 12:00:00.000039936,28.292,92.6,134.27,3.4293596e-05,6.1728,290.0
2021-07-31 15:00:00.000039936,30.864,64.82,129.64,3.47882e-05,5.6584,290.0
2021-07-31 18:00:00.000039936,33.436,37.04,125.009995,3.5282377e-05,5.144,285.0
2021-07-31 21:00:00.000039936,36.008,37.04,125.009995,3.5529305e-05,4.6296,285.0
2021-08-01 00:00:00.000039936,38.58,37.04,125.009995,3.577612e-05,4.1152,285.0
2021-08-01 03:00:00.000039936,38.58,37.04,125.009995,3.6022833e-05,3.6008,285.0
2021-08-01 06:00:00.000039936,38.58,37.04,125.009995,3.626943e-05,3.6008,285.0
2021-08-01 09:00:00.000039936,38.58,37.04,125.009995,3.651592e-05,3.6008,280.0
2021-08-01 12:00:00.000039936,38.58,37.04,125.009995,3.651592e-05,3.6008,275.0
2021-08-01 15:00:00.000039936,38.58,37.04,125.009995,3.651592e-05,3.6008,280.0
2021-08-01 18:00:00.000039936,38.58,37.04,125.009995,3.67623e-05,3.6008,280.0
2021-08-01 21:00:00.000039936,37.5512,37.04,125.009995,3.700857e-05,3.6008,285.0
2021-08-02 00:00:00.000039936,36.008,37.04,125.009995,3.7254722e-05,3.6008,285.0
2021-08-02 03:00:00.000039936,36.008,33.336,120.380005,3.7500762e-05,3.0864,290.0
2021-08-02 06:00:00.000039936,36.008,27.78,115.75,3.7746686e-05,3.0864,295.0
2021-08-02 09:00:00.000039936,36.008,27.78,115.75,3.7992504e-05,3.0864,300.0
2021-08-02 12:00:00.000039936,36.008,27.78,115.75,3.8483773e-05,3.0864,305.0
2021-08-02 15:00:00.000039936,36.008,27.78,120.380005,3.897458e-05,3.0864,310.0
2021-08-02 18:00:00.000039936,36.008,27.78,125.009995,3.9464914e-05,3.6008,315.0
2021-08-02 21:00:00.000039936,34.979202,27.78,125.009995,3.995476e-05,3.6008,315.0
2021-08-03 00:00:00.000039936,33.436,27.78,125.009995,4.0688625e-05,3.6008,315.0
2021-08-03 03:00:00.000039936,32.4072,33.336,118.065,4.1177245e-05,3.6008,315.0
2021-08-03 06:00:00.000039936,30.864,37.04,111.12,4.1909232e-05,3.6008,315.0
2021-08-03 09:00:00.000039936,29.835201,37.04,111.12,4.2640077e-05,4.1152,310.0
2021-08-03 12:00:00.000039936,28.292,37.04,111.12,4.3126656e-05,3.6008,310.0
2021-08-03 15:00:00.000039936,27.2632,37.04,115.75,4.3612705e-05,3.0864,310.0
2021-08-03 18:00:00.000039936,25.720001,37.04,120.38,4.409823e-05,3.6008,310.0
2021-08-03 21:00:00.000039936,24.6912,37.04,120.38,4.4825505e-05,4.1152,305.0
2021-08-04 00:00:00.000039936,23.148,37.04,120.38,4.5309676e-05,4.1152,305.0
2021-08-04 03:00:00.000039936,22.1192,46.3,115.74999,4.5793287e-05,4.1152,300.0
2021-08-04 06:00:00.000039936,20.576,55.56,111.119995,4.627635e-05,4.1152,300.0
2021-08-04 09:00:00.000039936,20.576,55.56,106.49,4.675884e-05,4.1152,300.0
2021-08-04 12:00:00.000039936,20.576,55.56,101.86,4.7240763e-05,4.1152,300.0
2021-08-04 15:00:00.000039936,20.576,61.116,85.65501,4.7722115e-05,3.6008,295.0
2021-08-04 18:00:00.000039936,20.576,64.82,69.45,4.796257e-05,3.6008,295.0
2021-08-04 21:00:00.000039936,20.576,70.376,69.45,4.8202877e-05,3.0864,300.0
2021-08-05 00:00:00.000039936,20.576,74.08,69.45,4.868306e-05,3.6008,305.0
2021-08-05 03:00:00.000039936,20.576,74.08,69.45,4.916265e-05,4.1152,310.0
2021-08-05 06:00:00.000039936,20.576,74.08,69.45,4.9880902e-05,4.6296,310.0
2021-08-05 09:00:00.000039936,19.5472,70.376,57.875,5.059779e-05,5.144,305.0
2021-08-05 12:00:00.000039936,18.004,64.82,46.3,5.131329e-05,5.6584,305.0
2021-08-05 15:00:00.000039936,18.004,61.116,37.04,5.2027382e-05,6.1728,305.0
