Time,Vmax,Rmax_IBT,R34,fcor,u_trans,v_trans
2023-08-14 06:00:00.000039936,18.004,55.56,27.78,2.857718e-05,5.6584,270.0
2023-08-14 09:00:00.000039936,18.004,55.56,27.78,2.857718e-05,6.1728,270.0
2023-08-14 12:00:00.000039936,18.004,55.56,27.78,2.857718e-05,5.6584,265.0
2023-08-14 15:00:00.000039936,19.5472,55.56,27.78,2.857718e-05,5.6584,265.0
2023-08-14 18:00:00.000039936,20.576,55.56,27.78,2.8327528e-05,5.6584,265.0
2023-08-14 21:00:00.000039936,20.576,55.56,27.78,2.807779e-05,6.1728,265.0
2023-08-15 00:00:00.000039936,20.576,55.56,27.78,2.807779e-05,6.1728,270.0
2023-08-15 03:00:00.000039936,22.1192,46.3,32.41,2.807779e-05,6.6872,270.0
2023-08-15 06:00:00.000039936,23.148,37.04,37.04,2.807779e-05,6.1728,270.0
2023-08-15 09:00:00.000039936,23.148,37.04,46.3,2.807779e-05,6.1728,270.0
2023-08-15 12:00:00.000039936,23.148,37.04,55.56,2.807779e-05,6.1728,270.0
2023-08-15 15:00:00.000039936,23.148,37.04,64.82,2.807779e-05,6.6872,270.0
2023-08-15 18:00:00.000039936,23.148,37.04,74.08,2.807779e-05,6.1728,275.0
2023-08-15 21:00:00.000039936,23.148,37.04,69.45,2.8327528e-05,6.1728,280.0
2023-08-16 00:00:00.000039936,23.148,37.04,64.82,2.857718e-05,6.6872,280.0
2023-08-16 03:00:00.000039936,23.148,37.04,64.82,2.9076216e-05,7.2016,280.0
2023-08-16 06:00:00.000039936,23.148,37.04,64.82,2.9325609e-05,7.2016,280.0
2023-08-16 09:00:00.000039936,23.148,37.04,64.82,2.9574905e-05,7.2016,275.0
2023-08-16 12:00:00.000039936,23.148,37.04,64.82,2.9574905e-05,6.6872,275.0
2023-08-16 15:00:00.000039936,22.1192,37.04,64.82,2.9574905e-05,6.6872,275.0
2023-08-16 18:00:00.000039936,20.576,37.04,64.82,2.9824112e-05,6.1728,280.0
2023-08-16 21:00:00.000039936,20.576,37.04,69.45,3.0073232e-05,5.6584,280.0
2023-08-17 00:00:00.000039936,20.576,37.04,74.08,3.0322259e-05,5.144,280.0
2023-08-17 03:00:00.000039936,20.576,37.04,74.08,3.0571195e-05,5.144,275.0
2023-08-17 06:00:00.000039936,20.576,37.04,74.08,3.0571195e-05,5.6584,270.0
2023-08-17 09:00:00.000039936,19.5472,46.3,69.45,3.0322259e-05,6.1728,265.0
