Time,Vmax,Rmax_IBT,R34,fcor,u_trans,v_trans
2014-07-26 18:00:00.000039936,18.004,55.56,18.52,3.7992504e-05,6.1728,310.0
2014-07-26 21:00:00.000039936,20.576,46.3,37.04,3.872924e-05,5.6584,310.0
2014-07-27 00:00:00.000039936,23.148,37.04,55.56,3.9709896e-05,6.1728,310.0
2014-07-27 03:00:00.000039936,25.720001,27.78,60.190002,4.0688625e-05,6.6872,310.0
2014-07-27 06:00:00.000039936,28.292,18.52,64.82001,4.1665367e-05,6.6872,310.0
2014-07-27 09:00:00.000039936,29.835201,18.52,69.45,4.2640077e-05,7.2016,310.0
2014-07-27 12:00:00.000039936,30.864,18.52,74.08,4.385554e-05,7.2016,310.0
2014-07-27 15:00:00.000039936,32.4072,18.52,81.025,4.4825505e-05,6.6872,305.0
2014-07-27 18:00:00.000039936,33.436,18.52,87.97,4.5793287e-05,6.6872,305.0
2014-07-27 21:00:00.000039936,33.436,18.52,87.97,4.675884e-05,6.6872,305.0
2014-07-28 00:00:00.000039936,33.436,18.52,87.97,4.748151e-05,6.6872,300.0
2014-07-28 03:00:00.000039936,32.4072,24.076,87.97,4.8202877e-05,6.6872,300.0
2014-07-28 06:00:00.000039936,30.864,27.78,87.97,4.892293e-05,6.6872,300.0
2014-07-28 09:00:00.000039936,29.835201,27.78,87.97,4.9641636e-05,7.2016,300.0
2014-07-28 12:00:00.000039936,28.292,27.78,87.97,5.059779e-05,7.716,300.0
2014-07-28 15:00:00.000039936,25.720001,27.78,87.97,5.131329e-05,7.716,300.0
2014-07-28 18:00:00.000039936,23.148,27.78,87.97,5.22651e-05,7.716,300.0
2014-07-28 21:00:00.000039936,22.1192,27.78,76.395,5.321436e-05,7.716,305.0
2014-07-29 00:00:00.000039936,20.576,27.78,64.82,5.4161024e-05,7.2016,300.0
2014-07-29 03:00:00.000039936,19.5472,33.336,43.985,5.510506e-05,7.2016,300.0
