Time,Vmax,Rmax_IBT,R34,fcor,u_trans,v_trans
2022-07-27 18:00:00.000039936,18.004,55.56,9.26,4.093299e-05,5.144,270.0
2022-07-27 21:00:00.000039936,19.5472,46.3,18.52,4.093299e-05,5.144,265.0
2022-07-28 00:00:00.000039936,20.576,37.04,27.78,4.0688625e-05,5.144,265.0
2022-07-28 03:00:00.000039936,22.1192,37.04,27.78,4.0444127e-05,5.144,265.0
2022-07-28 06:00:00.000039936,23.148,37.04,27.78,4.0444127e-05,5.144,265.0
2022-07-28 09:00:00.000039936,23.148,37.04,34.725002,4.0444127e-05,5.144,265.0
2022-07-28 12:00:00.000039936,23.148,37.04,41.670002,4.0199502e-05,5.144,260.0
2022-07-28 15:00:00.000039936,23.148,27.78,46.3,3.995476e-05,5.144,260.0
2022-07-28 18:00:00.000039936,23.148,18.52,50.93,3.9709896e-05,5.144,260.0
2022-07-28 21:00:00.000039936,23.148,18.52,50.93,3.9464914e-05,5.144,260.0
2022-07-29 00:00:00.000039936,23.148,18.52,50.93,3.9219805e-05,5.144,260.0
2022-07-29 03:00:00.000039936,24.6912,18.52,50.93,3.897458e-05,5.6584,260.0
2022-07-29 06:00:00.000039936,25.720001,18.52,50.93,3.872924e-05,5.6584,255.0
2022-07-29 09:00:00.000039936,25.720001,18.52,50.93,3.8238195e-05,5.6584,255.0
2022-07-29 12:00:00.000039936,25.720001,18.52,50.93,3.7992504e-05,5.6584,255.0
2022-07-29 15:00:00.000039936,24.6912,18.52,50.93,3.7746686e-05,5.6584,260.0
2022-07-29 18:00:00.000039936,23.148,18.52,50.93,3.7500762e-05,5.6584,255.0
2022-07-29 21:00:00.000039936,23.148,18.52,50.93,3.7254722e-05,5.6584,255.0
2022-07-30 00:00:00.000039936,23.148,18.52,50.93,3.67623e-05,5.144,250.0
2022-07-30 03:00:00.000039936,23.148,18.52,50.93,3.626943e-05,4.6296,250.0
2022-07-30 06:00:00.000039936,23.148,18.52,50.93,3.6022833e-05,4.6296,250.0
2022-07-30 09:00:00.000039936,23.148,18.52,50.93,3.5529305e-05,4.6296,250.0
2022-07-30 12:00:00.000039936,23.148,18.52,50.93,3.5282377e-05,4.6296,250.0
2022-07-30 15:00:00.000039936,23.148,18.52,50.93,3.47882e-05,4.6296,250.0
2022-07-30 18:00:00.000039936,23.148,18.52,50.93,3.454095e-05,4.6296,255.0
2022-07-30 21:00:00.000039936,23.148,18.52,50.93,3.4293596e-05,4.6296,255.0
2022-07-31 00:00:00.000039936,23.148,18.52,50.93,3.404614e-05,4.1152,255.0
2022-07-31 03:00:00.000039936,22.1192,18.52,46.3,3.3798577e-05,3.6008,255.0
2022-07-31 06:00:00.000039936,20.576,18.52,41.670002,3.3550914e-05,3.0864,245.0
2022-07-31 09:00:00.000039936,19.5472,18.52,39.355,3.305528e-05,3.0864,240.0
