Time,Vmax,Rmax_IBT,R34,fcor,u_trans,v_trans
2020-07-20 18:00:00.000039936,18.004,55.56,13.89,3.404614e-05,4.1152,250.0
2020-07-20 21:00:00.000039936,19.5472,51.856,30.095001,3.3798577e-05,5.144,260.0
2020-07-21 00:00:00.000039936,20.576,46.3,46.300003,3.3550914e-05,6.1728,260.0
2020-07-21 03:00:00.000039936,23.148,37.04,50.93,3.330315e-05,6.6872,255.0
2020-07-21 06:00:00.000039936,25.720001,27.78,55.56,3.280731e-05,6.6872,255.0
2020-07-21 09:00:00.000039936,27.2632,27.78,64.82,3.231108e-05,6.6872,250.0
2020-07-21 12:00:00.000039936,28.292,27.78,74.08,3.1814445e-05,6.6872,250.0
2020-07-21 15:00:00.000039936,28.292,27.78,83.340004,3.131743e-05,6.1728,250.0
2020-07-21 18:00:00.000039936,28.292,27.78,92.6,3.0820032e-05,6.1728,260.0
2020-07-21 21:00:00.000039936,28.292,27.78,92.6,3.0571195e-05,6.6872,265.0
2020-07-22 00:00:00.000039936,28.292,27.78,92.6,3.0571195e-05,6.6872,260.0
2020-07-22 03:00:00.000039936,28.292,27.78,90.284996,3.0322259e-05,7.2016,260.0
2020-07-22 06:00:00.000039936,28.292,27.78,87.97,2.9824112e-05,7.2016,260.0
2020-07-22 09:00:00.000039936,29.835201,27.78,87.97,2.9574905e-05,7.2016,260.0
2020-07-22 12:00:00.000039936,30.864,27.78,87.97,2.9325609e-05,7.2016,270.0
2020-07-22 15:00:00.000039936,33.436,24.076,97.23,2.9574905e-05,7.2016,280.0
2020-07-22 18:00:00.000039936,36.008,18.52,106.490005,3.0073232e-05,7.716,285.0
2020-07-22 21:00:00.000039936,38.58,24.076,111.119995,3.0571195e-05,7.716,285.0
2020-07-23 00:00:00.000039936,41.152,27.78,115.75,3.1068776e-05,7.716,285.0
2020-07-23 03:00:00.000039936,46.296,27.78,122.69501,3.156599e-05,8.2304,290.0
2020-07-23 06:00:00.000039936,51.440002,27.78,129.64,3.231108e-05,8.2304,290.0
2020-07-23 09:00:00.000039936,52.9832,27.78,129.64,3.280731e-05,8.2304,290.0
2020-07-23 12:00:00.000039936,54.012,27.78,129.64,3.3550914e-05,8.2304,285.0
2020-07-23 15:00:00.000039936,55.5552,27.78,129.64,3.404614e-05,8.2304,290.0
2020-07-23 18:00:00.000039936,56.584,27.78,129.64,3.47882e-05,8.2304,295.0
2020-07-23 21:00:00.000039936,58.1272,27.78,129.64,3.577612e-05,8.744801,300.0
2020-07-24 00:00:00.000039936,59.156002,27.78,129.64,3.67623e-05,8.2304,300.0
2020-07-24 03:00:00.000039936,59.156002,27.78,136.58499,3.7500762e-05,8.2304,295.0
2020-07-24 06:00:00.000039936,59.156002,27.78,143.53,3.8483773e-05,8.744801,295.0
2020-07-24 09:00:00.000039936,56.584,27.78,144.919,3.9464914e-05,8.744801,295.0
2020-07-24 12:00:00.000039936,54.012,27.78,145.845,4.0444127e-05,8.744801,295.0
2020-07-24 15:00:00.000039936,52.9832,27.78,149.549,4.1177245e-05,8.744801,290.0
2020-07-24 18:00:00.000039936,51.440002,27.78,152.79,4.1909232e-05,8.744801,295.0
2020-07-24 21:00:00.000039936,51.440002,27.78,145.845,4.288343e-05,8.744801,300.0
2020-07-25 00:00:00.000039936,51.440002,27.78,138.9,4.385554e-05,8.744801,295.0
2020-07-25 03:00:00.000039936,50.4112,27.78,141.215,4.4825505e-05,8.744801,295.0
2020-07-25 06:00:00.000039936,48.868,27.78,143.53,4.5551555e-05,8.744801,290.0
2020-07-25 09:00:00.000039936,47.8392,27.78,138.9,4.627635e-05,8.744801,285.0
2020-07-25 12:00:00.000039936,46.296,27.78,134.26999,4.675884e-05,8.2304,285.0
2020-07-25 15:00:00.000039936,45.2672,27.78,133.344,4.7240763e-05,8.2304,285.0
2020-07-25 18:00:00.000039936,43.724,27.78,131.955,4.7722115e-05,8.2304,290.0
2020-07-25 21:00:00.000039936,42.6952,27.78,136.12201,4.844305e-05,7.716,295.0
2020-07-26 00:00:00.000039936,41.152,27.78,138.9,4.916265e-05,7.2016,290.0
2020-07-26 03:00:00.000039936,41.152,27.78,135.659,4.9641636e-05,7.2016,285.0
2020-07-26 06:00:00.000039936,41.152,27.78,131.95499,5.012002e-05,7.2016,285.0
2020-07-26 09:00:00.000039936,41.152,27.78,131.02899,5.059779e-05,7.716,285.0
2020-07-26 12:00:00.000039936,41.152,27.78,129.64,5.1074945e-05,7.716,285.0
2020-07-26 15:00:00.000039936,40.1232,33.336,134.27,5.155148e-05,7.716,290.0
2020-07-26 18:00:00.000039936,38.58,37.04,138.90001,5.22651e-05,7.716,295.0
2020-07-26 21:00:00.000039936,38.58,46.3,134.27,5.2977284e-05,8.2304,295.0
2020-07-27 00:00:00.000039936,38.58,55.56,129.64,5.392461e-05,7.716,295.0
2020-07-27 03:00:00.000039936,40.1232,42.596,131.95499,5.4633376e-05,7.716,295.0
2020-07-27 06:00:00.000039936,41.152,27.78,134.26999,5.5340646e-05,7.716,290.0
2020-07-27 09:00:00.000039936,41.152,24.076,125.009995,5.581132e-05,7.716,285.0
2020-07-27 12:00:00.000039936,41.152,18.52,115.75,5.6281307e-05,8.2304,280.0
2020-07-27 15:00:00.000039936,38.58,18.52,115.75,5.6516048e-05,8.2304,275.0
2020-07-27 18:00:00.000039936,36.008,18.52,115.75,5.6516048e-05,7.2016,270.0
2020-07-27 21:00:00.000039936,33.436,18.52,115.75,5.6516048e-05,6.6872,275.0
2020-07-28 00:00:00.000039936,30.864,18.52,115.75,5.6750614e-05,6.6872,280.0
2020-07-28 03:00:00.000039936,28.292,33.336,134.26999,5.698501e-05,6.6872,285.0
2020-07-28 06:00:00.000039936,25.720001,46.3,152.79,5.7453286e-05,7.2016,290.0
2020-07-28 09:00:00.000039936,24.6912,46.3,131.955,5.8154368e-05,7.716,295.0
2020-07-28 12:00:00.000039936,23.148,46.3,111.12,5.8853857e-05,8.744801,290.0
2020-07-28 15:00:00.000039936,22.1192,61.116,106.49,5.9319285e-05,9.7736,280.0
2020-07-28 18:00:00.000039936,20.576,74.08,101.86,5.9784e-05,10.288,280.0
2020-07-28 21:00:00.000039936,20.576,74.08,94.915,6.0016075e-05,10.288,275.0
2020-07-29 00:00:00.000039936,20.576,74.08,87.97,6.0247978e-05,10.288,275.0
2020-07-29 03:00:00.000039936,19.5472,74.08,71.765,6.0479695e-05,10.288,275.0
