Time,Vmax,Rmax_IBT,R34,fcor,u_trans,v_trans
2005-08-20 03:00:00.000039936,18.004,61.116,32.41,3.404614e-05,8.2304,275.0
2005-08-20 06:00:00.000039936,20.576,46.3,64.82,3.4293596e-05,7.716,275.0
2005-08-20 09:00:00.000039936,23.148,42.596,78.71,3.454095e-05,7.716,280.0
2005-08-20 12:00:00.000039936,25.720001,37.04,92.600006,3.47882e-05,6.6872,280.0
2005-08-20 15:00:00.000039936,27.2632,37.04,101.86,3.5035337e-05,6.1728,280.0
2005-08-20 18:00:00.000039936,28.292,37.04,111.12,3.5282377e-05,6.1728,280.0
2005-08-20 21:00:00.000039936,30.864,37.04,120.37999,3.5529305e-05,6.1728,285.0
2005-08-21 00:00:00.000039936,33.436,37.04,129.64,3.6022833e-05,6.1728,290.0
2005-08-21 03:00:00.000039936,34.979202,37.04,145.845,3.67623e-05,5.6584,300.0
2005-08-21 06:00:00.000039936,36.008,37.04,162.05,3.7500762e-05,5.6584,310.0
2005-08-21 09:00:00.000039936,36.008,37.04,178.718,3.8483773e-05,6.1728,315.0
2005-08-21 12:00:00.000039936,36.008,37.04,194.45999,3.9464914e-05,7.2016,305.0
2005-08-21 15:00:00.000039936,37.5512,37.04,238.90802,4.0444127e-05,8.744801,300.0
2005-08-21 18:00:00.000039936,38.58,37.04,282.43,4.142137e-05,8.2304,300.0
2005-08-21 21:00:00.000039936,42.6952,37.04,301.41302,4.239659e-05,7.716,300.0
2005-08-22 00:00:00.000039936,46.296,37.04,319.47,4.3126656e-05,7.716,295.0
2005-08-22 03:00:00.000039936,46.296,37.04,345.39798,4.385554e-05,8.2304,295.0
2005-08-22 06:00:00.000039936,46.296,37.04,370.4,4.458322e-05,8.2304,290.0
2005-08-22 09:00:00.000039936,46.296,37.04,394.013,4.5309676e-05,7.716,290.0
2005-08-22 12:00:00.000039936,46.296,37.04,416.69998,4.5793287e-05,6.1728,290.0
2005-08-22 15:00:00.000039936,45.2672,37.04,405.125,4.627635e-05,4.1152,290.0
2005-08-22 18:00:00.000039936,43.724,37.04,393.55,4.651767e-05,4.1152,290.0
2005-08-22 21:00:00.000039936,42.6952,37.04,376.419,4.675884e-05,4.6296,290.0
2005-08-23 00:00:00.000039936,41.152,37.04,358.825,4.7240763e-05,4.6296,290.0
2005-08-23 03:00:00.000039936,40.1232,37.04,330.11902,4.748151e-05,4.6296,290.0
2005-08-23 06:00:00.000039936,38.58,37.04,300.95,4.796257e-05,4.6296,295.0
2005-08-23 09:00:00.000039936,37.5512,37.04,278.263,4.844305e-05,4.6296,300.0
2005-08-23 12:00:00.000039936,36.008,37.04,254.65,4.892293e-05,4.1152,300.0
2005-08-23 15:00:00.000039936,36.008,37.04,249.094,4.9402213e-05,4.1152,300.0
2005-08-23 18:00:00.000039936,36.008,37.04,243.075,4.9880902e-05,3.6008,305.0
2005-08-23 21:00:00.000039936,34.979202,37.04,220.388,5.035898e-05,3.0864,310.0
2005-08-24 00:00:00.000039936,33.436,37.04,196.775,5.083645e-05,3.6008,310.0
2005-08-24 03:00:00.000039936,33.436,37.04,193.997,5.131329e-05,4.1152,310.0
2005-08-24 06:00:00.000039936,33.436,37.04,189.83,5.2027382e-05,3.6008,315.0
2005-08-24 09:00:00.000039936,33.436,37.04,178.718,5.250265e-05,3.6008,315.0
2005-08-24 12:00:00.000039936,33.436,37.04,166.68001,5.321436e-05,3.6008,320.0
2005-08-24 15:00:00.000039936,30.864,37.04,153.25299,5.392461e-05,4.1152,320.0
2005-08-24 18:00:00.000039936,28.292,37.04,138.9,5.4633376e-05,4.6296,320.0
2005-08-24 21:00:00.000039936,25.720001,37.04,131.955,5.5576067e-05,5.144,315.0
2005-08-25 00:00:00.000039936,23.148,37.04,125.009995,5.6281307e-05,4.6296,315.0
2005-08-25 03:00:00.000039936,22.1192,37.04,125.009995,5.698501e-05,4.6296,315.0
2005-08-25 06:00:00.000039936,20.576,37.04,125.009995,5.768715e-05,4.6296,310.0
2005-08-25 09:00:00.000039936,19.5472,37.04,125.009995,5.83877e-05,4.6296,310.0
