Time,Vmax,Rmax_IBT,R34,fcor,u_trans,v_trans
2008-07-21 18:00:00.000039936,18.004,55.56,69.45,3.47882e-05,8.2304,285.0
2008-07-21 21:00:00.000039936,18.004,55.56,80.562004,3.5282377e-05,7.716,285.0
2008-07-22 00:00:00.000039936,18.004,55.56,90.285,3.577612e-05,6.6872,280.0
2008-07-22 03:00:00.000039936,19.5472,55.56,93.989,3.6022833e-05,6.1728,275.0
2008-07-22 06:00:00.000039936,20.576,55.56,97.23,3.6022833e-05,5.6584,270.0
2008-07-22 09:00:00.000039936,23.148,55.56,100.934,3.6022833e-05,5.6584,270.0
2008-07-22 12:00:00.000039936,25.720001,55.56,104.174995,3.6022833e-05,5.144,270.0
2008-07-22 15:00:00.000039936,25.720001,55.56,111.583,3.6022833e-05,5.144,275.0
2008-07-22 18:00:00.000039936,25.720001,55.56,118.065,3.626943e-05,4.6296,285.0
2008-07-22 21:00:00.000039936,27.2632,55.56,118.065,3.651592e-05,4.1152,290.0
2008-07-23 00:00:00.000039936,28.292,55.56,118.065,3.700857e-05,4.1152,290.0
2008-07-23 03:00:00.000039936,28.292,55.56,118.065,3.7254722e-05,3.6008,285.0
2008-07-23 06:00:00.000039936,28.292,55.56,118.065,3.7500762e-05,3.6008,285.0
2008-07-23 09:00:00.000039936,28.292,55.56,118.065,3.7746686e-05,3.6008,280.0
2008-07-23 12:00:00.000039936,28.292,55.56,118.065,3.7746686e-05,4.1152,275.0
2008-07-23 15:00:00.000039936,27.2632,55.56,114.824,3.7746686e-05,4.6296,270.0
2008-07-23 18:00:00.000039936,25.720001,55.56,111.119995,3.7746686e-05,4.1152,275.0
2008-07-23 21:00:00.000039936,25.720001,55.56,111.119995,3.7746686e-05,4.1152,275.0
2008-07-24 00:00:00.000039936,25.720001,55.56,111.119995,3.7992504e-05,4.1152,275.0
2008-07-24 03:00:00.000039936,24.6912,55.56,100.934,3.8238195e-05,4.6296,275.0
2008-07-24 06:00:00.000039936,23.148,55.56,90.284996,3.8238195e-05,4.1152,275.0
2008-07-24 09:00:00.000039936,23.148,55.56,87.044,3.8238195e-05,3.6008,280.0
2008-07-24 12:00:00.000039936,23.148,55.56,83.34,3.8483773e-05,3.0864,285.0
2008-07-24 15:00:00.000039936,23.148,55.56,83.34,3.872924e-05,3.0864,290.0
2008-07-24 18:00:00.000039936,23.148,55.56,83.34,3.897458e-05,3.0864,295.0
2008-07-24 21:00:00.000039936,24.6912,46.3,83.34,3.9219805e-05,3.6008,295.0
2008-07-25 00:00:00.000039936,25.720001,37.04,83.34,3.9709896e-05,3.6008,290.0
2008-07-25 03:00:00.000039936,27.2632,37.04,94.452,3.995476e-05,4.1152,285.0
2008-07-25 06:00:00.000039936,28.292,37.04,104.174995,4.0199502e-05,4.6296,285.0
2008-07-25 09:00:00.000039936,30.864,33.336,107.879,4.0444127e-05,5.144,285.0
2008-07-25 12:00:00.000039936,33.436,27.78,111.119995,4.093299e-05,5.6584,285.0
2008-07-25 15:00:00.000039936,33.436,27.78,101.397,4.1177245e-05,6.1728,280.0
2008-07-25 18:00:00.000039936,33.436,27.78,90.284996,4.142137e-05,6.1728,280.0
2008-07-25 21:00:00.000039936,33.436,27.78,90.284996,4.1665367e-05,6.1728,285.0
2008-07-26 00:00:00.000039936,33.436,27.78,90.284996,4.2152973e-05,5.6584,285.0
2008-07-26 03:00:00.000039936,32.4072,27.78,83.803,4.239659e-05,5.144,280.0
2008-07-26 06:00:00.000039936,30.864,27.78,76.395,4.2640077e-05,5.6584,275.0
2008-07-26 09:00:00.000039936,28.292,27.78,76.395,4.2640077e-05,5.6584,270.0
2008-07-26 12:00:00.000039936,25.720001,27.78,76.395,4.2640077e-05,5.6584,270.0
2008-07-26 15:00:00.000039936,24.6912,27.78,66.209,4.2640077e-05,5.6584,270.0
2008-07-26 18:00:00.000039936,23.148,27.78,55.56,4.2640077e-05,5.144,265.0
2008-07-26 21:00:00.000039936,20.576,27.78,34.725002,4.239659e-05,5.6584,265.0
