Time,Vmax,Rmax_IBT,R34,fcor,u_trans,v_trans
2013-08-23 00:00:00.000039936,18.004,129.64,208.34999,4.458322e-05,2.572,330.0
2013-08-23 03:00:00.000039936,18.004,129.64,208.34999,4.506766e-05,2.572,0.0
2013-08-23 06:00:00.000039936,18.004,129.64,208.34999,4.5793287e-05,3.0864,25.0
2013-08-23 09:00:00.000039936,18.004,231.5,208.34999,4.651767e-05,4.1152,40.0
2013-08-23 12:00:00.000039936,18.004,333.36,208.34999,4.7240763e-05,4.6296,45.0
2013-08-23 15:00:00.000039936,18.004,305.58,208.34999,4.796257e-05,4.6296,40.0
2013-08-23 18:00:00.000039936,18.004,277.8,208.34999,4.892293e-05,4.1152,10.0
2013-08-23 21:00:00.000039936,19.5472,277.8,217.61,4.9880902e-05,5.144,335.0
2013-08-24 00:00:00.000039936,20.576,277.8,226.87,5.1074945e-05,5.6584,325.0
2013-08-24 03:00:00.000039936,20.576,277.8,226.87,5.22651e-05,6.1728,320.0
2013-08-24 06:00:00.000039936,20.576,277.8,226.87,5.321436e-05,5.6584,315.0
2013-08-24 09:00:00.000039936,20.576,277.8,226.87,5.392461e-05,4.6296,315.0
2013-08-24 12:00:00.000039936,20.576,277.8,226.87,5.4633376e-05,4.1152,315.0
2013-08-24 15:00:00.000039936,19.5472,277.8,226.87,5.510506e-05,3.6008,315.0
