Time,Vmax,Rmax_IBT,R34,fcor,u_trans,v_trans
2015-07-30 00:00:00.000039936,18.004,111.12,46.3,2.0297284e-05,6.1728,285.0
2015-07-30 03:00:00.000039936,18.004,101.86,46.3,2.0801292e-05,5.6584,290.0
2015-07-30 06:00:00.000039936,18.004,92.6,46.3,2.130504e-05,5.6584,295.0
2015-07-30 09:00:00.000039936,19.5472,92.6,57.875,2.1808535e-05,5.6584,295.0
2015-07-30 12:00:00.000039936,20.576,92.6,69.45,2.2563274e-05,6.1728,300.0
2015-07-30 15:00:00.000039936,22.1192,92.6,85.655,2.3317392e-05,6.1728,305.0
2015-07-30 18:00:00.000039936,23.148,92.6,101.86,2.432189e-05,6.1728,310.0
2015-07-30 21:00:00.000039936,25.720001,64.82,111.12,2.53252e-05,6.6872,310.0
2015-07-31 00:00:00.000039936,28.292,37.04,120.380005,2.6327272e-05,7.2016,305.0
2015-07-31 03:00:00.000039936,32.4072,37.04,141.215,2.7328068e-05,7.716,300.0
2015-07-31 06:00:00.000039936,36.008,37.04,162.04999,2.8327528e-05,9.2592,300.0
2015-07-31 09:00:00.000039936,40.1232,37.04,162.04999,2.9574905e-05,10.802401,295.0
2015-07-31 12:00:00.000039936,43.724,37.04,162.04999,3.0571195e-05,10.802401,290.0
2015-07-31 15:00:00.000039936,46.296,37.04,162.04999,3.1068776e-05,10.288,280.0
2015-07-31 18:00:00.000039936,48.868,37.04,162.04999,3.156599e-05,9.2592,280.0
2015-07-31 21:00:00.000039936,47.8392,33.336,162.04999,3.206281e-05,8.2304,285.0
2015-08-01 00:00:00.000039936,46.296,27.78,162.04999,3.2559245e-05,7.716,280.0
2015-08-01 03:00:00.000039936,46.296,27.78,166.68,3.280731e-05,7.716,280.0
2015-08-01 06:00:00.000039936,46.296,27.78,171.31,3.305528e-05,7.716,280.0
2015-08-01 09:00:00.000039936,46.296,27.78,171.31,3.330315e-05,7.2016,280.0
2015-08-01 12:00:00.000039936,46.296,27.78,171.31,3.3798577e-05,6.1728,285.0
2015-08-01 15:00:00.000039936,46.296,27.78,171.31,3.404614e-05,5.144,280.0
2015-08-01 18:00:00.000039936,46.296,27.78,171.31,3.4293596e-05,5.144,280.0
2015-08-01 21:00:00.000039936,46.296,33.336,168.995,3.454095e-05,5.6584,280.0
2015-08-02 00:00:00.000039936,46.296,37.04,166.68,3.47882e-05,6.1728,280.0
2015-08-02 03:00:00.000039936,46.296,37.04,175.94,3.5035337e-05,6.6872,285.0
2015-08-02 06:00:00.000039936,46.296,37.04,185.20001,3.5529305e-05,6.1728,285.0
2015-08-02 09:00:00.000039936,46.296,37.04,168.069,3.6022833e-05,5.6584,290.0
2015-08-02 12:00:00.000039936,46.296,37.04,150.47499,3.651592e-05,5.144,295.0
2015-08-02 15:00:00.000039936,43.724,42.596,155.105,3.700857e-05,5.144,295.0
2015-08-02 18:00:00.000039936,41.152,46.3,159.735,3.7500762e-05,4.6296,300.0
2015-08-02 21:00:00.000039936,40.1232,46.3,159.735,3.7992504e-05,4.1152,305.0
2015-08-03 00:00:00.000039936,38.58,46.3,159.735,3.872924e-05,4.6296,310.0
2015-08-03 03:00:00.000039936,37.5512,42.596,162.513,3.9464914e-05,4.6296,310.0
2015-08-03 06:00:00.000039936,36.008,37.04,164.36499,4.0199502e-05,4.6296,315.0
2015-08-03 09:00:00.000039936,33.436,37.04,160.198,4.093299e-05,4.1152,315.0
2015-08-03 12:00:00.000039936,30.864,37.04,155.105,4.1665367e-05,4.6296,315.0
2015-08-03 15:00:00.000039936,29.835201,37.04,156.49399,4.239659e-05,4.6296,310.0
2015-08-03 18:00:00.000039936,28.292,37.04,157.42,4.3126656e-05,4.6296,315.0
2015-08-03 21:00:00.000039936,28.292,37.04,157.42,4.385554e-05,4.1152,315.0
2015-08-04 00:00:00.000039936,28.292,37.04,157.42,4.458322e-05,4.1152,325.0
2015-08-04 03:00:00.000039936,29.835201,55.56,161.124,4.5309676e-05,4.1152,330.0
2015-08-04 06:00:00.000039936,30.864,74.08,164.36499,4.627635e-05,4.1152,330.0
2015-08-04 09:00:00.000039936,30.864,74.08,177.329,4.6999867e-05,4.1152,320.0
2015-08-04 12:00:00.000039936,30.864,74.08,189.82999,4.7722115e-05,4.1152,315.0
2015-08-04 15:00:00.000039936,30.864,74.08,189.82999,4.844305e-05,4.6296,310.0
2015-08-04 18:00:00.000039936,30.864,74.08,189.82999,4.916265e-05,4.1152,305.0
2015-08-04 21:00:00.000039936,30.864,64.82,189.82999,4.9641636e-05,3.6008,295.0
2015-08-05 00:00:00.000039936,30.864,55.56,189.83,4.9880902e-05,3.6008,290.0
2015-08-05 03:00:00.000039936,29.835201,55.56,185.2,5.012002e-05,3.6008,285.0
2015-08-05 06:00:00.000039936,28.292,55.56,180.56999,5.035898e-05,3.6008,290.0
2015-08-05 09:00:00.000039936,27.2632,55.56,178.25499,5.059779e-05,3.0864,300.0
2015-08-05 12:00:00.000039936,25.720001,55.56,175.94,5.1074945e-05,3.6008,305.0
2015-08-05 15:00:00.000039936,25.720001,55.56,175.94,5.155148e-05,4.1152,310.0
2015-08-05 18:00:00.000039936,25.720001,55.56,175.94,5.22651e-05,3.6008,310.0
2015-08-05 21:00:00.000039936,24.6912,55.56,168.069,5.2740055e-05,3.6008,305.0
2015-08-06 00:00:00.000039936,23.148,55.56,159.73499,5.321436e-05,4.1152,300.0
2015-08-06 03:00:00.000039936,22.1192,55.56,156.494,5.3688025e-05,4.6296,290.0
2015-08-06 06:00:00.000039936,20.576,55.56,152.79,5.392461e-05,5.144,280.0
2015-08-06 09:00:00.000039936,19.5472,61.116,136.58499,5.392461e-05,5.144,270.0
2015-08-06 12:00:00.000039936,18.004,64.82,120.38,5.392461e-05,5.144,265.0
2015-08-06 15:00:00.000039936,18.004,64.82,100.934,5.3688025e-05,4.1152,265.0
