Time,Vmax,Rmax_IBT,R34,fcor,u_trans,v_trans
2014-07-31 15:00:00.000039936,18.004,88.895996,57.875,3.1814445e-05,4.1152,300.0
2014-07-31 18:00:00.000039936,20.576,37.04,115.75,3.231108e-05,4.6296,300.0
2014-07-31 21:00:00.000039936,22.1192,37.04,115.75,3.280731e-05,5.144,295.0
2014-08-01 00:00:00.000039936,23.148,37.04,115.75,3.330315e-05,5.144,295.0
2014-08-01 03:00:00.000039936,24.6912,42.596,120.380005,3.3798577e-05,5.144,295.0
2014-08-01 06:00:00.000039936,25.720001,46.3,125.009995,3.4293596e-05,5.144,290.0
2014-08-01 09:00:00.000039936,27.2632,61.116,125.009995,3.47882e-05,4.6296,290.0
2014-08-01 12:00:00.000039936,28.292,74.08,125.009995,3.5035337e-05,4.6296,290.0
2014-08-01 15:00:00.000039936,29.835201,64.82,125.009995,3.5282377e-05,4.1152,290.0
2014-08-01 18:00:00.000039936,30.864,55.56,125.009995,3.577612e-05,4.6296,295.0
2014-08-01 21:00:00.000039936,32.4072,42.596,120.380005,3.626943e-05,5.144,295.0
2014-08-02 00:00:00.000039936,33.436,27.78,115.75,3.67623e-05,5.144,290.0
2014-08-02 03:00:00.000039936,34.979202,27.78,111.119995,3.700857e-05,5.144,280.0
2014-08-02 06:00:00.000039936,36.008,27.78,106.490005,3.7254722e-05,4.6296,280.0
2014-08-02 09:00:00.000039936,37.5512,27.78,106.490005,3.7500762e-05,4.6296,275.0
2014-08-02 12:00:00.000039936,38.58,27.78,106.490005,3.7500762e-05,4.1152,275.0
2014-08-02 15:00:00.000039936,41.152,27.78,106.490005,3.7500762e-05,4.1152,275.0
2014-08-02 18:00:00.000039936,43.724,27.78,106.490005,3.7746686e-05,4.1152,275.0
2014-08-02 21:00:00.000039936,46.296,27.78,106.490005,3.7746686e-05,4.6296,275.0
2014-08-03 00:00:00.000039936,48.868,27.78,106.490005,3.7992504e-05,4.6296,275.0
2014-08-03 03:00:00.000039936,48.868,27.78,113.435,3.7992504e-05,4.6296,275.0
2014-08-03 06:00:00.000039936,48.868,27.78,120.380005,3.8238195e-05,4.6296,280.0
2014-08-03 09:00:00.000039936,50.4112,27.78,125.009995,3.8483773e-05,4.6296,285.0
2014-08-03 12:00:00.000039936,51.440002,27.78,129.64,3.872924e-05,4.6296,285.0
2014-08-03 15:00:00.000039936,51.440002,27.78,129.64,3.897458e-05,4.6296,290.0
2014-08-03 18:00:00.000039936,51.440002,27.78,129.64,3.9464914e-05,5.144,285.0
2014-08-03 21:00:00.000039936,51.440002,27.78,129.64,3.9709896e-05,5.144,280.0
2014-08-04 00:00:00.000039936,51.440002,27.78,129.64,3.995476e-05,5.144,280.0
2014-08-04 03:00:00.000039936,54.012,33.336,129.64,4.0199502e-05,5.144,275.0
2014-08-04 06:00:00.000039936,56.584,37.04,129.64,4.0199502e-05,4.6296,275.0
2014-08-04 09:00:00.000039936,58.1272,37.04,129.64,4.0444127e-05,4.6296,275.0
2014-08-04 12:00:00.000039936,59.156002,37.04,129.64,4.0444127e-05,4.1152,275.0
2014-08-04 15:00:00.000039936,60.6992,37.04,134.26999,4.0444127e-05,4.1152,270.0
2014-08-04 18:00:00.000039936,61.728,37.04,138.9,4.0444127e-05,3.6008,265.0
2014-08-04 21:00:00.000039936,60.6992,37.04,138.9,4.0444127e-05,3.6008,260.0
2014-08-05 00:00:00.000039936,59.156002,37.04,138.9,4.0199502e-05,3.6008,260.0
2014-08-05 03:00:00.000039936,58.1272,37.04,145.845,3.995476e-05,3.6008,260.0
2014-08-05 06:00:00.000039936,56.584,37.04,152.79,3.995476e-05,3.6008,265.0
2014-08-05 09:00:00.000039936,56.584,37.04,152.79,3.995476e-05,4.1152,270.0
2014-08-05 12:00:00.000039936,56.584,37.04,152.79,3.995476e-05,4.1152,280.0
2014-08-05 15:00:00.000039936,52.9832,33.336,152.79,4.0199502e-05,4.1152,290.0
2014-08-05 18:00:00.000039936,48.868,27.78,152.79,4.0688625e-05,5.144,290.0
2014-08-05 21:00:00.000039936,48.868,27.78,148.16,4.1177245e-05,5.6584,285.0
2014-08-06 00:00:00.000039936,48.868,27.78,143.53,4.142137e-05,6.1728,280.0
2014-08-06 03:00:00.000039936,46.296,27.78,174.088,4.1665367e-05,6.6872,280.0
2014-08-06 06:00:00.000039936,43.724,27.78,203.72,4.1909232e-05,7.2016,280.0
2014-08-06 09:00:00.000039936,41.152,27.78,192.608,4.2152973e-05,7.716,280.0
2014-08-06 12:00:00.000039936,38.58,27.78,180.57,4.239659e-05,7.2016,275.0
2014-08-06 15:00:00.000039936,40.1232,33.336,169.45801,4.239659e-05,6.6872,275.0
2014-08-06 18:00:00.000039936,41.152,37.04,157.42,4.2640077e-05,7.2016,280.0
2014-08-06 21:00:00.000039936,42.6952,37.04,161.124,4.3126656e-05,7.716,285.0
2014-08-07 00:00:00.000039936,43.724,37.04,164.365,4.3612705e-05,8.2304,290.0
2014-08-07 03:00:00.000039936,42.6952,37.04,163.43901,4.4340795e-05,8.2304,290.0
2014-08-07 06:00:00.000039936,41.152,37.04,162.05,4.4825505e-05,7.716,285.0
2014-08-07 09:00:00.000039936,40.1232,37.04,152.79,4.506766e-05,7.716,280.0
2014-08-07 12:00:00.000039936,38.58,37.04,143.53,4.5551555e-05,8.2304,285.0
2014-08-07 15:00:00.000039936,37.5512,37.04,143.53,4.627635e-05,8.744801,285.0
2014-08-07 18:00:00.000039936,36.008,37.04,143.53,4.675884e-05,8.2304,285.0
2014-08-07 21:00:00.000039936,36.008,37.04,162.05,4.6999867e-05,7.716,280.0
2014-08-08 00:00:00.000039936,36.008,37.04,180.57,4.7240763e-05,7.2016,270.0
2014-08-08 03:00:00.000039936,33.436,37.04,178.255,4.7240763e-05,6.1728,270.0
2014-08-08 06:00:00.000039936,30.864,37.04,175.94,4.7240763e-05,5.144,280.0
2014-08-08 09:00:00.000039936,28.292,37.04,145.845,4.7722115e-05,4.6296,290.0
