Time,Vmax,Rmax_IBT,R34,fcor,u_trans,v_trans
2023-08-16 12:00:00.000039936,18.004,185.2,83.34,3.1814445e-05,8.2304,285.0
2023-08-16 15:00:00.000039936,19.5472,166.68,118.064995,3.231108e-05,7.716,280.0
2023-08-16 18:00:00.000039936,20.576,148.16,152.79,3.2559245e-05,6.6872,285.0
2023-08-16 21:00:00.000039936,22.1192,129.64,182.88501,3.330315e-05,6.1728,300.0
2023-08-17 00:00:00.000039936,23.148,111.12,212.98,3.404614e-05,6.1728,310.0
2023-08-17 03:00:00.000039936,27.2632,92.6,233.815,3.5035337e-05,6.6872,315.0
2023-08-17 06:00:00.000039936,30.864,74.08,254.65,3.626943e-05,7.2016,310.0
2023-08-17 09:00:00.000039936,34.979202,64.82,268.53998,3.7254722e-05,8.2304,300.0
2023-08-17 12:00:00.000039936,38.58,55.56,282.43,3.8238195e-05,7.716,300.0
2023-08-17 15:00:00.000039936,42.6952,46.3,296.32,3.897458e-05,6.6872,295.0
2023-08-17 18:00:00.000039936,46.296,37.04,310.21002,3.9709896e-05,6.6872,300.0
2023-08-17 21:00:00.000039936,50.4112,37.04,312.525,4.0444127e-05,6.1728,300.0
2023-08-18 00:00:00.000039936,54.012,37.04,314.84,4.1177245e-05,5.6584,295.0
2023-08-18 03:00:00.000039936,58.1272,27.78,314.84,4.1665367e-05,5.144,295.0
2023-08-18 06:00:00.000039936,61.728,18.52,314.84,4.2152973e-05,4.1152,300.0
2023-08-18 09:00:00.000039936,60.6992,18.52,319.47,4.2640077e-05,4.1152,305.0
2023-08-18 12:00:00.000039936,59.156002,18.52,324.09998,4.3369746e-05,5.144,315.0
2023-08-18 15:00:00.000039936,58.1272,24.076,328.72998,4.4340795e-05,6.1728,320.0
2023-08-18 18:00:00.000039936,56.584,27.78,333.36,4.5551555e-05,6.1728,325.0
2023-08-18 21:00:00.000039936,58.1272,27.78,333.36,4.675884e-05,6.1728,325.0
2023-08-19 00:00:00.000039936,59.156002,27.78,333.36,4.796257e-05,5.6584,330.0
2023-08-19 03:00:00.000039936,59.156002,27.78,328.72998,4.916265e-05,5.6584,335.0
2023-08-19 06:00:00.000039936,59.156002,27.78,324.09998,5.035898e-05,6.1728,340.0
2023-08-19 09:00:00.000039936,55.5552,27.78,319.46997,5.178951e-05,7.2016,345.0
2023-08-19 12:00:00.000039936,51.440002,27.78,314.83997,5.345127e-05,7.2016,345.0
2023-08-19 15:00:00.000039936,47.8392,33.336,310.21002,5.510506e-05,7.716,345.0
2023-08-19 18:00:00.000039936,43.724,37.04,305.58002,5.6750614e-05,7.2016,345.0
2023-08-19 21:00:00.000039936,41.152,46.3,307.89502,5.83877e-05,7.716,345.0
2023-08-20 00:00:00.000039936,38.58,55.56,310.21002,6.0016075e-05,9.2592,345.0
2023-08-20 03:00:00.000039936,36.008,64.82,310.21002,6.2326726e-05,10.802401,345.0
2023-08-20 06:00:00.000039936,33.436,74.08,310.21002,6.461839e-05,10.288,345.0
2023-08-20 09:00:00.000039936,30.864,74.08,298.635,6.666408e-05,9.2592,350.0
2023-08-20 12:00:00.000039936,28.292,74.08,287.06,6.869332e-05,8.744801,350.0
2023-08-20 15:00:00.000039936,26.7488,74.08,275.948,7.048288e-05,10.288,350.0
2023-08-20 17:00:00.000053248,25.720001,74.08,268.53998,7.2258685e-05,14.917601,350.0
