Time,Vmax,Rmax_IBT,R34,fcor,u_trans,v_trans
2008-08-07 00:00:00.000039936,18.004,55.56,41.670002,3.4293596e-05,7.2016,300.0
2008-08-07 03:00:00.000039936,20.576,55.56,48.614998,3.5035337e-05,7.2016,295.0
2008-08-07 06:00:00.000039936,23.148,55.56,55.56,3.577612e-05,7.2016,290.0
2008-08-07 09:00:00.000039936,24.6912,55.56,83.340004,3.626943e-05,6.6872,285.0
2008-08-07 12:00:00.000039936,25.720001,55.56,111.12,3.651592e-05,6.6872,275.0
2008-08-07 15:00:00.000039936,27.2632,55.56,111.12,3.651592e-05,6.6872,270.0
2008-08-07 18:00:00.000039936,28.292,55.56,111.12,3.651592e-05,6.1728,270.0
2008-08-07 21:00:00.000039936,28.292,46.3,111.12,3.651592e-05,6.1728,270.0
2008-08-08 00:00:00.000039936,28.292,37.04,111.12,3.651592e-05,5.6584,270.0
2008-08-08 03:00:00.000039936,29.835201,37.04,118.528,3.651592e-05,5.6584,270.0
2008-08-08 06:00:00.000039936,30.864,37.04,125.009995,3.651592e-05,5.6584,275.0
2008-08-08 09:00:00.000039936,32.4072,33.336,138.9,3.651592e-05,5.6584,275.0
2008-08-08 12:00:00.000039936,33.436,27.78,152.79,3.67623e-05,5.144,275.0
2008-08-08 15:00:00.000039936,36.008,27.78,156.49399,3.67623e-05,5.144,275.0
2008-08-08 18:00:00.000039936,38.58,27.78,159.73499,3.700857e-05,4.6296,280.0
2008-08-08 21:00:00.000039936,40.1232,27.78,159.73499,3.7254722e-05,4.6296,285.0
2008-08-09 00:00:00.000039936,41.152,27.78,159.73499,3.7500762e-05,4.6296,285.0
2008-08-09 03:00:00.000039936,43.724,27.78,159.73499,3.7746686e-05,4.1152,290.0
2008-08-09 06:00:00.000039936,46.296,27.78,159.73499,3.8238195e-05,4.1152,290.0
2008-08-09 09:00:00.000039936,50.4112,27.78,165.754,3.8483773e-05,3.6008,295.0
2008-08-09 12:00:00.000039936,54.012,27.78,171.31,3.897458e-05,4.1152,300.0
2008-08-09 15:00:00.000039936,54.012,27.78,175.94,3.9464914e-05,4.6296,305.0
2008-08-09 18:00:00.000039936,54.012,27.78,180.56999,4.0199502e-05,4.6296,305.0
2008-08-09 21:00:00.000039936,52.9832,27.78,180.56999,4.0688625e-05,4.6296,305.0
2008-08-10 00:00:00.000039936,51.440002,27.78,180.56999,4.142137e-05,5.144,300.0
2008-08-10 03:00:00.000039936,48.868,27.78,182.885,4.1909232e-05,5.144,300.0
2008-08-10 06:00:00.000039936,46.296,27.78,185.2,4.2640077e-05,5.144,300.0
2008-08-10 09:00:00.000039936,43.724,27.78,182.885,4.3126656e-05,5.144,300.0
2008-08-10 12:00:00.000039936,41.152,27.78,180.56999,4.385554e-05,5.144,300.0
2008-08-10 15:00:00.000039936,40.1232,37.04,178.255,4.458322e-05,5.144,300.0
2008-08-10 18:00:00.000039936,38.58,46.3,175.94,4.506766e-05,5.144,300.0
2008-08-10 21:00:00.000039936,38.58,46.3,175.94,4.5551555e-05,4.6296,295.0
2008-08-11 00:00:00.000039936,38.58,46.3,175.94,4.6034886e-05,4.6296,290.0
2008-08-11 03:00:00.000039936,38.58,46.3,175.94,4.627635e-05,4.1152,285.0
2008-08-11 06:00:00.000039936,38.58,46.3,175.94,4.651767e-05,4.1152,285.0
2008-08-11 09:00:00.000039936,37.5512,37.04,164.828,4.675884e-05,4.6296,285.0
2008-08-11 12:00:00.000039936,36.008,27.78,152.79,4.6999867e-05,4.1152,275.0
2008-08-11 15:00:00.000039936,34.979202,24.076,149.549,4.6999867e-05,4.1152,270.0
2008-08-11 18:00:00.000039936,33.436,18.52,145.845,4.6999867e-05,4.1152,270.0
2008-08-11 21:00:00.000039936,30.864,18.52,139.363,4.6999867e-05,4.1152,270.0
2008-08-12 00:00:00.000039936,28.292,18.52,131.95499,4.6999867e-05,4.1152,265.0
2008-08-12 03:00:00.000039936,27.2632,18.52,125.473,4.6999867e-05,4.1152,260.0
2008-08-12 06:00:00.000039936,25.720001,18.52,118.064995,4.675884e-05,4.1152,260.0
2008-08-12 09:00:00.000039936,24.6912,18.52,114.824,4.651767e-05,4.1152,260.0
2008-08-12 12:00:00.000039936,23.148,18.52,111.119995,4.651767e-05,4.1152,265.0
2008-08-12 15:00:00.000039936,22.1192,37.04,104.638,4.651767e-05,4.1152,260.0
2008-08-12 18:00:00.000039936,20.576,55.56,97.229996,4.627635e-05,4.1152,260.0
2008-08-12 21:00:00.000039936,19.5472,51.856,66.209,4.6034886e-05,4.1152,255.0
