Time,Vmax,Rmax_IBT,R34,fcor,u_trans,v_trans
2005-08-26 00:00:00.000039936,18.004,55.56,83.34,4.3126656e-05,4.6296,285.0
2005-08-26 03:00:00.000039936,19.5472,55.56,83.34,4.3369746e-05,4.6296,290.0
2005-08-26 06:00:00.000039936,20.576,55.56,83.34,4.385554e-05,5.144,290.0
2005-08-26 09:00:00.000039936,22.1192,55.56,87.97,4.409823e-05,5.144,280.0
2005-08-26 12:00:00.000039936,23.148,55.56,92.600006,4.4340795e-05,4.6296,270.0
2005-08-26 15:00:00.000039936,23.148,51.856,92.600006,4.409823e-05,4.6296,255.0
2005-08-26 18:00:00.000039936,23.148,46.3,92.600006,4.385554e-05,4.6296,260.0
2005-08-26 21:00:00.000039936,22.1192,46.3,92.600006,4.3612705e-05,4.6296,265.0
2005-08-27 00:00:00.000039936,20.576,46.3,92.600006,4.3612705e-05,4.1152,265.0
2005-08-27 03:00:00.000039936,20.576,46.3,90.284996,4.3612705e-05,4.1152,270.0
2005-08-27 06:00:00.000039936,20.576,46.3,87.97,4.3612705e-05,4.1152,270.0
2005-08-27 09:00:00.000039936,19.5472,64.82,64.82,4.3612705e-05,4.6296,270.0
2005-08-27 12:00:00.000039936,18.004,83.34,41.67,4.3612705e-05,4.6296,265.0
2005-08-27 15:00:00.000039936,18.004,83.34,41.67,4.3612705e-05,4.6296,265.0
