Time,Vmax,Rmax_IBT,R34,fcor,u_trans,v_trans
2017-07-22 12:00:00.000039936,18.004,55.56,32.41,2.53252e-05,7.2016,295.0
2017-07-22 15:00:00.000039936,18.004,51.856,32.41,2.6076874e-05,6.6872,305.0
2017-07-22 18:00:00.000039936,18.004,46.3,32.41,2.707799e-05,6.1728,315.0
2017-07-22 21:00:00.000039936,18.004,46.3,32.41,2.8327528e-05,5.6584,325.0
2017-07-23 00:00:00.000039936,18.004,46.3,32.41,2.9325609e-05,5.6584,315.0
2017-07-23 03:00:00.000039936,18.004,42.596,39.355003,3.0073232e-05,5.6584,305.0
2017-07-23 06:00:00.000039936,18.004,37.04,46.300003,3.0820032e-05,4.6296,300.0
2017-07-23 09:00:00.000039936,19.5472,37.04,46.300003,3.131743e-05,4.1152,300.0
2017-07-23 12:00:00.000039936,20.576,37.04,46.300003,3.1814445e-05,4.1152,300.0
2017-07-23 15:00:00.000039936,22.1192,33.336,53.245,3.231108e-05,4.1152,300.0
2017-07-23 18:00:00.000039936,23.148,27.78,60.190002,3.280731e-05,4.1152,300.0
2017-07-23 21:00:00.000039936,25.720001,27.78,67.135,3.330315e-05,3.6008,305.0
2017-07-24 00:00:00.000039936,28.292,27.78,74.08,3.3798577e-05,3.0864,305.0
2017-07-24 03:00:00.000039936,30.864,24.076,78.71001,3.4293596e-05,3.0864,300.0
2017-07-24 06:00:00.000039936,33.436,18.52,83.340004,3.454095e-05,3.0864,300.0
2017-07-24 09:00:00.000039936,34.979202,18.52,85.65501,3.47882e-05,3.0864,300.0
2017-07-24 12:00:00.000039936,36.008,18.52,87.97,3.5282377e-05,3.0864,305.0
2017-07-24 15:00:00.000039936,37.5512,18.52,87.97,3.577612e-05,3.6008,305.0
2017-07-24 18:00:00.000039936,38.58,18.52,87.97,3.626943e-05,4.1152,300.0
2017-07-24 21:00:00.000039936,40.1232,14.816,92.6,3.67623e-05,4.6296,295.0
2017-07-25 00:00:00.000039936,41.152,9.26,97.229996,3.7254722e-05,4.6296,290.0
2017-07-25 03:00:00.000039936,42.6952,9.26,101.86,3.7500762e-05,4.6296,285.0
2017-07-25 06:00:00.000039936,43.724,9.26,106.490005,3.7746686e-05,4.6296,280.0
2017-07-25 09:00:00.000039936,45.2672,9.26,106.490005,3.7992504e-05,5.144,280.0
2017-07-25 12:00:00.000039936,46.296,9.26,106.490005,3.8238195e-05,5.144,285.0
2017-07-25 15:00:00.000039936,46.296,9.26,111.119995,3.8483773e-05,5.144,285.0
2017-07-25 18:00:00.000039936,46.296,9.26,115.75,3.897458e-05,5.144,290.0
2017-07-25 21:00:00.000039936,47.8392,9.26,115.75,3.9464914e-05,5.144,295.0
2017-07-26 00:00:00.000039936,48.868,9.26,115.75,3.995476e-05,5.144,285.0
2017-07-26 03:00:00.000039936,47.8392,9.26,115.75,4.0199502e-05,5.6584,280.0
2017-07-26 06:00:00.000039936,46.296,9.26,115.75,4.0444127e-05,6.1728,280.0
2017-07-26 09:00:00.000039936,46.296,9.26,115.75,4.093299e-05,6.1728,285.0
2017-07-26 12:00:00.000039936,46.296,9.26,115.75,4.1177245e-05,5.6584,285.0
2017-07-26 15:00:00.000039936,45.2672,14.816,129.63998,4.142137e-05,5.144,280.0
2017-07-26 18:00:00.000039936,43.724,18.52,143.53,4.1665367e-05,5.144,280.0
2017-07-26 21:00:00.000039936,43.724,18.52,143.53,4.1909232e-05,5.144,280.0
2017-07-27 00:00:00.000039936,43.724,18.52,143.53,4.2152973e-05,5.144,285.0
2017-07-27 03:00:00.000039936,42.6952,24.076,141.215,4.239659e-05,5.144,285.0
2017-07-27 06:00:00.000039936,41.152,27.78,138.9,4.288343e-05,4.6296,290.0
2017-07-27 09:00:00.000039936,38.58,27.78,138.9,4.3126656e-05,4.1152,290.0
2017-07-27 12:00:00.000039936,36.008,27.78,138.9,4.3612705e-05,4.1152,290.0
2017-07-27 15:00:00.000039936,34.979202,27.78,141.215,4.385554e-05,4.1152,290.0
2017-07-27 18:00:00.000039936,33.436,27.78,143.53,4.4340795e-05,4.1152,295.0
2017-07-27 21:00:00.000039936,32.4072,27.78,143.53,4.4825505e-05,4.1152,300.0
2017-07-28 00:00:00.000039936,30.864,27.78,143.53,4.5309676e-05,3.6008,305.0
2017-07-28 03:00:00.000039936,30.864,33.336,143.53,4.5793287e-05,3.6008,305.0
2017-07-28 06:00:00.000039936,30.864,37.04,143.53,4.627635e-05,3.0864,310.0
2017-07-28 09:00:00.000039936,29.835201,42.596,143.53,4.675884e-05,3.0864,310.0
2017-07-28 12:00:00.000039936,28.292,46.3,143.53,4.7240763e-05,3.6008,310.0
2017-07-28 15:00:00.000039936,28.292,51.856,143.53,4.7722115e-05,4.1152,310.0
2017-07-28 18:00:00.000039936,28.292,55.56,143.53,4.844305e-05,4.6296,310.0
2017-07-28 21:00:00.000039936,28.292,55.56,136.58499,4.916265e-05,5.144,305.0
2017-07-29 00:00:00.000039936,28.292,55.56,129.64,4.9880902e-05,5.144,300.0
2017-07-29 03:00:00.000039936,28.292,51.856,125.009995,5.035898e-05,5.144,300.0
2017-07-29 06:00:00.000039936,28.292,46.3,120.380005,5.1074945e-05,5.144,305.0
2017-07-29 09:00:00.000039936,28.292,46.3,113.435,5.178951e-05,5.144,310.0
2017-07-29 12:00:00.000039936,28.292,46.3,106.490005,5.250265e-05,5.144,310.0
2017-07-29 15:00:00.000039936,27.2632,51.856,101.86,5.321436e-05,5.144,315.0
2017-07-29 18:00:00.000039936,25.720001,55.56,97.229996,5.4161024e-05,5.6584,310.0
2017-07-29 21:00:00.000039936,25.720001,55.56,97.229996,5.4869302e-05,6.1728,305.0
2017-07-30 00:00:00.000039936,25.720001,55.56,97.229996,5.581132e-05,6.1728,305.0
2017-07-30 03:00:00.000039936,25.720001,55.56,90.285,5.6516048e-05,6.1728,305.0
2017-07-30 06:00:00.000039936,25.720001,55.56,83.340004,5.7453286e-05,6.6872,305.0
2017-07-30 09:00:00.000039936,25.720001,55.56,85.655,5.83877e-05,7.2016,305.0
2017-07-30 12:00:00.000039936,25.720001,55.56,87.97,5.9319285e-05,7.2016,305.0
2017-07-30 15:00:00.000039936,24.6912,61.116,74.08,6.0247978e-05,7.2016,300.0
2017-07-30 18:00:00.000039936,23.148,64.82,60.19,6.0942573e-05,7.2016,300.0
2017-07-30 21:00:00.000039936,20.576,70.376,48.614998,6.1635496e-05,6.6872,295.0
