Time,Vmax,Rmax_IBT,R34,fcor,u_trans,v_trans
2022-08-07 18:00:00.000039936,18.004,74.08,18.52,4.3126656e-05,5.6584,310.0
2022-08-07 21:00:00.000039936,19.5472,74.08,18.52,4.409823e-05,6.1728,315.0
2022-08-08 00:00:00.000039936,20.576,74.08,18.52,4.506766e-05,6.1728,315.0
2022-08-08 03:00:00.000039936,22.1192,64.82,30.095001,4.6034886e-05,6.1728,315.0
2022-08-08 06:00:00.000039936,23.148,55.56,41.670002,4.6999867e-05,6.1728,315.0
2022-08-08 09:00:00.000039936,25.720001,46.3,55.559998,4.8202877e-05,6.1728,315.0
2022-08-08 12:00:00.000039936,28.292,37.04,69.45,4.916265e-05,5.6584,315.0
2022-08-08 15:00:00.000039936,30.864,33.336,76.395,4.9880902e-05,5.144,310.0
2022-08-08 18:00:00.000039936,33.436,27.78,83.34,5.059779e-05,5.144,305.0
2022-08-08 21:00:00.000039936,36.008,27.78,83.34,5.131329e-05,5.144,305.0
2022-08-09 00:00:00.000039936,38.58,27.78,83.34,5.2027382e-05,5.144,305.0
2022-08-09 03:00:00.000039936,38.58,27.78,83.34,5.2740055e-05,5.144,300.0
2022-08-09 06:00:00.000039936,38.58,27.78,83.34,5.321436e-05,4.6296,300.0
2022-08-09 09:00:00.000039936,37.5512,27.78,83.34,5.3688025e-05,4.6296,305.0
2022-08-09 12:00:00.000039936,36.008,27.78,83.34,5.439729e-05,4.6296,305.0
2022-08-09 15:00:00.000039936,34.979202,27.78,83.34,5.4869302e-05,4.6296,305.0
2022-08-09 18:00:00.000039936,33.436,27.78,83.34,5.5576067e-05,4.6296,305.0
2022-08-09 21:00:00.000039936,32.4072,27.78,83.34,5.6281307e-05,4.1152,310.0
2022-08-10 00:00:00.000039936,30.864,27.78,83.34,5.6750614e-05,4.1152,305.0
2022-08-10 03:00:00.000039936,29.835201,27.78,81.025,5.721923e-05,4.1152,300.0
2022-08-10 06:00:00.000039936,28.292,27.78,78.71,5.768715e-05,4.6296,295.0
2022-08-10 09:00:00.000039936,27.2632,33.336,78.71,5.8154368e-05,5.144,290.0
2022-08-10 12:00:00.000039936,25.720001,37.04,78.71,5.83877e-05,5.144,285.0
2022-08-10 15:00:00.000039936,24.6912,37.04,71.765,5.862087e-05,5.144,280.0
2022-08-10 18:00:00.000039936,23.148,37.04,64.82,5.8853857e-05,5.144,280.0
2022-08-10 21:00:00.000039936,22.1192,37.04,50.93,5.9086666e-05,4.6296,280.0
2022-08-11 00:00:00.000039936,20.576,37.04,37.04,5.9319285e-05,5.144,275.0
2022-08-11 03:00:00.000039936,19.5472,37.04,32.41,5.9319285e-05,5.144,270.0
