Time,Vmax,Rmax_IBT,R34,fcor,u_trans,v_trans
2010-08-22 09:00:00.000039936,18.004,55.56,27.78,3.47882e-05,3.0864,270.0
2010-08-22 12:00:00.000039936,20.576,55.56,27.78,3.47882e-05,3.0864,275.0
2010-08-22 15:00:00.000039936,23.148,46.3,50.93,3.47882e-05,3.6008,280.0
2010-08-22 18:00:00.000039936,25.720001,37.04,74.08,3.5035337e-05,3.6008,280.0
2010-08-22 21:00:00.000039936,25.720001,37.04,74.08,3.5035337e-05,3.6008,280.0
2010-08-23 00:00:00.000039936,25.720001,37.04,74.08,3.5282377e-05,3.6008,280.0
2010-08-23 03:00:00.000039936,25.720001,37.04,74.08,3.5529305e-05,3.6008,285.0
2010-08-23 06:00:00.000039936,25.720001,37.04,74.08,3.577612e-05,4.1152,290.0
2010-08-23 09:00:00.000039936,24.6912,37.04,83.34,3.6022833e-05,4.6296,290.0
2010-08-23 12:00:00.000039936,23.148,37.04,92.6,3.651592e-05,4.6296,290.0
2010-08-23 15:00:00.000039936,23.148,37.04,92.6,3.700857e-05,4.6296,290.0
2010-08-23 18:00:00.000039936,23.148,37.04,92.6,3.7254722e-05,4.6296,285.0
2010-08-23 21:00:00.000039936,23.148,37.04,92.6,3.7500762e-05,4.1152,285.0
2010-08-24 00:00:00.000039936,23.148,37.04,92.6,3.7746686e-05,4.1152,285.0
2010-08-24 03:00:00.000039936,24.6912,37.04,92.6,3.7992504e-05,4.1152,285.0
2010-08-24 06:00:00.000039936,25.720001,37.04,92.6,3.8238195e-05,3.6008,285.0
2010-08-24 09:00:00.000039936,27.2632,37.04,90.748,3.8483773e-05,3.0864,290.0
2010-08-24 12:00:00.000039936,28.292,37.04,87.97,3.872924e-05,3.0864,290.0
2010-08-24 15:00:00.000039936,28.292,37.04,87.97,3.897458e-05,3.6008,285.0
2010-08-24 18:00:00.000039936,28.292,37.04,87.97,3.9219805e-05,4.1152,290.0
2010-08-24 21:00:00.000039936,29.835201,37.04,90.748,3.9464914e-05,4.6296,290.0
2010-08-25 00:00:00.000039936,30.864,37.04,92.6,3.995476e-05,4.6296,290.0
2010-08-25 03:00:00.000039936,30.864,37.04,95.378,4.0199502e-05,4.6296,290.0
2010-08-25 06:00:00.000039936,30.864,37.04,97.229996,4.0688625e-05,5.144,290.0
2010-08-25 09:00:00.000039936,32.4072,27.78,97.229996,4.093299e-05,5.144,285.0
2010-08-25 12:00:00.000039936,33.436,18.52,97.229996,4.142137e-05,5.6584,285.0
2010-08-25 15:00:00.000039936,33.436,24.076,104.638,4.1665367e-05,5.6584,285.0
2010-08-25 18:00:00.000039936,33.436,27.78,111.12,4.2152973e-05,6.1728,285.0
2010-08-25 21:00:00.000039936,34.979202,27.78,106.49,4.2640077e-05,6.1728,285.0
2010-08-26 00:00:00.000039936,36.008,27.78,101.86,4.288343e-05,6.1728,280.0
2010-08-26 03:00:00.000039936,36.008,27.78,101.86,4.3126656e-05,6.1728,275.0
2010-08-26 06:00:00.000039936,36.008,27.78,101.86,4.3126656e-05,5.144,275.0
2010-08-26 09:00:00.000039936,37.5512,27.78,111.119995,4.3369746e-05,4.6296,285.0
2010-08-26 12:00:00.000039936,38.58,27.78,120.380005,4.3612705e-05,4.6296,295.0
2010-08-26 15:00:00.000039936,40.1232,27.78,121.769,4.409823e-05,5.144,300.0
2010-08-26 18:00:00.000039936,41.152,27.78,122.695,4.4825505e-05,5.144,295.0
2010-08-26 21:00:00.000039936,40.1232,27.78,121.769,4.5309676e-05,5.144,290.0
2010-08-27 00:00:00.000039936,38.58,27.78,120.380005,4.5551555e-05,4.1152,290.0
2010-08-27 03:00:00.000039936,37.5512,27.78,120.380005,4.6034886e-05,3.0864,300.0
2010-08-27 06:00:00.000039936,36.008,27.78,120.380005,4.627635e-05,2.572,300.0
2010-08-27 09:00:00.000039936,34.979202,27.78,120.380005,4.651767e-05,2.0576,300.0
2010-08-27 12:00:00.000039936,33.436,27.78,120.380005,4.675884e-05,2.0576,310.0
2010-08-27 15:00:00.000039936,30.864,27.78,106.49,4.7240763e-05,2.572,325.0
2010-08-27 18:00:00.000039936,28.292,27.78,92.6,4.7722115e-05,3.0864,325.0
2010-08-27 21:00:00.000039936,25.720001,27.78,83.34,4.844305e-05,3.0864,325.0
2010-08-28 00:00:00.000039936,23.148,27.78,74.08,4.892293e-05,2.572,340.0
2010-08-28 03:00:00.000039936,20.576,27.78,74.08,4.9402213e-05,2.0576,15.0
