Time,Vmax,Rmax_IBT,R34,fcor,u_trans,v_trans
2020-08-09 06:00:00.000039936,18.004,55.56,13.89,3.9219805e-05,7.716,300.0
2020-08-09 09:00:00.000039936,19.5472,55.56,25.465,4.0199502e-05,7.2016,300.0
2020-08-09 12:00:00.000039936,20.576,55.56,37.04,4.093299e-05,7.2016,300.0
2020-08-09 15:00:00.000039936,22.1192,51.856,43.985,4.1665367e-05,6.6872,300.0
2020-08-09 18:00:00.000039936,23.148,46.3,50.93,4.239659e-05,6.1728,300.0
2020-08-09 21:00:00.000039936,24.6912,37.04,53.245,4.3126656e-05,6.1728,300.0
2020-08-10 00:00:00.000039936,25.720001,27.78,55.56,4.385554e-05,6.1728,300.0
2020-08-10 03:00:00.000039936,27.2632,27.78,60.19,4.458322e-05,6.1728,300.0
2020-08-10 06:00:00.000039936,28.292,27.78,64.82,4.5309676e-05,6.1728,300.0
2020-08-10 09:00:00.000039936,29.835201,27.78,71.765,4.6034886e-05,6.1728,300.0
2020-08-10 12:00:00.000039936,30.864,27.78,78.71,4.675884e-05,6.1728,295.0
2020-08-10 15:00:00.000039936,32.4072,27.78,85.655,4.7240763e-05,6.1728,295.0
2020-08-10 18:00:00.000039936,33.436,27.78,92.6,4.796257e-05,6.1728,295.0
2020-08-10 21:00:00.000039936,36.008,24.076,92.6,4.868306e-05,6.1728,300.0
2020-08-11 00:00:00.000039936,38.58,18.52,92.6,4.9402213e-05,6.1728,300.0
2020-08-11 03:00:00.000039936,40.1232,18.52,94.915,5.012002e-05,5.6584,305.0
2020-08-11 06:00:00.000039936,41.152,18.52,97.229996,5.083645e-05,6.1728,305.0
2020-08-11 09:00:00.000039936,43.724,18.52,97.229996,5.155148e-05,6.1728,305.0
2020-08-11 12:00:00.000039936,46.296,18.52,97.229996,5.250265e-05,6.6872,300.0
2020-08-11 15:00:00.000039936,46.296,18.52,97.229996,5.321436e-05,7.2016,295.0
2020-08-11 18:00:00.000039936,46.296,18.52,97.229996,5.392461e-05,6.6872,295.0
2020-08-11 21:00:00.000039936,43.724,18.52,97.229996,5.4633376e-05,6.1728,295.0
2020-08-12 00:00:00.000039936,41.152,18.52,97.229996,5.510506e-05,6.1728,295.0
2020-08-12 03:00:00.000039936,37.5512,18.52,90.285,5.581132e-05,5.6584,295.0
2020-08-12 06:00:00.000039936,33.436,18.52,83.34,5.6281307e-05,6.1728,295.0
2020-08-12 09:00:00.000039936,30.864,18.52,83.34,5.6750614e-05,6.1728,290.0
2020-08-12 12:00:00.000039936,28.292,18.52,83.34,5.721923e-05,5.6584,290.0
2020-08-12 15:00:00.000039936,25.720001,18.52,74.08,5.768715e-05,5.144,295.0
2020-08-12 18:00:00.000039936,23.148,18.52,64.82,5.8154368e-05,4.6296,300.0
2020-08-12 21:00:00.000039936,20.576,27.78,62.505,5.8853857e-05,4.6296,315.0
