Time,Vmax,Rmax_IBT,R34,fcor,u_trans,v_trans
2006-08-16 00:00:00.000039936,18.004,92.6,243.075,3.280731e-05,5.144,275.0
2006-08-16 03:00:00.000039936,19.5472,64.82,236.13,3.280731e-05,5.144,275.0
2006-08-16 06:00:00.000039936,20.576,37.04,229.185,3.305528e-05,4.6296,280.0
2006-08-16 09:00:00.000039936,23.148,37.04,215.295,3.330315e-05,4.1152,285.0
2006-08-16 12:00:00.000039936,25.720001,37.04,201.405,3.3550914e-05,4.1152,290.0
2006-08-16 15:00:00.000039936,27.2632,37.04,187.515,3.404614e-05,4.6296,295.0
2006-08-16 18:00:00.000039936,28.292,37.04,173.625,3.454095e-05,4.6296,300.0
2006-08-16 21:00:00.000039936,29.835201,37.04,170.384,3.5035337e-05,5.144,295.0
2006-08-17 00:00:00.000039936,30.864,37.04,166.68,3.5529305e-05,5.6584,290.0
2006-08-17 03:00:00.000039936,32.4072,33.336,166.68,3.6022833e-05,6.1728,285.0
2006-08-17 06:00:00.000039936,33.436,27.78,166.68,3.626943e-05,6.1728,280.0
2006-08-17 09:00:00.000039936,36.008,27.78,171.31,3.651592e-05,6.1728,280.0
2006-08-17 12:00:00.000039936,38.58,27.78,175.93999,3.67623e-05,5.6584,280.0
2006-08-17 15:00:00.000039936,40.1232,27.78,187.515,3.700857e-05,5.6584,280.0
2006-08-17 18:00:00.000039936,41.152,27.78,199.09001,3.7254722e-05,5.6584,285.0
2006-08-17 21:00:00.000039936,42.6952,27.78,199.09001,3.7746686e-05,6.1728,290.0
2006-08-18 00:00:00.000039936,43.724,27.78,199.09001,3.8238195e-05,6.1728,290.0
2006-08-18 03:00:00.000039936,46.296,24.076,207.887,3.872924e-05,6.1728,290.0
2006-08-18 06:00:00.000039936,48.868,18.52,215.295,3.9219805e-05,6.1728,290.0
2006-08-18 09:00:00.000039936,47.8392,18.52,215.295,3.9709896e-05,6.1728,290.0
2006-08-18 12:00:00.000039936,46.296,18.52,215.295,4.0199502e-05,6.1728,290.0
2006-08-18 15:00:00.000039936,46.296,24.076,212.054,4.0688625e-05,6.1728,290.0
2006-08-18 18:00:00.000039936,46.296,27.78,208.35,4.1177245e-05,6.1728,290.0
2006-08-18 21:00:00.000039936,46.296,33.336,208.35,4.1665367e-05,5.6584,290.0
2006-08-19 00:00:00.000039936,46.296,37.04,208.35,4.2152973e-05,5.6584,290.0
2006-08-19 03:00:00.000039936,46.296,37.04,208.35,4.2640077e-05,5.6584,290.0
2006-08-19 06:00:00.000039936,46.296,37.04,208.35,4.3126656e-05,5.6584,290.0
2006-08-19 09:00:00.000039936,43.724,37.04,208.35,4.3612705e-05,5.144,295.0
2006-08-19 12:00:00.000039936,41.152,37.04,208.35,4.409823e-05,5.6584,295.0
2006-08-19 15:00:00.000039936,40.1232,37.04,198.627,4.458322e-05,5.6584,300.0
2006-08-19 18:00:00.000039936,38.58,37.04,187.51501,4.5309676e-05,5.144,300.0
2006-08-19 21:00:00.000039936,38.58,33.336,187.51501,4.5793287e-05,5.144,300.0
2006-08-20 00:00:00.000039936,38.58,27.78,187.51501,4.651767e-05,4.6296,300.0
2006-08-20 03:00:00.000039936,37.5512,27.78,177.32901,4.6999867e-05,4.6296,305.0
2006-08-20 06:00:00.000039936,36.008,27.78,166.68,4.7722115e-05,4.6296,305.0
2006-08-20 09:00:00.000039936,33.436,27.78,156.494,4.8202877e-05,4.6296,305.0
2006-08-20 12:00:00.000039936,30.864,27.78,145.845,4.892293e-05,4.6296,300.0
2006-08-20 15:00:00.000039936,28.292,33.336,137.048,4.9402213e-05,4.6296,305.0
2006-08-20 18:00:00.000039936,25.720001,37.04,127.325,5.012002e-05,4.1152,310.0
2006-08-20 21:00:00.000039936,24.6912,42.596,127.325,5.083645e-05,4.1152,320.0
2006-08-21 00:00:00.000039936,23.148,46.3,127.325,5.155148e-05,3.0864,325.0
2006-08-21 03:00:00.000039936,23.148,46.3,127.325,5.2027382e-05,2.572,325.0
2006-08-21 06:00:00.000039936,23.148,46.3,127.325,5.250265e-05,2.572,330.0
2006-08-21 09:00:00.000039936,23.148,46.3,124.084,5.2977284e-05,3.0864,330.0
2006-08-21 12:00:00.000039936,23.148,46.3,120.38,5.3688025e-05,2.572,330.0
2006-08-21 15:00:00.000039936,23.148,64.82,120.38,5.4161024e-05,2.572,325.0
2006-08-21 18:00:00.000039936,23.148,83.34,120.38,5.4633376e-05,2.572,330.0
2006-08-21 21:00:00.000039936,23.148,98.156,106.49,5.5340646e-05,3.0864,330.0
2006-08-22 00:00:00.000039936,23.148,111.12,92.6,5.581132e-05,2.572,310.0
2006-08-22 03:00:00.000039936,22.1192,101.86,92.6,5.6046403e-05,2.572,280.0
2006-08-22 06:00:00.000039936,20.576,92.6,92.6,5.6046403e-05,2.572,280.0
2006-08-22 09:00:00.000039936,19.5472,92.6,92.6,5.6046403e-05,2.572,280.0
2006-08-22 12:00:00.000039936,18.004,92.6,92.6,5.6281307e-05,2.572,285.0
2006-08-22 15:00:00.000039936,18.004,92.6,90.748,5.6516048e-05,2.572,280.0
