Time,Vmax,Rmax_IBT,R34,fcor,u_trans,v_trans
2016-08-01 06:00:00.000039936,18.004,92.6,55.56,3.995476e-05,5.144,295.0
2016-08-01 09:00:00.000039936,19.5472,92.6,57.875,4.0444127e-05,5.6584,300.0
2016-08-01 12:00:00.000039936,20.576,92.6,60.19,4.1177245e-05,5.6584,295.0
2016-08-01 15:00:00.000039936,20.576,92.6,62.505,4.1665367e-05,5.6584,290.0
2016-08-01 18:00:00.000039936,20.576,92.6,64.82,4.2152973e-05,6.6872,295.0
2016-08-01 21:00:00.000039936,22.1192,92.6,74.08,4.288343e-05,7.2016,295.0
2016-08-02 00:00:00.000039936,23.148,92.6,83.340004,4.3612705e-05,7.2016,295.0
2016-08-02 03:00:00.000039936,24.6912,83.34,101.86,4.4340795e-05,6.6872,300.0
2016-08-02 06:00:00.000039936,25.720001,74.08,120.38,4.506766e-05,6.6872,295.0
2016-08-02 09:00:00.000039936,25.720001,61.116,120.38,4.5793287e-05,6.6872,290.0
2016-08-02 12:00:00.000039936,25.720001,46.3,120.38,4.627635e-05,6.6872,290.0
2016-08-02 15:00:00.000039936,25.720001,46.3,120.38,4.675884e-05,6.1728,295.0
2016-08-02 18:00:00.000039936,25.720001,46.3,120.38,4.748151e-05,6.1728,295.0
2016-08-02 21:00:00.000039936,24.6912,46.3,113.435,4.796257e-05,6.1728,295.0
2016-08-03 00:00:00.000039936,23.148,46.3,106.49,4.868306e-05,6.6872,295.0
2016-08-03 03:00:00.000039936,22.1192,46.3,97.229996,4.9402213e-05,6.6872,300.0
2016-08-03 06:00:00.000039936,20.576,46.3,87.97,5.012002e-05,6.1728,295.0
2016-08-03 09:00:00.000039936,19.5472,51.856,87.97,5.083645e-05,6.1728,295.0
2016-08-03 12:00:00.000039936,18.004,55.56,87.97,5.131329e-05,6.6872,290.0
2016-08-03 15:00:00.000039936,18.004,55.56,71.765,5.2027382e-05,7.2016,290.0
2016-08-03 18:00:00.000039936,18.004,55.56,55.56,5.250265e-05,7.2016,290.0
2016-08-03 21:00:00.000039936,18.004,55.56,55.56,5.2977284e-05,7.2016,285.0
2016-08-04 00:00:00.000039936,18.004,55.56,55.56,5.345127e-05,7.2016,285.0
2016-08-04 03:00:00.000039936,18.004,55.56,55.56,5.392461e-05,7.2016,280.0
2016-08-04 06:00:00.000039936,18.004,55.56,55.56,5.4161024e-05,7.2016,280.0
2016-08-04 09:00:00.000039936,18.004,55.56,55.56,5.439729e-05,6.6872,280.0
2016-08-04 12:00:00.000039936,18.004,55.56,55.56,5.4633376e-05,6.6872,280.0
2016-08-04 15:00:00.000039936,18.004,55.56,55.56,5.4869302e-05,6.1728,280.0
