Time,Vmax,Rmax_IBT,R34,fcor,u_trans,v_trans
2007-08-09 00:00:00.000039936,18.004,55.56,32.41,3.330315e-05,6.6872,265.0
2007-08-09 03:00:00.000039936,20.576,55.56,34.725,3.305528e-05,6.6872,265.0
2007-08-09 06:00:00.000039936,23.148,55.56,37.04,3.305528e-05,6.6872,265.0
2007-08-09 09:00:00.000039936,23.148,46.3,61.115997,3.280731e-05,6.6872,260.0
2007-08-09 12:00:00.000039936,23.148,37.04,83.34,3.2559245e-05,6.6872,260.0
2007-08-09 15:00:00.000039936,25.720001,33.336,87.044,3.231108e-05,7.2016,260.0
2007-08-09 18:00:00.000039936,28.292,27.78,90.284996,3.206281e-05,6.6872,265.0
2007-08-09 21:00:00.000039936,28.292,27.78,90.284996,3.1814445e-05,6.6872,265.0
2007-08-10 00:00:00.000039936,28.292,27.78,90.284996,3.1814445e-05,6.1728,270.0
2007-08-10 03:00:00.000039936,29.835201,27.78,90.284996,3.1814445e-05,6.1728,270.0
2007-08-10 06:00:00.000039936,30.864,27.78,90.284996,3.1814445e-05,5.6584,270.0
2007-08-10 09:00:00.000039936,33.436,27.78,90.284996,3.1814445e-05,5.6584,270.0
2007-08-10 12:00:00.000039936,36.008,27.78,90.284996,3.1814445e-05,5.6584,270.0
2007-08-10 15:00:00.000039936,38.58,27.78,96.767,3.1814445e-05,6.1728,270.0
2007-08-10 18:00:00.000039936,41.152,27.78,101.86,3.1814445e-05,5.6584,270.0
2007-08-10 21:00:00.000039936,43.724,27.78,101.86,3.1814445e-05,5.6584,270.0
2007-08-11 00:00:00.000039936,46.296,27.78,101.86,3.1814445e-05,5.144,270.0
2007-08-11 03:00:00.000039936,48.868,27.78,104.175,3.1814445e-05,5.144,270.0
2007-08-11 06:00:00.000039936,51.440002,27.78,106.49,3.1814445e-05,5.144,270.0
2007-08-11 09:00:00.000039936,55.5552,27.78,116.213005,3.1814445e-05,5.144,275.0
2007-08-11 12:00:00.000039936,59.156002,27.78,125.009995,3.206281e-05,4.6296,280.0
2007-08-11 15:00:00.000039936,59.156002,27.78,125.009995,3.231108e-05,4.6296,285.0
2007-08-11 18:00:00.000039936,59.156002,27.78,125.009995,3.2559245e-05,5.144,285.0
2007-08-11 21:00:00.000039936,60.6992,27.78,130.566,3.280731e-05,5.6584,285.0
2007-08-12 00:00:00.000039936,61.728,27.78,134.27,3.330315e-05,6.1728,280.0
2007-08-12 03:00:00.000039936,61.728,27.78,134.27,3.3550914e-05,6.6872,280.0
2007-08-12 06:00:00.000039936,61.728,27.78,134.27,3.3798577e-05,5.6584,275.0
2007-08-12 09:00:00.000039936,61.728,27.78,132.418,3.3798577e-05,5.144,275.0
2007-08-12 12:00:00.000039936,61.728,27.78,129.64,3.404614e-05,5.6584,280.0
2007-08-12 15:00:00.000039936,61.728,27.78,129.64,3.4293596e-05,6.1728,280.0
2007-08-12 18:00:00.000039936,61.728,27.78,129.64,3.454095e-05,6.1728,280.0
2007-08-12 21:00:00.000039936,60.6992,27.78,138.9,3.47882e-05,6.1728,280.0
2007-08-13 00:00:00.000039936,59.156002,27.78,148.16,3.5035337e-05,6.1728,280.0
2007-08-13 03:00:00.000039936,59.156002,27.78,148.16,3.5282377e-05,6.1728,285.0
2007-08-13 06:00:00.000039936,59.156002,27.78,148.16,3.577612e-05,6.6872,285.0
2007-08-13 09:00:00.000039936,60.6992,27.78,150.93799,3.626943e-05,6.6872,290.0
2007-08-13 12:00:00.000039936,61.728,27.78,152.79001,3.67623e-05,6.6872,290.0
2007-08-13 15:00:00.000039936,60.6992,27.78,164.828,3.7254722e-05,6.6872,295.0
2007-08-13 18:00:00.000039936,59.156002,27.78,175.94,3.7992504e-05,6.6872,295.0
2007-08-13 21:00:00.000039936,58.1272,27.78,175.94,3.872924e-05,7.2016,295.0
2007-08-14 00:00:00.000039936,56.584,27.78,175.94,3.9464914e-05,7.2016,295.0
2007-08-14 03:00:00.000039936,54.012,27.78,174.088,4.0199502e-05,6.6872,295.0
2007-08-14 06:00:00.000039936,51.440002,27.78,171.31,4.0688625e-05,6.1728,295.0
2007-08-14 09:00:00.000039936,50.4112,27.78,166.68,4.1177245e-05,5.144,295.0
2007-08-14 12:00:00.000039936,48.868,27.78,162.05,4.1665367e-05,4.6296,290.0
2007-08-14 15:00:00.000039936,47.8392,27.78,146.308,4.1909232e-05,4.1152,290.0
2007-08-14 18:00:00.000039936,46.296,27.78,129.64,4.239659e-05,4.1152,295.0
2007-08-14 21:00:00.000039936,45.2672,27.78,129.64,4.288343e-05,4.6296,300.0
2007-08-15 00:00:00.000039936,43.724,27.78,129.64,4.3369746e-05,4.1152,290.0
2007-08-15 03:00:00.000039936,38.58,27.78,128.714,4.3612705e-05,4.1152,275.0
2007-08-15 06:00:00.000039936,33.436,27.78,127.325,4.3612705e-05,4.6296,270.0
2007-08-15 09:00:00.000039936,29.835201,27.78,97.69299,4.3369746e-05,5.144,265.0
2007-08-15 12:00:00.000039936,25.720001,27.78,67.134995,4.3369746e-05,5.144,270.0
2007-08-15 15:00:00.000039936,23.148,27.78,67.134995,4.3369746e-05,5.144,275.0
2007-08-15 18:00:00.000039936,20.576,27.78,67.134995,4.3612705e-05,4.6296,275.0
2007-08-15 21:00:00.000039936,19.5472,27.78,66.209,4.3612705e-05,5.144,270.0
