Time,Vmax,Rmax_IBT,R34,fcor,u_trans,v_trans
2002-08-27 00:00:00.000040448,18.004,74.08,115.75,3.5282377e-05,2.572,250.0
2002-08-27 03:00:00.000040448,19.5472,70.376,115.75,3.5035337e-05,2.572,260.0
2002-08-27 06:00:00.000040448,20.576,64.82,115.75,3.5035337e-05,2.572,265.0
2002-08-27 09:00:00.000040448,23.148,64.82,115.75,3.5035337e-05,3.0864,270.0
2002-08-27 12:00:00.000040448,25.720001,64.82,115.75,3.5035337e-05,3.0864,280.0
2002-08-27 15:00:00.000040448,28.292,61.116,115.75,3.5282377e-05,3.0864,290.0
2002-08-27 18:00:00.000040448,30.864,55.56,115.75,3.5529305e-05,3.6008,300.0
2002-08-27 21:00:00.000040448,30.864,55.56,115.75,3.6022833e-05,4.1152,310.0
2002-08-28 00:00:00.000040448,30.864,55.56,115.75,3.67623e-05,4.1152,315.0
2002-08-28 03:00:00.000040448,30.864,55.56,121.769,3.7500762e-05,4.1152,315.0
2002-08-28 06:00:00.000040448,30.864,55.56,127.325,3.8238195e-05,4.6296,315.0
2002-08-28 09:00:00.000040448,30.864,55.56,127.325,3.9219805e-05,5.144,310.0
2002-08-28 12:00:00.000040448,30.864,55.56,127.325,3.995476e-05,5.6584,305.0
2002-08-28 15:00:00.000040448,30.864,55.56,127.325,4.0688625e-05,5.6584,300.0
2002-08-28 18:00:00.000040448,30.864,55.56,127.325,4.1177245e-05,5.6584,295.0
2002-08-28 21:00:00.000040448,30.864,55.56,127.325,4.1665367e-05,5.6584,300.0
2002-08-29 00:00:00.000040448,30.864,55.56,127.325,4.239659e-05,5.144,305.0
2002-08-29 03:00:00.000040448,29.835201,55.56,127.325,4.3126656e-05,4.6296,310.0
2002-08-29 06:00:00.000040448,28.292,55.56,127.325,4.385554e-05,4.1152,315.0
2002-08-29 09:00:00.000040448,25.720001,55.56,127.325,4.458322e-05,3.6008,315.0
2002-08-29 12:00:00.000040448,23.148,55.56,127.325,4.506766e-05,3.6008,310.0
2002-08-29 15:00:00.000040448,22.1192,55.56,119.917,4.5551555e-05,4.1152,305.0
2002-08-29 18:00:00.000040448,20.576,55.56,111.12,4.627635e-05,4.6296,310.0
2002-08-29 21:00:00.000040448,19.5472,55.56,111.12,4.6999867e-05,4.6296,310.0
2002-08-30 00:00:00.000040448,18.004,55.56,111.12,4.7722115e-05,4.1152,310.0
2002-08-30 03:00:00.000040448,18.004,55.56,111.12,4.8202877e-05,4.1152,310.0
