Time,Vmax,Rmax_IBT,R34,fcor,u_trans,v_trans
2012-08-27 18:00:00.000039936,18.004,111.12,13.89,3.7500762e-05,5.6584,285.0
2012-08-27 21:00:00.000039936,19.5472,92.6,23.15,3.7992504e-05,5.144,285.0
2012-08-28 00:00:00.000039936,20.576,74.08,32.41,3.8238195e-05,5.144,285.0
2012-08-28 03:00:00.000039936,20.576,74.08,32.41,3.8483773e-05,5.144,280.0
2012-08-28 06:00:00.000039936,20.576,74.08,32.41,3.872924e-05,5.144,285.0
2012-08-28 09:00:00.000039936,22.1192,74.08,32.41,3.897458e-05,4.6296,290.0
2012-08-28 12:00:00.000039936,23.148,74.08,32.41,3.9464914e-05,4.6296,295.0
2012-08-28 15:00:00.000039936,24.6912,74.08,34.725,3.995476e-05,4.6296,305.0
2012-08-28 18:00:00.000039936,25.720001,74.08,37.04,4.0688625e-05,4.6296,305.0
2012-08-28 21:00:00.000039936,27.2632,74.08,46.3,4.1177245e-05,4.1152,305.0
2012-08-29 00:00:00.000039936,28.292,74.08,55.56,4.1909232e-05,4.6296,310.0
2012-08-29 03:00:00.000039936,28.292,64.82,69.45,4.2640077e-05,4.6296,310.0
2012-08-29 06:00:00.000039936,28.292,55.56,83.340004,4.3369746e-05,4.1152,315.0
2012-08-29 09:00:00.000039936,29.835201,55.56,87.97,4.409823e-05,3.6008,315.0
2012-08-29 12:00:00.000039936,30.864,55.56,92.6,4.458322e-05,3.6008,315.0
2012-08-29 15:00:00.000039936,30.864,51.856,97.23,4.506766e-05,3.6008,315.0
2012-08-29 18:00:00.000039936,30.864,46.3,101.86,4.5793287e-05,3.6008,315.0
2012-08-29 21:00:00.000039936,32.4072,42.596,101.86,4.627635e-05,3.6008,315.0
2012-08-30 00:00:00.000039936,33.436,37.04,101.86,4.6999867e-05,3.6008,325.0
2012-08-30 03:00:00.000039936,33.436,37.04,108.80499,4.7722115e-05,3.6008,335.0
2012-08-30 06:00:00.000039936,33.436,37.04,115.75,4.844305e-05,3.6008,340.0
2012-08-30 09:00:00.000039936,34.979202,37.04,120.380005,4.916265e-05,3.0864,340.0
2012-08-30 12:00:00.000039936,36.008,37.04,125.01001,4.9880902e-05,3.0864,340.0
2012-08-30 15:00:00.000039936,37.5512,37.04,125.009995,5.059779e-05,3.0864,330.0
2012-08-30 18:00:00.000039936,38.58,37.04,125.009995,5.1074945e-05,3.0864,330.0
2012-08-30 21:00:00.000039936,38.58,37.04,125.009995,5.155148e-05,3.0864,330.0
2012-08-31 00:00:00.000039936,38.58,37.04,125.009995,5.22651e-05,3.0864,325.0
2012-08-31 03:00:00.000039936,37.5512,37.04,125.009995,5.2977284e-05,3.6008,315.0
2012-08-31 06:00:00.000039936,36.008,37.04,125.009995,5.345127e-05,3.6008,310.0
2012-08-31 09:00:00.000039936,34.979202,37.04,125.009995,5.392461e-05,3.6008,305.0
2012-08-31 12:00:00.000039936,33.436,37.04,125.009995,5.439729e-05,3.6008,300.0
2012-08-31 15:00:00.000039936,32.4072,37.04,120.38,5.4869302e-05,3.6008,295.0
2012-08-31 18:00:00.000039936,30.864,37.04,115.75,5.510506e-05,4.1152,295.0
2012-08-31 21:00:00.000039936,29.835201,37.04,115.75,5.5340646e-05,4.1152,290.0
2012-09-01 00:00:00.000039936,28.292,37.04,115.75,5.581132e-05,4.1152,290.0
2012-09-01 03:00:00.000039936,27.2632,37.04,115.75,5.6281307e-05,4.1152,290.0
2012-09-01 06:00:00.000039936,25.720001,37.04,115.75,5.6516048e-05,4.1152,290.0
2012-09-01 09:00:00.000039936,24.6912,55.56,113.435,5.6750614e-05,4.1152,285.0
2012-09-01 12:00:00.000039936,23.148,74.08,111.12,5.698501e-05,4.1152,280.0
2012-09-01 15:00:00.000039936,22.1192,74.08,106.49,5.721923e-05,4.1152,275.0
2012-09-01 18:00:00.000039936,20.576,74.08,101.86,5.721923e-05,4.1152,270.0
2012-09-01 21:00:00.000039936,19.5472,74.08,85.65501,5.721923e-05,4.1152,265.0
