Time,Vmax,Rmax_IBT,R34,fcor,u_trans,v_trans
2011-09-21 12:00:00.000039936,18.004,111.12,34.725,3.454095e-05,1.5432,345.0
2011-09-21 15:00:00.000039936,19.5472,83.34,34.725,3.47882e-05,1.5432,345.0
2011-09-21 18:00:00.000039936,20.576,55.56,34.725,3.5282377e-05,2.0576,315.0
2011-09-21 21:00:00.000039936,22.1192,55.56,45.374,3.5529305e-05,3.6008,295.0
2011-09-22 00:00:00.000039936,23.148,55.56,55.559998,3.6022833e-05,4.1152,290.0
2011-09-22 03:00:00.000039936,25.720001,46.3,69.912994,3.626943e-05,4.1152,290.0
2011-09-22 06:00:00.000039936,28.292,37.04,83.34,3.67623e-05,4.6296,295.0
2011-09-22 09:00:00.000039936,32.4072,33.336,87.044,3.7254722e-05,4.6296,295.0
2011-09-22 12:00:00.000039936,36.008,27.78,90.284996,3.7746686e-05,4.6296,300.0
2011-09-22 15:00:00.000039936,41.152,27.78,90.284996,3.8238195e-05,4.6296,305.0
2011-09-22 18:00:00.000039936,46.296,27.78,90.284996,3.897458e-05,4.6296,300.0
2011-09-22 21:00:00.000039936,50.4112,27.78,93.989,3.9464914e-05,5.144,295.0
2011-09-23 00:00:00.000039936,54.012,27.78,97.229996,3.995476e-05,5.144,285.0
2011-09-23 03:00:00.000039936,56.584,27.78,97.229996,4.0199502e-05,5.144,275.0
2011-09-23 06:00:00.000039936,59.156002,27.78,97.229996,4.0199502e-05,4.1152,270.0
2011-09-23 09:00:00.000039936,60.6992,27.78,108.342,4.0199502e-05,3.6008,270.0
2011-09-23 12:00:00.000039936,61.728,27.78,118.064995,4.0199502e-05,3.0864,275.0
2011-09-23 15:00:00.000039936,63.271202,27.78,118.064995,4.0444127e-05,3.6008,285.0
2011-09-23 18:00:00.000039936,64.3,27.78,118.064995,4.0688625e-05,4.1152,295.0
2011-09-23 21:00:00.000039936,64.3,27.78,118.064995,4.1177245e-05,4.6296,300.0
2011-09-24 00:00:00.000039936,64.3,27.78,118.064995,4.1665367e-05,5.144,295.0
2011-09-24 03:00:00.000039936,63.271202,27.78,118.064995,4.2152973e-05,5.6584,285.0
2011-09-24 06:00:00.000039936,61.728,27.78,118.064995,4.239659e-05,5.6584,275.0
2011-09-24 09:00:00.000039936,61.728,24.076,118.064995,4.239659e-05,5.6584,265.0
2011-09-24 12:00:00.000039936,61.728,18.52,118.064995,4.2152973e-05,4.6296,265.0
2011-09-24 15:00:00.000039936,60.6992,18.52,132.88101,4.2152973e-05,3.6008,270.0
2011-09-24 18:00:00.000039936,59.156002,18.52,145.845,4.2152973e-05,3.6008,275.0
2011-09-24 21:00:00.000039936,59.156002,18.52,145.845,4.2152973e-05,4.1152,275.0
2011-09-25 00:00:00.000039936,59.156002,18.52,145.845,4.239659e-05,4.1152,280.0
2011-09-25 03:00:00.000039936,58.1272,24.076,145.845,4.239659e-05,4.1152,275.0
2011-09-25 06:00:00.000039936,56.584,27.78,145.845,4.2640077e-05,4.1152,280.0
2011-09-25 09:00:00.000039936,56.584,27.78,145.845,4.288343e-05,4.6296,275.0
2011-09-25 12:00:00.000039936,56.584,27.78,145.845,4.288343e-05,4.6296,275.0
2011-09-25 15:00:00.000039936,55.5552,27.78,145.845,4.288343e-05,5.144,270.0
2011-09-25 18:00:00.000039936,54.012,27.78,145.845,4.288343e-05,4.6296,265.0
2011-09-25 21:00:00.000039936,54.012,27.78,150.93799,4.2640077e-05,4.6296,255.0
2011-09-26 00:00:00.000039936,54.012,27.78,155.105,4.239659e-05,4.6296,260.0
2011-09-26 03:00:00.000039936,54.012,27.78,154.17899,4.2152973e-05,4.6296,265.0
2011-09-26 06:00:00.000039936,54.012,27.78,152.79,4.2152973e-05,4.6296,265.0
2011-09-26 09:00:00.000039936,55.5552,27.78,152.79,4.2152973e-05,5.144,265.0
2011-09-26 12:00:00.000039936,56.584,27.78,152.79,4.1909232e-05,4.6296,265.0
2011-09-26 15:00:00.000039936,58.1272,27.78,160.198,4.1665367e-05,4.1152,265.0
2011-09-26 18:00:00.000039936,59.156002,27.78,166.68,4.1665367e-05,4.1152,265.0
2011-09-26 21:00:00.000039936,59.156002,27.78,168.995,4.1665367e-05,4.6296,270.0
2011-09-27 00:00:00.000039936,59.156002,27.78,171.31,4.1665367e-05,4.6296,270.0
2011-09-27 03:00:00.000039936,56.584,27.78,172.699,4.1665367e-05,4.6296,270.0
2011-09-27 06:00:00.000039936,54.012,27.78,173.625,4.1665367e-05,4.1152,275.0
2011-09-27 09:00:00.000039936,52.9832,27.78,173.625,4.1665367e-05,4.1152,275.0
2011-09-27 12:00:00.000039936,51.440002,27.78,173.625,4.1909232e-05,4.1152,280.0
2011-09-27 15:00:00.000039936,50.4112,33.336,163.90201,4.2152973e-05,4.1152,285.0
2011-09-27 18:00:00.000039936,48.868,37.04,152.79,4.239659e-05,3.6008,290.0
2011-09-27 21:00:00.000039936,47.8392,37.04,149.549,4.2640077e-05,3.0864,300.0
2011-09-28 00:00:00.000039936,46.296,37.04,145.845,4.3126656e-05,2.572,310.0
2011-09-28 03:00:00.000039936,43.724,37.04,139.363,4.3612705e-05,3.0864,315.0
2011-09-28 06:00:00.000039936,41.152,37.04,131.95499,4.409823e-05,3.0864,315.0
2011-09-28 09:00:00.000039936,40.1232,37.04,128.71399,4.458322e-05,3.6008,315.0
2011-09-28 12:00:00.000039936,38.58,37.04,125.009995,4.5309676e-05,3.6008,320.0
2011-09-28 15:00:00.000039936,37.5512,33.336,132.418,4.6034886e-05,4.1152,320.0
2011-09-28 18:00:00.000039936,36.008,27.78,138.9,4.675884e-05,3.6008,320.0
2011-09-28 21:00:00.000039936,34.979202,33.336,138.9,4.748151e-05,3.6008,315.0
2011-09-29 00:00:00.000039936,33.436,37.04,138.9,4.796257e-05,3.0864,320.0
2011-09-29 03:00:00.000039936,32.4072,37.04,153.716,4.844305e-05,3.0864,325.0
2011-09-29 06:00:00.000039936,30.864,37.04,166.68,4.916265e-05,3.6008,330.0
2011-09-29 09:00:00.000039936,29.835201,46.3,170.38399,4.9880902e-05,4.1152,330.0
2011-09-29 12:00:00.000039936,28.292,55.56,173.62498,5.083645e-05,4.6296,335.0
2011-09-29 15:00:00.000039936,27.2632,111.12,170.847,5.178951e-05,4.6296,335.0
2011-09-29 18:00:00.000039936,25.720001,166.68,166.68,5.2740055e-05,3.6008,335.0
2011-09-29 21:00:00.000039936,23.148,153.716,160.198,5.345127e-05,3.0864,330.0
2011-09-30 00:00:00.000039936,20.576,138.9,152.79001,5.392461e-05,2.572,330.0
