Time,Vmax,Rmax_IBT,R34,fcor,u_trans,v_trans
2017-07-23 06:00:00.000039936,18.004,46.3,13.89,3.700857e-05,3.6008,280.0
2017-07-23 09:00:00.000039936,18.004,46.3,18.52,3.7254722e-05,3.6008,280.0
2017-07-23 12:00:00.000039936,18.004,46.3,23.15,3.7254722e-05,3.6008,275.0
2017-07-23 15:00:00.000039936,19.5472,55.56,39.355,3.7254722e-05,3.6008,270.0
2017-07-23 18:00:00.000039936,20.576,64.82,55.559998,3.7254722e-05,3.0864,270.0
2017-07-23 21:00:00.000039936,22.1192,61.116,67.135,3.7254722e-05,2.572,270.0
2017-07-24 00:00:00.000039936,23.148,55.56,78.71,3.7254722e-05,2.0576,270.0
2017-07-24 03:00:00.000039936,24.6912,55.56,78.71,3.7254722e-05,1.5432,270.0
2017-07-24 06:00:00.000039936,25.720001,55.56,78.71,3.7254722e-05,1.5432,280.0
2017-07-24 09:00:00.000039936,27.2632,46.3,78.71,3.7254722e-05,1.5432,290.0
2017-07-24 12:00:00.000039936,28.292,37.04,78.71,3.7500762e-05,1.5432,290.0
2017-07-24 15:00:00.000039936,29.835201,37.04,83.34,3.7500762e-05,1.5432,290.0
2017-07-24 18:00:00.000039936,30.864,37.04,87.97,3.7746686e-05,2.0576,290.0
2017-07-24 21:00:00.000039936,32.4072,37.04,87.97,3.7992504e-05,2.572,290.0
2017-07-25 00:00:00.000039936,33.436,37.04,87.97,3.8238195e-05,2.572,295.0
2017-07-25 03:00:00.000039936,34.979202,37.04,87.97,3.8483773e-05,2.572,290.0
2017-07-25 06:00:00.000039936,36.008,37.04,87.97,3.872924e-05,3.0864,290.0
2017-07-25 09:00:00.000039936,37.5512,33.336,90.285,3.897458e-05,3.0864,290.0
2017-07-25 12:00:00.000039936,38.58,27.78,92.6,3.9219805e-05,3.0864,290.0
2017-07-25 15:00:00.000039936,40.1232,27.78,92.6,3.9464914e-05,3.0864,290.0
2017-07-25 18:00:00.000039936,41.152,27.78,92.6,3.9709896e-05,3.0864,285.0
2017-07-25 21:00:00.000039936,41.152,24.076,92.6,3.995476e-05,3.6008,280.0
2017-07-26 00:00:00.000039936,41.152,18.52,92.6,3.995476e-05,3.6008,270.0
2017-07-26 03:00:00.000039936,38.58,18.52,92.6,3.995476e-05,3.6008,260.0
2017-07-26 06:00:00.000039936,36.008,18.52,92.6,3.9709896e-05,3.0864,255.0
2017-07-26 09:00:00.000039936,32.4072,18.52,97.229996,3.9464914e-05,3.0864,250.0
2017-07-26 12:00:00.000039936,28.292,18.52,101.86,3.9219805e-05,3.6008,250.0
2017-07-26 15:00:00.000039936,27.2632,18.52,104.175,3.897458e-05,3.6008,245.0
2017-07-26 18:00:00.000039936,25.720001,18.52,106.490005,3.8483773e-05,3.6008,240.0
2017-07-26 21:00:00.000039936,25.720001,24.076,106.490005,3.7992504e-05,3.0864,240.0
2017-07-27 00:00:00.000039936,25.720001,27.78,106.490005,3.7746686e-05,2.572,245.0
2017-07-27 03:00:00.000039936,25.720001,27.78,106.490005,3.7500762e-05,2.572,260.0
2017-07-27 06:00:00.000039936,25.720001,27.78,106.490005,3.7500762e-05,2.0576,265.0
2017-07-27 09:00:00.000039936,25.720001,27.78,106.490005,3.7500762e-05,2.0576,270.0
2017-07-27 12:00:00.000039936,25.720001,27.78,106.490005,3.7500762e-05,1.5432,270.0
2017-07-27 15:00:00.000039936,25.720001,27.78,101.86,3.7500762e-05,1.5432,270.0
2017-07-27 18:00:00.000039936,25.720001,27.78,97.229996,3.7500762e-05,1.0288,270.0
2017-07-27 21:00:00.000039936,25.720001,33.336,92.600006,3.7500762e-05,1.0288,270.0
2017-07-28 00:00:00.000039936,25.720001,37.04,87.97,3.7500762e-05,1.0288,270.0
2017-07-28 03:00:00.000039936,25.720001,37.04,71.765,3.7500762e-05,1.0288,270.0
2017-07-28 06:00:00.000039936,25.720001,37.04,55.56,3.7500762e-05,1.0288,250.0
2017-07-28 09:00:00.000039936,25.720001,37.04,55.56,3.7500762e-05,0.5144,225.0
2017-07-28 12:00:00.000039936,25.720001,37.04,55.56,3.7254722e-05,0.5144,195.0
2017-07-28 15:00:00.000039936,25.720001,37.04,62.505,3.700857e-05,0.5144,0.0
2017-07-28 18:00:00.000039936,25.720001,37.04,69.450005,3.700857e-05,0.5144,135.0
2017-07-28 21:00:00.000039936,25.720001,37.04,67.135,3.700857e-05,0.5144,90.0
2017-07-29 00:00:00.000039936,25.720001,37.04,64.82,3.700857e-05,0.5144,65.0
2017-07-29 03:00:00.000039936,25.720001,37.04,64.82,3.700857e-05,0.5144,45.0
2017-07-29 06:00:00.000039936,25.720001,37.04,64.82,3.7254722e-05,1.0288,35.0
2017-07-29 09:00:00.000039936,25.720001,37.04,64.82,3.7500762e-05,1.0288,25.0
2017-07-29 12:00:00.000039936,25.720001,37.04,64.82,3.7746686e-05,1.5432,10.0
2017-07-29 15:00:00.000039936,25.720001,37.04,71.765,3.8238195e-05,2.0576,0.0
2017-07-29 18:00:00.000039936,25.720001,37.04,78.71,3.872924e-05,2.572,355.0
2017-07-29 21:00:00.000039936,27.2632,46.3,81.025,3.9464914e-05,3.0864,350.0
2017-07-30 00:00:00.000039936,28.292,55.56,83.34,4.0199502e-05,3.6008,345.0
2017-07-30 03:00:00.000039936,28.292,55.56,83.34,4.093299e-05,3.6008,345.0
2017-07-30 06:00:00.000039936,28.292,55.56,83.34,4.1909232e-05,3.6008,345.0
2017-07-30 09:00:00.000039936,28.292,55.56,83.34,4.2640077e-05,3.6008,345.0
2017-07-30 12:00:00.000039936,28.292,55.56,83.34,4.3612705e-05,4.6296,340.0
2017-07-30 15:00:00.000039936,28.292,55.56,83.34,4.458322e-05,5.144,330.0
2017-07-30 18:00:00.000039936,28.292,55.56,83.34,4.5793287e-05,5.6584,330.0
2017-07-30 21:00:00.000039936,28.292,55.56,83.34,4.675884e-05,5.6584,330.0
2017-07-31 00:00:00.000039936,28.292,55.56,83.34,4.796257e-05,5.6584,330.0
2017-07-31 03:00:00.000039936,27.2632,55.56,83.34,4.916265e-05,5.6584,335.0
2017-07-31 06:00:00.000039936,25.720001,55.56,83.34,5.035898e-05,5.6584,335.0
2017-07-31 09:00:00.000039936,25.720001,55.56,81.024994,5.155148e-05,5.6584,335.0
2017-07-31 12:00:00.000039936,25.720001,55.56,78.71,5.2740055e-05,5.6584,335.0
2017-07-31 15:00:00.000039936,25.720001,46.3,71.765,5.392461e-05,5.6584,335.0
2017-07-31 18:00:00.000039936,25.720001,37.04,64.82,5.510506e-05,6.1728,335.0
2017-07-31 21:00:00.000039936,24.6912,37.04,64.82,5.6281307e-05,6.1728,335.0
2017-08-01 00:00:00.000039936,23.148,37.04,64.82,5.768715e-05,6.1728,335.0
2017-08-01 03:00:00.000039936,23.148,37.04,53.245,5.8853857e-05,6.1728,335.0
2017-08-01 06:00:00.000039936,23.148,37.04,41.670002,6.0247978e-05,6.1728,340.0
2017-08-01 09:00:00.000039936,20.576,37.04,34.725002,6.1635496e-05,6.1728,340.0
