Time,Vmax,Rmax_IBT,R34,fcor,u_trans,v_trans
2006-08-21 18:00:00.000039936,18.004,74.08,208.35,3.156599e-05,6.1728,300.0
2006-08-21 21:00:00.000039936,19.5472,74.08,220.388,3.231108e-05,6.1728,300.0
2006-08-22 00:00:00.000039936,20.576,74.08,231.5,3.305528e-05,6.6872,300.0
2006-08-22 03:00:00.000039936,23.148,74.08,231.5,3.3798577e-05,6.6872,305.0
2006-08-22 06:00:00.000039936,25.720001,74.08,231.5,3.47882e-05,6.1728,300.0
2006-08-22 09:00:00.000039936,28.292,74.08,231.5,3.5529305e-05,6.1728,300.0
2006-08-22 12:00:00.000039936,30.864,74.08,231.5,3.626943e-05,6.6872,300.0
2006-08-22 15:00:00.000039936,33.436,55.56,225.944,3.700857e-05,7.2016,300.0
2006-08-22 18:00:00.000039936,36.008,37.04,219.925,3.7992504e-05,7.716,305.0
2006-08-22 21:00:00.000039936,38.58,37.04,221.31401,3.9219805e-05,8.744801,310.0
2006-08-23 00:00:00.000039936,41.152,37.04,222.23999,4.0688625e-05,8.2304,310.0
2006-08-23 03:00:00.000039936,45.2672,33.336,222.23999,4.1909232e-05,7.716,310.0
2006-08-23 06:00:00.000039936,48.868,27.78,222.23999,4.288343e-05,7.2016,305.0
2006-08-23 09:00:00.000039936,51.440002,27.78,214.369,4.385554e-05,6.6872,300.0
2006-08-23 12:00:00.000039936,54.012,27.78,206.035,4.458322e-05,6.6872,300.0
2006-08-23 15:00:00.000039936,54.012,27.78,206.035,4.5309676e-05,6.6872,305.0
2006-08-23 18:00:00.000039936,54.012,27.78,206.035,4.627635e-05,6.1728,305.0
2006-08-23 21:00:00.000039936,54.012,27.78,195.849,4.7240763e-05,6.1728,305.0
2006-08-24 00:00:00.000039936,54.012,27.78,185.2,4.796257e-05,5.144,305.0
2006-08-24 03:00:00.000039936,51.440002,27.78,185.2,4.868306e-05,4.1152,305.0
2006-08-24 06:00:00.000039936,48.868,27.78,185.2,4.916265e-05,4.6296,305.0
2006-08-24 09:00:00.000039936,47.8392,27.78,185.2,4.9880902e-05,4.6296,305.0
2006-08-24 12:00:00.000039936,46.296,27.78,185.2,5.035898e-05,4.1152,305.0
2006-08-24 15:00:00.000039936,45.2672,37.04,194.46,5.083645e-05,3.6008,305.0
2006-08-24 18:00:00.000039936,43.724,46.3,203.72,5.131329e-05,3.0864,305.0
2006-08-24 21:00:00.000039936,42.6952,46.3,203.72,5.178951e-05,3.0864,305.0
2006-08-25 00:00:00.000039936,41.152,46.3,203.72,5.2027382e-05,2.572,300.0
2006-08-25 03:00:00.000039936,40.1232,46.3,196.775,5.22651e-05,3.0864,305.0
2006-08-25 06:00:00.000039936,38.58,46.3,189.83,5.2740055e-05,3.0864,300.0
2006-08-25 09:00:00.000039936,37.5512,46.3,187.515,5.2977284e-05,3.0864,305.0
2006-08-25 12:00:00.000039936,36.008,46.3,185.2,5.345127e-05,2.572,305.0
2006-08-25 15:00:00.000039936,34.979202,46.3,166.217,5.3688025e-05,2.572,310.0
2006-08-25 18:00:00.000039936,33.436,46.3,145.845,5.4161024e-05,2.572,305.0
2006-08-25 21:00:00.000039936,30.864,42.596,145.845,5.439729e-05,3.0864,305.0
2006-08-26 00:00:00.000039936,28.292,37.04,145.845,5.4869302e-05,3.0864,300.0
2006-08-26 03:00:00.000039936,27.2632,37.04,136.122,5.5340646e-05,3.0864,300.0
2006-08-26 06:00:00.000039936,25.720001,37.04,125.009995,5.5576067e-05,3.0864,295.0
2006-08-26 09:00:00.000039936,25.720001,37.04,125.009995,5.581132e-05,2.572,295.0
2006-08-26 12:00:00.000039936,25.720001,37.04,125.009995,5.6046403e-05,2.0576,295.0
2006-08-26 15:00:00.000039936,24.6912,37.04,113.435,5.6281307e-05,2.0576,300.0
2006-08-26 18:00:00.000039936,23.148,37.04,101.86,5.6516048e-05,2.0576,305.0
2006-08-26 21:00:00.000039936,22.1192,37.04,87.97,5.6750614e-05,2.572,310.0
2006-08-27 00:00:00.000039936,20.576,37.04,74.08,5.721923e-05,2.0576,305.0
2006-08-27 03:00:00.000039936,19.5472,37.04,72.228,5.7453286e-05,2.0576,300.0
