Time,Vmax,Rmax_IBT,R34,fcor,u_trans,v_trans
2019-08-21 12:00:00.000039936,18.004,74.08,27.78,3.8483773e-05,9.2592,280.0
2019-08-21 15:00:00.000039936,19.5472,64.82,27.78,3.897458e-05,9.2592,280.0
2019-08-21 18:00:00.000039936,20.576,55.56,27.78,3.9219805e-05,9.2592,275.0
2019-08-21 21:00:00.000039936,22.1192,55.56,41.67,3.9219805e-05,9.2592,270.0
2019-08-22 00:00:00.000039936,23.148,55.56,55.559998,3.9219805e-05,8.744801,265.0
2019-08-22 03:00:00.000039936,24.6912,55.56,57.875,3.897458e-05,7.716,265.0
2019-08-22 06:00:00.000039936,25.720001,55.56,60.190002,3.897458e-05,6.1728,265.0
2019-08-22 09:00:00.000039936,28.292,42.596,69.45,3.897458e-05,5.144,270.0
2019-08-22 12:00:00.000039936,30.864,27.78,78.71001,3.897458e-05,4.1152,280.0
2019-08-22 15:00:00.000039936,30.864,33.336,90.284996,3.9219805e-05,3.6008,295.0
2019-08-22 18:00:00.000039936,30.864,37.04,101.86,3.9709896e-05,3.0864,320.0
2019-08-22 21:00:00.000039936,29.835201,46.3,115.75,4.0444127e-05,3.6008,345.0
2019-08-23 00:00:00.000039936,28.292,55.56,129.64,4.142137e-05,4.6296,345.0
2019-08-23 03:00:00.000039936,28.292,55.56,138.90001,4.2640077e-05,5.6584,340.0
2019-08-23 06:00:00.000039936,28.292,55.56,148.16,4.385554e-05,5.6584,335.0
2019-08-23 09:00:00.000039936,28.292,55.56,152.79001,4.506766e-05,5.144,335.0
2019-08-23 12:00:00.000039936,28.292,55.56,157.42,4.6034886e-05,5.144,340.0
2019-08-23 15:00:00.000039936,27.2632,55.56,168.99501,4.7240763e-05,4.6296,345.0
2019-08-23 18:00:00.000039936,25.720001,55.56,180.57,4.8202877e-05,4.6296,340.0
2019-08-23 21:00:00.000039936,24.6912,55.56,180.57,4.916265e-05,4.6296,340.0
2019-08-24 00:00:00.000039936,23.148,55.56,180.57,5.012002e-05,4.1152,340.0
2019-08-24 03:00:00.000039936,23.148,55.56,152.79,5.1074945e-05,4.1152,340.0
2019-08-24 06:00:00.000039936,23.148,55.56,125.009995,5.178951e-05,4.1152,335.0
2019-08-24 09:00:00.000039936,22.1192,55.56,113.435,5.2740055e-05,4.1152,340.0
2019-08-24 12:00:00.000039936,20.576,55.56,101.86,5.345127e-05,3.6008,340.0
2019-08-24 15:00:00.000039936,20.576,55.56,101.86,5.4161024e-05,3.6008,345.0
2019-08-24 18:00:00.000039936,20.576,55.56,101.86,5.510506e-05,4.1152,350.0
2019-08-24 21:00:00.000039936,19.5472,55.56,101.86,5.6046403e-05,4.1152,345.0
