Time,Vmax,Rmax_IBT,R34,fcor,u_trans,v_trans
2016-08-03 06:00:00.000039936,18.004,92.6,18.52,3.5282377e-05,7.716,280.0
2016-08-03 09:00:00.000039936,19.5472,92.6,39.355,3.5529305e-05,7.716,280.0
2016-08-03 12:00:00.000039936,20.576,92.6,60.190002,3.577612e-05,7.716,280.0
2016-08-03 15:00:00.000039936,20.576,92.6,67.134995,3.6022833e-05,8.2304,275.0
2016-08-03 18:00:00.000039936,20.576,92.6,74.08,3.626943e-05,7.716,280.0
2016-08-03 21:00:00.000039936,20.576,64.82,74.08,3.651592e-05,7.2016,280.0
2016-08-04 00:00:00.000039936,20.576,37.04,74.08,3.67623e-05,6.6872,275.0
2016-08-04 03:00:00.000039936,20.576,55.56,76.395,3.700857e-05,6.6872,275.0
2016-08-04 06:00:00.000039936,20.576,74.08,78.71,3.700857e-05,6.6872,275.0
2016-08-04 09:00:00.000039936,20.576,74.08,76.395004,3.7254722e-05,7.2016,275.0
2016-08-04 12:00:00.000039936,20.576,74.08,74.08,3.7254722e-05,6.6872,270.0
2016-08-04 15:00:00.000039936,22.1192,55.56,69.45,3.7254722e-05,6.1728,270.0
2016-08-04 18:00:00.000039936,23.148,37.04,64.82001,3.7254722e-05,6.1728,270.0
2016-08-04 21:00:00.000039936,23.148,37.04,64.82001,3.7254722e-05,6.6872,270.0
2016-08-05 00:00:00.000039936,23.148,37.04,64.82001,3.7254722e-05,6.1728,270.0
2016-08-05 03:00:00.000039936,23.148,37.04,64.82001,3.7254722e-05,6.1728,275.0
2016-08-05 06:00:00.000039936,23.148,37.04,64.82001,3.7500762e-05,5.6584,280.0
2016-08-05 09:00:00.000039936,23.148,37.04,76.395004,3.7746686e-05,5.6584,280.0
2016-08-05 12:00:00.000039936,23.148,37.04,87.97,3.7992504e-05,5.144,285.0
2016-08-05 15:00:00.000039936,24.6912,37.04,87.97,3.8238195e-05,4.6296,285.0
2016-08-05 18:00:00.000039936,25.720001,37.04,87.97,3.8483773e-05,4.6296,280.0
2016-08-05 21:00:00.000039936,25.720001,37.04,97.229996,3.8483773e-05,4.6296,275.0
2016-08-06 00:00:00.000039936,25.720001,37.04,106.49,3.872924e-05,4.6296,280.0
2016-08-06 03:00:00.000039936,24.6912,37.04,106.49,3.897458e-05,5.144,280.0
2016-08-06 06:00:00.000039936,23.148,37.04,106.49,3.9219805e-05,4.6296,280.0
2016-08-06 09:00:00.000039936,23.148,37.04,106.49,3.9464914e-05,4.6296,285.0
2016-08-06 12:00:00.000039936,23.148,37.04,106.49,3.9709896e-05,4.6296,285.0
2016-08-06 15:00:00.000039936,23.148,37.04,106.49,3.995476e-05,4.6296,290.0
2016-08-06 18:00:00.000039936,23.148,37.04,106.49,4.0444127e-05,5.144,290.0
2016-08-06 21:00:00.000039936,22.1192,37.04,106.49,4.0688625e-05,5.144,285.0
2016-08-07 00:00:00.000039936,20.576,37.04,106.49,4.1177245e-05,5.144,290.0
2016-08-07 03:00:00.000039936,20.576,46.3,81.024994,4.142137e-05,4.6296,290.0
2016-08-07 06:00:00.000039936,20.576,55.56,55.559998,4.1909232e-05,4.6296,290.0
2016-08-07 09:00:00.000039936,19.5472,64.82,55.559998,4.239659e-05,4.6296,290.0
2016-08-07 12:00:00.000039936,18.004,74.08,55.559998,4.2640077e-05,4.1152,290.0
2016-08-07 15:00:00.000039936,18.004,74.08,55.559998,4.288343e-05,4.1152,285.0
2016-08-07 18:00:00.000039936,18.004,74.08,55.559998,4.3126656e-05,4.1152,275.0
2016-08-07 21:00:00.000039936,18.004,83.34,55.559998,4.3126656e-05,4.6296,270.0
