Time,Vmax,Rmax_IBT,R34,fcor,u_trans,v_trans
2002-08-30 09:00:00.000040448,18.004,101.86,55.56,3.454095e-05,2.572,325.0
2002-08-30 12:00:00.000040448,20.576,92.6,83.340004,3.5035337e-05,2.572,310.0
2002-08-30 15:00:00.000040448,22.1192,88.895996,131.955,3.5282377e-05,3.6008,295.0
2002-08-30 18:00:00.000040448,23.148,83.34,180.57,3.577612e-05,4.1152,300.0
2002-08-30 21:00:00.000040448,25.720001,70.376,187.51501,3.626943e-05,4.6296,305.0
2002-08-31 00:00:00.000040448,28.292,55.56,194.46,3.700857e-05,5.144,300.0
2002-08-31 03:00:00.000040448,30.864,55.56,194.923,3.7500762e-05,5.144,290.0
2002-08-31 06:00:00.000040448,33.436,55.56,194.45999,3.7992504e-05,5.6584,285.0
2002-08-31 09:00:00.000040448,38.58,55.56,194.45999,3.8238195e-05,5.6584,280.0
2002-08-31 12:00:00.000040448,43.724,55.56,194.45999,3.8483773e-05,5.144,285.0
2002-08-31 15:00:00.000040448,47.8392,55.56,227.33301,3.897458e-05,5.144,295.0
2002-08-31 18:00:00.000040448,51.440002,55.56,259.28,3.9464914e-05,5.6584,305.0
2002-08-31 21:00:00.000040448,55.5552,55.56,268.54,4.0444127e-05,6.6872,310.0
2002-09-01 00:00:00.000040448,59.156002,55.56,277.80002,4.142137e-05,6.1728,295.0
2002-09-01 03:00:00.000040448,63.271202,55.56,277.80002,4.1665367e-05,6.6872,280.0
2002-09-01 06:00:00.000040448,66.872,55.56,277.80002,4.1909232e-05,6.1728,285.0
2002-09-01 09:00:00.000040448,69.444,55.56,287.06,4.239659e-05,5.6584,300.0
2002-09-01 12:00:00.000040448,72.016,55.56,296.32,4.3126656e-05,5.6584,300.0
2002-09-01 15:00:00.000040448,72.016,55.56,314.84,4.385554e-05,6.1728,295.0
2002-09-01 18:00:00.000040448,72.016,55.56,333.36,4.4340795e-05,5.6584,290.0
2002-09-01 21:00:00.000040448,70.9872,55.56,333.36,4.458322e-05,5.6584,280.0
2002-09-02 00:00:00.000040448,69.444,55.56,333.36,4.4825505e-05,5.144,285.0
2002-09-02 03:00:00.000040448,64.3,55.56,333.36,4.506766e-05,5.144,290.0
2002-09-02 06:00:00.000040448,59.156002,55.56,333.36,4.5551555e-05,5.144,285.0
2002-09-02 09:00:00.000040448,58.1272,55.56,333.36,4.5793287e-05,5.6584,280.0
2002-09-02 12:00:00.000040448,56.584,55.56,333.36,4.6034886e-05,5.144,280.0
2002-09-02 15:00:00.000040448,55.5552,46.3,333.36,4.627635e-05,4.6296,285.0
2002-09-02 18:00:00.000040448,54.012,37.04,333.36,4.651767e-05,4.6296,280.0
2002-09-02 21:00:00.000040448,51.440002,46.3,333.36,4.675884e-05,5.144,275.0
2002-09-03 00:00:00.000040448,48.868,55.56,333.36,4.675884e-05,5.144,275.0
2002-09-03 03:00:00.000040448,47.8392,55.56,333.36,4.675884e-05,5.144,275.0
2002-09-03 06:00:00.000040448,46.296,55.56,333.36,4.6999867e-05,5.144,275.0
2002-09-03 09:00:00.000040448,45.2672,55.56,333.36,4.6999867e-05,5.144,275.0
2002-09-03 12:00:00.000040448,43.724,55.56,333.36,4.7240763e-05,4.6296,285.0
2002-09-03 15:00:00.000040448,42.6952,55.56,333.36,4.748151e-05,4.1152,290.0
2002-09-03 18:00:00.000040448,41.152,55.56,333.36,4.796257e-05,3.6008,295.0
2002-09-03 21:00:00.000040448,38.58,55.56,294.00497,4.8202877e-05,3.6008,295.0
2002-09-04 00:00:00.000040448,36.008,55.56,254.65,4.868306e-05,4.6296,305.0
2002-09-04 03:00:00.000040448,34.979202,55.56,254.65,4.9402213e-05,5.144,315.0
2002-09-04 06:00:00.000040448,33.436,55.56,254.65,5.035898e-05,4.6296,315.0
2002-09-04 09:00:00.000040448,30.864,55.56,254.65,5.1074945e-05,3.6008,315.0
2002-09-04 12:00:00.000040448,28.292,55.56,254.65,5.155148e-05,3.6008,310.0
2002-09-04 15:00:00.000040448,27.2632,55.56,219.925,5.2027382e-05,4.1152,300.0
2002-09-04 18:00:00.000040448,25.720001,55.56,185.2,5.250265e-05,3.6008,305.0
2002-09-04 21:00:00.000040448,23.148,64.82,174.088,5.2977284e-05,3.0864,310.0
2002-09-05 00:00:00.000040448,20.576,74.08,162.04999,5.345127e-05,2.572,310.0
2002-09-05 03:00:00.000040448,19.5472,74.08,150.93799,5.3688025e-05,2.572,310.0
