Time,Vmax,Rmax_IBT,R34,fcor,u_trans,v_trans
2011-10-06 18:00:00.000039936,18.004,74.08,41.67,3.0571195e-05,5.144,300.0
2011-10-06 21:00:00.000039936,19.5472,74.08,41.67,3.1068776e-05,5.6584,295.0
2011-10-07 00:00:00.000039936,20.576,74.08,41.67,3.1814445e-05,5.6584,295.0
2011-10-07 03:00:00.000039936,22.1192,74.08,59.264,3.231108e-05,5.6584,295.0
2011-10-07 06:00:00.000039936,23.148,74.08,76.395,3.305528e-05,5.6584,300.0
2011-10-07 09:00:00.000039936,24.6912,55.56,80.099,3.3798577e-05,5.144,310.0
2011-10-07 12:00:00.000039936,25.720001,37.04,83.34,3.454095e-05,4.6296,320.0
2011-10-07 15:00:00.000039936,27.2632,37.04,105.101,3.5282377e-05,4.1152,330.0
2011-10-07 18:00:00.000039936,28.292,37.04,125.009995,3.626943e-05,4.1152,340.0
2011-10-07 21:00:00.000039936,28.292,37.04,125.009995,3.7254722e-05,3.6008,345.0
2011-10-08 00:00:00.000039936,28.292,37.04,125.009995,3.7992504e-05,3.0864,345.0
2011-10-08 03:00:00.000039936,28.292,37.04,125.009995,3.8483773e-05,2.0576,345.0
2011-10-08 06:00:00.000039936,28.292,37.04,125.009995,3.897458e-05,1.0288,345.0
2011-10-08 09:00:00.000039936,29.835201,37.04,125.009995,3.9219805e-05,0.5144,0.0
2011-10-08 12:00:00.000039936,30.864,37.04,125.009995,3.9219805e-05,1.0288,35.0
2011-10-08 15:00:00.000039936,32.4072,33.336,118.528,3.9464914e-05,1.5432,45.0
2011-10-08 18:00:00.000039936,33.436,27.78,111.119995,3.9709896e-05,2.0576,55.0
2011-10-08 21:00:00.000039936,34.979202,27.78,111.119995,3.995476e-05,2.0576,65.0
2011-10-09 00:00:00.000039936,36.008,27.78,111.119995,4.0199502e-05,2.572,70.0
2011-10-09 03:00:00.000039936,37.5512,27.78,107.879,4.0444127e-05,2.572,80.0
2011-10-09 06:00:00.000039936,38.58,27.78,104.174995,4.0444127e-05,2.572,85.0
2011-10-09 09:00:00.000039936,40.1232,24.076,107.879,4.0444127e-05,3.0864,90.0
2011-10-09 12:00:00.000039936,41.152,18.52,111.119995,4.0444127e-05,3.0864,90.0
2011-10-09 15:00:00.000039936,41.152,24.076,118.528,4.0444127e-05,3.0864,90.0
2011-10-09 18:00:00.000039936,41.152,27.78,125.009995,4.0444127e-05,3.0864,85.0
2011-10-09 21:00:00.000039936,43.724,27.78,125.009995,4.0444127e-05,3.0864,80.0
2011-10-10 00:00:00.000039936,46.296,27.78,125.009995,4.0688625e-05,2.572,80.0
2011-10-10 03:00:00.000039936,48.868,27.78,128.71399,4.0688625e-05,2.572,80.0
2011-10-10 06:00:00.000039936,51.440002,27.78,131.955,4.093299e-05,2.0576,75.0
2011-10-10 09:00:00.000039936,52.9832,27.78,132.881,4.093299e-05,2.0576,75.0
2011-10-10 12:00:00.000039936,54.012,27.78,131.955,4.1177245e-05,1.5432,75.0
2011-10-10 15:00:00.000039936,55.5552,27.78,135.659,4.1177245e-05,1.5432,70.0
2011-10-10 18:00:00.000039936,56.584,27.78,138.9,4.142137e-05,1.5432,55.0
2011-10-10 21:00:00.000039936,55.5552,27.78,138.9,4.1665367e-05,2.0576,45.0
2011-10-11 00:00:00.000039936,54.012,27.78,138.9,4.2152973e-05,2.572,40.0
2011-10-11 03:00:00.000039936,52.9832,27.78,146.308,4.2640077e-05,2.572,35.0
2011-10-11 06:00:00.000039936,51.440002,27.78,152.79,4.3126656e-05,2.0576,35.0
2011-10-11 09:00:00.000039936,50.4112,27.78,152.79,4.3369746e-05,2.0576,30.0
2011-10-11 12:00:00.000039936,48.868,27.78,152.79,4.385554e-05,2.0576,30.0
2011-10-11 15:00:00.000039936,46.296,24.076,152.79,4.4340795e-05,2.0576,25.0
2011-10-11 18:00:00.000039936,43.724,18.52,152.79,4.4825505e-05,3.0864,20.0
2011-10-11 21:00:00.000039936,43.724,18.52,152.79,4.5551555e-05,3.6008,15.0
2011-10-12 00:00:00.000039936,43.724,18.52,152.79,4.651767e-05,4.6296,10.0
2011-10-12 03:00:00.000039936,43.724,18.52,145.845,4.7722115e-05,5.144,10.0
