Time,Vmax,Rmax_IBT,R34,fcor,u_trans,v_trans
2023-08-27 12:00:00.000039936,18.004,185.2,55.559998,4.1665367e-05,4.6296,295.0
2023-08-27 15:00:00.000039936,18.004,203.72,60.190002,4.2152973e-05,5.144,295.0
2023-08-27 18:00:00.000039936,18.004,222.24,64.82,4.2640077e-05,5.144,290.0
2023-08-27 21:00:00.000039936,18.004,222.24,60.190002,4.288343e-05,4.6296,285.0
2023-08-28 00:00:00.000039936,18.004,222.24,55.56,4.3126656e-05,4.1152,285.0
2023-08-28 03:00:00.000039936,18.004,222.24,55.56,4.3369746e-05,3.6008,295.0
2023-08-28 06:00:00.000039936,18.004,222.24,55.56,4.385554e-05,3.6008,300.0
2023-08-28 09:00:00.000039936,18.004,222.24,55.56,4.4340795e-05,3.6008,305.0
2023-08-28 12:00:00.000039936,18.004,222.24,55.56,4.4825505e-05,3.6008,315.0
2023-08-28 15:00:00.000039936,18.004,203.72,78.71,4.5551555e-05,4.1152,315.0
2023-08-28 18:00:00.000039936,18.004,185.2,101.86,4.627635e-05,5.6584,305.0
2023-08-28 21:00:00.000039936,19.5472,166.68,99.545,4.6999867e-05,6.6872,300.0
2023-08-29 00:00:00.000039936,20.576,148.16,97.229996,4.7722115e-05,7.2016,290.0
2023-08-29 03:00:00.000039936,20.576,148.16,90.285,4.8202877e-05,7.2016,285.0
2023-08-29 06:00:00.000039936,20.576,148.16,83.34,4.868306e-05,7.716,285.0
2023-08-29 09:00:00.000039936,19.5472,129.64,83.34,4.916265e-05,8.2304,275.0
2023-08-29 12:00:00.000039936,18.004,111.12,83.34,4.916265e-05,7.716,265.0
2023-08-29 15:00:00.000039936,18.004,83.34,55.559998,4.868306e-05,7.716,255.0
