Time,Vmax,Rmax_IBT,R34,fcor,u_trans,v_trans
2008-08-13 18:00:00.000039936,18.004,55.56,55.56,4.1909232e-05,5.144,295.0
2008-08-13 21:00:00.000039936,19.5472,46.3,55.56,4.239659e-05,5.144,295.0
2008-08-14 00:00:00.000039936,20.576,37.04,55.56,4.288343e-05,4.6296,295.0
2008-08-14 03:00:00.000039936,20.576,42.596,55.56,4.3369746e-05,4.6296,290.0
2008-08-14 06:00:00.000039936,20.576,46.3,55.56,4.3612705e-05,4.6296,285.0
2008-08-14 09:00:00.000039936,22.1192,46.3,62.505005,4.385554e-05,4.6296,285.0
2008-08-14 12:00:00.000039936,23.148,46.3,69.45,4.409823e-05,4.1152,275.0
2008-08-14 15:00:00.000039936,22.1192,51.856,69.45,4.409823e-05,4.1152,270.0
2008-08-14 18:00:00.000039936,20.576,55.56,69.45,4.409823e-05,3.6008,270.0
2008-08-14 21:00:00.000039936,20.576,55.56,69.45,4.409823e-05,3.6008,270.0
2008-08-15 00:00:00.000039936,20.576,55.56,69.45,4.409823e-05,2.572,275.0
2008-08-15 03:00:00.000039936,20.576,55.56,71.765,4.409823e-05,1.5432,290.0
2008-08-15 06:00:00.000039936,20.576,55.56,74.08,4.4340795e-05,1.0288,295.0
2008-08-15 09:00:00.000039936,20.576,61.116,67.135,4.4340795e-05,1.0288,300.0
2008-08-15 12:00:00.000039936,20.576,64.82,60.190002,4.458322e-05,1.0288,295.0
2008-08-15 15:00:00.000039936,19.5472,64.82,39.355,4.458322e-05,1.0288,300.0
