Time,Vmax,Rmax_IBT,R34,fcor,u_trans,v_trans
2007-08-29 18:00:00.000039936,18.004,37.04,48.614998,4.868306e-05,5.6584,270.0
2007-08-29 21:00:00.000039936,18.004,37.04,48.614998,4.868306e-05,5.6584,265.0
2007-08-30 00:00:00.000039936,18.004,37.04,48.614998,4.844305e-05,5.6584,260.0
2007-08-30 03:00:00.000039936,19.5472,37.04,50.003998,4.8202877e-05,5.144,260.0
2007-08-30 06:00:00.000039936,20.576,37.04,50.93,4.796257e-05,4.6296,265.0
2007-08-30 09:00:00.000039936,20.576,37.04,50.93,4.796257e-05,4.6296,270.0
2007-08-30 12:00:00.000039936,20.576,37.04,50.93,4.796257e-05,4.1152,270.0
2007-08-30 15:00:00.000039936,20.576,37.04,50.93,4.796257e-05,4.6296,270.0
2007-08-30 18:00:00.000039936,20.576,37.04,50.93,4.796257e-05,4.1152,265.0
2007-08-30 21:00:00.000039936,20.576,37.04,50.93,4.796257e-05,4.6296,265.0
2007-08-31 00:00:00.000039936,20.576,37.04,50.93,4.7722115e-05,4.6296,265.0
2007-08-31 03:00:00.000039936,19.5472,37.04,50.93,4.7722115e-05,5.144,265.0
2007-08-31 06:00:00.000039936,18.004,37.04,50.93,4.748151e-05,5.144,260.0
2007-08-31 09:00:00.000039936,18.004,37.04,55.559998,4.7240763e-05,5.144,260.0
2007-08-31 12:00:00.000039936,18.004,37.04,60.19,4.6999867e-05,4.6296,260.0
2007-08-31 15:00:00.000039936,18.004,37.04,60.19,4.675884e-05,4.6296,265.0
