Time,Vmax,Rmax_IBT,R34,fcor,u_trans,v_trans
2014-08-04 06:00:00.000039936,18.004,92.6,27.78,3.404614e-05,6.6872,270.0
2014-08-04 09:00:00.000039936,19.5472,83.34,27.78,3.404614e-05,7.716,270.0
2014-08-04 12:00:00.000039936,20.576,74.08,27.78,3.404614e-05,7.716,270.0
2014-08-04 15:00:00.000039936,22.1192,64.82,50.93,3.404614e-05,7.716,270.0
2014-08-04 18:00:00.000039936,23.148,55.56,74.08,3.404614e-05,6.6872,270.0
2014-08-04 21:00:00.000039936,24.6912,55.56,83.340004,3.404614e-05,6.1728,270.0
2014-08-05 00:00:00.000039936,25.720001,55.56,92.6,3.404614e-05,5.6584,270.0
2014-08-05 03:00:00.000039936,25.720001,55.56,92.6,3.404614e-05,5.6584,275.0
2014-08-05 06:00:00.000039936,25.720001,55.56,92.6,3.4293596e-05,5.144,280.0
2014-08-05 09:00:00.000039936,25.720001,55.56,92.6,3.454095e-05,5.144,280.0
2014-08-05 12:00:00.000039936,25.720001,55.56,92.6,3.47882e-05,5.6584,280.0
2014-08-05 15:00:00.000039936,27.2632,55.56,92.6,3.5035337e-05,6.6872,280.0
2014-08-05 18:00:00.000039936,28.292,55.56,92.6,3.5282377e-05,7.2016,280.0
2014-08-05 21:00:00.000039936,29.835201,51.856,92.6,3.5529305e-05,7.716,280.0
2014-08-06 00:00:00.000039936,30.864,46.3,92.6,3.6022833e-05,7.716,285.0
2014-08-06 03:00:00.000039936,32.4072,37.04,104.174995,3.651592e-05,7.2016,285.0
2014-08-06 06:00:00.000039936,33.436,27.78,115.75,3.700857e-05,7.716,285.0
2014-08-06 09:00:00.000039936,34.979202,27.78,115.75,3.7500762e-05,7.716,285.0
2014-08-06 12:00:00.000039936,36.008,27.78,115.75,3.7992504e-05,7.716,285.0
2014-08-06 15:00:00.000039936,37.5512,27.78,115.75,3.8483773e-05,7.2016,290.0
2014-08-06 18:00:00.000039936,38.58,27.78,115.75,3.9219805e-05,7.2016,295.0
2014-08-06 21:00:00.000039936,40.1232,27.78,118.065,3.995476e-05,7.716,295.0
2014-08-07 00:00:00.000039936,41.152,27.78,120.380005,4.0688625e-05,7.716,290.0
2014-08-07 03:00:00.000039936,42.6952,27.78,120.380005,4.1177245e-05,8.2304,285.0
2014-08-07 06:00:00.000039936,43.724,27.78,120.380005,4.1665367e-05,7.716,280.0
2014-08-07 09:00:00.000039936,45.2672,27.78,120.380005,4.1909232e-05,7.716,280.0
2014-08-07 12:00:00.000039936,46.296,27.78,120.380005,4.2152973e-05,7.2016,275.0
2014-08-07 15:00:00.000039936,47.8392,27.78,129.64,4.239659e-05,7.2016,280.0
2014-08-07 18:00:00.000039936,48.868,27.78,138.9,4.2640077e-05,7.2016,280.0
2014-08-07 21:00:00.000039936,50.4112,27.78,150.475,4.288343e-05,7.2016,285.0
2014-08-08 00:00:00.000039936,51.440002,27.78,162.05,4.3369746e-05,7.2016,285.0
2014-08-08 03:00:00.000039936,52.9832,27.78,171.31001,4.3612705e-05,7.2016,285.0
2014-08-08 06:00:00.000039936,54.012,27.78,180.57,4.409823e-05,7.2016,280.0
2014-08-08 09:00:00.000039936,52.9832,27.78,171.31001,4.4340795e-05,7.2016,285.0
2014-08-08 12:00:00.000039936,51.440002,27.78,162.05,4.4825505e-05,7.2016,285.0
2014-08-08 15:00:00.000039936,50.4112,27.78,162.05,4.5309676e-05,7.2016,285.0
2014-08-08 18:00:00.000039936,48.868,27.78,162.05,4.5793287e-05,7.2016,285.0
2014-08-08 21:00:00.000039936,47.8392,27.78,162.05,4.627635e-05,7.2016,285.0
2014-08-09 00:00:00.000039936,46.296,27.78,162.05,4.675884e-05,7.2016,290.0
2014-08-09 03:00:00.000039936,45.2672,33.336,173.625,4.7240763e-05,7.2016,290.0
2014-08-09 06:00:00.000039936,43.724,37.04,185.2,4.796257e-05,7.716,295.0
2014-08-09 09:00:00.000039936,43.724,37.04,201.868,4.868306e-05,7.716,300.0
2014-08-09 12:00:00.000039936,43.724,37.04,217.61,4.9641636e-05,7.716,300.0
2014-08-09 15:00:00.000039936,43.724,37.04,217.61,5.059779e-05,7.716,300.0
2014-08-09 18:00:00.000039936,43.724,37.04,217.61,5.155148e-05,7.716,300.0
2014-08-09 21:00:00.000039936,42.6952,37.04,214.832,5.22651e-05,7.716,300.0
2014-08-10 00:00:00.000039936,41.152,37.04,210.665,5.321436e-05,7.2016,300.0
2014-08-10 03:00:00.000039936,41.152,42.596,210.665,5.4161024e-05,6.6872,310.0
2014-08-10 06:00:00.000039936,41.152,46.3,210.665,5.510506e-05,6.6872,310.0
2014-08-10 09:00:00.000039936,41.152,42.596,200.47902,5.6046403e-05,6.6872,315.0
2014-08-10 12:00:00.000039936,41.152,37.04,189.83,5.721923e-05,6.1728,320.0
2014-08-10 15:00:00.000039936,41.152,37.04,182.885,5.8154368e-05,6.1728,320.0
2014-08-10 18:00:00.000039936,41.152,37.04,175.94,5.9319285e-05,6.1728,320.0
2014-08-10 21:00:00.000039936,40.1232,37.04,175.94,6.0479695e-05,6.1728,320.0
2014-08-11 00:00:00.000039936,38.58,37.04,175.94,6.14047e-05,5.6584,320.0
2014-08-11 03:00:00.000039936,37.5512,37.04,172.236,6.2326726e-05,4.6296,320.0
2014-08-11 06:00:00.000039936,36.008,37.04,166.68,6.3016254e-05,4.6296,320.0
2014-08-11 09:00:00.000039936,34.979202,37.04,184.27399,6.393293e-05,4.6296,320.0
2014-08-11 12:00:00.000039936,33.436,37.04,201.405,6.461839e-05,4.6296,315.0
2014-08-11 15:00:00.000039936,33.436,37.04,198.164,6.530208e-05,4.6296,315.0
2014-08-11 18:00:00.000039936,33.436,37.04,194.45999,6.5983986e-05,4.1152,315.0
2014-08-11 21:00:00.000039936,32.4072,37.04,181.033,6.666408e-05,3.6008,315.0
2014-08-12 00:00:00.000039936,30.864,37.04,166.68001,6.711647e-05,3.6008,315.0
2014-08-12 03:00:00.000039936,30.864,37.04,166.68001,6.7793495e-05,3.6008,315.0
2014-08-12 06:00:00.000039936,30.864,37.04,166.68001,6.8243826e-05,3.0864,315.0
2014-08-12 09:00:00.000039936,29.835201,42.596,162.04999,6.869332e-05,2.0576,320.0
2014-08-12 12:00:00.000039936,28.292,46.3,157.42,6.8917754e-05,2.0576,320.0
2014-08-12 15:00:00.000039936,28.292,46.3,157.42,6.936598e-05,2.572,320.0
2014-08-12 18:00:00.000039936,28.292,46.3,157.42,6.981338e-05,3.6008,320.0
2014-08-12 21:00:00.000039936,29.835201,51.856,164.36499,7.048288e-05,4.1152,320.0
2014-08-13 00:00:00.000039936,30.864,55.56,171.31,7.115043e-05,4.1152,320.0
2014-08-13 03:00:00.000039936,32.4072,51.856,175.94002,7.181604e-05,3.6008,320.0
2014-08-13 06:00:00.000039936,33.436,46.3,180.56999,7.2258685e-05,3.0864,315.0
2014-08-13 09:00:00.000039936,33.436,46.3,180.56999,7.270045e-05,3.0864,315.0
2014-08-13 12:00:00.000039936,33.436,46.3,180.56999,7.314133e-05,2.572,320.0
2014-08-13 15:00:00.000039936,34.979202,51.856,189.82999,7.3581316e-05,2.572,325.0
2014-08-13 18:00:00.000039936,36.008,55.56,199.09,7.402041e-05,2.0576,340.0
2014-08-13 21:00:00.000039936,34.979202,55.56,175.93999,7.4458614e-05,1.5432,0.0
2014-08-14 00:00:00.000039936,33.436,55.56,152.79,7.467736e-05,1.5432,25.0
2014-08-14 03:00:00.000039936,32.4072,55.56,152.79,7.511419e-05,2.0576,40.0
2014-08-14 06:00:00.000039936,30.864,55.56,152.79,7.533226e-05,2.0576,55.0
2014-08-14 09:00:00.000039936,29.835201,64.82,136.58499,7.5550095e-05,2.572,65.0
2014-08-14 12:00:00.000039936,28.292,74.08,120.38,7.576771e-05,2.0576,65.0
2014-08-14 15:00:00.000039936,27.2632,61.116,120.38,7.5985095e-05,2.0576,60.0
2014-08-14 18:00:00.000039936,25.720001,46.3,120.38,7.620224e-05,2.0576,55.0
2014-08-14 21:00:00.000039936,24.6912,46.3,120.38,7.641916e-05,2.572,50.0
2014-08-15 00:00:00.000039936,23.148,46.3,120.380005,7.6852295e-05,2.0576,35.0
2014-08-15 03:00:00.000039936,22.1192,98.156,118.528,7.728449e-05,1.5432,15.0
2014-08-15 06:00:00.000039936,20.576,148.16,115.75,7.750023e-05,1.5432,10.0
