Time,Vmax,Rmax_IBT,R34,fcor,u_trans,v_trans
2015-08-06 12:00:00.000039936,18.004,55.56,37.04,3.1814445e-05,6.1728,270.0
2015-08-06 15:00:00.000039936,20.576,55.56,41.670002,3.1814445e-05,6.6872,270.0
2015-08-06 18:00:00.000039936,23.148,55.56,46.300003,3.1814445e-05,6.1728,270.0
2015-08-06 21:00:00.000039936,24.6912,37.04,55.559998,3.1814445e-05,5.6584,270.0
2015-08-07 00:00:00.000039936,25.720001,18.52,64.82,3.1814445e-05,5.144,270.0
2015-08-07 03:00:00.000039936,27.2632,18.52,64.82,3.1814445e-05,5.6584,270.0
2015-08-07 06:00:00.000039936,28.292,18.52,64.82,3.1814445e-05,6.1728,265.0
2015-08-07 09:00:00.000039936,29.835201,18.52,64.82,3.156599e-05,6.6872,265.0
2015-08-07 12:00:00.000039936,30.864,18.52,64.82,3.156599e-05,6.6872,270.0
2015-08-07 15:00:00.000039936,34.979202,14.816,71.765,3.156599e-05,6.6872,275.0
2015-08-07 18:00:00.000039936,38.58,9.26,78.71,3.1814445e-05,6.6872,275.0
2015-08-07 21:00:00.000039936,45.2672,9.26,78.71,3.206281e-05,7.2016,280.0
2015-08-08 00:00:00.000039936,51.440002,9.26,78.71,3.231108e-05,7.2016,280.0
2015-08-08 03:00:00.000039936,51.440002,9.26,94.91499,3.2559245e-05,6.6872,285.0
2015-08-08 06:00:00.000039936,51.440002,9.26,111.12,3.305528e-05,6.1728,280.0
2015-08-08 09:00:00.000039936,54.012,14.816,113.435,3.330315e-05,6.1728,280.0
2015-08-08 12:00:00.000039936,56.584,18.52,115.75,3.3550914e-05,6.1728,280.0
2015-08-08 15:00:00.000039936,60.6992,18.52,138.9,3.3798577e-05,6.6872,285.0
2015-08-08 18:00:00.000039936,64.3,18.52,162.05,3.4293596e-05,6.6872,285.0
2015-08-08 21:00:00.000039936,63.271202,18.52,164.365,3.454095e-05,6.1728,285.0
2015-08-09 00:00:00.000039936,61.728,18.52,166.68001,3.5035337e-05,6.1728,285.0
2015-08-09 03:00:00.000039936,60.6992,18.52,168.99501,3.5282377e-05,6.1728,285.0
2015-08-09 06:00:00.000039936,59.156002,18.52,171.31,3.577612e-05,5.6584,285.0
2015-08-09 09:00:00.000039936,55.5552,18.52,141.215,3.6022833e-05,5.144,285.0
2015-08-09 12:00:00.000039936,51.440002,18.52,111.119995,3.651592e-05,5.144,290.0
2015-08-09 15:00:00.000039936,50.4112,18.52,111.119995,3.67623e-05,4.6296,290.0
2015-08-09 18:00:00.000039936,48.868,18.52,111.119995,3.7254722e-05,4.6296,290.0
2015-08-09 21:00:00.000039936,47.8392,18.52,97.229996,3.7500762e-05,4.1152,290.0
2015-08-10 00:00:00.000039936,46.296,18.52,83.340004,3.7992504e-05,4.1152,295.0
2015-08-10 03:00:00.000039936,45.2672,18.52,76.395004,3.8483773e-05,4.6296,295.0
2015-08-10 06:00:00.000039936,43.724,18.52,69.45,3.897458e-05,4.1152,300.0
2015-08-10 09:00:00.000039936,43.724,18.52,69.45,3.9464914e-05,4.1152,300.0
2015-08-10 12:00:00.000039936,43.724,18.52,69.45,3.995476e-05,3.6008,300.0
2015-08-10 15:00:00.000039936,42.6952,18.52,83.80299,4.0199502e-05,3.6008,300.0
2015-08-10 18:00:00.000039936,41.152,18.52,97.23,4.0688625e-05,3.0864,305.0
2015-08-10 21:00:00.000039936,41.152,18.52,97.23,4.1177245e-05,3.0864,310.0
2015-08-11 00:00:00.000039936,41.152,18.52,97.23,4.1665367e-05,2.572,310.0
2015-08-11 03:00:00.000039936,41.152,27.78,90.748,4.1909232e-05,2.0576,305.0
2015-08-11 06:00:00.000039936,41.152,37.04,83.34,4.2152973e-05,1.5432,305.0
2015-08-11 09:00:00.000039936,40.1232,37.04,83.34,4.239659e-05,2.0576,305.0
2015-08-11 12:00:00.000039936,38.58,37.04,83.34,4.2640077e-05,1.5432,285.0
2015-08-11 15:00:00.000039936,36.008,37.04,96.767,4.2640077e-05,1.5432,270.0
2015-08-11 18:00:00.000039936,33.436,37.04,108.805,4.2640077e-05,1.0288,280.0
2015-08-11 21:00:00.000039936,30.864,37.04,108.805,4.2640077e-05,0.5144,315.0
2015-08-12 00:00:00.000039936,28.292,37.04,108.805,4.288343e-05,0.5144,0.0
2015-08-12 03:00:00.000039936,27.2632,33.336,83.80299,4.288343e-05,0.5144,0.0
2015-08-12 06:00:00.000039936,25.720001,27.78,57.875004,4.3126656e-05,1.0288,330.0
2015-08-12 09:00:00.000039936,24.6912,27.78,59.727,4.3369746e-05,1.5432,315.0
2015-08-12 12:00:00.000039936,23.148,27.78,60.19,4.3612705e-05,0.5144,290.0
2015-08-12 15:00:00.000039936,22.1192,27.78,53.708,4.3612705e-05,0.5144,225.0
2015-08-12 18:00:00.000039936,20.576,27.78,46.300003,4.3369746e-05,1.5432,255.0
2015-08-12 21:00:00.000039936,20.576,27.78,46.300003,4.3369746e-05,2.0576,270.0
2015-08-13 00:00:00.000039936,20.576,27.78,46.300003,4.3369746e-05,1.5432,265.0
2015-08-13 03:00:00.000039936,20.576,27.78,46.300003,4.3369746e-05,1.0288,240.0
2015-08-13 06:00:00.000039936,20.576,27.78,46.300003,4.3126656e-05,2.572,250.0
2015-08-13 09:00:00.000039936,19.5472,27.78,41.67,4.288343e-05,4.6296,250.0
