Time,Vmax,Rmax_IBT,R34,fcor,u_trans,v_trans
2021-08-07 18:00:00.000039936,18.004,74.08,37.04,3.9219805e-05,4.6296,270.0
2021-08-07 21:00:00.000039936,19.5472,64.82,46.3,3.9219805e-05,4.6296,270.0
2021-08-08 00:00:00.000039936,20.576,55.56,55.56,3.9219805e-05,4.1152,270.0
2021-08-08 03:00:00.000039936,22.1192,51.856,55.56,3.9219805e-05,4.1152,270.0
2021-08-08 06:00:00.000039936,23.148,46.3,55.56,3.9219805e-05,4.1152,275.0
2021-08-08 09:00:00.000039936,25.720001,42.596,57.875,3.9219805e-05,4.1152,275.0
2021-08-08 12:00:00.000039936,28.292,37.04,60.190002,3.9464914e-05,4.1152,275.0
2021-08-08 15:00:00.000039936,27.2632,37.04,60.190002,3.9464914e-05,4.1152,270.0
2021-08-08 18:00:00.000039936,25.720001,37.04,60.190002,3.9464914e-05,3.6008,280.0
2021-08-08 21:00:00.000039936,25.720001,42.596,57.875,3.9709896e-05,3.0864,290.0
2021-08-09 00:00:00.000039936,25.720001,46.3,55.559998,3.995476e-05,3.0864,290.0
2021-08-09 03:00:00.000039936,24.6912,51.856,55.56,4.0199502e-05,3.0864,290.0
2021-08-09 06:00:00.000039936,23.148,55.56,55.559998,4.0444127e-05,3.0864,315.0
2021-08-09 09:00:00.000039936,23.148,55.56,60.19,4.1177245e-05,3.6008,325.0
2021-08-09 12:00:00.000039936,23.148,55.56,64.82,4.1909232e-05,3.0864,310.0
2021-08-09 15:00:00.000039936,22.1192,61.116,62.504997,4.2152973e-05,3.6008,285.0
2021-08-09 18:00:00.000039936,20.576,64.82,60.190002,4.239659e-05,4.6296,285.0
2021-08-09 21:00:00.000039936,20.576,70.376,62.504997,4.288343e-05,5.144,295.0
2021-08-10 00:00:00.000039936,20.576,74.08,64.82,4.3369746e-05,5.144,300.0
2021-08-10 03:00:00.000039936,20.576,79.636,69.45,4.409823e-05,5.144,310.0
2021-08-10 06:00:00.000039936,20.576,83.34,74.08,4.4825505e-05,4.6296,305.0
2021-08-10 09:00:00.000039936,20.576,88.895996,74.08,4.5309676e-05,4.6296,300.0
2021-08-10 12:00:00.000039936,20.576,92.6,74.08,4.5793287e-05,4.1152,300.0
2021-08-10 15:00:00.000039936,20.576,98.156,76.395,4.627635e-05,3.6008,305.0
2021-08-10 18:00:00.000039936,20.576,101.86,78.71,4.675884e-05,3.6008,310.0
2021-08-10 21:00:00.000039936,20.576,107.416,97.229996,4.7240763e-05,3.6008,315.0
2021-08-11 00:00:00.000039936,20.576,111.12,115.75,4.796257e-05,3.6008,325.0
2021-08-11 03:00:00.000039936,20.576,111.12,108.80499,4.868306e-05,3.6008,330.0
2021-08-11 06:00:00.000039936,20.576,111.12,101.86,4.9402213e-05,4.6296,325.0
2021-08-11 09:00:00.000039936,20.576,111.12,97.229996,5.035898e-05,5.144,320.0
2021-08-11 12:00:00.000039936,20.576,111.12,92.600006,5.131329e-05,4.6296,315.0
2021-08-11 15:00:00.000039936,19.5472,120.38,87.97,5.2027382e-05,4.1152,310.0
2021-08-11 18:00:00.000039936,18.004,129.64,83.340004,5.250265e-05,3.6008,310.0
2021-08-11 21:00:00.000039936,18.004,129.64,74.079994,5.2977284e-05,4.1152,305.0
