Time,Vmax,Rmax_IBT,R34,fcor,u_trans,v_trans
2019-09-01 00:00:00.000039936,18.004,111.12,83.340004,3.206281e-05,3.6008,315.0
2019-09-01 03:00:00.000039936,19.5472,101.86,83.340004,3.2559245e-05,3.6008,315.0
2019-09-01 06:00:00.000039936,20.576,92.6,83.340004,3.330315e-05,3.6008,320.0
2019-09-01 09:00:00.000039936,22.1192,74.08,113.435,3.404614e-05,4.1152,320.0
2019-09-01 12:00:00.000039936,23.148,55.56,143.53,3.47882e-05,4.6296,315.0
2019-09-01 15:00:00.000039936,24.6912,74.08,150.475,3.577612e-05,5.6584,310.0
2019-09-01 18:00:00.000039936,25.720001,92.6,157.42,3.651592e-05,6.1728,305.0
2019-09-01 21:00:00.000039936,25.720001,92.6,157.42,3.7254722e-05,5.6584,300.0
2019-09-02 00:00:00.000039936,25.720001,92.6,157.42,3.7992504e-05,5.6584,300.0
2019-09-02 03:00:00.000039936,27.2632,83.34,148.16,3.872924e-05,5.6584,300.0
2019-09-02 06:00:00.000039936,28.292,74.08,138.9,3.9464914e-05,5.6584,300.0
2019-09-02 09:00:00.000039936,30.864,74.08,145.845,4.0199502e-05,5.6584,300.0
2019-09-02 12:00:00.000039936,33.436,74.08,152.79,4.093299e-05,5.6584,305.0
2019-09-02 15:00:00.000039936,36.008,51.856,150.47499,4.1665367e-05,5.144,310.0
2019-09-02 18:00:00.000039936,38.58,27.78,148.16,4.239659e-05,4.6296,310.0
2019-09-02 21:00:00.000039936,41.152,27.78,148.16,4.3126656e-05,4.6296,310.0
2019-09-03 00:00:00.000039936,43.724,27.78,148.16,4.385554e-05,4.1152,310.0
2019-09-03 03:00:00.000039936,47.8392,24.076,157.42,4.4340795e-05,3.6008,305.0
2019-09-03 06:00:00.000039936,51.440002,18.52,166.68,4.4825505e-05,3.0864,305.0
2019-09-03 09:00:00.000039936,54.012,18.52,166.68,4.5309676e-05,3.0864,300.0
2019-09-03 12:00:00.000039936,56.584,18.52,166.68,4.5551555e-05,3.0864,300.0
2019-09-03 15:00:00.000039936,56.584,18.52,166.68,4.6034886e-05,3.0864,300.0
2019-09-03 18:00:00.000039936,56.584,18.52,166.68,4.627635e-05,3.0864,300.0
2019-09-03 21:00:00.000039936,55.5552,24.076,166.68001,4.675884e-05,3.0864,300.0
2019-09-04 00:00:00.000039936,54.012,27.78,166.68,4.6999867e-05,2.572,300.0
2019-09-04 03:00:00.000039936,51.440002,27.78,166.68,4.7240763e-05,2.572,295.0
2019-09-04 06:00:00.000039936,48.868,27.78,166.68,4.748151e-05,2.572,285.0
2019-09-04 09:00:00.000039936,46.296,27.78,166.68,4.7722115e-05,3.0864,280.0
2019-09-04 12:00:00.000039936,43.724,27.78,166.68,4.7722115e-05,3.0864,280.0
2019-09-04 15:00:00.000039936,43.724,27.78,171.31,4.7722115e-05,3.0864,280.0
2019-09-04 18:00:00.000039936,43.724,27.78,175.94,4.796257e-05,3.6008,285.0
2019-09-04 21:00:00.000039936,42.6952,27.78,175.94,4.8202877e-05,3.6008,295.0
2019-09-05 00:00:00.000039936,41.152,27.78,175.94,4.868306e-05,3.6008,300.0
2019-09-05 03:00:00.000039936,41.152,27.78,175.94,4.916265e-05,3.6008,305.0
2019-09-05 06:00:00.000039936,41.152,27.78,175.94,4.9641636e-05,4.1152,305.0
2019-09-05 09:00:00.000039936,41.152,27.78,175.94,5.012002e-05,4.6296,305.0
2019-09-05 12:00:00.000039936,41.152,27.78,175.94,5.083645e-05,5.144,305.0
2019-09-05 15:00:00.000039936,41.152,27.78,171.31,5.155148e-05,5.144,305.0
2019-09-05 18:00:00.000039936,41.152,27.78,166.68,5.22651e-05,5.144,305.0
2019-09-05 21:00:00.000039936,40.1232,27.78,166.68,5.2740055e-05,4.6296,305.0
2019-09-06 00:00:00.000039936,38.58,27.78,166.68,5.345127e-05,4.6296,305.0
2019-09-06 03:00:00.000039936,37.5512,27.78,166.68,5.4161024e-05,5.144,305.0
2019-09-06 06:00:00.000039936,36.008,27.78,166.68,5.4869302e-05,5.6584,300.0
2019-09-06 09:00:00.000039936,36.008,27.78,166.68,5.5340646e-05,5.6584,295.0
2019-09-06 12:00:00.000039936,36.008,27.78,166.68,5.6046403e-05,6.1728,300.0
2019-09-06 15:00:00.000039936,33.436,27.78,157.42,5.6750614e-05,6.1728,300.0
2019-09-06 18:00:00.000039936,30.864,27.78,148.16,5.7453286e-05,5.6584,295.0
2019-09-06 21:00:00.000039936,28.292,33.336,122.695,5.7920843e-05,5.6584,290.0
2019-09-07 00:00:00.000039936,25.720001,37.04,97.23,5.83877e-05,5.6584,290.0
2019-09-07 03:00:00.000039936,23.148,37.04,83.34,5.8853857e-05,5.6584,285.0
2019-09-07 06:00:00.000039936,20.576,37.04,69.450005,5.9086666e-05,5.6584,285.0
2019-09-07 09:00:00.000039936,20.576,37.04,69.450005,5.9551734e-05,5.6584,285.0
2019-09-07 12:00:00.000039936,20.576,37.04,69.450005,5.9784e-05,5.6584,285.0
2019-09-07 15:00:00.000039936,19.5472,37.04,57.875,6.0016075e-05,5.144,280.0
2019-09-07 18:00:00.000039936,18.004,37.04,46.3,6.0247978e-05,5.144,280.0
2019-09-07 21:00:00.000039936,18.004,46.3,46.3,6.0479695e-05,5.144,275.0
