Time,Vmax,Rmax_IBT,R34,fcor,u_trans,v_trans
2009-08-22 18:00:00.000039936,18.004,37.04,46.300003,3.404614e-05,4.1152,270.0
2009-08-22 21:00:00.000039936,18.004,37.04,46.300003,3.404614e-05,4.1152,270.0
2009-08-23 00:00:00.000039936,18.004,37.04,46.300003,3.404614e-05,3.6008,275.0
2009-08-23 03:00:00.000039936,19.5472,37.04,50.93,3.404614e-05,4.1152,275.0
2009-08-23 06:00:00.000039936,20.576,37.04,55.56,3.4293596e-05,5.144,280.0
2009-08-23 09:00:00.000039936,20.576,37.04,57.875,3.454095e-05,6.1728,280.0
2009-08-23 12:00:00.000039936,20.576,37.04,60.190002,3.47882e-05,6.1728,280.0
2009-08-23 15:00:00.000039936,22.1192,46.3,69.45,3.5035337e-05,6.1728,275.0
2009-08-23 18:00:00.000039936,23.148,55.56,78.71,3.5035337e-05,6.1728,275.0
2009-08-23 21:00:00.000039936,24.6912,42.596,85.655,3.5035337e-05,6.1728,275.0
2009-08-24 00:00:00.000039936,25.720001,27.78,92.600006,3.5282377e-05,5.6584,275.0
2009-08-24 03:00:00.000039936,27.2632,33.336,101.86,3.5529305e-05,5.6584,280.0
2009-08-24 06:00:00.000039936,28.292,37.04,111.119995,3.577612e-05,5.144,285.0
2009-08-24 09:00:00.000039936,28.292,37.04,111.119995,3.6022833e-05,5.144,290.0
2009-08-24 12:00:00.000039936,28.292,37.04,111.119995,3.651592e-05,5.144,290.0
2009-08-24 15:00:00.000039936,28.292,37.04,111.119995,3.700857e-05,4.6296,285.0
2009-08-24 18:00:00.000039936,28.292,37.04,111.119995,3.7254722e-05,5.144,280.0
2009-08-24 21:00:00.000039936,27.2632,37.04,101.86,3.7500762e-05,4.6296,275.0
2009-08-25 00:00:00.000039936,25.720001,37.04,92.600006,3.7500762e-05,4.1152,265.0
2009-08-25 03:00:00.000039936,25.720001,37.04,92.600006,3.7254722e-05,3.6008,255.0
2009-08-25 06:00:00.000039936,25.720001,37.04,92.600006,3.700857e-05,3.6008,250.0
2009-08-25 09:00:00.000039936,25.720001,37.04,92.600006,3.67623e-05,3.6008,245.0
2009-08-25 12:00:00.000039936,25.720001,37.04,92.600006,3.626943e-05,4.1152,245.0
2009-08-25 15:00:00.000039936,24.6912,46.3,83.34,3.6022833e-05,3.6008,245.0
2009-08-25 18:00:00.000039936,23.148,55.56,74.08,3.5529305e-05,3.0864,240.0
2009-08-25 21:00:00.000039936,22.1192,51.856,64.82,3.5035337e-05,2.572,235.0
2009-08-26 00:00:00.000039936,20.576,46.3,55.56,3.47882e-05,3.0864,235.0
2009-08-26 03:00:00.000039936,20.576,46.3,55.56,3.4293596e-05,3.0864,240.0
2009-08-26 06:00:00.000039936,20.576,46.3,55.56,3.404614e-05,3.0864,245.0
2009-08-26 09:00:00.000039936,20.576,46.3,55.56,3.3798577e-05,3.0864,250.0
2009-08-26 12:00:00.000039936,20.576,46.3,55.56,3.3550914e-05,3.0864,255.0
2009-08-26 15:00:00.000039936,19.5472,46.3,55.56,3.330315e-05,3.0864,255.0
