Time,Vmax,Rmax_IBT,R34,fcor,u_trans,v_trans
2016-08-07 12:00:00.000039936,18.004,92.6,111.119995,4.748151e-05,5.6584,300.0
2016-08-07 15:00:00.000039936,19.5472,83.34,118.064995,4.8202877e-05,5.144,305.0
2016-08-07 18:00:00.000039936,20.576,74.08,125.009995,4.892293e-05,5.6584,310.0
2016-08-07 21:00:00.000039936,22.1192,64.82,118.065,4.9880902e-05,5.6584,315.0
2016-08-08 00:00:00.000039936,23.148,55.56,111.12,5.083645e-05,5.6584,315.0
2016-08-08 03:00:00.000039936,23.148,46.3,99.545,5.178951e-05,5.6584,310.0
2016-08-08 06:00:00.000039936,23.148,37.04,87.97,5.250265e-05,5.144,310.0
2016-08-08 09:00:00.000039936,24.6912,37.04,81.024994,5.321436e-05,4.6296,315.0
2016-08-08 12:00:00.000039936,25.720001,37.04,74.08,5.392461e-05,4.1152,315.0
2016-08-08 15:00:00.000039936,27.2632,27.78,71.765,5.4633376e-05,3.6008,315.0
2016-08-08 18:00:00.000039936,28.292,18.52,69.45,5.510506e-05,2.572,325.0
2016-08-08 21:00:00.000039936,27.2632,18.52,69.45,5.5576067e-05,2.0576,335.0
2016-08-09 00:00:00.000039936,25.720001,18.52,69.45,5.6046403e-05,3.6008,340.0
2016-08-09 03:00:00.000039936,23.6624,35.188,65.283,5.698501e-05,4.6296,340.0
