Time,Vmax,Rmax_IBT,R34,fcor,u_trans,v_trans
2023-09-05 06:00:00.000039936,18.004,74.08,23.15,3.131743e-05,4.6296,270.0
2023-09-05 09:00:00.000039936,20.576,64.82,32.41,3.131743e-05,4.1152,275.0
2023-09-05 12:00:00.000039936,23.148,55.56,41.67,3.156599e-05,4.1152,280.0
2023-09-05 15:00:00.000039936,24.6912,46.3,53.245,3.1814445e-05,4.1152,285.0
2023-09-05 18:00:00.000039936,25.720001,37.04,64.82,3.206281e-05,4.1152,290.0
2023-09-05 21:00:00.000039936,28.292,37.04,71.765,3.231108e-05,3.6008,295.0
2023-09-06 00:00:00.000039936,30.864,37.04,78.71001,3.280731e-05,4.1152,290.0
2023-09-06 03:00:00.000039936,34.979202,27.78,94.915,3.305528e-05,4.1152,290.0
2023-09-06 06:00:00.000039936,38.58,18.52,111.12,3.3550914e-05,5.144,295.0
2023-09-06 09:00:00.000039936,42.6952,18.52,120.37999,3.4293596e-05,5.6584,300.0
2023-09-06 12:00:00.000039936,46.296,18.52,129.64,3.5035337e-05,6.1728,305.0
2023-09-06 15:00:00.000039936,52.9832,18.52,141.215,3.577612e-05,6.6872,305.0
2023-09-06 18:00:00.000039936,59.156002,18.52,152.79,3.67623e-05,7.2016,300.0
2023-09-06 21:00:00.000039936,65.8432,18.52,157.42,3.7500762e-05,7.2016,300.0
2023-09-07 00:00:00.000039936,72.016,18.52,162.05,3.8483773e-05,7.716,300.0
2023-09-07 03:00:00.000039936,72.016,18.52,168.995,3.9464914e-05,7.716,305.0
2023-09-07 06:00:00.000039936,72.016,18.52,175.93999,4.0444127e-05,7.716,300.0
2023-09-07 09:00:00.000039936,70.9872,18.52,175.93999,4.142137e-05,7.2016,300.0
2023-09-07 12:00:00.000039936,69.444,18.52,175.93999,4.2152973e-05,8.2304,295.0
2023-09-07 15:00:00.000039936,66.872,18.52,175.93999,4.288343e-05,8.2304,290.0
2023-09-07 18:00:00.000039936,64.3,18.52,175.93999,4.3612705e-05,7.716,290.0
2023-09-07 21:00:00.000039936,61.728,18.52,189.83,4.4340795e-05,7.2016,295.0
2023-09-08 00:00:00.000039936,59.156002,18.52,203.72,4.506766e-05,6.6872,300.0
2023-09-08 03:00:00.000039936,55.5552,18.52,203.72,4.6034886e-05,7.2016,305.0
2023-09-08 06:00:00.000039936,51.440002,18.52,203.72,4.6999867e-05,7.716,300.0
2023-09-08 09:00:00.000039936,47.8392,18.52,196.775,4.796257e-05,8.2304,295.0
2023-09-08 12:00:00.000039936,43.724,18.52,189.82999,4.868306e-05,7.716,295.0
2023-09-08 15:00:00.000039936,41.152,18.52,185.2,4.9402213e-05,7.2016,295.0
2023-09-08 18:00:00.000039936,38.58,18.52,180.56999,5.012002e-05,7.2016,295.0
2023-09-08 21:00:00.000039936,37.5512,27.78,171.31,5.083645e-05,7.2016,295.0
2023-09-09 00:00:00.000039936,36.008,37.04,162.05,5.155148e-05,6.1728,295.0
2023-09-09 03:00:00.000039936,33.436,46.3,162.05,5.2027382e-05,5.6584,300.0
2023-09-09 06:00:00.000039936,30.864,55.56,162.05,5.2740055e-05,5.6584,305.0
2023-09-09 09:00:00.000039936,29.835201,46.3,152.79,5.3688025e-05,6.1728,310.0
2023-09-09 12:00:00.000039936,28.292,37.04,143.53,5.4633376e-05,5.144,315.0
2023-09-09 15:00:00.000039936,25.720001,37.04,131.95499,5.5340646e-05,4.1152,315.0
2023-09-09 18:00:00.000039936,23.148,37.04,120.380005,5.6046403e-05,4.1152,325.0
2023-09-09 21:00:00.000039936,23.148,37.04,120.380005,5.698501e-05,4.1152,330.0
2023-09-10 00:00:00.000039936,23.148,37.04,120.380005,5.768715e-05,3.6008,330.0
2023-09-10 03:00:00.000039936,22.1192,37.04,111.119995,5.83877e-05,3.0864,325.0
2023-09-10 06:00:00.000039936,20.576,37.04,101.86,5.8853857e-05,3.0864,320.0
2023-09-10 09:00:00.000039936,19.5472,37.04,92.600006,5.9319285e-05,2.572,320.0
