Time,Vmax,Rmax_IBT,R34,fcor,u_trans,v_trans
2007-08-31 12:00:00.000039936,18.004,55.56,46.3,3.9464914e-05,5.6584,305.0
2007-08-31 15:00:00.000039936,19.5472,55.56,46.3,4.0199502e-05,5.6584,300.0
2007-08-31 18:00:00.000039936,20.576,55.56,46.3,4.093299e-05,5.6584,300.0
2007-08-31 21:00:00.000039936,22.1192,55.56,67.134995,4.1665367e-05,5.6584,300.0
2007-09-01 00:00:00.000039936,23.148,55.56,87.97,4.2152973e-05,6.1728,295.0
2007-09-01 03:00:00.000039936,23.148,55.56,91.673996,4.2640077e-05,6.1728,290.0
2007-09-01 06:00:00.000039936,23.148,55.56,94.91499,4.3126656e-05,6.1728,290.0
2007-09-01 09:00:00.000039936,23.148,55.56,97.229996,4.3612705e-05,5.6584,290.0
2007-09-01 12:00:00.000039936,23.148,55.56,99.545,4.409823e-05,5.144,290.0
2007-09-01 15:00:00.000039936,24.6912,51.856,99.545,4.458322e-05,4.1152,290.0
2007-09-01 18:00:00.000039936,25.720001,46.3,99.545,4.4825505e-05,3.6008,285.0
2007-09-01 21:00:00.000039936,25.720001,46.3,99.545,4.506766e-05,3.0864,280.0
2007-09-02 00:00:00.000039936,25.720001,46.3,99.545,4.506766e-05,2.572,280.0
2007-09-02 03:00:00.000039936,27.2632,46.3,101.86,4.506766e-05,2.572,280.0
2007-09-02 06:00:00.000039936,28.292,46.3,104.174995,4.5309676e-05,2.572,290.0
2007-09-02 09:00:00.000039936,28.292,46.3,104.174995,4.5551555e-05,2.0576,300.0
2007-09-02 12:00:00.000039936,28.292,46.3,104.174995,4.5793287e-05,2.0576,300.0
2007-09-02 15:00:00.000039936,28.292,46.3,104.175,4.6034886e-05,1.5432,305.0
2007-09-02 18:00:00.000039936,28.292,46.3,104.174995,4.627635e-05,1.5432,305.0
2007-09-02 21:00:00.000039936,28.292,46.3,105.564,4.651767e-05,1.5432,305.0
2007-09-03 00:00:00.000039936,28.292,46.3,106.490005,4.675884e-05,2.0576,305.0
2007-09-03 03:00:00.000039936,28.292,46.3,110.194,4.6999867e-05,3.0864,300.0
2007-09-03 06:00:00.000039936,28.292,46.3,113.435,4.748151e-05,3.6008,305.0
2007-09-03 09:00:00.000039936,29.835201,46.3,123.158005,4.796257e-05,3.6008,305.0
2007-09-03 12:00:00.000039936,30.864,46.3,131.955,4.844305e-05,3.6008,305.0
2007-09-03 15:00:00.000039936,30.864,46.3,135.659,4.892293e-05,3.0864,310.0
2007-09-03 18:00:00.000039936,30.864,46.3,138.9,4.9402213e-05,3.0864,320.0
2007-09-03 21:00:00.000039936,30.864,37.04,142.604,4.9880902e-05,3.0864,330.0
2007-09-04 00:00:00.000039936,30.864,27.78,145.845,5.059779e-05,3.0864,335.0
2007-09-04 03:00:00.000039936,32.4072,27.78,159.272,5.131329e-05,3.6008,335.0
2007-09-04 06:00:00.000039936,33.436,27.78,171.31,5.2027382e-05,4.1152,340.0
2007-09-04 09:00:00.000039936,36.008,27.78,171.31,5.2977284e-05,4.6296,340.0
2007-09-04 12:00:00.000039936,38.58,27.78,171.31,5.392461e-05,4.6296,340.0
2007-09-04 15:00:00.000039936,37.5512,27.78,171.31,5.4869302e-05,4.6296,345.0
2007-09-04 18:00:00.000039936,36.008,27.78,171.31,5.6046403e-05,5.144,355.0
