Time,Vmax,Rmax_IBT,R34,fcor,u_trans,v_trans
2022-09-02 06:00:00.000039936,18.004,129.64,87.97,4.892293e-05,4.1152,325.0
2022-09-02 09:00:00.000039936,19.5472,129.64,87.97,4.9641636e-05,4.1152,330.0
2022-09-02 12:00:00.000039936,20.576,129.64,87.97,5.059779e-05,4.6296,335.0
2022-09-02 15:00:00.000039936,20.576,120.38,92.6,5.178951e-05,5.6584,340.0
2022-09-02 18:00:00.000039936,20.576,111.12,97.229996,5.2977284e-05,6.1728,345.0
2022-09-02 21:00:00.000039936,22.1192,111.12,101.86,5.439729e-05,6.6872,345.0
2022-09-03 00:00:00.000039936,23.148,111.12,106.490005,5.581132e-05,6.6872,335.0
2022-09-03 03:00:00.000039936,23.148,111.12,111.119995,5.721923e-05,6.6872,325.0
2022-09-03 06:00:00.000039936,23.148,111.12,115.75,5.83877e-05,6.6872,325.0
2022-09-03 09:00:00.000039936,23.148,111.12,115.75,5.9551734e-05,6.1728,325.0
2022-09-03 12:00:00.000039936,23.148,111.12,115.75,6.0711227e-05,6.1728,315.0
2022-09-03 15:00:00.000039936,22.1192,111.12,87.97,6.1635496e-05,6.6872,310.0
2022-09-03 18:00:00.000039936,20.576,111.12,60.190002,6.255676e-05,6.6872,310.0
2022-09-03 21:00:00.000039936,19.5472,111.12,60.190002,6.370404e-05,6.6872,310.0
