Time,Vmax,Rmax_IBT,R34,fcor,u_trans,v_trans
2013-08-31 12:00:00.000039936,18.004,55.56,46.3,4.6999867e-05,2.0576,5.0
2013-08-31 15:00:00.000039936,20.576,46.3,60.190002,4.748151e-05,2.0576,25.0
2013-08-31 18:00:00.000039936,23.148,37.04,74.08,4.796257e-05,2.572,30.0
2013-08-31 21:00:00.000039936,25.720001,33.336,81.024994,4.844305e-05,3.0864,30.0
2013-09-01 00:00:00.000039936,28.292,27.78,87.97,4.916265e-05,3.0864,30.0
2013-09-01 03:00:00.000039936,30.864,27.78,87.97,4.9880902e-05,3.6008,25.0
2013-09-01 06:00:00.000039936,33.436,27.78,87.97,5.059779e-05,3.6008,15.0
2013-09-01 09:00:00.000039936,33.436,27.78,87.97,5.131329e-05,3.6008,0.0
2013-09-01 12:00:00.000039936,33.436,27.78,87.97,5.22651e-05,3.6008,355.0
2013-09-01 15:00:00.000039936,30.864,33.336,85.655,5.321436e-05,3.6008,350.0
2013-09-01 18:00:00.000039936,28.292,37.04,83.34,5.392461e-05,3.6008,345.0
2013-09-01 21:00:00.000039936,25.720001,37.04,83.34,5.4633376e-05,3.6008,335.0
2013-09-02 00:00:00.000039936,23.148,37.04,83.34,5.5340646e-05,2.572,330.0
2013-09-02 03:00:00.000039936,20.576,37.04,71.765,5.581132e-05,2.0576,330.0
