Time,Vmax,Rmax_IBT,R34,fcor,u_trans,v_trans
2014-08-13 12:00:00.000039936,18.004,55.56,41.670002,4.288343e-05,7.2016,275.0
2014-08-13 15:00:00.000039936,19.5472,42.596,46.3,4.3126656e-05,7.2016,275.0
2014-08-13 18:00:00.000039936,20.576,27.78,50.93,4.3126656e-05,7.2016,270.0
2014-08-13 21:00:00.000039936,22.1192,27.78,50.93,4.3126656e-05,6.1728,270.0
2014-08-14 00:00:00.000039936,23.148,27.78,50.93,4.3126656e-05,5.6584,265.0
2014-08-14 03:00:00.000039936,24.6912,27.78,60.190002,4.3126656e-05,5.6584,265.0
2014-08-14 06:00:00.000039936,25.720001,27.78,69.45,4.288343e-05,5.144,265.0
2014-08-14 09:00:00.000039936,28.292,24.076,71.765,4.2640077e-05,5.6584,265.0
2014-08-14 12:00:00.000039936,30.864,18.52,74.08,4.2640077e-05,5.6584,265.0
2014-08-14 15:00:00.000039936,32.4072,18.52,74.08,4.2640077e-05,5.6584,270.0
2014-08-14 18:00:00.000039936,33.436,18.52,74.08,4.2640077e-05,5.6584,270.0
2014-08-14 21:00:00.000039936,32.4072,18.52,74.08,4.2640077e-05,5.6584,270.0
2014-08-15 00:00:00.000039936,30.864,18.52,74.08,4.2640077e-05,5.144,275.0
2014-08-15 03:00:00.000039936,29.835201,18.52,74.08,4.2640077e-05,4.6296,275.0
2014-08-15 06:00:00.000039936,28.292,18.52,74.08,4.288343e-05,4.6296,280.0
2014-08-15 09:00:00.000039936,27.2632,27.78,78.71,4.3126656e-05,5.144,280.0
2014-08-15 12:00:00.000039936,25.720001,37.04,83.34,4.3369746e-05,4.6296,285.0
2014-08-15 15:00:00.000039936,24.6912,37.04,83.34,4.3612705e-05,4.6296,285.0
2014-08-15 18:00:00.000039936,23.148,37.04,83.34,4.385554e-05,4.6296,285.0
2014-08-15 21:00:00.000039936,22.1192,46.3,83.34,4.409823e-05,4.6296,285.0
2014-08-16 00:00:00.000039936,20.576,55.56,83.34,4.4340795e-05,4.6296,285.0
2014-08-16 03:00:00.000039936,20.576,55.56,69.45,4.4825505e-05,5.144,285.0
2014-08-16 06:00:00.000039936,20.576,55.56,55.56,4.506766e-05,5.144,280.0
2014-08-16 09:00:00.000039936,20.576,55.56,55.56,4.506766e-05,5.144,270.0
2014-08-16 12:00:00.000039936,20.576,55.56,55.56,4.506766e-05,5.144,265.0
2014-08-16 15:00:00.000039936,20.576,74.08,55.56,4.4825505e-05,5.6584,265.0
2014-08-16 18:00:00.000039936,20.576,92.6,55.56,4.4825505e-05,5.144,265.0
2014-08-16 21:00:00.000039936,20.576,92.6,55.56,4.4825505e-05,5.144,270.0
2014-08-17 00:00:00.000039936,20.576,92.6,55.56,4.4825505e-05,4.6296,275.0
2014-08-17 03:00:00.000039936,20.576,92.6,60.19,4.4825505e-05,5.144,275.0
2014-08-17 06:00:00.000039936,20.576,92.6,64.82,4.506766e-05,5.144,275.0
2014-08-17 09:00:00.000039936,20.576,92.6,64.82,4.506766e-05,5.6584,270.0
2014-08-17 12:00:00.000039936,20.576,92.6,64.82,4.506766e-05,6.1728,265.0
2014-08-17 15:00:00.000039936,20.576,92.6,64.82,4.4825505e-05,6.1728,260.0
2014-08-17 18:00:00.000039936,20.576,92.6,64.82,4.458322e-05,5.6584,260.0
2014-08-17 21:00:00.000039936,19.5472,83.34,64.82,4.4340795e-05,5.144,260.0
2014-08-18 00:00:00.000039936,18.004,74.08,64.82,4.409823e-05,5.144,255.0
2014-08-18 03:00:00.000039936,18.004,74.08,64.82,4.385554e-05,5.144,255.0
2014-08-18 06:00:00.000039936,18.004,74.08,64.82,4.3369746e-05,5.144,250.0
2014-08-18 09:00:00.000039936,19.5472,74.08,64.82,4.288343e-05,5.144,245.0
2014-08-18 12:00:00.000039936,20.576,74.08,64.82,4.239659e-05,4.6296,235.0
2014-08-18 15:00:00.000039936,22.1192,74.08,78.71,4.1665367e-05,4.6296,230.0
2014-08-18 18:00:00.000039936,23.148,74.08,92.6,4.093299e-05,3.6008,225.0
2014-08-18 21:00:00.000039936,24.6912,64.82,99.545,4.0444127e-05,3.0864,225.0
2014-08-19 00:00:00.000039936,25.720001,55.56,106.490005,3.995476e-05,3.0864,235.0
2014-08-19 03:00:00.000039936,25.720001,55.56,108.80501,3.9709896e-05,3.0864,250.0
2014-08-19 06:00:00.000039936,25.720001,55.56,111.12001,3.9464914e-05,3.0864,260.0
2014-08-19 09:00:00.000039936,24.6912,55.56,104.175,3.9464914e-05,2.572,270.0
2014-08-19 12:00:00.000039936,23.148,55.56,97.23,3.9464914e-05,2.572,270.0
2014-08-19 15:00:00.000039936,23.148,46.3,97.23,3.9464914e-05,2.572,270.0
2014-08-19 18:00:00.000039936,23.148,37.04,97.23,3.9464914e-05,2.572,275.0
2014-08-19 21:00:00.000039936,23.148,37.04,97.23,3.9464914e-05,2.572,280.0
2014-08-20 00:00:00.000039936,23.148,37.04,97.229996,3.9709896e-05,3.0864,280.0
2014-08-20 03:00:00.000039936,23.148,46.3,92.59999,3.995476e-05,3.6008,280.0
2014-08-20 06:00:00.000039936,23.148,55.56,87.97,3.995476e-05,3.6008,275.0
2014-08-20 09:00:00.000039936,24.6912,51.856,87.97,3.995476e-05,3.0864,270.0
2014-08-20 12:00:00.000039936,25.720001,46.3,87.97,3.995476e-05,2.0576,260.0
2014-08-20 15:00:00.000039936,25.720001,46.3,87.97,3.995476e-05,1.0288,245.0
2014-08-20 18:00:00.000039936,25.720001,46.3,87.97,3.9709896e-05,1.0288,230.0
2014-08-20 21:00:00.000039936,25.720001,42.596,87.97,3.9464914e-05,1.5432,225.0
2014-08-21 00:00:00.000039936,25.720001,37.04,87.97,3.9219805e-05,1.5432,210.0
2014-08-21 03:00:00.000039936,25.720001,37.04,87.97,3.897458e-05,1.5432,195.0
2014-08-21 06:00:00.000039936,25.720001,37.04,87.97,3.8483773e-05,1.5432,185.0
2014-08-21 09:00:00.000039936,25.720001,37.04,87.97,3.7992504e-05,1.5432,0.0
2014-08-21 12:00:00.000039936,25.720001,37.04,87.97,3.7746686e-05,1.5432,175.0
2014-08-21 15:00:00.000039936,27.2632,37.04,87.97,3.7500762e-05,1.0288,155.0
2014-08-21 18:00:00.000039936,28.292,37.04,87.97,3.7254722e-05,1.0288,130.0
2014-08-21 21:00:00.000039936,28.292,37.04,90.285,3.700857e-05,1.5432,110.0
2014-08-22 00:00:00.000039936,28.292,37.04,92.6,3.700857e-05,2.0576,100.0
2014-08-22 03:00:00.000039936,28.292,37.04,92.6,3.700857e-05,2.0576,90.0
2014-08-22 06:00:00.000039936,28.292,37.04,92.6,3.700857e-05,2.0576,80.0
2014-08-22 09:00:00.000039936,29.835201,37.04,92.6,3.7254722e-05,2.0576,65.0
2014-08-22 12:00:00.000039936,30.864,37.04,92.6,3.7500762e-05,2.572,50.0
2014-08-22 15:00:00.000039936,32.4072,27.78,97.23,3.7992504e-05,3.0864,40.0
2014-08-22 18:00:00.000039936,33.436,18.52,101.86,3.872924e-05,3.6008,30.0
2014-08-22 21:00:00.000039936,34.979202,18.52,101.86,3.9464914e-05,3.6008,25.0
2014-08-23 00:00:00.000039936,36.008,18.52,101.86,4.0199502e-05,3.0864,25.0
2014-08-23 03:00:00.000039936,37.5512,18.52,101.86,4.093299e-05,3.0864,30.0
2014-08-23 06:00:00.000039936,38.58,18.52,101.86,4.142137e-05,3.0864,35.0
2014-08-23 09:00:00.000039936,38.58,18.52,101.86,4.2152973e-05,3.0864,40.0
2014-08-23 12:00:00.000039936,38.58,18.52,101.86,4.2640077e-05,3.0864,45.0
2014-08-23 15:00:00.000039936,37.5512,18.52,101.86,4.3126656e-05,3.0864,60.0
2014-08-23 18:00:00.000039936,36.008,18.52,101.86,4.3369746e-05,3.0864,60.0
2014-08-23 21:00:00.000039936,34.979202,18.52,101.86,4.385554e-05,3.0864,60.0
2014-08-24 00:00:00.000039936,33.436,18.52,101.86,4.409823e-05,3.0864,65.0
2014-08-24 03:00:00.000039936,32.4072,18.52,101.86,4.4340795e-05,3.0864,70.0
2014-08-24 06:00:00.000039936,30.864,18.52,101.86,4.458322e-05,3.6008,75.0
2014-08-24 09:00:00.000039936,29.835201,18.52,101.86,4.4825505e-05,4.6296,85.0
2014-08-24 12:00:00.000039936,28.292,18.52,101.86,4.4825505e-05,4.6296,90.0
2014-08-24 15:00:00.000039936,25.720001,37.04,101.86,4.4825505e-05,5.144,95.0
2014-08-24 18:00:00.000039936,23.148,55.56,101.86,4.458322e-05,5.144,100.0
2014-08-24 21:00:00.000039936,22.1192,55.56,101.86,4.4340795e-05,5.144,100.0
2014-08-25 00:00:00.000039936,20.576,55.56,101.86,4.409823e-05,5.144,105.0
2014-08-25 03:00:00.000039936,19.5472,55.56,92.6,4.385554e-05,4.6296,105.0
