Time,Vmax,Rmax_IBT,R34,fcor,u_trans,v_trans
2006-08-28 12:00:00.000039936,18.004,55.56,111.119995,3.305528e-05,4.1152,300.0
2006-08-28 15:00:00.000039936,19.5472,55.56,111.119995,3.3550914e-05,4.1152,300.0
2006-08-28 18:00:00.000039936,20.576,55.56,111.119995,3.404614e-05,3.6008,295.0
2006-08-28 21:00:00.000039936,23.148,46.3,114.824,3.4293596e-05,3.0864,290.0
2006-08-29 00:00:00.000039936,25.720001,37.04,118.064995,3.454095e-05,3.0864,285.0
2006-08-29 03:00:00.000039936,28.292,37.04,118.064995,3.454095e-05,3.0864,280.0
2006-08-29 06:00:00.000039936,30.864,37.04,118.064995,3.47882e-05,3.6008,280.0
2006-08-29 09:00:00.000039936,34.979202,37.04,126.399,3.5035337e-05,4.1152,285.0
2006-08-29 12:00:00.000039936,38.58,37.04,134.26999,3.5282377e-05,4.6296,280.0
2006-08-29 15:00:00.000039936,43.724,37.04,159.73499,3.5529305e-05,4.6296,285.0
2006-08-29 18:00:00.000039936,48.868,37.04,185.19998,3.577612e-05,5.144,300.0
2006-08-29 21:00:00.000039936,50.4112,37.04,189.82999,3.651592e-05,5.144,310.0
2006-08-30 00:00:00.000039936,51.440002,37.04,194.45999,3.7500762e-05,4.6296,305.0
2006-08-30 03:00:00.000039936,52.9832,37.04,194.45999,3.7992504e-05,4.6296,295.0
2006-08-30 06:00:00.000039936,54.012,37.04,194.45999,3.8483773e-05,5.144,300.0
2006-08-30 09:00:00.000039936,56.584,37.04,201.405,3.9219805e-05,5.6584,310.0
2006-08-30 12:00:00.000039936,59.156002,37.04,208.35,4.0199502e-05,6.1728,315.0
2006-08-30 15:00:00.000039936,59.156002,37.04,201.405,4.1177245e-05,6.6872,315.0
2006-08-30 18:00:00.000039936,59.156002,37.04,194.46,4.239659e-05,7.2016,305.0
2006-08-30 21:00:00.000039936,58.1272,37.04,194.46,4.3369746e-05,7.2016,300.0
2006-08-31 00:00:00.000039936,56.584,37.04,194.46,4.409823e-05,6.1728,300.0
2006-08-31 03:00:00.000039936,56.584,37.04,178.255,4.4825505e-05,5.144,305.0
2006-08-31 06:00:00.000039936,56.584,37.04,162.04999,4.5551555e-05,5.6584,310.0
2006-08-31 09:00:00.000039936,54.012,37.04,157.42,4.651767e-05,6.1728,315.0
2006-08-31 12:00:00.000039936,51.440002,37.04,152.79,4.748151e-05,7.2016,320.0
2006-08-31 15:00:00.000039936,48.868,37.04,152.79,4.892293e-05,7.716,325.0
2006-08-31 18:00:00.000039936,46.296,37.04,152.79,5.035898e-05,7.2016,320.0
2006-08-31 21:00:00.000039936,46.296,33.336,152.79,5.155148e-05,6.1728,315.0
2006-09-01 00:00:00.000039936,46.296,27.78,152.79,5.22651e-05,5.144,305.0
2006-09-01 03:00:00.000039936,48.868,27.78,152.79,5.2740055e-05,4.1152,300.0
2006-09-01 06:00:00.000039936,51.440002,27.78,152.79,5.321436e-05,3.0864,300.0
2006-09-01 09:00:00.000039936,51.440002,27.78,152.79,5.345127e-05,2.0576,315.0
2006-09-01 12:00:00.000039936,51.440002,27.78,152.79,5.392461e-05,2.572,340.0
2006-09-01 15:00:00.000039936,50.4112,27.78,121.769,5.4633376e-05,3.6008,345.0
2006-09-01 18:00:00.000039936,48.868,27.78,90.284996,5.5576067e-05,4.6296,345.0
2006-09-01 21:00:00.000039936,48.868,24.076,90.284996,5.6750614e-05,4.6296,340.0
2006-09-02 00:00:00.000039936,48.868,18.52,90.284996,5.7453286e-05,3.6008,320.0
2006-09-02 02:00:00.000053248,48.868,18.52,89.35899,5.768715e-05,3.6008,305.0
