Time,Vmax,Rmax_IBT,R34,fcor,u_trans,v_trans
2018-08-05 12:00:00.000039936,18.004,74.08,46.3,3.3550914e-05,4.1152,290.0
2018-08-05 15:00:00.000039936,20.576,74.08,46.3,3.3798577e-05,4.1152,290.0
2018-08-05 18:00:00.000039936,23.148,74.08,46.3,3.4293596e-05,4.6296,295.0
2018-08-05 21:00:00.000039936,24.6912,51.856,48.614998,3.47882e-05,5.144,300.0
2018-08-06 00:00:00.000039936,25.720001,27.78,50.93,3.5529305e-05,6.1728,305.0
2018-08-06 03:00:00.000039936,25.720001,27.78,55.559998,3.651592e-05,7.2016,305.0
2018-08-06 06:00:00.000039936,25.720001,27.78,60.190002,3.7500762e-05,7.716,305.0
2018-08-06 09:00:00.000039936,27.2632,27.78,60.190002,3.8483773e-05,7.716,310.0
2018-08-06 12:00:00.000039936,28.292,27.78,60.190002,3.9709896e-05,7.716,305.0
2018-08-06 15:00:00.000039936,28.292,27.78,60.190002,4.0688625e-05,8.2304,305.0
2018-08-06 18:00:00.000039936,28.292,27.78,60.190002,4.1909232e-05,8.744801,305.0
2018-08-06 21:00:00.000039936,27.2632,27.78,62.505,4.3126656e-05,9.2592,305.0
2018-08-07 00:00:00.000039936,25.720001,27.78,64.82001,4.4340795e-05,10.288,305.0
2018-08-07 03:00:00.000039936,24.6912,27.78,62.505,4.5793287e-05,11.3168,305.0
