Time,Vmax,Rmax_IBT,R34,fcor,u_trans,v_trans
2005-09-15 03:00:00.000039936,18.004,55.56,30.866669,3.2559245e-05,3.0864,280.0
2005-09-15 06:00:00.000039936,20.576,55.56,46.300003,3.2559245e-05,2.572,270.0
2005-09-15 09:00:00.000039936,23.148,55.56,65.746,3.2559245e-05,2.572,270.0
2005-09-15 12:00:00.000039936,25.720001,55.56,83.34,3.2559245e-05,2.572,270.0
2005-09-15 15:00:00.000039936,27.2632,55.56,98.156,3.2559245e-05,3.0864,270.0
2005-09-15 18:00:00.000039936,28.292,55.56,111.12,3.2559245e-05,3.6008,275.0
2005-09-15 21:00:00.000039936,30.864,42.596,125.936,3.280731e-05,4.6296,275.0
2005-09-16 00:00:00.000039936,33.436,27.78,138.9,3.280731e-05,4.6296,270.0
2005-09-16 03:00:00.000039936,36.008,27.78,139.36299,3.2559245e-05,4.6296,265.0
2005-09-16 06:00:00.000039936,38.58,27.78,138.9,3.2559245e-05,4.1152,270.0
2005-09-16 09:00:00.000039936,38.58,27.78,138.9,3.2559245e-05,4.1152,275.0
2005-09-16 12:00:00.000039936,38.58,27.78,138.9,3.280731e-05,4.6296,275.0
2005-09-16 15:00:00.000039936,38.58,27.78,142.60399,3.280731e-05,5.144,270.0
2005-09-16 18:00:00.000039936,38.58,27.78,145.845,3.280731e-05,4.1152,275.0
2005-09-16 21:00:00.000039936,41.152,27.78,156.031,3.305528e-05,3.6008,285.0
2005-09-17 00:00:00.000039936,43.724,27.78,164.36499,3.330315e-05,4.1152,290.0
2005-09-17 03:00:00.000039936,48.868,27.78,165.754,3.3798577e-05,4.1152,290.0
2005-09-17 06:00:00.000039936,54.012,27.78,166.68,3.404614e-05,4.1152,285.0
2005-09-17 09:00:00.000039936,55.5552,27.78,166.68,3.404614e-05,4.1152,275.0
2005-09-17 12:00:00.000039936,56.584,27.78,166.68,3.4293596e-05,4.6296,285.0
2005-09-17 15:00:00.000039936,56.584,27.78,171.31,3.454095e-05,4.6296,290.0
2005-09-17 18:00:00.000039936,56.584,27.78,175.94,3.5035337e-05,4.1152,290.0
2005-09-17 21:00:00.000039936,56.584,27.78,171.31,3.5282377e-05,3.6008,285.0
2005-09-18 00:00:00.000039936,56.584,27.78,166.68,3.5529305e-05,3.6008,285.0
2005-09-18 03:00:00.000039936,56.584,27.78,159.735,3.577612e-05,3.6008,280.0
2005-09-18 06:00:00.000039936,56.584,27.78,152.79001,3.577612e-05,3.0864,275.0
2005-09-18 09:00:00.000039936,58.1272,27.78,152.79001,3.577612e-05,3.0864,270.0
2005-09-18 12:00:00.000039936,59.156002,27.78,152.79001,3.577612e-05,2.572,270.0
2005-09-18 15:00:00.000039936,59.156002,27.78,146.771,3.577612e-05,2.0576,270.0
2005-09-18 18:00:00.000039936,59.156002,27.78,138.9,3.577612e-05,2.0576,265.0
2005-09-18 21:00:00.000039936,59.156002,27.78,138.9,3.577612e-05,2.572,260.0
2005-09-19 00:00:00.000039936,59.156002,27.78,138.9,3.5529305e-05,2.572,235.0
2005-09-19 03:00:00.000039936,58.1272,27.78,138.9,3.5035337e-05,2.572,215.0
2005-09-19 06:00:00.000039936,56.584,27.78,138.9,3.454095e-05,2.0576,210.0
2005-09-19 09:00:00.000039936,55.5552,27.78,138.9,3.4293596e-05,1.0288,205.0
2005-09-19 12:00:00.000039936,54.012,27.78,138.9,3.404614e-05,1.0288,210.0
2005-09-19 15:00:00.000039936,50.4112,27.78,127.787994,3.3798577e-05,0.5144,225.0
2005-09-19 18:00:00.000039936,46.296,27.78,115.75,3.3798577e-05,1.0288,255.0
2005-09-19 21:00:00.000039936,43.724,27.78,109.268,3.3798577e-05,1.0288,270.0
2005-09-20 00:00:00.000039936,41.152,27.78,101.86,3.3798577e-05,1.0288,275.0
2005-09-20 03:00:00.000039936,38.58,27.78,101.86,3.3798577e-05,0.5144,270.0
2005-09-20 06:00:00.000039936,36.008,27.78,101.86,3.3798577e-05,0.5144,240.0
2005-09-20 09:00:00.000039936,34.979202,27.78,101.86,3.3798577e-05,0.5144,225.0
2005-09-20 12:00:00.000039936,33.436,27.78,101.86,3.3550914e-05,1.0288,230.0
2005-09-20 15:00:00.000039936,30.864,27.78,97.229996,3.330315e-05,1.0288,245.0
2005-09-20 18:00:00.000039936,28.292,27.78,92.600006,3.330315e-05,1.0288,280.0
2005-09-20 21:00:00.000039936,28.292,27.78,92.600006,3.3550914e-05,1.5432,315.0
2005-09-21 00:00:00.000039936,28.292,27.78,92.600006,3.3798577e-05,3.0864,315.0
2005-09-21 03:00:00.000039936,27.2632,27.78,108.805,3.4293596e-05,4.1152,310.0
2005-09-21 06:00:00.000039936,25.720001,27.78,125.009995,3.5035337e-05,3.6008,310.0
2005-09-21 09:00:00.000039936,25.720001,37.04,125.009995,3.5529305e-05,3.0864,310.0
2005-09-21 12:00:00.000039936,25.720001,46.3,125.009995,3.6022833e-05,3.6008,300.0
2005-09-21 15:00:00.000039936,24.6912,46.3,125.009995,3.651592e-05,3.6008,295.0
2005-09-21 18:00:00.000039936,23.148,46.3,125.009995,3.67623e-05,3.6008,295.0
2005-09-21 21:00:00.000039936,23.148,46.3,125.009995,3.7254722e-05,3.6008,295.0
2005-09-22 00:00:00.000039936,23.148,46.3,125.009995,3.7500762e-05,4.1152,290.0
2005-09-22 03:00:00.000039936,24.6912,46.3,141.215,3.7746686e-05,4.1152,285.0
2005-09-22 06:00:00.000039936,25.720001,46.3,157.42001,3.7992504e-05,4.6296,285.0
2005-09-22 09:00:00.000039936,27.2632,46.3,157.42001,3.8238195e-05,4.1152,290.0
2005-09-22 12:00:00.000039936,28.292,46.3,157.42001,3.872924e-05,3.0864,305.0
2005-09-22 15:00:00.000039936,28.292,46.3,157.42,3.9219805e-05,2.0576,325.0
2005-09-22 18:00:00.000039936,28.292,46.3,157.42,3.9464914e-05,1.5432,325.0
2005-09-22 21:00:00.000039936,28.292,37.04,157.42,3.9709896e-05,2.0576,305.0
2005-09-23 00:00:00.000039936,28.292,27.78,157.42,3.995476e-05,2.0576,295.0
2005-09-23 03:00:00.000039936,28.292,27.78,157.42,4.0199502e-05,2.0576,285.0
2005-09-23 06:00:00.000039936,28.292,27.78,157.42,4.0199502e-05,2.0576,275.0
2005-09-23 09:00:00.000039936,28.292,27.78,157.42,4.0199502e-05,2.0576,270.0
2005-09-23 12:00:00.000039936,28.292,27.78,157.42,4.0199502e-05,2.0576,270.0
2005-09-23 15:00:00.000039936,27.2632,27.78,154.642,4.0199502e-05,2.0576,270.0
2005-09-23 18:00:00.000039936,25.720001,27.78,150.47499,4.0199502e-05,2.0576,270.0
2005-09-23 21:00:00.000039936,25.720001,27.78,147.23401,4.0199502e-05,2.572,270.0
2005-09-24 00:00:00.000039936,25.720001,27.78,143.53,4.0199502e-05,2.0576,270.0
2005-09-24 03:00:00.000039936,24.6912,27.78,143.53,4.0199502e-05,2.0576,270.0
2005-09-24 06:00:00.000039936,23.148,27.78,143.53,4.0199502e-05,1.5432,280.0
2005-09-24 09:00:00.000039936,24.6912,33.336,143.53,4.0199502e-05,1.5432,290.0
2005-09-24 12:00:00.000039936,25.720001,37.04,143.53,4.0444127e-05,2.0576,285.0
2005-09-24 15:00:00.000039936,27.2632,33.336,137.048,4.0444127e-05,2.572,280.0
2005-09-24 18:00:00.000039936,28.292,27.78,129.64,4.0688625e-05,2.572,290.0
2005-09-24 21:00:00.000039936,30.864,27.78,129.64,4.093299e-05,2.0576,295.0
2005-09-25 00:00:00.000039936,33.436,27.78,129.64,4.1177245e-05,1.5432,310.0
2005-09-25 03:00:00.000039936,33.436,24.076,129.64,4.142137e-05,0.5144,315.0
2005-09-25 06:00:00.000039936,33.436,18.52,129.64,4.142137e-05,0.5144,250.0
2005-09-25 09:00:00.000039936,33.436,18.52,129.64,4.1177245e-05,1.5432,225.0
2005-09-25 12:00:00.000039936,33.436,18.52,129.64,4.093299e-05,2.0576,205.0
2005-09-25 15:00:00.000039936,33.436,18.52,129.64,4.0444127e-05,2.0576,195.0
2005-09-25 18:00:00.000039936,33.436,18.52,129.64,3.995476e-05,1.5432,205.0
2005-09-25 21:00:00.000039936,33.436,18.52,129.64,3.9709896e-05,1.5432,225.0
2005-09-26 00:00:00.000039936,33.436,18.52,129.64,3.9464914e-05,1.5432,215.0
2005-09-26 03:00:00.000039936,33.436,18.52,129.64,3.897458e-05,2.0576,205.0
2005-09-26 06:00:00.000039936,33.436,18.52,129.64,3.8483773e-05,2.572,195.0
2005-09-26 09:00:00.000039936,32.4072,24.076,125.009995,3.7746686e-05,2.572,190.0
2005-09-26 12:00:00.000039936,30.864,27.78,120.380005,3.7254722e-05,2.572,200.0
2005-09-26 15:00:00.000039936,29.835201,27.78,106.49,3.67623e-05,2.572,215.0
2005-09-26 18:00:00.000039936,28.292,27.78,92.600006,3.626943e-05,2.572,230.0
2005-09-26 21:00:00.000039936,28.292,27.78,92.600006,3.6022833e-05,2.0576,245.0
2005-09-27 00:00:00.000039936,28.292,27.78,92.600006,3.577612e-05,2.572,265.0
2005-09-27 03:00:00.000039936,28.292,27.78,92.600006,3.577612e-05,2.572,280.0
2005-09-27 06:00:00.000039936,28.292,27.78,92.600006,3.6022833e-05,2.572,295.0
2005-09-27 09:00:00.000039936,27.2632,27.78,92.600006,3.626943e-05,2.572,310.0
2005-09-27 12:00:00.000039936,25.720001,27.78,92.600006,3.67623e-05,3.6008,315.0
2005-09-27 15:00:00.000039936,24.6912,27.78,92.600006,3.7500762e-05,4.1152,315.0
2005-09-27 18:00:00.000039936,23.148,27.78,92.600006,3.8238195e-05,5.144,320.0
2005-09-27 21:00:00.000039936,23.148,27.78,92.600006,3.9219805e-05,5.6584,320.0
2005-09-28 00:00:00.000039936,23.148,27.78,92.600006,4.0199502e-05,5.6584,315.0
2005-09-28 03:00:00.000039936,23.148,27.78,92.6,4.1177245e-05,5.144,310.0
2005-09-28 06:00:00.000039936,23.148,27.78,92.6,4.1909232e-05,5.144,310.0
2005-09-28 09:00:00.000039936,23.148,33.336,90.748,4.288343e-05,5.144,310.0
2005-09-28 12:00:00.000039936,23.148,37.04,87.97,4.3612705e-05,5.144,310.0
2005-09-28 15:00:00.000039936,22.1192,37.04,67.598,4.4340795e-05,5.144,310.0
2005-09-28 18:00:00.000039936,20.576,37.04,46.3,4.506766e-05,5.144,300.0
2005-09-28 21:00:00.000039936,19.5472,37.04,41.67,4.5551555e-05,5.144,295.0
2005-09-29 00:00:00.000039936,18.004,37.04,37.04,4.6034886e-05,5.6584,290.0
2005-09-29 03:00:00.000039936,18.004,37.04,37.04,4.651767e-05,5.6584,285.0
