Time,Vmax,Rmax_IBT,R34,fcor,u_trans,v_trans
2012-09-12 12:00:00.000039936,18.004,111.12,37.04,4.288343e-05,4.6296,310.0
2012-09-12 15:00:00.000039936,19.5472,111.12,50.93,4.3612705e-05,5.144,310.0
2012-09-12 18:00:00.000039936,20.576,111.12,64.82,4.4340795e-05,5.144,300.0
2012-09-12 21:00:00.000039936,22.1192,101.86,83.34,4.4825505e-05,4.6296,295.0
2012-09-13 00:00:00.000039936,23.148,92.6,101.86,4.5309676e-05,4.6296,290.0
2012-09-13 03:00:00.000039936,23.148,92.6,101.86,4.5793287e-05,4.6296,290.0
2012-09-13 06:00:00.000039936,23.148,92.6,101.86,4.6034886e-05,4.6296,290.0
2012-09-13 09:00:00.000039936,23.148,92.6,106.49,4.627635e-05,4.6296,290.0
2012-09-13 12:00:00.000039936,23.148,92.6,111.12,4.675884e-05,4.6296,290.0
2012-09-13 15:00:00.000039936,23.148,92.6,111.12,4.7240763e-05,4.6296,295.0
2012-09-13 18:00:00.000039936,23.148,92.6,111.12,4.7722115e-05,5.144,295.0
2012-09-13 21:00:00.000039936,23.148,64.82,115.75,4.8202877e-05,4.6296,295.0
2012-09-14 00:00:00.000039936,23.148,37.04,120.38,4.868306e-05,4.6296,295.0
2012-09-14 03:00:00.000039936,24.6912,46.3,122.695,4.916265e-05,4.1152,290.0
2012-09-14 06:00:00.000039936,25.720001,55.56,125.01,4.9402213e-05,4.1152,290.0
2012-09-14 09:00:00.000039936,25.720001,55.56,122.695,4.9641636e-05,3.6008,295.0
2012-09-14 12:00:00.000039936,25.720001,55.56,120.380005,5.012002e-05,3.6008,300.0
2012-09-14 15:00:00.000039936,24.6912,55.56,106.49,5.059779e-05,3.6008,305.0
2012-09-14 18:00:00.000039936,23.148,55.56,92.6,5.1074945e-05,3.6008,305.0
2012-09-14 21:00:00.000039936,23.148,55.56,90.284996,5.155148e-05,4.1152,300.0
2012-09-15 00:00:00.000039936,23.148,55.56,87.97,5.2027382e-05,4.1152,305.0
2012-09-15 03:00:00.000039936,23.148,55.56,85.655,5.2740055e-05,4.6296,315.0
2012-09-15 06:00:00.000039936,23.148,55.56,83.34,5.345127e-05,4.6296,315.0
2012-09-15 09:00:00.000039936,23.148,55.56,83.34,5.4161024e-05,4.1152,315.0
2012-09-15 12:00:00.000039936,23.148,55.56,83.34,5.4869302e-05,4.6296,320.0
2012-09-15 15:00:00.000039936,22.1192,55.56,81.025,5.5576067e-05,4.6296,320.0
2012-09-15 18:00:00.000039936,20.576,55.56,78.71,5.6516048e-05,4.6296,320.0
2012-09-15 21:00:00.000039936,19.5472,61.116,71.765,5.721923e-05,4.1152,315.0
2012-09-16 00:00:00.000039936,18.004,64.82,64.82,5.7920843e-05,4.1152,315.0
2012-09-16 03:00:00.000039936,18.004,64.82,62.505,5.862087e-05,4.1152,310.0
2012-09-16 06:00:00.000039936,18.004,64.82,60.190002,5.9086666e-05,4.1152,300.0
2012-09-16 09:00:00.000039936,18.004,64.82,60.190002,5.9551734e-05,4.1152,300.0
