Time,Vmax,Rmax_IBT,R34,fcor,u_trans,v_trans
2022-09-04 18:00:00.000039936,18.004,111.12,46.3,3.700857e-05,6.6872,300.0
2022-09-04 21:00:00.000039936,18.004,111.12,87.97,3.7746686e-05,7.2016,295.0
2022-09-05 00:00:00.000039936,18.004,111.12,129.64,3.8483773e-05,7.716,285.0
2022-09-05 03:00:00.000039936,20.576,111.12,150.475,3.872924e-05,7.716,280.0
2022-09-05 06:00:00.000039936,23.148,111.12,171.31,3.897458e-05,6.6872,275.0
2022-09-05 09:00:00.000039936,25.720001,101.86,171.31,3.897458e-05,6.1728,270.0
2022-09-05 12:00:00.000039936,28.292,92.6,171.31,3.897458e-05,5.144,265.0
2022-09-05 15:00:00.000039936,30.864,70.376,192.145,3.897458e-05,4.6296,270.0
2022-09-05 18:00:00.000039936,33.436,46.3,212.98,3.897458e-05,4.1152,280.0
2022-09-05 21:00:00.000039936,34.979202,42.596,212.98,3.9219805e-05,4.6296,295.0
2022-09-06 00:00:00.000039936,36.008,37.04,212.98,3.995476e-05,5.144,310.0
2022-09-06 03:00:00.000039936,36.008,37.04,215.295,4.093299e-05,6.1728,315.0
2022-09-06 06:00:00.000039936,36.008,37.04,217.61,4.1909232e-05,6.6872,315.0
2022-09-06 09:00:00.000039936,37.5512,37.04,217.61,4.288343e-05,6.6872,315.0
2022-09-06 12:00:00.000039936,38.58,37.04,217.61,4.409823e-05,6.6872,310.0
2022-09-06 15:00:00.000039936,38.58,37.04,240.76001,4.506766e-05,6.1728,310.0
2022-09-06 18:00:00.000039936,38.58,37.04,263.91,4.6034886e-05,5.6584,310.0
2022-09-06 21:00:00.000039936,40.1232,37.04,263.91,4.675884e-05,5.144,310.0
2022-09-07 00:00:00.000039936,41.152,37.04,263.91,4.748151e-05,4.6296,320.0
2022-09-07 03:00:00.000039936,41.152,37.04,268.53998,4.844305e-05,4.6296,335.0
2022-09-07 06:00:00.000039936,41.152,37.04,273.16998,4.9402213e-05,4.6296,335.0
2022-09-07 09:00:00.000039936,42.6952,37.04,273.16998,5.035898e-05,4.6296,330.0
2022-09-07 12:00:00.000039936,43.724,37.04,273.16998,5.131329e-05,5.144,330.0
2022-09-07 15:00:00.000039936,42.6952,37.04,273.16998,5.22651e-05,5.144,335.0
2022-09-07 18:00:00.000039936,41.152,37.04,273.16998,5.345127e-05,5.144,345.0
2022-09-07 21:00:00.000039936,40.1232,37.04,277.8,5.4633376e-05,5.6584,355.0
2022-09-08 00:00:00.000039936,38.58,37.04,282.43,5.6046403e-05,6.1728,355.0
2022-09-08 03:00:00.000039936,37.5512,42.596,289.375,5.7453286e-05,6.6872,350.0
2022-09-08 06:00:00.000039936,36.008,46.3,296.32,5.9086666e-05,6.6872,350.0
2022-09-08 09:00:00.000039936,34.979202,46.3,296.32,6.0479695e-05,6.6872,350.0
2022-09-08 12:00:00.000039936,33.436,46.3,296.32,6.20965e-05,7.2016,345.0
2022-09-08 15:00:00.000039936,32.4072,46.3,289.375,6.370404e-05,7.716,340.0
2022-09-08 18:00:00.000039936,30.864,46.3,282.43,6.530208e-05,7.716,340.0
