Time,Vmax,Rmax_IBT,R34,fcor,u_trans,v_trans
2012-09-15 18:00:00.000039936,18.004,55.56,83.34,3.305528e-05,2.0576,260.0
2012-09-15 21:00:00.000039936,19.5472,55.56,83.34,3.305528e-05,2.0576,270.0
2012-09-16 00:00:00.000039936,20.576,55.56,83.34,3.305528e-05,2.572,280.0
2012-09-16 03:00:00.000039936,23.148,55.56,81.024994,3.330315e-05,3.0864,290.0
2012-09-16 06:00:00.000039936,25.720001,55.56,78.71,3.3550914e-05,3.0864,300.0
2012-09-16 09:00:00.000039936,25.720001,55.56,81.025,3.404614e-05,3.0864,310.0
2012-09-16 12:00:00.000039936,25.720001,55.56,83.34,3.454095e-05,3.0864,310.0
2012-09-16 15:00:00.000039936,27.2632,55.56,85.655,3.5035337e-05,3.0864,310.0
2012-09-16 18:00:00.000039936,28.292,55.56,87.97,3.5529305e-05,3.6008,320.0
2012-09-16 21:00:00.000039936,29.835201,55.56,90.284996,3.626943e-05,3.6008,325.0
2012-09-17 00:00:00.000039936,30.864,55.56,92.6,3.700857e-05,4.1152,330.0
2012-09-17 03:00:00.000039936,32.4072,42.596,92.6,3.7992504e-05,4.6296,335.0
2012-09-17 06:00:00.000039936,33.436,27.78,92.6,3.897458e-05,5.144,335.0
2012-09-17 09:00:00.000039936,33.436,27.78,92.6,3.995476e-05,5.144,335.0
2012-09-17 12:00:00.000039936,33.436,27.78,92.6,4.1177245e-05,5.144,335.0
2012-09-17 15:00:00.000039936,34.979202,27.78,97.23,4.2152973e-05,4.6296,330.0
2012-09-17 18:00:00.000039936,36.008,27.78,101.86,4.3126656e-05,4.6296,330.0
2012-09-17 21:00:00.000039936,37.5512,27.78,101.86,4.409823e-05,4.6296,330.0
2012-09-18 00:00:00.000039936,38.58,27.78,101.86,4.506766e-05,4.6296,330.0
2012-09-18 03:00:00.000039936,36.008,27.78,101.86,4.6034886e-05,4.6296,330.0
2012-09-18 06:00:00.000039936,33.436,27.78,101.86,4.6999867e-05,5.144,330.0
2012-09-18 09:00:00.000039936,30.864,27.78,94.915,4.796257e-05,4.6296,330.0
2012-09-18 12:00:00.000039936,28.292,27.78,87.97,4.892293e-05,4.1152,320.0
2012-09-18 15:00:00.000039936,25.720001,37.04,81.024994,4.9641636e-05,4.1152,310.0
2012-09-18 18:00:00.000039936,23.148,46.3,74.08,5.012002e-05,4.1152,305.0
2012-09-18 21:00:00.000039936,22.1192,46.3,67.135,5.059779e-05,4.1152,300.0
2012-09-19 00:00:00.000039936,20.576,46.3,60.19,5.1074945e-05,4.1152,290.0
