Time,Vmax,Rmax_IBT,R34,fcor,u_trans,v_trans
2013-09-05 12:00:00.000039936,18.004,129.64,32.41,4.5309676e-05,4.1152,335.0
2013-09-05 15:00:00.000039936,18.004,111.12,32.41,4.627635e-05,4.6296,335.0
2013-09-05 18:00:00.000039936,18.004,92.6,32.41,4.7240763e-05,5.6584,330.0
2013-09-05 21:00:00.000039936,18.004,101.86,32.41,4.844305e-05,6.1728,325.0
2013-09-06 00:00:00.000039936,18.004,111.12,32.41,4.9641636e-05,6.6872,325.0
2013-09-06 03:00:00.000039936,19.5472,111.12,30.095,5.083645e-05,6.6872,325.0
2013-09-06 06:00:00.000039936,20.576,111.12,27.78,5.2027382e-05,6.6872,320.0
2013-09-06 09:00:00.000039936,22.1192,111.12,27.78,5.321436e-05,6.6872,315.0
2013-09-06 12:00:00.000039936,23.148,111.12,27.78,5.4161024e-05,6.6872,310.0
2013-09-06 15:00:00.000039936,23.148,111.12,30.095,5.510506e-05,6.1728,305.0
2013-09-06 18:00:00.000039936,23.148,111.12,32.41,5.581132e-05,5.144,300.0
2013-09-06 21:00:00.000039936,22.1192,111.12,32.41,5.6281307e-05,4.1152,290.0
2013-09-07 00:00:00.000039936,20.576,111.12,32.41,5.6516048e-05,3.6008,300.0
2013-09-07 03:00:00.000039936,19.5472,101.86,30.095,5.698501e-05,3.0864,310.0
