Time,Vmax,Rmax_IBT,R34,fcor,u_trans,v_trans
2002-09-15 21:00:00.000040448,18.004,83.34,127.325,4.142137e-05,7.2016,300.0
2002-09-16 00:00:00.000040448,20.576,83.34,254.65,4.239659e-05,7.2016,305.0
2002-09-16 03:00:00.000040448,20.576,83.34,254.65,4.3369746e-05,6.1728,310.0
2002-09-16 06:00:00.000040448,20.576,83.34,254.65,4.4340795e-05,6.6872,305.0
2002-09-16 09:00:00.000040448,22.1192,83.34,231.5,4.506766e-05,6.6872,300.0
2002-09-16 12:00:00.000040448,23.148,83.34,208.35,4.6034886e-05,7.716,300.0
2002-09-16 15:00:00.000040448,23.148,83.34,228.259,4.6999867e-05,8.2304,300.0
2002-09-16 18:00:00.000040448,23.148,83.34,247.70499,4.796257e-05,7.716,305.0
2002-09-16 21:00:00.000040448,24.6912,83.34,247.70499,4.892293e-05,7.2016,305.0
2002-09-17 00:00:00.000040448,25.720001,83.34,247.70499,4.9880902e-05,6.1728,305.0
2002-09-17 03:00:00.000040448,27.2632,79.636,234.741,5.059779e-05,5.144,300.0
2002-09-17 06:00:00.000040448,28.292,74.08,219.92499,5.1074945e-05,4.6296,305.0
2002-09-17 09:00:00.000040448,28.292,61.116,219.92499,5.178951e-05,4.6296,310.0
2002-09-17 12:00:00.000040448,28.292,46.3,219.92499,5.250265e-05,4.6296,310.0
2002-09-17 15:00:00.000040448,29.835201,46.3,209.276,5.321436e-05,4.6296,305.0
2002-09-17 18:00:00.000040448,30.864,46.3,196.77501,5.3688025e-05,4.1152,300.0
2002-09-17 21:00:00.000040448,30.864,46.3,196.77501,5.4161024e-05,3.0864,300.0
2002-09-18 00:00:00.000040448,30.864,46.3,196.77501,5.439729e-05,1.5432,335.0
2002-09-18 03:00:00.000040448,27.2632,46.3,165.754,5.4633376e-05,1.5432,55.0
2002-09-18 06:00:00.000040448,23.148,46.3,134.26999,5.4869302e-05,2.0576,60.0
2002-09-18 09:00:00.000040448,22.1192,46.3,122.69501,5.510506e-05,1.5432,45.0
2002-09-18 12:00:00.000040448,20.576,46.3,111.12,5.5340646e-05,1.0288,30.0
2002-09-18 15:00:00.000040448,19.5472,46.3,111.12,5.5576067e-05,1.0288,25.0
2002-09-18 18:00:00.000040448,18.004,46.3,111.12,5.581132e-05,1.5432,40.0
2002-09-18 21:00:00.000040448,18.004,46.3,111.12,5.6046403e-05,1.5432,55.0
2002-09-19 00:00:00.000040448,18.004,46.3,111.12,5.6281307e-05,2.0576,55.0
2002-09-19 03:00:00.000040448,18.004,46.3,101.86,5.6516048e-05,2.572,50.0
2002-09-19 06:00:00.000040448,18.004,46.3,92.6,5.698501e-05,3.0864,40.0
2002-09-19 09:00:00.000040448,18.004,46.3,92.6,5.7453286e-05,3.0864,35.0
