Time,Vmax,Rmax_IBT,R34,fcor,u_trans,v_trans
2015-08-25 18:00:00.000039936,18.004,74.08,27.78,3.231108e-05,3.0864,240.0
2015-08-25 21:00:00.000039936,19.5472,74.08,41.670002,3.1814445e-05,3.0864,230.0
2015-08-26 00:00:00.000039936,20.576,74.08,55.56,3.131743e-05,3.6008,245.0
2015-08-26 03:00:00.000039936,22.1192,74.08,62.505005,3.1068776e-05,4.1152,255.0
2015-08-26 06:00:00.000039936,23.148,74.08,69.45,3.0820032e-05,4.6296,260.0
2015-08-26 09:00:00.000039936,24.6912,55.56,69.45,3.0571195e-05,4.6296,255.0
2015-08-26 12:00:00.000039936,25.720001,37.04,69.45,3.0322259e-05,4.6296,255.0
2015-08-26 15:00:00.000039936,27.2632,37.04,69.45,3.0073232e-05,4.6296,255.0
2015-08-26 18:00:00.000039936,28.292,37.04,69.45,2.9824112e-05,4.6296,270.0
2015-08-26 21:00:00.000039936,30.864,37.04,71.765,3.0073232e-05,5.144,280.0
2015-08-27 00:00:00.000039936,33.436,37.04,74.08,3.0322259e-05,5.144,285.0
2015-08-27 03:00:00.000039936,36.008,33.336,83.34,3.0571195e-05,5.144,285.0
2015-08-27 06:00:00.000039936,38.58,27.78,92.6,3.1068776e-05,5.6584,285.0
2015-08-27 09:00:00.000039936,40.1232,27.78,104.175,3.131743e-05,5.6584,285.0
2015-08-27 12:00:00.000039936,41.152,27.78,115.75,3.1814445e-05,6.1728,285.0
2015-08-27 15:00:00.000039936,41.152,27.78,120.380005,3.206281e-05,6.1728,285.0
2015-08-27 18:00:00.000039936,41.152,27.78,125.009995,3.2559245e-05,6.1728,285.0
2015-08-27 21:00:00.000039936,41.152,27.78,125.009995,3.305528e-05,6.1728,290.0
2015-08-28 00:00:00.000039936,41.152,27.78,125.009995,3.3550914e-05,6.6872,290.0
2015-08-28 03:00:00.000039936,41.152,33.336,125.009995,3.404614e-05,6.1728,290.0
2015-08-28 06:00:00.000039936,41.152,37.04,125.009995,3.454095e-05,5.6584,290.0
2015-08-28 09:00:00.000039936,41.152,37.04,125.009995,3.5035337e-05,5.144,295.0
2015-08-28 12:00:00.000039936,41.152,37.04,125.009995,3.5529305e-05,4.6296,300.0
2015-08-28 15:00:00.000039936,41.152,37.04,125.009995,3.6022833e-05,4.1152,300.0
2015-08-28 18:00:00.000039936,41.152,37.04,125.009995,3.651592e-05,4.1152,300.0
2015-08-28 21:00:00.000039936,41.152,37.04,131.95499,3.700857e-05,4.1152,300.0
2015-08-29 00:00:00.000039936,41.152,37.04,138.9,3.7500762e-05,3.6008,300.0
2015-08-29 03:00:00.000039936,41.152,42.596,150.475,3.7746686e-05,3.6008,295.0
2015-08-29 06:00:00.000039936,41.152,46.3,162.05,3.8238195e-05,3.6008,305.0
2015-08-29 09:00:00.000039936,46.296,42.596,166.68,3.872924e-05,4.1152,310.0
2015-08-29 12:00:00.000039936,51.440002,37.04,171.31,3.9464914e-05,3.6008,310.0
2015-08-29 15:00:00.000039936,56.584,37.04,180.57,3.995476e-05,3.0864,310.0
2015-08-29 18:00:00.000039936,61.728,37.04,189.82999,4.0444127e-05,3.6008,310.0
2015-08-29 21:00:00.000039936,61.728,37.04,192.14499,4.093299e-05,4.1152,310.0
2015-08-30 00:00:00.000039936,61.728,37.04,194.45999,4.1665367e-05,3.6008,310.0
2015-08-30 03:00:00.000039936,63.271202,37.04,194.45999,4.2152973e-05,3.6008,315.0
2015-08-30 06:00:00.000039936,64.3,37.04,194.45999,4.288343e-05,4.1152,325.0
2015-08-30 09:00:00.000039936,61.728,37.04,194.45999,4.385554e-05,4.6296,330.0
2015-08-30 12:00:00.000039936,59.156002,37.04,194.45999,4.4825505e-05,4.6296,330.0
2015-08-30 15:00:00.000039936,56.584,33.336,199.09,4.5793287e-05,4.6296,325.0
2015-08-30 18:00:00.000039936,54.012,27.78,203.72,4.651767e-05,4.1152,325.0
2015-08-30 21:00:00.000039936,52.9832,27.78,201.405,4.7240763e-05,4.1152,325.0
2015-08-31 00:00:00.000039936,51.440002,27.78,199.09,4.8202877e-05,4.6296,325.0
2015-08-31 03:00:00.000039936,51.440002,42.596,199.09,4.916265e-05,4.6296,320.0
2015-08-31 06:00:00.000039936,51.440002,55.56,199.09,4.9880902e-05,4.6296,315.0
2015-08-31 09:00:00.000039936,48.868,55.56,199.09,5.059779e-05,4.6296,310.0
2015-08-31 12:00:00.000039936,46.296,55.56,199.09,5.131329e-05,4.6296,315.0
2015-08-31 15:00:00.000039936,46.296,55.56,196.775,5.2027382e-05,5.144,315.0
2015-08-31 18:00:00.000039936,46.296,55.56,194.45999,5.2977284e-05,5.144,320.0
2015-08-31 21:00:00.000039936,45.2672,55.56,194.45999,5.392461e-05,5.144,315.0
2015-09-01 00:00:00.000039936,43.724,55.56,194.45999,5.4633376e-05,4.6296,315.0
2015-09-01 03:00:00.000039936,42.6952,55.56,194.45999,5.5340646e-05,4.6296,315.0
2015-09-01 06:00:00.000039936,41.152,55.56,194.45999,5.6046403e-05,4.1152,310.0
2015-09-01 09:00:00.000039936,40.1232,51.856,199.09,5.6750614e-05,4.1152,310.0
2015-09-01 12:00:00.000039936,38.58,46.3,203.72,5.721923e-05,4.1152,305.0
2015-09-01 15:00:00.000039936,36.008,46.3,208.34999,5.768715e-05,4.6296,305.0
2015-09-01 18:00:00.000039936,33.436,46.3,212.98,5.83877e-05,5.144,305.0
2015-09-01 21:00:00.000039936,32.4072,51.856,217.61,5.9086666e-05,5.144,305.0
2015-09-02 00:00:00.000039936,30.864,55.56,222.23999,5.9784e-05,5.144,310.0
2015-09-02 03:00:00.000039936,30.864,55.56,224.555,6.0479695e-05,5.144,315.0
2015-09-02 06:00:00.000039936,30.864,55.56,226.87,6.14047e-05,5.6584,315.0
2015-09-02 09:00:00.000039936,30.864,55.56,233.815,6.2326726e-05,5.6584,315.0
2015-09-02 12:00:00.000039936,30.864,55.56,240.76001,6.324571e-05,5.6584,310.0
2015-09-02 15:00:00.000039936,32.4072,46.3,245.39001,6.416161e-05,5.6584,310.0
2015-09-02 18:00:00.000039936,33.436,37.04,250.01999,6.4846485e-05,6.1728,305.0
2015-09-02 21:00:00.000039936,33.436,37.04,250.01999,6.552959e-05,6.6872,305.0
2015-09-03 00:00:00.000039936,33.436,37.04,250.01999,6.643758e-05,6.6872,305.0
2015-09-03 03:00:00.000039936,33.436,37.04,250.01999,6.734234e-05,6.6872,305.0
2015-09-03 06:00:00.000039936,33.436,37.04,250.01999,6.801876e-05,6.1728,305.0
2015-09-03 09:00:00.000039936,33.436,37.04,252.33499,6.869332e-05,5.6584,305.0
2015-09-03 12:00:00.000039936,33.436,37.04,254.65,6.936598e-05,5.6584,305.0
2015-09-03 15:00:00.000039936,32.4072,37.04,256.965,7.003676e-05,5.6584,310.0
2015-09-03 18:00:00.000039936,30.864,37.04,259.28,7.092813e-05,5.6584,315.0
2015-09-03 21:00:00.000039936,30.864,37.04,259.28,7.181604e-05,5.6584,320.0
2015-09-04 00:00:00.000039936,30.864,37.04,259.28,7.270045e-05,5.6584,325.0
2015-09-04 03:00:00.000039936,30.864,37.04,261.595,7.380098e-05,5.6584,335.0
2015-09-04 06:00:00.000039936,30.864,37.04,263.91,7.4895885e-05,5.6584,335.0
2015-09-04 09:00:00.000039936,30.864,37.04,266.22498,7.5985095e-05,5.6584,340.0
2015-09-04 12:00:00.000039936,30.864,37.04,268.53998,7.70685e-05,6.1728,350.0
2015-09-04 15:00:00.000039936,30.864,37.04,270.85498,7.85754e-05,7.2016,355.0
2015-09-04 18:00:00.000039936,30.864,37.04,273.16998,8.007058e-05,7.716,355.0
2015-09-04 21:00:00.000039936,29.835201,37.04,273.16998,8.176471e-05,7.716,350.0
2015-09-05 00:00:00.000039936,28.292,37.04,273.16998,8.3234e-05,7.716,350.0
2015-09-05 03:00:00.000039936,28.292,64.82,282.43,8.469088e-05,6.6872,345.0
2015-09-05 06:00:00.000039936,28.292,92.6,291.69,8.592957e-05,6.1728,350.0
2015-09-05 09:00:00.000039936,28.292,120.38,300.95,8.7158856e-05,6.1728,350.0
2015-09-05 12:00:00.000039936,28.292,148.16,310.21,8.837856e-05,6.6872,355.0
2015-09-05 15:00:00.000039936,28.292,148.16,324.1,8.9789304e-05,7.716,0.0
2015-09-05 18:00:00.000039936,28.292,148.16,337.99,9.138516e-05,7.716,0.0
2015-09-05 21:00:00.000039936,28.292,148.16,337.99,9.296319e-05,7.716,0.0
2015-09-06 00:00:00.000039936,28.292,148.16,337.99,9.4329116e-05,7.716,0.0
2015-09-06 03:00:00.000039936,27.2632,148.16,307.895,9.568096e-05,7.2016,0.0
2015-09-06 06:00:00.000039936,25.720001,148.16,277.8,9.701853e-05,7.2016,0.0
2015-09-06 09:00:00.000039936,24.6912,148.16,254.65,9.834162e-05,6.6872,0.0
2015-09-06 12:00:00.000039936,23.148,148.16,231.5,9.9464e-05,5.6584,355.0
2015-09-06 15:00:00.000039936,23.148,148.16,231.5,0.000100391015,5.144,0.0
2015-09-06 18:00:00.000039936,23.148,148.16,231.5,0.00010131037,5.144,15.0
2015-09-06 21:00:00.000039936,23.148,148.16,217.61,0.00010222201,6.1728,35.0
2015-09-07 00:00:00.000039936,23.148,148.16,203.71999,0.000103125865,8.2304,50.0
2015-09-07 03:00:00.000039936,23.148,185.2,224.555,0.00010402188,10.288,60.0
2015-09-07 06:00:00.000039936,23.148,222.24,245.39,0.00010490995,10.288,60.0
2015-09-07 09:00:00.000039936,23.148,231.5,277.8,0.000105790044,10.288,60.0
2015-09-07 12:00:00.000039936,23.148,240.76,310.21002,0.0001066621,10.802401,60.0
2015-09-07 15:00:00.000039936,23.148,240.76,328.72998,0.00010752601,11.8312,65.0
2015-09-07 18:00:00.000039936,23.148,240.76,347.25,0.00010838173,13.3744,60.0
2015-09-07 21:00:00.000039936,23.148,240.76,351.88,0.00010956587,15.432,60.0
2015-09-08 00:00:00.000039936,23.148,240.76,356.51,0.00011089913,17.489601,60.0
2015-09-08 03:00:00.000039936,22.1192,240.76,375.02997,0.000112210764,18.004,65.0
2015-09-08 06:00:00.000039936,20.576,240.76,393.55,0.00011334053,16.4608,65.0
2015-09-08 09:00:00.000039936,20.576,240.76,368.08502,0.00011429543,13.8888,70.0
