Time,Vmax,Rmax_IBT,R34,fcor,u_trans,v_trans
2014-08-18 18:00:00.000039936,18.004,166.68,41.67,4.142137e-05,2.572,290.0
2014-08-18 21:00:00.000039936,19.5472,166.68,48.615,4.1665367e-05,2.572,295.0
2014-08-19 00:00:00.000039936,20.576,166.68,55.56,4.1909232e-05,3.0864,300.0
2014-08-19 03:00:00.000039936,22.1192,157.42,71.765,4.239659e-05,3.0864,310.0
2014-08-19 06:00:00.000039936,23.148,148.16,87.97,4.288343e-05,3.6008,310.0
2014-08-19 09:00:00.000039936,23.148,148.16,127.325,4.3369746e-05,4.1152,310.0
2014-08-19 12:00:00.000039936,23.148,148.16,166.68,4.409823e-05,3.6008,310.0
2014-08-19 15:00:00.000039936,23.148,138.9,212.98001,4.458322e-05,3.6008,305.0
2014-08-19 18:00:00.000039936,23.148,129.64,259.28,4.506766e-05,3.6008,305.0
2014-08-19 21:00:00.000039936,23.148,129.64,259.28,4.5551555e-05,3.6008,305.0
2014-08-20 00:00:00.000039936,23.148,129.64,259.28,4.6034886e-05,3.0864,300.0
2014-08-20 03:00:00.000039936,23.148,129.64,259.28,4.627635e-05,2.0576,300.0
2014-08-20 06:00:00.000039936,23.148,129.64,259.28,4.651767e-05,1.5432,295.0
2014-08-20 09:00:00.000039936,24.6912,129.64,259.28,4.651767e-05,1.0288,300.0
2014-08-20 12:00:00.000039936,25.720001,129.64,259.28,4.675884e-05,1.0288,310.0
2014-08-20 15:00:00.000039936,27.2632,111.12,259.28,4.6999867e-05,1.5432,315.0
2014-08-20 18:00:00.000039936,28.292,92.6,259.28,4.7240763e-05,1.0288,325.0
2014-08-20 21:00:00.000039936,28.292,92.6,268.54,4.748151e-05,1.0288,335.0
2014-08-21 00:00:00.000039936,28.292,92.6,277.8,4.7722115e-05,1.5432,340.0
2014-08-21 03:00:00.000039936,29.835201,101.86,287.06,4.796257e-05,1.5432,345.0
2014-08-21 06:00:00.000039936,30.864,111.12,296.32,4.844305e-05,2.0576,340.0
2014-08-21 09:00:00.000039936,32.4072,101.86,296.32,4.892293e-05,2.0576,335.0
2014-08-21 12:00:00.000039936,33.436,92.6,296.32,4.9402213e-05,2.572,330.0
2014-08-21 15:00:00.000039936,33.436,101.86,287.06,4.9880902e-05,2.572,325.0
2014-08-21 18:00:00.000039936,33.436,111.12,277.8,5.035898e-05,3.0864,320.0
2014-08-21 21:00:00.000039936,32.4072,111.12,277.8,5.083645e-05,3.6008,315.0
2014-08-22 00:00:00.000039936,30.864,111.12,277.8,5.155148e-05,3.6008,315.0
2014-08-22 03:00:00.000039936,29.835201,111.12,277.8,5.2027382e-05,4.1152,310.0
2014-08-22 06:00:00.000039936,28.292,111.12,277.8,5.2740055e-05,4.1152,310.0
2014-08-22 09:00:00.000039936,28.292,111.12,277.8,5.345127e-05,4.1152,310.0
2014-08-22 12:00:00.000039936,28.292,111.12,277.8,5.392461e-05,3.6008,310.0
2014-08-22 15:00:00.000039936,27.2632,111.12,277.8,5.439729e-05,3.6008,305.0
2014-08-22 18:00:00.000039936,25.720001,111.12,277.8,5.4869302e-05,3.6008,310.0
2014-08-22 21:00:00.000039936,24.6912,111.12,256.965,5.5340646e-05,3.6008,310.0
2014-08-23 00:00:00.000039936,23.148,111.12,236.13,5.6046403e-05,4.1152,315.0
2014-08-23 03:00:00.000039936,22.1192,111.12,217.61,5.6750614e-05,3.6008,310.0
2014-08-23 06:00:00.000039936,20.576,111.12,199.09,5.721923e-05,3.6008,310.0
2014-08-23 09:00:00.000039936,19.5472,111.12,199.09,5.768715e-05,3.6008,305.0
2014-08-23 12:00:00.000039936,18.004,111.12,199.09,5.8154368e-05,3.0864,305.0
2014-08-23 15:00:00.000039936,18.004,111.12,196.775,5.862087e-05,3.0864,310.0
