Time,Vmax,Rmax_IBT,R34,fcor,u_trans,v_trans
2016-08-19 06:00:00.000039936,18.004,92.6,32.41,4.506766e-05,3.0864,300.0
2016-08-19 09:00:00.000039936,18.004,92.6,32.41,4.5309676e-05,3.0864,300.0
2016-08-19 12:00:00.000039936,18.004,92.6,32.41,4.5793287e-05,2.572,305.0
2016-08-19 15:00:00.000039936,18.004,70.376,53.245003,4.6034886e-05,2.572,310.0
2016-08-19 18:00:00.000039936,18.004,46.3,74.08,4.651767e-05,2.572,320.0
2016-08-19 21:00:00.000039936,19.5472,46.3,57.875,4.6999867e-05,3.0864,330.0
2016-08-20 00:00:00.000039936,20.576,46.3,41.67,4.7722115e-05,3.0864,330.0
2016-08-20 03:00:00.000039936,20.576,46.3,41.67,4.8202877e-05,2.572,325.0
2016-08-20 06:00:00.000039936,20.576,46.3,41.67,4.868306e-05,2.0576,320.0
2016-08-20 09:00:00.000039936,22.1192,46.3,41.67,4.916265e-05,2.0576,315.0
2016-08-20 12:00:00.000039936,23.148,46.3,41.67,4.9402213e-05,2.0576,315.0
2016-08-20 15:00:00.000039936,22.1192,46.3,39.355,4.9641636e-05,2.0576,315.0
2016-08-20 18:00:00.000039936,20.576,46.3,37.04,5.012002e-05,2.0576,315.0
2016-08-20 21:00:00.000039936,20.576,46.3,37.04,5.035898e-05,2.572,310.0
2016-08-21 00:00:00.000039936,20.576,46.3,37.04,5.083645e-05,3.0864,305.0
2016-08-21 03:00:00.000039936,19.5472,46.3,55.56,5.1074945e-05,3.0864,300.0
2016-08-21 06:00:00.000039936,18.004,46.3,74.08,5.155148e-05,3.6008,295.0
2016-08-21 09:00:00.000039936,19.5472,46.3,74.08,5.2027382e-05,3.6008,295.0
2016-08-21 12:00:00.000039936,20.576,46.3,74.08,5.22651e-05,3.6008,295.0
2016-08-21 15:00:00.000039936,22.1192,42.596,71.765,5.250265e-05,3.0864,300.0
2016-08-21 18:00:00.000039936,23.148,37.04,69.45,5.2977284e-05,3.0864,300.0
2016-08-21 21:00:00.000039936,23.148,37.04,67.134995,5.345127e-05,3.0864,300.0
2016-08-22 00:00:00.000039936,23.148,37.04,64.82,5.3688025e-05,3.0864,295.0
2016-08-22 03:00:00.000039936,23.148,37.04,64.82,5.392461e-05,3.0864,290.0
2016-08-22 06:00:00.000039936,23.148,37.04,64.82,5.4161024e-05,3.0864,285.0
2016-08-22 09:00:00.000039936,23.148,37.04,64.82,5.439729e-05,3.0864,280.0
2016-08-22 12:00:00.000039936,23.148,37.04,64.82,5.439729e-05,3.0864,275.0
2016-08-22 15:00:00.000039936,22.1192,37.04,60.190002,5.439729e-05,3.0864,270.0
2016-08-22 18:00:00.000039936,20.576,37.04,55.56,5.439729e-05,3.6008,270.0
2016-08-22 21:00:00.000039936,19.5472,37.04,55.56,5.439729e-05,3.0864,270.0
