Time,Vmax,Rmax_IBT,R34,fcor,u_trans,v_trans
2018-08-06 00:00:00.000039936,18.004,74.08,18.52,3.651592e-05,4.1152,290.0
2018-08-06 03:00:00.000039936,20.576,64.82,46.300003,3.67623e-05,3.6008,295.0
2018-08-06 06:00:00.000039936,23.148,55.56,74.08,3.7254722e-05,3.6008,305.0
2018-08-06 09:00:00.000039936,25.720001,55.56,90.285,3.7746686e-05,3.6008,315.0
2018-08-06 12:00:00.000039936,28.292,55.56,106.490005,3.8483773e-05,3.6008,325.0
2018-08-06 15:00:00.000039936,30.864,55.56,122.69499,3.9219805e-05,3.6008,325.0
2018-08-06 18:00:00.000039936,33.436,55.56,138.90001,3.995476e-05,3.6008,325.0
2018-08-06 21:00:00.000039936,34.979202,46.3,143.53,4.0688625e-05,4.1152,320.0
2018-08-07 00:00:00.000039936,36.008,37.04,148.16,4.142137e-05,4.1152,320.0
2018-08-07 03:00:00.000039936,38.58,33.336,152.79001,4.2152973e-05,4.1152,315.0
2018-08-07 06:00:00.000039936,41.152,27.78,157.42,4.288343e-05,4.1152,320.0
2018-08-07 09:00:00.000039936,43.724,27.78,159.735,4.3612705e-05,4.1152,320.0
2018-08-07 12:00:00.000039936,46.296,27.78,162.04999,4.4340795e-05,4.1152,320.0
2018-08-07 15:00:00.000039936,47.8392,33.336,162.04999,4.506766e-05,4.1152,315.0
2018-08-07 18:00:00.000039936,48.868,37.04,162.04999,4.5793287e-05,4.6296,315.0
2018-08-07 21:00:00.000039936,47.8392,33.336,162.04999,4.651767e-05,4.6296,310.0
2018-08-08 00:00:00.000039936,46.296,27.78,162.04999,4.7240763e-05,4.6296,315.0
2018-08-08 03:00:00.000039936,43.724,27.78,162.04999,4.796257e-05,5.144,315.0
2018-08-08 06:00:00.000039936,41.152,27.78,162.04999,4.892293e-05,5.144,320.0
2018-08-08 09:00:00.000039936,40.1232,27.78,162.04999,4.9880902e-05,5.6584,325.0
2018-08-08 12:00:00.000039936,38.58,27.78,162.04999,5.1074945e-05,6.1728,325.0
2018-08-08 15:00:00.000039936,38.58,27.78,162.04999,5.22651e-05,6.6872,325.0
2018-08-08 18:00:00.000039936,38.58,27.78,162.04999,5.345127e-05,7.2016,320.0
2018-08-08 21:00:00.000039936,37.5512,27.78,162.05,5.4633376e-05,7.2016,315.0
2018-08-09 00:00:00.000039936,36.008,27.78,162.05,5.581132e-05,7.2016,310.0
2018-08-09 03:00:00.000039936,34.979202,37.04,162.05,5.6750614e-05,7.2016,305.0
2018-08-09 06:00:00.000039936,33.436,46.3,162.05,5.768715e-05,7.2016,300.0
2018-08-09 09:00:00.000039936,32.4072,46.3,162.05,5.83877e-05,7.2016,295.0
2018-08-09 12:00:00.000039936,30.864,46.3,162.05,5.9086666e-05,6.6872,295.0
2018-08-09 15:00:00.000039936,29.835201,46.3,162.05,5.9551734e-05,5.6584,295.0
2018-08-09 18:00:00.000039936,28.292,46.3,162.05,6.0247978e-05,5.144,300.0
2018-08-09 21:00:00.000039936,27.2632,42.596,150.475,6.0942573e-05,5.144,305.0
2018-08-10 00:00:00.000039936,25.720001,37.04,138.9,6.1635496e-05,5.144,310.0
2018-08-10 03:00:00.000039936,24.6912,55.56,129.64,6.2326726e-05,4.6296,310.0
2018-08-10 06:00:00.000039936,23.148,74.08,120.380005,6.3016254e-05,5.144,315.0
2018-08-10 09:00:00.000039936,20.576,74.08,87.96999,6.370404e-05,5.144,315.0
