Time,Vmax,Rmax_IBT,R34,fcor,u_trans,v_trans
2007-09-18 21:00:00.000039936,18.004,55.56,37.04,3.5282377e-05,5.144,300.0
2007-09-19 00:00:00.000039936,20.576,55.56,37.04,3.577612e-05,5.144,295.0
2007-09-19 03:00:00.000039936,23.148,46.3,43.985,3.626943e-05,5.144,295.0
2007-09-19 06:00:00.000039936,25.720001,37.04,50.93,3.67623e-05,5.144,295.0
2007-09-19 09:00:00.000039936,27.2632,33.336,66.209,3.7254722e-05,5.144,290.0
2007-09-19 12:00:00.000039936,28.292,27.78,81.025,3.7746686e-05,5.144,290.0
2007-09-19 15:00:00.000039936,29.835201,27.78,89.359,3.8238195e-05,4.6296,290.0
2007-09-19 18:00:00.000039936,30.864,27.78,97.23,3.8483773e-05,4.1152,295.0
2007-09-19 21:00:00.000039936,32.4072,27.78,102.323,3.897458e-05,3.0864,310.0
2007-09-20 00:00:00.000039936,33.436,27.78,106.49,3.9464914e-05,3.0864,320.0
2007-09-20 03:00:00.000039936,33.436,27.78,106.49,3.995476e-05,3.0864,320.0
2007-09-20 06:00:00.000039936,33.436,27.78,106.49,4.0688625e-05,3.0864,330.0
2007-09-20 09:00:00.000039936,33.436,27.78,106.49,4.142137e-05,3.6008,335.0
2007-09-20 12:00:00.000039936,33.436,27.78,106.49,4.2152973e-05,3.6008,335.0
2007-09-20 15:00:00.000039936,34.979202,27.78,106.49,4.288343e-05,4.1152,340.0
2007-09-20 18:00:00.000039936,36.008,27.78,106.49,4.385554e-05,4.1152,340.0
2007-09-20 21:00:00.000039936,36.008,27.78,106.49,4.4825505e-05,4.1152,340.0
2007-09-21 00:00:00.000039936,36.008,27.78,106.49,4.5551555e-05,3.6008,340.0
2007-09-21 03:00:00.000039936,36.008,27.78,106.49,4.627635e-05,3.0864,340.0
2007-09-21 06:00:00.000039936,36.008,27.78,106.49,4.6999867e-05,3.0864,350.0
2007-09-21 09:00:00.000039936,34.979202,27.78,106.49,4.7722115e-05,2.572,0.0
2007-09-21 12:00:00.000039936,33.436,27.78,106.49,4.8202877e-05,2.572,5.0
2007-09-21 15:00:00.000039936,32.4072,27.78,105.563995,4.868306e-05,2.572,10.0
2007-09-21 18:00:00.000039936,30.864,27.78,104.174995,4.9402213e-05,2.572,15.0
2007-09-21 21:00:00.000039936,29.835201,27.78,104.174995,5.012002e-05,2.572,20.0
2007-09-22 00:00:00.000039936,28.292,27.78,104.174995,5.059779e-05,2.572,25.0
2007-09-22 03:00:00.000039936,27.2632,27.78,93.063,5.1074945e-05,2.0576,25.0
2007-09-22 06:00:00.000039936,25.720001,27.78,81.025,5.155148e-05,2.572,25.0
2007-09-22 09:00:00.000039936,24.6912,27.78,59.264,5.22651e-05,3.0864,30.0
2007-09-22 12:00:00.000039936,23.148,27.78,37.04,5.2740055e-05,2.572,30.0
2007-09-22 15:00:00.000039936,20.576,42.596,37.04,5.321436e-05,2.572,35.0
