Time,Vmax,Rmax_IBT,R34,fcor,u_trans,v_trans
2021-08-10 12:00:00.000039936,18.004,92.6,69.450005,3.3798577e-05,5.144,305.0
2021-08-10 15:00:00.000039936,19.5472,83.34,81.025,3.454095e-05,4.6296,305.0
2021-08-10 18:00:00.000039936,20.576,74.08,92.600006,3.5035337e-05,4.6296,295.0
2021-08-10 21:00:00.000039936,22.1192,74.08,115.75,3.5282377e-05,4.6296,285.0
2021-08-11 00:00:00.000039936,23.148,74.08,138.9,3.5529305e-05,4.6296,275.0
2021-08-11 03:00:00.000039936,24.6912,74.08,143.53,3.5529305e-05,5.144,270.0
2021-08-11 06:00:00.000039936,25.720001,74.08,148.16,3.5529305e-05,5.144,260.0
2021-08-11 09:00:00.000039936,27.2632,74.08,148.16,3.5282377e-05,4.6296,250.0
2021-08-11 12:00:00.000039936,28.292,74.08,148.16,3.47882e-05,4.1152,250.0
2021-08-11 15:00:00.000039936,28.292,64.82,148.16,3.454095e-05,3.0864,260.0
2021-08-11 18:00:00.000039936,28.292,55.56,148.16,3.454095e-05,2.572,270.0
2021-08-11 21:00:00.000039936,28.292,55.56,150.475,3.454095e-05,2.572,280.0
2021-08-12 00:00:00.000039936,28.292,55.56,152.79,3.47882e-05,3.0864,290.0
2021-08-12 03:00:00.000039936,29.835201,46.3,150.47499,3.5035337e-05,3.6008,295.0
2021-08-12 06:00:00.000039936,30.864,37.04,148.16,3.5529305e-05,3.6008,300.0
2021-08-12 09:00:00.000039936,32.4072,37.04,148.16,3.6022833e-05,3.6008,305.0
2021-08-12 12:00:00.000039936,33.436,37.04,148.16,3.651592e-05,4.1152,305.0
2021-08-12 15:00:00.000039936,33.436,37.04,150.47499,3.700857e-05,4.6296,305.0
2021-08-12 18:00:00.000039936,33.436,37.04,152.79,3.7746686e-05,5.144,300.0
2021-08-12 21:00:00.000039936,34.979202,37.04,162.05,3.8483773e-05,5.6584,295.0
2021-08-13 00:00:00.000039936,36.008,37.04,171.31,3.897458e-05,5.144,300.0
2021-08-13 03:00:00.000039936,38.58,33.336,171.31,3.9464914e-05,5.144,300.0
2021-08-13 06:00:00.000039936,41.152,27.78,171.31,4.0199502e-05,5.6584,300.0
2021-08-13 09:00:00.000039936,43.724,27.78,166.68,4.093299e-05,6.1728,300.0
2021-08-13 12:00:00.000039936,46.296,27.78,162.05,4.1665367e-05,6.1728,300.0
2021-08-13 15:00:00.000039936,48.868,27.78,157.42001,4.239659e-05,6.1728,300.0
2021-08-13 18:00:00.000039936,51.440002,27.78,152.79001,4.3126656e-05,5.6584,300.0
2021-08-13 21:00:00.000039936,52.9832,27.78,155.105,4.385554e-05,5.6584,300.0
2021-08-14 00:00:00.000039936,54.012,27.78,157.42,4.4340795e-05,5.6584,300.0
2021-08-14 03:00:00.000039936,54.012,27.78,164.365,4.506766e-05,5.6584,300.0
2021-08-14 06:00:00.000039936,54.012,27.78,171.31,4.5551555e-05,6.1728,295.0
2021-08-14 09:00:00.000039936,56.584,27.78,171.31,4.6034886e-05,6.1728,290.0
2021-08-14 12:00:00.000039936,59.156002,27.78,171.31,4.651767e-05,5.6584,290.0
2021-08-14 15:00:00.000039936,59.156002,27.78,171.31,4.6999867e-05,5.144,290.0
2021-08-14 18:00:00.000039936,59.156002,27.78,171.31,4.7240763e-05,5.6584,285.0
2021-08-14 21:00:00.000039936,58.1272,27.78,168.99501,4.7722115e-05,6.1728,285.0
2021-08-15 00:00:00.000039936,56.584,27.78,166.68001,4.796257e-05,5.6584,280.0
2021-08-15 03:00:00.000039936,55.5552,27.78,157.42,4.796257e-05,4.6296,270.0
2021-08-15 06:00:00.000039936,54.012,27.78,148.16,4.796257e-05,4.6296,265.0
2021-08-15 09:00:00.000039936,52.9832,33.336,148.16,4.796257e-05,5.144,265.0
2021-08-15 12:00:00.000039936,51.440002,37.04,148.16,4.7722115e-05,5.144,260.0
2021-08-15 15:00:00.000039936,50.4112,37.04,143.53,4.748151e-05,5.144,260.0
2021-08-15 18:00:00.000039936,48.868,37.04,138.9,4.7240763e-05,4.6296,260.0
2021-08-15 21:00:00.000039936,48.868,37.04,138.9,4.6999867e-05,4.6296,255.0
2021-08-16 00:00:00.000039936,48.868,37.04,138.9,4.675884e-05,4.6296,250.0
2021-08-16 03:00:00.000039936,47.8392,37.04,141.215,4.627635e-05,4.6296,245.0
2021-08-16 06:00:00.000039936,46.296,37.04,143.53,4.5793287e-05,4.6296,245.0
2021-08-16 09:00:00.000039936,46.296,37.04,143.53,4.5309676e-05,4.1152,250.0
2021-08-16 12:00:00.000039936,46.296,37.04,143.53,4.506766e-05,4.1152,250.0
2021-08-16 15:00:00.000039936,45.2672,42.596,145.845,4.4825505e-05,4.1152,255.0
2021-08-16 18:00:00.000039936,43.724,46.3,148.16,4.458322e-05,4.1152,260.0
2021-08-16 21:00:00.000039936,42.6952,46.3,148.16,4.4340795e-05,4.6296,265.0
2021-08-17 00:00:00.000039936,41.152,46.3,148.16,4.4340795e-05,4.6296,265.0
2021-08-17 03:00:00.000039936,40.1232,46.3,143.53,4.409823e-05,5.144,265.0
2021-08-17 06:00:00.000039936,38.58,46.3,138.9,4.409823e-05,4.6296,265.0
2021-08-17 09:00:00.000039936,40.1232,46.3,138.9,4.385554e-05,4.6296,265.0
2021-08-17 12:00:00.000039936,41.152,46.3,138.9,4.385554e-05,4.1152,270.0
2021-08-17 15:00:00.000039936,42.6952,46.3,136.58499,4.385554e-05,4.6296,275.0
2021-08-17 18:00:00.000039936,43.724,46.3,134.26999,4.409823e-05,5.144,275.0
2021-08-17 21:00:00.000039936,45.2672,42.596,134.26999,4.409823e-05,5.6584,275.0
2021-08-18 00:00:00.000039936,46.296,37.04,134.26999,4.4340795e-05,5.6584,280.0
2021-08-18 03:00:00.000039936,46.296,37.04,134.26999,4.458322e-05,5.6584,280.0
2021-08-18 06:00:00.000039936,46.296,37.04,134.26999,4.4825505e-05,5.6584,280.0
2021-08-18 09:00:00.000039936,47.8392,37.04,134.26999,4.506766e-05,6.1728,280.0
2021-08-18 12:00:00.000039936,48.868,37.04,134.26999,4.5309676e-05,6.1728,285.0
2021-08-18 15:00:00.000039936,47.8392,37.04,131.95499,4.5793287e-05,6.1728,290.0
2021-08-18 18:00:00.000039936,46.296,37.04,129.64,4.627635e-05,7.2016,290.0
2021-08-18 21:00:00.000039936,43.724,37.04,122.69501,4.675884e-05,7.716,290.0
2021-08-19 00:00:00.000039936,41.152,37.04,115.75,4.748151e-05,7.716,290.0
2021-08-19 03:00:00.000039936,38.58,37.04,113.435,4.796257e-05,7.716,285.0
2021-08-19 06:00:00.000039936,36.008,37.04,111.119995,4.844305e-05,7.2016,280.0
2021-08-19 09:00:00.000039936,32.4072,42.596,111.119995,4.868306e-05,7.2016,280.0
2021-08-19 12:00:00.000039936,28.292,46.3,111.119995,4.892293e-05,7.716,275.0
2021-08-19 15:00:00.000039936,25.720001,51.856,101.86,4.892293e-05,8.2304,270.0
2021-08-19 18:00:00.000039936,23.148,55.56,92.600006,4.892293e-05,8.2304,275.0
2021-08-19 21:00:00.000039936,22.1192,64.82,83.340004,4.916265e-05,7.716,280.0
2021-08-20 00:00:00.000039936,20.576,74.08,74.08,4.9402213e-05,7.716,275.0
2021-08-20 03:00:00.000039936,20.576,74.08,64.82,4.9641636e-05,7.2016,275.0
2021-08-20 06:00:00.000039936,20.576,74.08,55.56,4.9641636e-05,7.2016,275.0
2021-08-20 09:00:00.000039936,19.5472,83.34,50.93,4.9880902e-05,7.2016,275.0
2021-08-20 12:00:00.000039936,18.004,92.6,46.3,4.9880902e-05,7.2016,270.0
2021-08-20 15:00:00.000039936,18.004,92.6,46.3,4.9880902e-05,6.6872,265.0
2021-08-20 18:00:00.000039936,18.004,92.6,46.3,4.9641636e-05,6.6872,265.0
2021-08-20 21:00:00.000039936,18.004,92.6,46.3,4.9641636e-05,6.6872,270.0
2021-08-21 00:00:00.000039936,18.004,92.6,46.3,4.9641636e-05,6.6872,270.0
2021-08-21 03:00:00.000039936,18.004,92.6,46.3,4.9641636e-05,5.6584,270.0
2021-08-21 06:00:00.000039936,18.004,92.6,46.3,4.9641636e-05,4.6296,270.0
2021-08-21 09:00:00.000039936,18.004,92.6,46.3,4.9641636e-05,4.1152,280.0
2021-08-21 12:00:00.000039936,18.004,92.6,46.3,4.9880902e-05,4.1152,285.0
2021-08-21 15:00:00.000039936,19.5472,92.6,55.56,5.012002e-05,4.1152,290.0
2021-08-21 18:00:00.000039936,20.576,92.6,64.82,5.059779e-05,4.1152,295.0
2021-08-21 21:00:00.000039936,20.576,92.6,64.82,5.1074945e-05,4.1152,290.0
2021-08-22 00:00:00.000039936,20.576,92.6,64.82,5.131329e-05,4.6296,285.0
2021-08-22 03:00:00.000039936,19.5472,92.6,60.19,5.155148e-05,4.6296,275.0
2021-08-22 06:00:00.000039936,18.004,92.6,55.56,5.155148e-05,5.144,280.0
2021-08-22 09:00:00.000039936,18.004,92.6,55.56,5.178951e-05,5.144,280.0
2021-08-22 12:00:00.000039936,18.004,92.6,55.56,5.2027382e-05,4.6296,280.0
2021-08-22 15:00:00.000039936,19.5472,92.6,60.19,5.22651e-05,4.6296,275.0
2021-08-22 18:00:00.000039936,20.576,92.6,64.82,5.22651e-05,5.144,270.0
2021-08-22 21:00:00.000039936,20.576,92.6,64.82,5.22651e-05,5.144,270.0
2021-08-23 00:00:00.000039936,20.576,92.6,64.82,5.22651e-05,5.144,270.0
2021-08-23 03:00:00.000039936,20.576,92.6,64.82,5.22651e-05,4.6296,270.0
2021-08-23 06:00:00.000039936,20.576,92.6,64.82,5.22651e-05,4.1152,270.0
2021-08-23 09:00:00.000039936,19.5472,92.6,60.19,5.22651e-05,3.6008,270.0
2021-08-23 12:00:00.000039936,18.004,92.6,55.56,5.22651e-05,3.0864,280.0
2021-08-23 15:00:00.000039936,18.004,92.6,55.56,5.250265e-05,3.6008,285.0
