Time,Vmax,Rmax_IBT,R34,fcor,u_trans,v_trans
2020-08-16 18:00:00.000039936,18.004,46.3,74.08,2.9824112e-05,8.2304,290.0
2020-08-16 21:00:00.000039936,20.576,46.3,78.71,3.0322259e-05,8.2304,290.0
2020-08-17 00:00:00.000039936,23.148,46.3,83.340004,3.1068776e-05,8.2304,290.0
2020-08-17 03:00:00.000039936,25.720001,42.596,115.74999,3.1814445e-05,8.2304,290.0
2020-08-17 06:00:00.000039936,28.292,37.04,148.16,3.2559245e-05,8.2304,300.0
2020-08-17 09:00:00.000039936,30.864,37.04,148.16,3.3798577e-05,8.2304,310.0
2020-08-17 12:00:00.000039936,33.436,37.04,148.16,3.5035337e-05,8.744801,305.0
2020-08-17 15:00:00.000039936,36.008,33.336,166.68,3.626943e-05,9.2592,305.0
2020-08-17 18:00:00.000039936,38.58,27.78,185.20001,3.7500762e-05,9.2592,305.0
2020-08-17 21:00:00.000039936,41.152,27.78,185.20001,3.872924e-05,9.2592,305.0
2020-08-18 00:00:00.000039936,43.724,27.78,185.20001,4.0199502e-05,8.744801,310.0
2020-08-18 03:00:00.000039936,45.2672,27.78,189.83,4.142137e-05,8.2304,310.0
2020-08-18 06:00:00.000039936,46.296,27.78,194.46,4.2640077e-05,7.2016,310.0
2020-08-18 09:00:00.000039936,52.9832,27.78,194.46,4.3612705e-05,6.1728,305.0
2020-08-18 12:00:00.000039936,59.156002,27.78,194.46,4.4340795e-05,5.144,305.0
2020-08-18 15:00:00.000039936,58.1272,27.78,189.83,4.506766e-05,4.6296,310.0
2020-08-18 18:00:00.000039936,56.584,27.78,185.2,4.5793287e-05,4.6296,320.0
2020-08-18 21:00:00.000039936,55.5552,27.78,185.2,4.675884e-05,4.6296,330.0
2020-08-19 00:00:00.000039936,54.012,27.78,185.2,4.7722115e-05,4.6296,335.0
2020-08-19 03:00:00.000039936,51.440002,27.78,185.2,4.868306e-05,4.6296,335.0
2020-08-19 06:00:00.000039936,48.868,27.78,185.2,4.9641636e-05,4.6296,335.0
2020-08-19 09:00:00.000039936,47.8392,27.78,185.2,5.059779e-05,4.1152,330.0
2020-08-19 12:00:00.000039936,46.296,27.78,185.2,5.131329e-05,3.6008,330.0
2020-08-19 15:00:00.000039936,43.724,27.78,173.62498,5.2027382e-05,3.0864,330.0
2020-08-19 18:00:00.000039936,41.152,27.78,162.05002,5.250265e-05,3.0864,345.0
2020-08-19 21:00:00.000039936,40.1232,27.78,162.05002,5.321436e-05,3.0864,350.0
2020-08-20 00:00:00.000039936,38.58,27.78,162.05002,5.392461e-05,3.6008,340.0
2020-08-20 03:00:00.000039936,37.5512,27.78,162.05002,5.4633376e-05,4.1152,320.0
2020-08-20 06:00:00.000039936,36.008,27.78,162.05002,5.5340646e-05,4.1152,315.0
2020-08-20 09:00:00.000039936,34.979202,27.78,155.10501,5.6046403e-05,4.6296,315.0
2020-08-20 12:00:00.000039936,33.436,27.78,148.16,5.6750614e-05,4.6296,310.0
2020-08-20 15:00:00.000039936,32.4072,33.336,141.215,5.7453286e-05,4.6296,305.0
2020-08-20 18:00:00.000039936,30.864,37.04,134.26999,5.7920843e-05,4.6296,295.0
2020-08-20 21:00:00.000039936,29.835201,46.3,127.325,5.83877e-05,4.6296,290.0
2020-08-21 00:00:00.000039936,28.292,55.56,120.380005,5.862087e-05,4.6296,290.0
2020-08-21 03:00:00.000039936,25.720001,64.82,108.805,5.9086666e-05,4.6296,295.0
2020-08-21 06:00:00.000039936,23.148,74.08,97.229996,5.9551734e-05,4.6296,305.0
2020-08-21 09:00:00.000039936,22.1192,74.08,94.915,6.0247978e-05,4.6296,315.0
2020-08-21 12:00:00.000039936,20.576,74.08,92.6,6.0942573e-05,4.6296,315.0
2020-08-21 15:00:00.000039936,19.5472,83.34,62.504997,6.1635496e-05,4.6296,320.0
