Time,Vmax,Rmax_IBT,R34,fcor,u_trans,v_trans
2003-09-14 12:00:00.000040448,18.004,55.56,83.34,4.142137e-05,4.6296,320.0
2003-09-14 15:00:00.000040448,19.5472,55.56,90.74799,4.2152973e-05,4.6296,310.0
2003-09-14 18:00:00.000040448,20.576,55.56,97.23,4.288343e-05,4.6296,310.0
2003-09-14 21:00:00.000040448,22.1192,55.56,104.638,4.3612705e-05,4.6296,310.0
2003-09-15 00:00:00.000040448,23.148,55.56,111.12,4.4340795e-05,4.6296,310.0
2003-09-15 03:00:00.000040448,25.720001,55.56,111.12,4.506766e-05,5.144,310.0
2003-09-15 06:00:00.000040448,28.292,55.56,111.12,4.5793287e-05,5.144,310.0
2003-09-15 09:00:00.000040448,30.864,51.856,120.38,4.651767e-05,5.144,315.0
2003-09-15 12:00:00.000040448,33.436,46.3,129.64,4.748151e-05,5.144,320.0
2003-09-15 15:00:00.000040448,33.436,46.3,138.9,4.844305e-05,5.144,315.0
2003-09-15 18:00:00.000040448,33.436,46.3,148.16,4.916265e-05,4.6296,310.0
2003-09-15 21:00:00.000040448,32.4072,46.3,148.16,4.9641636e-05,4.6296,300.0
2003-09-16 00:00:00.000040448,30.864,46.3,148.16,5.012002e-05,4.6296,295.0
2003-09-16 03:00:00.000040448,29.835201,46.3,148.16,5.059779e-05,4.6296,300.0
2003-09-16 06:00:00.000040448,28.292,46.3,148.16,5.1074945e-05,3.6008,300.0
2003-09-16 09:00:00.000040448,25.720001,46.3,148.16,5.131329e-05,2.572,295.0
2003-09-16 12:00:00.000040448,23.148,46.3,148.16,5.155148e-05,2.572,280.0
2003-09-16 15:00:00.000040448,22.1192,46.3,148.16,5.155148e-05,3.0864,270.0
2003-09-16 18:00:00.000040448,20.576,46.3,148.16,5.155148e-05,3.0864,255.0
2003-09-16 21:00:00.000040448,19.5472,46.3,138.9,5.131329e-05,2.572,245.0
