Time,Vmax,Rmax_IBT,R34,fcor,u_trans,v_trans
2009-08-25 00:00:00.000039936,18.004,55.56,62.504997,4.3126656e-05,5.6584,305.0
2009-08-25 03:00:00.000039936,19.5472,55.56,62.504997,4.3612705e-05,5.6584,300.0
2009-08-25 06:00:00.000039936,20.576,55.56,62.504997,4.4340795e-05,5.6584,300.0
2009-08-25 09:00:00.000039936,22.1192,83.34,75.932,4.506766e-05,5.6584,300.0
2009-08-25 12:00:00.000039936,23.148,111.12,87.97,4.5793287e-05,6.1728,305.0
2009-08-25 15:00:00.000039936,23.148,111.12,109.268,4.675884e-05,6.6872,310.0
2009-08-25 18:00:00.000039936,23.148,111.12,129.64,4.7722115e-05,6.6872,305.0
2009-08-25 21:00:00.000039936,23.148,101.86,134.733,4.868306e-05,6.6872,300.0
2009-08-26 00:00:00.000039936,23.148,92.6,138.9,4.9402213e-05,7.2016,300.0
2009-08-26 03:00:00.000039936,23.148,92.6,138.9,5.012002e-05,7.2016,295.0
2009-08-26 06:00:00.000039936,23.148,92.6,138.9,5.083645e-05,6.6872,300.0
2009-08-26 09:00:00.000039936,23.148,92.6,159.735,5.178951e-05,6.1728,310.0
2009-08-26 12:00:00.000039936,23.148,92.6,180.56999,5.2740055e-05,6.1728,315.0
2009-08-26 15:00:00.000039936,22.1192,111.12,201.868,5.392461e-05,6.6872,320.0
2009-08-26 18:00:00.000039936,20.576,129.64,222.24,5.510506e-05,6.6872,320.0
2009-08-26 21:00:00.000039936,19.5472,129.64,222.24,5.6281307e-05,6.6872,320.0
