Time,Vmax,Rmax_IBT,R34,fcor,u_trans,v_trans
2006-09-14 06:00:00.000039936,18.004,111.12,173.625,4.1909232e-05,5.6584,300.0
2006-09-14 09:00:00.000039936,19.5472,111.12,170.384,4.2640077e-05,5.6584,300.0
2006-09-14 12:00:00.000039936,20.576,111.12,166.68,4.3126656e-05,5.144,295.0
2006-09-14 15:00:00.000039936,22.1192,74.08,159.73499,4.3612705e-05,4.6296,300.0
2006-09-14 18:00:00.000039936,23.148,37.04,152.79,4.409823e-05,4.1152,300.0
2006-09-14 21:00:00.000039936,24.6912,37.04,156.494,4.458322e-05,3.6008,305.0
2006-09-15 00:00:00.000039936,25.720001,37.04,159.735,4.506766e-05,3.6008,305.0
2006-09-15 03:00:00.000039936,27.2632,37.04,149.549,4.5551555e-05,4.1152,310.0
2006-09-15 06:00:00.000039936,28.292,37.04,138.9,4.627635e-05,4.1152,325.0
2006-09-15 09:00:00.000039936,30.864,33.336,138.9,4.7240763e-05,4.6296,335.0
2006-09-15 12:00:00.000039936,33.436,27.78,138.9,4.8202877e-05,5.144,340.0
2006-09-15 15:00:00.000039936,36.008,27.78,135.659,4.9402213e-05,5.144,345.0
2006-09-15 18:00:00.000039936,38.58,27.78,131.955,5.059779e-05,5.6584,345.0
2006-09-15 21:00:00.000039936,42.6952,27.78,153.71599,5.178951e-05,5.144,345.0
2006-09-16 00:00:00.000039936,46.296,27.78,173.625,5.2977284e-05,5.144,345.0
2006-09-16 03:00:00.000039936,48.868,27.78,173.625,5.4161024e-05,4.6296,345.0
2006-09-16 06:00:00.000039936,51.440002,27.78,173.625,5.510506e-05,4.6296,345.0
2006-09-16 09:00:00.000039936,54.012,24.076,173.625,5.6046403e-05,4.6296,350.0
2006-09-16 12:00:00.000039936,56.584,18.52,173.625,5.721923e-05,5.144,350.0
2006-09-16 15:00:00.000039936,56.584,18.52,171.31,5.83877e-05,4.6296,355.0
2006-09-16 18:00:00.000039936,56.584,18.52,168.995,5.9319285e-05,3.6008,355.0
