Time,Vmax,Rmax_IBT,R34,fcor,u_trans,v_trans
2012-09-22 12:00:00.000039936,18.004,55.56,13.89,3.5035337e-05,2.572,300.0
2012-09-22 15:00:00.000039936,18.004,70.376,27.78,3.5282377e-05,3.0864,300.0
2012-09-22 18:00:00.000039936,18.004,83.34,41.670002,3.577612e-05,3.6008,305.0
2012-09-22 21:00:00.000039936,19.5472,83.34,57.875,3.626943e-05,3.6008,305.0
2012-09-23 00:00:00.000039936,20.576,83.34,74.08,3.67623e-05,3.6008,305.0
2012-09-23 03:00:00.000039936,22.1192,83.34,78.71001,3.7254722e-05,3.6008,305.0
2012-09-23 06:00:00.000039936,23.148,83.34,83.34,3.7746686e-05,3.6008,300.0
2012-09-23 09:00:00.000039936,25.720001,70.376,83.34,3.8238195e-05,4.1152,300.0
2012-09-23 12:00:00.000039936,28.292,55.56,83.34,3.872924e-05,4.1152,305.0
2012-09-23 15:00:00.000039936,29.835201,55.56,90.284996,3.9219805e-05,4.1152,305.0
2012-09-23 18:00:00.000039936,30.864,55.56,97.23,3.995476e-05,4.6296,305.0
2012-09-23 21:00:00.000039936,34.979202,46.3,120.38,4.0444127e-05,4.6296,305.0
2012-09-24 00:00:00.000039936,38.58,37.04,143.53,4.1177245e-05,5.144,305.0
2012-09-24 03:00:00.000039936,42.6952,27.78,152.79,4.1909232e-05,5.6584,305.0
2012-09-24 06:00:00.000039936,46.296,18.52,162.05,4.2640077e-05,5.144,305.0
2012-09-24 09:00:00.000039936,50.4112,18.52,162.05,4.3369746e-05,4.6296,305.0
2012-09-24 12:00:00.000039936,54.012,18.52,162.05,4.385554e-05,4.1152,305.0
2012-09-24 15:00:00.000039936,52.9832,18.52,166.68001,4.4340795e-05,3.6008,305.0
2012-09-24 18:00:00.000039936,51.440002,18.52,171.31,4.4825505e-05,3.6008,300.0
2012-09-24 21:00:00.000039936,51.440002,33.336,173.62498,4.5309676e-05,3.0864,300.0
2012-09-25 00:00:00.000039936,51.440002,46.3,175.93999,4.5551555e-05,2.572,300.0
2012-09-25 03:00:00.000039936,50.4112,46.3,173.625,4.5793287e-05,1.5432,305.0
2012-09-25 06:00:00.000039936,48.868,46.3,171.31,4.6034886e-05,2.0576,300.0
2012-09-25 09:00:00.000039936,46.296,51.856,171.31,4.627635e-05,2.0576,300.0
2012-09-25 12:00:00.000039936,43.724,55.56,171.31,4.651767e-05,2.0576,295.0
2012-09-25 15:00:00.000039936,41.152,51.856,159.735,4.675884e-05,2.0576,300.0
2012-09-25 18:00:00.000039936,38.58,46.3,148.16,4.6999867e-05,1.5432,305.0
2012-09-25 21:00:00.000039936,36.008,46.3,148.16,4.7240763e-05,1.5432,315.0
2012-09-26 00:00:00.000039936,33.436,46.3,148.16,4.748151e-05,1.5432,325.0
2012-09-26 03:00:00.000039936,32.4072,51.856,148.16,4.7722115e-05,2.0576,330.0
2012-09-26 06:00:00.000039936,30.864,55.56,148.16,4.8202877e-05,2.0576,340.0
2012-09-26 09:00:00.000039936,29.835201,55.56,143.53,4.868306e-05,2.572,350.0
2012-09-26 12:00:00.000039936,28.292,55.56,138.9,4.9402213e-05,3.0864,5.0
2012-09-26 15:00:00.000039936,27.2632,55.56,138.9,5.012002e-05,3.0864,10.0
2012-09-26 18:00:00.000039936,25.720001,55.56,138.9,5.083645e-05,3.6008,355.0
2012-09-26 21:00:00.000039936,24.6912,61.116,141.215,5.178951e-05,4.1152,340.0
2012-09-27 00:00:00.000039936,23.148,64.82,143.53,5.250265e-05,3.0864,335.0
2012-09-27 03:00:00.000039936,22.1192,79.636,143.53,5.2977284e-05,2.0576,335.0
2012-09-27 06:00:00.000039936,20.576,92.6,143.53,5.345127e-05,2.572,330.0
2012-09-27 09:00:00.000039936,19.5472,92.6,136.58499,5.4161024e-05,3.0864,325.0
