Time,Vmax,Rmax_IBT,R34,fcor,u_trans,v_trans
2013-09-13 18:00:00.000039936,18.004,37.04,18.52,3.8483773e-05,2.0576,275.0
2013-09-13 21:00:00.000039936,19.5472,46.3,43.985,3.8483773e-05,1.5432,290.0
2013-09-14 00:00:00.000039936,20.576,55.56,69.45,3.872924e-05,1.0288,295.0
2013-09-14 03:00:00.000039936,22.1192,55.56,69.45,3.872924e-05,0.5144,315.0
2013-09-14 06:00:00.000039936,23.148,55.56,69.45,3.897458e-05,1.5432,20.0
2013-09-14 09:00:00.000039936,23.148,51.856,87.97,3.9464914e-05,2.0576,25.0
2013-09-14 12:00:00.000039936,23.148,46.3,106.49,3.995476e-05,2.572,15.0
2013-09-14 15:00:00.000039936,24.6912,42.596,111.119995,4.0444127e-05,2.572,0.0
2013-09-14 18:00:00.000039936,25.720001,37.04,115.75,4.1177245e-05,3.0864,355.0
2013-09-14 21:00:00.000039936,27.2632,33.336,127.325,4.1909232e-05,3.0864,350.0
2013-09-15 00:00:00.000039936,28.292,27.78,138.9,4.2640077e-05,3.6008,340.0
2013-09-15 03:00:00.000039936,29.835201,27.78,136.58499,4.3369746e-05,3.6008,330.0
2013-09-15 06:00:00.000039936,30.864,27.78,134.27,4.409823e-05,4.1152,320.0
2013-09-15 09:00:00.000039936,30.864,27.78,134.27,4.4825505e-05,4.1152,315.0
