Time,Vmax,Rmax_IBT,R34,fcor,u_trans,v_trans
2014-08-22 06:00:00.000039936,18.004,46.3,37.04,3.1814445e-05,7.716,280.0
2014-08-22 09:00:00.000039936,20.576,46.3,41.67,3.206281e-05,7.716,280.0
2014-08-22 12:00:00.000039936,23.148,46.3,46.3,3.2559245e-05,7.2016,285.0
2014-08-22 15:00:00.000039936,24.6912,42.596,69.450005,3.280731e-05,6.1728,285.0
2014-08-22 18:00:00.000039936,25.720001,37.04,92.6,3.330315e-05,5.6584,285.0
2014-08-22 21:00:00.000039936,28.292,37.04,101.86,3.3550914e-05,5.6584,285.0
2014-08-23 00:00:00.000039936,30.864,37.04,111.12001,3.404614e-05,5.6584,290.0
2014-08-23 03:00:00.000039936,32.4072,37.04,111.12001,3.454095e-05,5.6584,290.0
2014-08-23 06:00:00.000039936,33.436,37.04,111.12001,3.5035337e-05,5.144,295.0
2014-08-23 09:00:00.000039936,36.008,37.04,125.01,3.5529305e-05,5.6584,290.0
2014-08-23 12:00:00.000039936,38.58,37.04,138.9,3.6022833e-05,5.6584,295.0
2014-08-23 15:00:00.000039936,40.1232,33.336,152.79,3.651592e-05,5.6584,295.0
2014-08-23 18:00:00.000039936,41.152,27.78,166.68,3.7254722e-05,6.1728,300.0
2014-08-23 21:00:00.000039936,43.724,27.78,201.405,3.8238195e-05,6.6872,305.0
2014-08-24 00:00:00.000039936,46.296,27.78,236.13,3.897458e-05,6.6872,300.0
2014-08-24 03:00:00.000039936,52.9832,27.78,280.115,3.9464914e-05,6.1728,290.0
2014-08-24 06:00:00.000039936,59.156002,27.78,324.09998,3.995476e-05,6.6872,280.0
2014-08-24 09:00:00.000039936,63.271202,27.78,328.72998,4.0199502e-05,7.2016,275.0
2014-08-24 12:00:00.000039936,66.872,27.78,333.36,4.0199502e-05,6.6872,265.0
2014-08-24 15:00:00.000039936,69.444,27.78,347.25,3.995476e-05,5.6584,265.0
2014-08-24 18:00:00.000039936,72.016,27.78,361.14,3.995476e-05,4.1152,280.0
2014-08-24 21:00:00.000039936,70.9872,27.78,361.14,4.0199502e-05,3.6008,305.0
2014-08-25 00:00:00.000039936,69.444,27.78,361.14,4.093299e-05,4.6296,310.0
2014-08-25 03:00:00.000039936,68.4152,27.78,370.40002,4.1665367e-05,5.6584,305.0
2014-08-25 06:00:00.000039936,66.872,27.78,379.66003,4.239659e-05,5.6584,305.0
2014-08-25 09:00:00.000039936,65.8432,27.78,379.66003,4.3126656e-05,5.6584,305.0
2014-08-25 12:00:00.000039936,64.3,27.78,379.66003,4.385554e-05,5.6584,305.0
2014-08-25 15:00:00.000039936,61.728,27.78,381.97504,4.458322e-05,5.6584,300.0
2014-08-25 18:00:00.000039936,59.156002,27.78,384.29004,4.5309676e-05,5.6584,305.0
2014-08-25 21:00:00.000039936,55.5552,27.78,384.29004,4.6034886e-05,5.6584,310.0
2014-08-26 00:00:00.000039936,51.440002,27.78,384.29004,4.6999867e-05,6.1728,310.0
2014-08-26 03:00:00.000039936,48.868,27.78,379.66,4.796257e-05,6.1728,310.0
2014-08-26 06:00:00.000039936,46.296,27.78,375.03,4.892293e-05,6.6872,310.0
2014-08-26 09:00:00.000039936,45.2672,27.78,375.03,4.9880902e-05,7.2016,305.0
2014-08-26 12:00:00.000039936,43.724,27.78,375.03,5.083645e-05,6.6872,300.0
2014-08-26 15:00:00.000039936,43.724,33.336,340.305,5.155148e-05,6.1728,295.0
2014-08-26 18:00:00.000039936,43.724,37.04,305.58002,5.2027382e-05,6.1728,290.0
2014-08-26 21:00:00.000039936,42.6952,37.04,305.58002,5.250265e-05,6.1728,285.0
2014-08-27 00:00:00.000039936,41.152,37.04,305.58002,5.2740055e-05,6.1728,285.0
2014-08-27 03:00:00.000039936,40.1232,37.04,303.265,5.321436e-05,6.1728,290.0
2014-08-27 06:00:00.000039936,38.58,37.04,300.95,5.3688025e-05,6.1728,290.0
2014-08-27 09:00:00.000039936,36.008,37.04,289.375,5.4161024e-05,6.1728,295.0
2014-08-27 12:00:00.000039936,33.436,37.04,277.8,5.4869302e-05,6.1728,295.0
2014-08-27 15:00:00.000039936,30.864,42.596,261.595,5.5576067e-05,6.6872,300.0
2014-08-27 18:00:00.000039936,28.292,46.3,245.39001,5.6281307e-05,7.2016,300.0
2014-08-27 21:00:00.000039936,27.2632,61.116,245.39001,5.698501e-05,7.716,300.0
2014-08-28 00:00:00.000039936,25.720001,74.08,245.39001,5.7920843e-05,7.716,300.0
2014-08-28 03:00:00.000039936,24.6912,74.08,236.13,5.862087e-05,7.716,300.0
2014-08-28 06:00:00.000039936,23.148,74.08,226.87,5.9551734e-05,7.2016,300.0
2014-08-28 09:00:00.000039936,22.1192,74.08,196.775,6.0247978e-05,7.2016,300.0
2014-08-28 12:00:00.000039936,20.576,74.08,166.68001,6.1173734e-05,7.2016,300.0
2014-08-28 15:00:00.000039936,19.5472,74.08,129.64,6.20965e-05,7.2016,305.0
2014-08-28 18:00:00.000039936,18.004,74.08,92.6,6.3016254e-05,7.2016,305.0
2014-08-28 21:00:00.000039936,18.004,92.6,83.34,6.393293e-05,7.2016,310.0
2014-08-29 00:00:00.000039936,18.004,111.12,74.08,6.507438e-05,7.2016,310.0
2014-08-29 03:00:00.000039936,18.004,129.64,74.08,6.5983986e-05,6.6872,310.0
