Time,Vmax,Rmax_IBT,R34,fcor,u_trans,v_trans
2008-09-07 00:00:00.000039936,18.004,148.16,62.505,3.9464914e-05,4.6296,310.0
2008-09-07 03:00:00.000039936,19.5472,120.38,83.34,4.0199502e-05,4.6296,310.0
2008-09-07 06:00:00.000039936,20.576,92.6,104.175,4.093299e-05,4.6296,310.0
2008-09-07 09:00:00.000039936,22.1192,92.6,120.842995,4.1665367e-05,5.144,310.0
2008-09-07 12:00:00.000039936,23.148,92.6,136.58499,4.239659e-05,5.144,305.0
2008-09-07 15:00:00.000039936,23.148,92.6,136.58499,4.3126656e-05,5.144,300.0
2008-09-07 18:00:00.000039936,23.148,92.6,136.58499,4.3612705e-05,4.6296,300.0
2008-09-07 21:00:00.000039936,23.148,92.6,140.289,4.409823e-05,4.6296,300.0
2008-09-08 00:00:00.000039936,23.148,92.6,143.53,4.458322e-05,4.6296,300.0
2008-09-08 03:00:00.000039936,23.148,92.6,141.215,4.506766e-05,4.6296,305.0
2008-09-08 06:00:00.000039936,23.148,92.6,138.9,4.5793287e-05,4.1152,310.0
2008-09-08 09:00:00.000039936,22.1192,92.6,139.363,4.627635e-05,4.1152,310.0
2008-09-08 12:00:00.000039936,20.576,92.6,138.9,4.6999867e-05,4.1152,310.0
2008-09-08 15:00:00.000039936,20.576,101.86,138.9,4.7722115e-05,4.1152,305.0
2008-09-08 18:00:00.000039936,20.576,111.12,138.9,4.8202877e-05,4.1152,300.0
2008-09-08 21:00:00.000039936,20.576,92.6,125.473,4.868306e-05,3.6008,295.0
2008-09-09 00:00:00.000039936,20.576,74.08,111.12,4.892293e-05,3.6008,295.0
2008-09-09 03:00:00.000039936,20.576,74.08,111.12,4.916265e-05,3.0864,300.0
2008-09-09 06:00:00.000039936,20.576,74.08,111.12,4.9641636e-05,3.0864,305.0
2008-09-09 09:00:00.000039936,20.576,74.08,111.12,5.012002e-05,3.0864,315.0
2008-09-09 12:00:00.000039936,20.576,74.08,111.12,5.059779e-05,2.572,330.0
2008-09-09 15:00:00.000039936,20.576,74.08,107.879,5.1074945e-05,2.0576,345.0
2008-09-09 18:00:00.000039936,20.576,74.08,104.174995,5.155148e-05,2.0576,355.0
2008-09-09 21:00:00.000039936,19.5472,74.08,104.174995,5.2027382e-05,2.0576,0.0
