Time,Vmax,Rmax_IBT,R34,fcor,u_trans,v_trans
2020-08-26 06:00:00.000039936,18.004,74.08,50.93,4.3126656e-05,2.572,70.0
2020-08-26 09:00:00.000039936,18.004,83.34,53.245,4.3126656e-05,2.572,90.0
2020-08-26 12:00:00.000039936,18.004,92.6,55.559998,4.3126656e-05,2.572,70.0
2020-08-26 15:00:00.000039936,18.004,101.86,64.82,4.3612705e-05,3.0864,50.0
2020-08-26 18:00:00.000039936,18.004,111.12,74.08,4.409823e-05,2.572,30.0
2020-08-26 21:00:00.000039936,18.004,111.12,74.08,4.458322e-05,2.0576,0.0
2020-08-27 00:00:00.000039936,18.004,111.12,74.08,4.506766e-05,2.0576,355.0
2020-08-27 03:00:00.000039936,19.5472,111.12,74.08,4.5551555e-05,2.0576,0.0
2020-08-27 06:00:00.000039936,20.576,111.12,74.08,4.6034886e-05,2.0576,355.0
2020-08-27 09:00:00.000039936,20.576,111.12,74.08,4.651767e-05,2.0576,345.0
2020-08-27 12:00:00.000039936,20.576,111.12,74.08,4.6999867e-05,2.572,345.0
2020-08-27 15:00:00.000039936,19.5472,111.12,69.45,4.748151e-05,3.0864,350.0
2020-08-27 18:00:00.000039936,18.004,111.12,64.82,4.844305e-05,4.6296,355.0
2020-08-27 21:00:00.000039936,18.004,111.12,67.135,4.9880902e-05,6.6872,355.0
2020-08-28 00:00:00.000039936,18.004,111.12,69.45,5.155148e-05,8.744801,350.0
2020-08-28 03:00:00.000039936,18.004,92.6,50.93,5.3688025e-05,9.2592,340.0
