Time,Vmax,Rmax_IBT,R34,fcor,u_trans,v_trans
2019-09-12 18:00:00.000039936,18.004,148.16,27.78,3.995476e-05,4.6296,290.0
2019-09-12 21:00:00.000039936,18.004,148.16,27.78,4.0444127e-05,4.1152,290.0
2019-09-13 00:00:00.000039936,18.004,148.16,27.78,4.0688625e-05,4.1152,290.0
2019-09-13 03:00:00.000039936,18.004,129.64,37.04,4.093299e-05,4.1152,285.0
2019-09-13 06:00:00.000039936,18.004,111.12,46.300003,4.1177245e-05,4.1152,285.0
2019-09-13 09:00:00.000039936,18.004,111.12,48.614998,4.142137e-05,4.6296,285.0
2019-09-13 12:00:00.000039936,18.004,111.12,50.93,4.1665367e-05,4.6296,285.0
2019-09-13 15:00:00.000039936,18.004,111.12,50.93,4.1909232e-05,4.6296,285.0
2019-09-13 18:00:00.000039936,18.004,111.12,50.93,4.2152973e-05,4.6296,285.0
2019-09-13 21:00:00.000039936,19.5472,101.86,50.93,4.239659e-05,4.6296,285.0
2019-09-14 00:00:00.000039936,20.576,92.6,50.93,4.2640077e-05,4.6296,285.0
2019-09-14 03:00:00.000039936,23.148,79.636,69.45,4.288343e-05,5.144,280.0
2019-09-14 06:00:00.000039936,25.720001,64.82,87.97,4.3126656e-05,5.144,275.0
2019-09-14 09:00:00.000039936,28.292,61.116,90.285,4.3126656e-05,5.144,270.0
2019-09-14 12:00:00.000039936,30.864,55.56,92.6,4.3126656e-05,5.144,265.0
2019-09-14 15:00:00.000039936,34.979202,42.596,92.6,4.288343e-05,5.144,260.0
2019-09-14 18:00:00.000039936,38.58,27.78,92.6,4.2640077e-05,4.6296,260.0
2019-09-14 21:00:00.000039936,43.724,24.076,92.6,4.239659e-05,4.1152,265.0
2019-09-15 00:00:00.000039936,48.868,18.52,92.6,4.239659e-05,3.6008,265.0
2019-09-15 03:00:00.000039936,51.440002,18.52,97.229996,4.239659e-05,3.6008,270.0
2019-09-15 06:00:00.000039936,54.012,18.52,101.86,4.239659e-05,3.0864,275.0
2019-09-15 09:00:00.000039936,56.584,18.52,101.86,4.239659e-05,3.0864,280.0
2019-09-15 12:00:00.000039936,59.156002,18.52,101.86,4.2640077e-05,3.0864,285.0
2019-09-15 15:00:00.000039936,59.156002,18.52,97.229996,4.288343e-05,3.6008,285.0
2019-09-15 18:00:00.000039936,59.156002,18.52,92.6,4.3126656e-05,3.6008,285.0
2019-09-15 21:00:00.000039936,58.1272,18.52,92.6,4.3369746e-05,3.6008,280.0
2019-09-16 00:00:00.000039936,56.584,18.52,92.6,4.3369746e-05,3.0864,275.0
2019-09-16 03:00:00.000039936,54.012,18.52,92.6,4.3369746e-05,3.0864,270.0
2019-09-16 06:00:00.000039936,51.440002,18.52,92.6,4.3369746e-05,2.572,270.0
2019-09-16 09:00:00.000039936,48.868,18.52,92.6,4.3369746e-05,2.572,270.0
2019-09-16 12:00:00.000039936,46.296,18.52,92.6,4.3369746e-05,2.0576,270.0
2019-09-16 15:00:00.000039936,45.2672,18.52,92.6,4.3369746e-05,2.0576,270.0
2019-09-16 18:00:00.000039936,43.724,18.52,92.6,4.3369746e-05,1.5432,270.0
2019-09-16 21:00:00.000039936,41.152,18.52,92.6,4.3369746e-05,1.5432,270.0
2019-09-17 00:00:00.000039936,38.58,18.52,92.6,4.3369746e-05,1.5432,260.0
2019-09-17 03:00:00.000039936,37.5512,18.52,92.6,4.3369746e-05,1.5432,250.0
2019-09-17 06:00:00.000039936,36.008,18.52,92.6,4.3126656e-05,1.5432,245.0
2019-09-17 09:00:00.000039936,33.436,18.52,87.97,4.3126656e-05,1.0288,240.0
2019-09-17 12:00:00.000039936,30.864,18.52,83.34,4.288343e-05,1.5432,240.0
2019-09-17 15:00:00.000039936,28.292,37.04,60.19,4.2640077e-05,2.0576,235.0
2019-09-17 18:00:00.000039936,25.720001,55.56,37.04,4.239659e-05,2.0576,230.0
2019-09-17 21:00:00.000039936,24.6912,55.56,37.04,4.2152973e-05,2.572,230.0
2019-09-18 00:00:00.000039936,23.148,55.56,37.04,4.1665367e-05,2.572,235.0
2019-09-18 03:00:00.000039936,23.148,55.56,37.04,4.1177245e-05,3.0864,240.0
2019-09-18 06:00:00.000039936,23.148,55.56,37.04,4.093299e-05,3.0864,240.0
2019-09-18 09:00:00.000039936,24.6912,46.3,43.985,4.0444127e-05,3.6008,240.0
2019-09-18 12:00:00.000039936,25.720001,37.04,50.93,4.0199502e-05,3.0864,245.0
2019-09-18 15:00:00.000039936,27.2632,37.04,60.190002,3.995476e-05,3.0864,250.0
2019-09-18 18:00:00.000039936,28.292,37.04,69.45,3.9709896e-05,2.572,260.0
2019-09-18 21:00:00.000039936,28.292,37.04,71.765,3.9709896e-05,2.572,270.0
2019-09-19 00:00:00.000039936,28.292,37.04,74.08,3.9709896e-05,2.572,270.0
2019-09-19 03:00:00.000039936,28.292,37.04,74.08,3.9709896e-05,2.572,270.0
2019-09-19 06:00:00.000039936,28.292,37.04,74.08,3.9709896e-05,2.572,275.0
2019-09-19 09:00:00.000039936,27.2632,37.04,69.45,3.9709896e-05,2.572,280.0
2019-09-19 12:00:00.000039936,25.720001,37.04,64.82001,3.995476e-05,3.0864,285.0
2019-09-19 15:00:00.000039936,24.6912,37.04,57.875,4.0199502e-05,3.0864,290.0
2019-09-19 18:00:00.000039936,23.148,37.04,50.93,4.0444127e-05,3.0864,295.0
2019-09-19 21:00:00.000039936,23.148,37.04,50.93,4.0688625e-05,3.0864,300.0
2019-09-20 00:00:00.000039936,23.148,37.04,50.93,4.1177245e-05,3.0864,315.0
2019-09-20 03:00:00.000039936,23.148,37.04,50.93,4.1665367e-05,3.0864,330.0
2019-09-20 06:00:00.000039936,23.148,37.04,50.93,4.239659e-05,3.0864,340.0
2019-09-20 09:00:00.000039936,24.6912,37.04,53.245003,4.3126656e-05,2.572,350.0
2019-09-20 12:00:00.000039936,25.720001,37.04,55.559998,4.3612705e-05,2.572,350.0
2019-09-20 15:00:00.000039936,25.720001,37.04,57.875,4.409823e-05,2.0576,345.0
2019-09-20 18:00:00.000039936,25.720001,37.04,60.19,4.458322e-05,2.0576,350.0
2019-09-20 21:00:00.000039936,27.2632,37.04,60.19,4.506766e-05,1.5432,345.0
2019-09-21 00:00:00.000039936,28.292,37.04,60.19,4.5309676e-05,1.5432,325.0
2019-09-21 03:00:00.000039936,28.292,33.336,64.82,4.5551555e-05,1.5432,305.0
2019-09-21 06:00:00.000039936,28.292,27.78,69.45,4.5793287e-05,2.0576,285.0
2019-09-21 09:00:00.000039936,27.2632,27.78,69.45,4.5793287e-05,2.0576,270.0
2019-09-21 12:00:00.000039936,25.720001,27.78,69.45,4.5793287e-05,2.0576,265.0
2019-09-21 15:00:00.000039936,24.6912,27.78,60.190002,4.5793287e-05,2.572,260.0
2019-09-21 18:00:00.000039936,23.148,27.78,50.93,4.5551555e-05,3.0864,245.0
2019-09-21 21:00:00.000039936,22.1192,27.78,48.614998,4.506766e-05,3.6008,235.0
2019-09-22 00:00:00.000039936,20.576,27.78,46.300003,4.458322e-05,4.1152,230.0
2019-09-22 03:00:00.000039936,19.5472,33.336,27.78,4.409823e-05,4.1152,230.0
2019-09-22 06:00:00.000039936,18.004,37.04,9.26,4.3369746e-05,4.1152,225.0
2019-09-22 09:00:00.000039936,18.004,37.04,9.26,4.2640077e-05,4.1152,220.0
2019-09-22 12:00:00.000039936,18.004,37.04,9.26,4.1909232e-05,4.1152,220.0
2019-09-22 15:00:00.000039936,18.004,37.04,9.26,4.1177245e-05,4.1152,220.0
2019-09-22 18:00:00.000039936,18.004,37.04,9.26,4.0444127e-05,3.6008,220.0
2019-09-22 21:00:00.000039936,18.004,37.04,13.89,3.9709896e-05,3.6008,225.0
2019-09-23 00:00:00.000039936,18.004,37.04,18.52,3.9219805e-05,3.6008,240.0
2019-09-23 03:00:00.000039936,18.004,37.04,23.15,3.897458e-05,4.1152,255.0
2019-09-23 06:00:00.000039936,18.004,37.04,27.78,3.872924e-05,4.1152,265.0
2019-09-23 09:00:00.000039936,20.576,37.04,37.04,3.872924e-05,4.1152,275.0
2019-09-23 12:00:00.000039936,23.148,37.04,46.300003,3.897458e-05,4.1152,285.0
2019-09-23 15:00:00.000039936,24.6912,37.04,53.245003,3.9219805e-05,4.1152,290.0
2019-09-23 18:00:00.000039936,25.720001,37.04,60.19,3.9709896e-05,4.1152,305.0
2019-09-23 21:00:00.000039936,25.720001,37.04,64.82001,4.0444127e-05,4.1152,315.0
2019-09-24 00:00:00.000039936,25.720001,37.04,69.45,4.1177245e-05,4.1152,320.0
2019-09-24 03:00:00.000039936,24.6912,37.04,69.45,4.1909232e-05,4.1152,315.0
2019-09-24 06:00:00.000039936,23.148,37.04,69.45,4.2640077e-05,4.1152,310.0
2019-09-24 09:00:00.000039936,22.1192,37.04,57.875,4.3126656e-05,4.1152,300.0
2019-09-24 12:00:00.000039936,20.576,37.04,46.300003,4.3612705e-05,4.6296,300.0
