Time,Vmax,Rmax_IBT,R34,fcor,u_trans,v_trans
2005-09-18 18:00:00.000039936,18.004,55.56,62.504997,3.8238195e-05,5.144,280.0
2005-09-18 21:00:00.000039936,18.004,55.56,62.504997,3.8483773e-05,4.6296,285.0
2005-09-19 00:00:00.000039936,18.004,55.56,62.504997,3.872924e-05,5.144,295.0
2005-09-19 03:00:00.000039936,20.576,55.56,84.729,3.9464914e-05,5.6584,300.0
2005-09-19 06:00:00.000039936,23.148,55.56,106.490005,4.0199502e-05,4.6296,305.0
2005-09-19 09:00:00.000039936,25.720001,46.3,111.119995,4.0688625e-05,3.0864,310.0
2005-09-19 12:00:00.000039936,28.292,37.04,115.75,4.1177245e-05,3.6008,325.0
2005-09-19 15:00:00.000039936,29.835201,37.04,154.179,4.2152973e-05,4.6296,335.0
2005-09-19 18:00:00.000039936,30.864,37.04,192.14499,4.3126656e-05,4.6296,335.0
2005-09-19 21:00:00.000039936,32.4072,33.336,192.14499,4.409823e-05,4.6296,330.0
2005-09-20 00:00:00.000039936,33.436,27.78,192.14499,4.506766e-05,5.144,325.0
2005-09-20 03:00:00.000039936,33.436,27.78,177.32901,4.6034886e-05,5.144,315.0
2005-09-20 06:00:00.000039936,33.436,27.78,162.04999,4.675884e-05,4.6296,315.0
2005-09-20 09:00:00.000039936,34.979202,27.78,162.04999,4.748151e-05,4.6296,310.0
2005-09-20 12:00:00.000039936,36.008,27.78,162.04999,4.8202877e-05,4.1152,315.0
2005-09-20 15:00:00.000039936,34.979202,27.78,162.04999,4.892293e-05,4.1152,320.0
2005-09-20 18:00:00.000039936,33.436,27.78,162.04999,4.9641636e-05,4.1152,330.0
2005-09-20 21:00:00.000039936,33.436,27.78,162.04999,5.059779e-05,4.6296,335.0
2005-09-21 00:00:00.000039936,33.436,27.78,162.04999,5.155148e-05,4.1152,335.0
2005-09-21 03:00:00.000039936,32.4072,27.78,162.04999,5.22651e-05,3.0864,330.0
2005-09-21 06:00:00.000039936,30.864,27.78,162.04999,5.2740055e-05,2.0576,315.0
2005-09-21 09:00:00.000039936,29.835201,42.596,154.179,5.2977284e-05,2.0576,300.0
2005-09-21 12:00:00.000039936,28.292,55.56,145.845,5.321436e-05,3.0864,295.0
2005-09-21 15:00:00.000039936,25.720001,55.56,142.604,5.3688025e-05,3.0864,300.0
2005-09-21 18:00:00.000039936,23.148,55.56,138.9,5.392461e-05,2.572,300.0
2005-09-21 21:00:00.000039936,22.1192,55.56,138.9,5.4161024e-05,1.5432,290.0
2005-09-22 00:00:00.000039936,20.576,55.56,138.9,5.4161024e-05,1.5432,265.0
2005-09-22 03:00:00.000039936,19.5472,55.56,138.9,5.392461e-05,2.0576,255.0
