Time,Vmax,Rmax_IBT,R34,fcor,u_trans,v_trans
2016-08-25 06:00:00.000039936,18.004,55.56,27.78,4.0199502e-05,5.144,295.0
2016-08-25 09:00:00.000039936,20.576,55.56,41.67,4.0688625e-05,5.144,295.0
2016-08-25 12:00:00.000039936,23.148,55.56,55.559998,4.1177245e-05,4.6296,290.0
2016-08-25 15:00:00.000039936,24.6912,46.3,60.190002,4.142137e-05,3.6008,285.0
2016-08-25 18:00:00.000039936,25.720001,37.04,64.82001,4.1665367e-05,3.0864,285.0
2016-08-25 21:00:00.000039936,25.720001,37.04,69.45,4.1909232e-05,3.0864,290.0
2016-08-26 00:00:00.000039936,25.720001,37.04,74.08,4.2152973e-05,3.0864,295.0
2016-08-26 03:00:00.000039936,25.720001,55.56,85.65501,4.239659e-05,3.0864,300.0
2016-08-26 06:00:00.000039936,25.720001,74.08,97.23,4.288343e-05,3.0864,300.0
2016-08-26 09:00:00.000039936,27.2632,74.08,97.23,4.3369746e-05,3.0864,300.0
2016-08-26 12:00:00.000039936,28.292,74.08,97.23,4.3612705e-05,3.0864,295.0
2016-08-26 15:00:00.000039936,29.835201,61.116,108.805,4.385554e-05,3.0864,290.0
2016-08-26 18:00:00.000039936,30.864,46.3,120.380005,4.409823e-05,3.6008,285.0
2016-08-26 21:00:00.000039936,32.4072,46.3,120.380005,4.4340795e-05,4.1152,285.0
2016-08-27 00:00:00.000039936,33.436,46.3,120.380005,4.458322e-05,4.1152,275.0
2016-08-27 03:00:00.000039936,36.008,42.596,120.380005,4.458322e-05,4.1152,270.0
2016-08-27 06:00:00.000039936,38.58,37.04,120.380005,4.458322e-05,4.1152,270.0
2016-08-27 09:00:00.000039936,41.152,37.04,120.380005,4.458322e-05,4.6296,270.0
2016-08-27 12:00:00.000039936,43.724,37.04,120.380005,4.458322e-05,5.144,275.0
2016-08-27 15:00:00.000039936,46.296,33.336,120.380005,4.458322e-05,5.6584,275.0
2016-08-27 18:00:00.000039936,48.868,27.78,120.380005,4.4825505e-05,6.1728,275.0
2016-08-27 21:00:00.000039936,47.8392,27.78,127.325,4.4825505e-05,6.1728,270.0
2016-08-28 00:00:00.000039936,46.296,27.78,134.27,4.4825505e-05,6.1728,270.0
2016-08-28 03:00:00.000039936,45.2672,27.78,134.27,4.4825505e-05,6.1728,270.0
2016-08-28 06:00:00.000039936,43.724,27.78,134.27,4.4825505e-05,6.1728,265.0
2016-08-28 09:00:00.000039936,41.152,27.78,134.27,4.458322e-05,6.1728,265.0
2016-08-28 12:00:00.000039936,38.58,27.78,134.27,4.458322e-05,6.1728,265.0
2016-08-28 15:00:00.000039936,38.58,27.78,134.27,4.458322e-05,6.1728,270.0
2016-08-28 18:00:00.000039936,38.58,27.78,134.27,4.458322e-05,6.6872,270.0
2016-08-28 21:00:00.000039936,40.1232,27.78,134.27,4.458322e-05,6.6872,270.0
2016-08-29 00:00:00.000039936,41.152,27.78,134.27,4.458322e-05,7.2016,270.0
2016-08-29 03:00:00.000039936,45.2672,27.78,134.27,4.458322e-05,7.2016,275.0
2016-08-29 06:00:00.000039936,48.868,27.78,134.27,4.4825505e-05,7.716,275.0
2016-08-29 09:00:00.000039936,51.440002,27.78,134.27,4.506766e-05,7.2016,275.0
2016-08-29 12:00:00.000039936,54.012,27.78,134.27,4.506766e-05,6.6872,270.0
2016-08-29 15:00:00.000039936,56.584,27.78,136.58499,4.506766e-05,6.1728,270.0
2016-08-29 18:00:00.000039936,59.156002,27.78,138.9,4.506766e-05,6.1728,270.0
2016-08-29 21:00:00.000039936,59.156002,27.78,138.9,4.506766e-05,6.1728,275.0
2016-08-30 00:00:00.000039936,59.156002,27.78,138.9,4.5309676e-05,6.1728,275.0
2016-08-30 03:00:00.000039936,58.1272,27.78,138.9,4.5309676e-05,6.1728,270.0
2016-08-30 06:00:00.000039936,56.584,27.78,138.9,4.5309676e-05,6.1728,270.0
2016-08-30 09:00:00.000039936,55.5552,27.78,138.9,4.5309676e-05,6.1728,270.0
2016-08-30 12:00:00.000039936,54.012,27.78,138.9,4.5309676e-05,6.1728,265.0
2016-08-30 15:00:00.000039936,54.012,27.78,138.9,4.506766e-05,6.1728,260.0
2016-08-30 18:00:00.000039936,54.012,27.78,138.9,4.4825505e-05,5.6584,260.0
2016-08-30 21:00:00.000039936,58.1272,27.78,138.9,4.458322e-05,5.144,265.0
2016-08-31 00:00:00.000039936,61.728,27.78,138.9,4.458322e-05,4.6296,265.0
2016-08-31 03:00:00.000039936,63.271202,27.78,138.9,4.4340795e-05,5.144,265.0
2016-08-31 06:00:00.000039936,64.3,27.78,138.9,4.4340795e-05,5.144,265.0
2016-08-31 09:00:00.000039936,63.271202,27.78,138.9,4.4340795e-05,5.144,270.0
2016-08-31 12:00:00.000039936,61.728,27.78,138.9,4.4340795e-05,5.6584,275.0
2016-08-31 15:00:00.000039936,60.6992,27.78,141.215,4.458322e-05,6.1728,280.0
2016-08-31 18:00:00.000039936,59.156002,27.78,143.53,4.4825505e-05,6.1728,280.0
2016-08-31 21:00:00.000039936,56.584,27.78,143.53,4.506766e-05,6.6872,280.0
2016-09-01 00:00:00.000039936,54.012,27.78,143.53,4.5309676e-05,6.1728,275.0
2016-09-01 03:00:00.000039936,51.440002,27.78,143.53,4.5309676e-05,5.6584,270.0
2016-09-01 06:00:00.000039936,48.868,27.78,143.53,4.5309676e-05,5.6584,270.0
2016-09-01 09:00:00.000039936,47.8392,27.78,143.53,4.5309676e-05,5.6584,275.0
2016-09-01 12:00:00.000039936,46.296,27.78,143.53,4.5551555e-05,5.6584,275.0
2016-09-01 15:00:00.000039936,48.868,27.78,148.16,4.5551555e-05,5.6584,275.0
2016-09-01 18:00:00.000039936,51.440002,27.78,152.79,4.5793287e-05,6.1728,280.0
2016-09-01 21:00:00.000039936,54.012,37.04,165.754,4.6034886e-05,6.1728,285.0
2016-09-02 00:00:00.000039936,56.584,46.3,178.25499,4.651767e-05,6.1728,285.0
2016-09-02 03:00:00.000039936,54.012,33.336,175.01399,4.675884e-05,6.1728,285.0
2016-09-02 06:00:00.000039936,51.440002,18.52,171.31,4.7240763e-05,6.1728,290.0
2016-09-02 09:00:00.000039936,50.4112,18.52,171.31,4.7722115e-05,6.1728,295.0
2016-09-02 12:00:00.000039936,48.868,18.52,171.31,4.844305e-05,6.6872,295.0
2016-09-02 15:00:00.000039936,47.8392,27.78,173.625,4.892293e-05,7.2016,290.0
2016-09-02 18:00:00.000039936,46.296,37.04,175.94,4.9641636e-05,7.2016,290.0
2016-09-02 21:00:00.000039936,45.2672,37.04,173.625,5.012002e-05,6.6872,290.0
2016-09-03 00:00:00.000039936,43.724,37.04,171.31001,5.083645e-05,6.1728,295.0
2016-09-03 03:00:00.000039936,42.6952,37.04,159.735,5.131329e-05,6.1728,295.0
2016-09-03 06:00:00.000039936,41.152,37.04,148.16,5.2027382e-05,7.2016,295.0
2016-09-03 09:00:00.000039936,40.1232,37.04,166.68,5.2740055e-05,7.716,295.0
2016-09-03 12:00:00.000039936,38.58,37.04,185.20001,5.345127e-05,7.716,290.0
2016-09-03 15:00:00.000039936,37.5512,37.04,161.12401,5.4161024e-05,7.2016,290.0
2016-09-03 18:00:00.000039936,36.008,37.04,136.58499,5.4633376e-05,7.2016,290.0
2016-09-03 21:00:00.000039936,34.979202,27.78,136.58499,5.510506e-05,7.2016,290.0
2016-09-04 00:00:00.000039936,33.436,18.52,136.58499,5.581132e-05,6.6872,290.0
2016-09-04 03:00:00.000039936,30.864,27.78,128.714,5.6281307e-05,6.6872,295.0
2016-09-04 06:00:00.000039936,28.292,37.04,120.38,5.698501e-05,7.716,300.0
2016-09-04 09:00:00.000039936,27.2632,42.596,128.71399,5.8154368e-05,8.2304,310.0
2016-09-04 12:00:00.000039936,25.720001,46.3,136.58499,5.9319285e-05,7.716,315.0
2016-09-04 15:00:00.000039936,24.6912,46.3,136.58499,6.0479695e-05,7.2016,320.0
2016-09-04 18:00:00.000039936,23.148,46.3,136.58499,6.1635496e-05,7.2016,320.0
2016-09-04 21:00:00.000039936,23.148,46.3,136.58499,6.278661e-05,7.2016,320.0
2016-09-05 00:00:00.000039936,23.148,46.3,136.58499,6.416161e-05,7.716,320.0
2016-09-05 03:00:00.000039936,24.6912,46.3,143.99301,6.530208e-05,7.716,315.0
2016-09-05 06:00:00.000039936,25.720001,46.3,150.475,6.666408e-05,8.2304,315.0
2016-09-05 09:00:00.000039936,25.720001,46.3,150.475,6.801876e-05,8.744801,310.0
2016-09-05 12:00:00.000039936,25.720001,46.3,150.475,6.914198e-05,7.716,315.0
2016-09-05 15:00:00.000039936,25.720001,46.3,150.475,7.025991e-05,6.6872,320.0
2016-09-05 18:00:00.000039936,25.720001,46.3,150.475,7.137252e-05,6.1728,325.0
2016-09-05 21:00:00.000039936,25.720001,46.3,148.16,7.247968e-05,6.1728,330.0
2016-09-06 00:00:00.000039936,25.720001,46.3,145.845,7.3581316e-05,6.6872,335.0
2016-09-06 03:00:00.000039936,25.720001,64.82,143.53,7.4895885e-05,7.2016,335.0
2016-09-06 06:00:00.000039936,25.720001,83.34,141.215,7.641916e-05,6.6872,335.0
2016-09-06 09:00:00.000039936,25.720001,83.34,141.215,7.750023e-05,5.6584,335.0
2016-09-06 12:00:00.000039936,25.720001,83.34,141.215,7.85754e-05,5.144,340.0
2016-09-06 15:00:00.000039936,25.720001,88.895996,133.34401,7.9644604e-05,5.144,350.0
2016-09-06 18:00:00.000039936,25.720001,92.6,125.01,8.070772e-05,5.144,0.0
2016-09-06 21:00:00.000039936,24.6912,83.34,99.54499,8.176471e-05,5.144,5.0
2016-09-07 00:00:00.000039936,23.148,74.08,74.08,8.2815466e-05,5.144,5.0
2016-09-07 03:00:00.000039936,23.148,83.34,74.08,8.3859915e-05,5.6584,5.0
2016-09-07 06:00:00.000039936,23.148,92.6,74.08,8.510482e-05,6.1728,10.0
2016-09-07 09:00:00.000039936,23.148,101.86,74.08,8.6340384e-05,6.6872,20.0
2016-09-07 12:00:00.000039936,23.148,111.12,74.08,8.756649e-05,6.6872,25.0
2016-09-07 15:00:00.000039936,23.148,111.12,74.08,8.858091e-05,7.2016,30.0
2016-09-07 18:00:00.000039936,23.148,111.12,74.08,8.998974e-05,8.744801,25.0
2016-09-07 21:00:00.000039936,23.148,111.12,74.08,9.1781345e-05,10.802401,20.0
