Time,Vmax,Rmax_IBT,R34,fcor,u_trans,v_trans
2009-08-29 00:00:00.000039936,18.004,27.78,9.26,3.454095e-05,4.6296,275.0
2009-08-29 03:00:00.000039936,20.576,24.076,32.41,3.454095e-05,4.6296,280.0
2009-08-29 06:00:00.000039936,23.148,18.52,55.559998,3.47882e-05,5.144,285.0
2009-08-29 09:00:00.000039936,27.2632,18.52,74.08,3.5282377e-05,5.144,290.0
2009-08-29 12:00:00.000039936,30.864,18.52,92.6,3.577612e-05,5.6584,300.0
2009-08-29 15:00:00.000039936,34.979202,14.816,92.6,3.651592e-05,5.6584,305.0
2009-08-29 18:00:00.000039936,38.58,9.26,92.6,3.7254722e-05,5.6584,305.0
2009-08-29 21:00:00.000039936,42.6952,9.26,92.6,3.7992504e-05,5.6584,305.0
2009-08-30 00:00:00.000039936,46.296,9.26,92.6,3.872924e-05,5.144,300.0
2009-08-30 03:00:00.000039936,50.4112,9.26,99.545,3.9219805e-05,4.1152,295.0
2009-08-30 06:00:00.000039936,54.012,9.26,106.49,3.9464914e-05,3.6008,295.0
2009-08-30 09:00:00.000039936,56.584,14.816,106.49,3.9709896e-05,3.0864,300.0
2009-08-30 12:00:00.000039936,59.156002,18.52,106.49,4.0199502e-05,3.0864,300.0
2009-08-30 15:00:00.000039936,60.6992,14.816,106.49,4.0444127e-05,3.6008,300.0
2009-08-30 18:00:00.000039936,61.728,9.26,106.49,4.093299e-05,3.0864,305.0
2009-08-30 21:00:00.000039936,61.728,9.26,106.49,4.142137e-05,3.0864,310.0
2009-08-31 00:00:00.000039936,61.728,9.26,106.49,4.1909232e-05,3.6008,315.0
2009-08-31 03:00:00.000039936,61.728,9.26,120.842995,4.239659e-05,3.6008,315.0
2009-08-31 06:00:00.000039936,61.728,9.26,134.26999,4.3126656e-05,3.6008,315.0
2009-08-31 09:00:00.000039936,61.728,9.26,148.623,4.3612705e-05,3.6008,315.0
2009-08-31 12:00:00.000039936,61.728,9.26,162.05,4.4340795e-05,4.1152,305.0
2009-08-31 15:00:00.000039936,65.8432,14.816,173.625,4.4825505e-05,4.1152,305.0
2009-08-31 18:00:00.000039936,69.444,18.52,185.20001,4.5551555e-05,4.1152,310.0
2009-08-31 19:00:00.000066560,69.444,18.52,185.20001,4.5793287e-05,4.1152,325.0
2009-08-31 21:00:00.000039936,69.444,18.52,187.052,4.627635e-05,4.6296,330.0
2009-09-01 00:00:00.000039936,69.444,18.52,189.83002,4.7240763e-05,4.6296,330.0
2009-09-01 03:00:00.000039936,68.4152,18.52,189.83002,4.8202877e-05,5.144,330.0
2009-09-01 06:00:00.000039936,66.872,18.52,189.83002,4.916265e-05,5.144,325.0
2009-09-01 09:00:00.000039936,65.8432,18.52,192.14499,5.012002e-05,5.6584,325.0
2009-09-01 12:00:00.000039936,64.3,18.52,194.45999,5.131329e-05,5.144,330.0
2009-09-01 15:00:00.000039936,61.728,24.076,196.775,5.22651e-05,5.144,335.0
2009-09-01 18:00:00.000039936,59.156002,27.78,199.09,5.345127e-05,5.144,335.0
2009-09-01 21:00:00.000039936,56.584,27.78,194.45999,5.439729e-05,4.6296,340.0
2009-09-02 00:00:00.000039936,54.012,27.78,189.82999,5.5576067e-05,5.144,340.0
2009-09-02 03:00:00.000039936,51.440002,42.596,180.57,5.6750614e-05,5.6584,345.0
2009-09-02 06:00:00.000039936,48.868,55.56,171.31,5.7920843e-05,6.1728,345.0
2009-09-02 09:00:00.000039936,47.8392,46.3,171.31,5.9319285e-05,6.6872,345.0
2009-09-02 12:00:00.000039936,46.296,37.04,171.31,6.0711227e-05,6.6872,345.0
