Time,Vmax,Rmax_IBT,R34,fcor,u_trans,v_trans
2011-11-20 18:00:00.000039936,18.004,74.08,46.3,2.9076216e-05,6.6872,300.0
2011-11-20 21:00:00.000039936,20.576,70.376,83.803,2.9824112e-05,6.6872,295.0
2011-11-21 00:00:00.000039936,23.148,64.82,120.38,3.0322259e-05,6.6872,285.0
2011-11-21 03:00:00.000039936,25.720001,55.56,128.71399,3.0571195e-05,6.6872,280.0
2011-11-21 06:00:00.000039936,28.292,46.3,136.58499,3.0820032e-05,6.6872,285.0
2011-11-21 09:00:00.000039936,30.864,37.04,145.382,3.131743e-05,6.1728,290.0
2011-11-21 12:00:00.000039936,33.436,27.78,152.79001,3.1814445e-05,6.1728,290.0
2011-11-21 15:00:00.000039936,37.5512,27.78,156.494,3.231108e-05,5.6584,290.0
2011-11-21 18:00:00.000039936,41.152,27.78,159.735,3.280731e-05,5.6584,280.0
2011-11-21 21:00:00.000039936,45.2672,37.04,163.902,3.280731e-05,5.6584,270.0
2011-11-22 00:00:00.000039936,48.868,46.3,166.68001,3.280731e-05,5.6584,270.0
2011-11-22 03:00:00.000039936,52.9832,46.3,168.069,3.280731e-05,5.6584,270.0
2011-11-22 06:00:00.000039936,56.584,46.3,168.995,3.280731e-05,5.6584,270.0
2011-11-22 09:00:00.000039936,60.6992,46.3,175.01399,3.280731e-05,5.6584,265.0
2011-11-22 12:00:00.000039936,64.3,46.3,180.57,3.2559245e-05,5.144,255.0
2011-11-22 15:00:00.000039936,64.3,46.3,178.25499,3.206281e-05,4.6296,250.0
2011-11-22 18:00:00.000039936,64.3,46.3,175.94,3.1814445e-05,4.6296,255.0
2011-11-22 21:00:00.000039936,61.728,46.3,171.31001,3.156599e-05,5.144,265.0
2011-11-23 00:00:00.000039936,59.156002,46.3,166.68001,3.156599e-05,5.144,265.0
2011-11-23 03:00:00.000039936,54.012,46.3,157.42,3.156599e-05,5.144,270.0
2011-11-23 06:00:00.000039936,48.868,46.3,148.16,3.156599e-05,5.144,275.0
2011-11-23 09:00:00.000039936,43.724,46.3,145.845,3.1814445e-05,5.144,280.0
2011-11-23 12:00:00.000039936,38.58,46.3,143.53,3.206281e-05,5.144,285.0
2011-11-23 15:00:00.000039936,34.979202,46.3,131.95499,3.231108e-05,4.6296,290.0
2011-11-23 18:00:00.000039936,30.864,46.3,120.380005,3.280731e-05,4.6296,290.0
2011-11-23 21:00:00.000039936,29.835201,46.3,118.065,3.330315e-05,4.6296,290.0
2011-11-24 00:00:00.000039936,28.292,46.3,115.75,3.3550914e-05,4.6296,285.0
2011-11-24 03:00:00.000039936,27.2632,46.3,113.435,3.3798577e-05,5.144,275.0
2011-11-24 06:00:00.000039936,25.720001,46.3,111.12,3.3798577e-05,5.144,270.0
2011-11-24 09:00:00.000039936,24.6912,46.3,87.96999,3.3798577e-05,5.144,270.0
2011-11-24 12:00:00.000039936,23.148,46.3,64.82,3.3798577e-05,4.6296,270.0
2011-11-24 15:00:00.000039936,22.1192,46.3,64.82,3.3798577e-05,4.6296,270.0
2011-11-24 18:00:00.000039936,20.576,46.3,64.82,3.3798577e-05,4.1152,270.0
2011-11-24 21:00:00.000039936,19.5472,46.3,60.190002,3.3798577e-05,4.6296,270.0
