Time,Vmax,Rmax_IBT,R34,fcor,u_trans,v_trans
2015-08-27 06:00:00.000039936,18.004,55.56,27.78,3.0820032e-05,8.2304,285.0
2015-08-27 09:00:00.000039936,19.5472,51.856,32.41,3.131743e-05,7.2016,280.0
2015-08-27 12:00:00.000039936,20.576,46.3,37.04,3.131743e-05,6.6872,275.0
2015-08-27 15:00:00.000039936,23.148,42.596,50.93,3.131743e-05,6.1728,270.0
2015-08-27 18:00:00.000039936,25.720001,37.04,64.82001,3.131743e-05,5.6584,265.0
2015-08-27 21:00:00.000039936,28.292,33.336,74.08,3.131743e-05,5.6584,265.0
2015-08-28 00:00:00.000039936,30.864,27.78,83.340004,3.1068776e-05,5.6584,265.0
2015-08-28 03:00:00.000039936,33.436,27.78,97.229996,3.0820032e-05,5.6584,265.0
2015-08-28 06:00:00.000039936,36.008,27.78,111.12,3.0820032e-05,5.144,270.0
2015-08-28 09:00:00.000039936,38.58,27.78,118.064995,3.0820032e-05,5.144,275.0
2015-08-28 12:00:00.000039936,41.152,27.78,125.01,3.1068776e-05,5.144,275.0
2015-08-28 15:00:00.000039936,45.2672,24.076,141.215,3.1068776e-05,5.6584,270.0
2015-08-28 18:00:00.000039936,48.868,18.52,157.42,3.1068776e-05,5.144,270.0
2015-08-28 21:00:00.000039936,54.012,18.52,157.42,3.1068776e-05,5.144,270.0
2015-08-29 00:00:00.000039936,59.156002,18.52,157.42,3.1068776e-05,4.6296,265.0
2015-08-29 03:00:00.000039936,64.3,14.816,164.36499,3.0820032e-05,4.1152,265.0
2015-08-29 06:00:00.000039936,69.444,9.26,171.31,3.0820032e-05,3.6008,275.0
2015-08-29 09:00:00.000039936,68.4152,14.816,171.31,3.1068776e-05,3.6008,285.0
2015-08-29 12:00:00.000039936,66.872,18.52,171.31,3.131743e-05,4.1152,290.0
2015-08-29 15:00:00.000039936,65.8432,24.076,178.255,3.156599e-05,4.1152,290.0
2015-08-29 18:00:00.000039936,64.3,27.78,185.2,3.206281e-05,4.6296,290.0
2015-08-29 21:00:00.000039936,63.271202,27.78,185.2,3.231108e-05,5.144,285.0
2015-08-30 00:00:00.000039936,61.728,27.78,185.2,3.280731e-05,5.144,290.0
2015-08-30 03:00:00.000039936,61.728,27.78,185.2,3.330315e-05,5.144,295.0
2015-08-30 06:00:00.000039936,61.728,27.78,185.2,3.3798577e-05,5.6584,295.0
2015-08-30 09:00:00.000039936,61.728,27.78,185.2,3.454095e-05,6.6872,295.0
2015-08-30 12:00:00.000039936,61.728,27.78,185.2,3.5282377e-05,7.2016,295.0
2015-08-30 15:00:00.000039936,63.271202,27.78,192.145,3.6022833e-05,7.2016,290.0
2015-08-30 18:00:00.000039936,64.3,27.78,199.09,3.651592e-05,7.2016,290.0
2015-08-30 21:00:00.000039936,65.8432,27.78,206.035,3.700857e-05,7.716,285.0
2015-08-31 00:00:00.000039936,66.872,27.78,212.98,3.7500762e-05,7.716,285.0
2015-08-31 03:00:00.000039936,66.872,27.78,217.61,3.7992504e-05,7.716,280.0
2015-08-31 06:00:00.000039936,66.872,27.78,222.24,3.8238195e-05,7.2016,280.0
2015-08-31 09:00:00.000039936,66.872,27.78,224.55501,3.8483773e-05,7.2016,280.0
2015-08-31 12:00:00.000039936,66.872,27.78,226.87,3.872924e-05,7.2016,280.0
2015-08-31 15:00:00.000039936,65.8432,27.78,226.87,3.9219805e-05,7.716,285.0
2015-08-31 18:00:00.000039936,64.3,27.78,226.87,3.9709896e-05,7.2016,285.0
2015-08-31 21:00:00.000039936,63.271202,33.336,243.07501,4.0199502e-05,6.6872,285.0
2015-09-01 00:00:00.000039936,61.728,37.04,259.28,4.0444127e-05,6.1728,280.0
2015-09-01 03:00:00.000039936,60.6992,37.04,259.28,4.0688625e-05,6.1728,280.0
2015-09-01 06:00:00.000039936,59.156002,37.04,259.28,4.093299e-05,5.144,285.0
2015-09-01 09:00:00.000039936,56.584,37.04,261.595,4.1177245e-05,4.6296,290.0
2015-09-01 12:00:00.000039936,54.012,37.04,263.90997,4.1665367e-05,4.1152,285.0
2015-09-01 15:00:00.000039936,54.012,37.04,261.595,4.1909232e-05,4.1152,285.0
2015-09-01 18:00:00.000039936,54.012,37.04,259.28,4.2152973e-05,4.1152,290.0
2015-09-01 21:00:00.000039936,52.9832,37.04,253.72398,4.239659e-05,4.1152,290.0
2015-09-02 00:00:00.000039936,51.440002,37.04,247.705,4.288343e-05,4.1152,295.0
2015-09-02 03:00:00.000039936,51.440002,42.596,247.705,4.3369746e-05,3.6008,295.0
2015-09-02 06:00:00.000039936,51.440002,46.3,247.705,4.3612705e-05,3.0864,295.0
2015-09-02 09:00:00.000039936,50.4112,46.3,253.724,4.385554e-05,2.572,295.0
2015-09-02 12:00:00.000039936,48.868,46.3,259.28,4.409823e-05,2.572,295.0
2015-09-02 15:00:00.000039936,47.8392,46.3,259.28,4.4340795e-05,3.0864,300.0
2015-09-02 18:00:00.000039936,46.296,46.3,259.28,4.4825505e-05,2.572,305.0
2015-09-02 21:00:00.000039936,46.296,46.3,259.28,4.5309676e-05,2.572,310.0
2015-09-03 00:00:00.000039936,46.296,46.3,259.28,4.5551555e-05,2.0576,310.0
2015-09-03 03:00:00.000039936,46.296,46.3,259.28,4.5793287e-05,1.5432,315.0
2015-09-03 06:00:00.000039936,46.296,46.3,259.28,4.6034886e-05,1.5432,320.0
2015-09-03 09:00:00.000039936,46.296,46.3,263.90997,4.627635e-05,1.5432,315.0
2015-09-03 12:00:00.000039936,46.296,46.3,268.53998,4.651767e-05,1.5432,315.0
2015-09-03 15:00:00.000039936,46.296,46.3,273.16998,4.675884e-05,2.0576,315.0
2015-09-03 18:00:00.000039936,46.296,46.3,277.8,4.7240763e-05,2.572,310.0
2015-09-03 21:00:00.000039936,45.2672,46.3,263.90997,4.7722115e-05,2.572,310.0
2015-09-04 00:00:00.000039936,43.724,46.3,250.01999,4.796257e-05,2.0576,310.0
2015-09-04 03:00:00.000039936,42.6952,46.3,247.24199,4.8202877e-05,1.5432,315.0
2015-09-04 06:00:00.000039936,41.152,46.3,243.07501,4.844305e-05,1.5432,310.0
2015-09-04 09:00:00.000039936,40.1232,46.3,249.09401,4.868306e-05,1.5432,305.0
2015-09-04 12:00:00.000039936,38.58,46.3,254.65,4.892293e-05,2.0576,310.0
2015-09-04 15:00:00.000039936,37.5512,46.3,254.65,4.916265e-05,2.0576,315.0
2015-09-04 18:00:00.000039936,36.008,46.3,254.65,4.9641636e-05,2.0576,315.0
2015-09-04 21:00:00.000039936,34.979202,46.3,272.24402,4.9880902e-05,2.0576,315.0
2015-09-05 00:00:00.000039936,33.436,46.3,289.375,5.035898e-05,2.572,320.0
2015-09-05 03:00:00.000039936,34.979202,42.596,288.449,5.083645e-05,2.572,325.0
2015-09-05 06:00:00.000039936,36.008,37.04,287.06,5.131329e-05,2.572,325.0
2015-09-05 09:00:00.000039936,34.979202,33.336,275.485,5.178951e-05,2.572,325.0
2015-09-05 12:00:00.000039936,33.436,27.78,263.91,5.22651e-05,3.0864,325.0
2015-09-05 15:00:00.000039936,32.4072,27.78,250.01999,5.2740055e-05,3.0864,325.0
2015-09-05 18:00:00.000039936,30.864,27.78,236.13,5.345127e-05,3.6008,325.0
2015-09-05 21:00:00.000039936,29.835201,33.336,250.01999,5.4161024e-05,3.6008,330.0
2015-09-06 00:00:00.000039936,28.292,37.04,263.90997,5.4869302e-05,4.1152,330.0
2015-09-06 03:00:00.000039936,27.2632,46.3,263.91,5.581132e-05,4.6296,335.0
2015-09-06 06:00:00.000039936,25.720001,55.56,263.91,5.6750614e-05,4.6296,335.0
2015-09-06 09:00:00.000039936,25.720001,55.56,254.65001,5.768715e-05,4.6296,335.0
2015-09-06 12:00:00.000039936,25.720001,55.56,245.39001,5.862087e-05,4.6296,335.0
2015-09-06 15:00:00.000039936,24.6912,55.56,245.39001,5.9551734e-05,4.6296,330.0
2015-09-06 18:00:00.000039936,23.148,55.56,245.38998,6.0479695e-05,5.144,330.0
2015-09-06 21:00:00.000039936,23.148,70.376,250.01999,6.14047e-05,5.144,325.0
2015-09-07 00:00:00.000039936,23.148,83.34,254.65,6.2326726e-05,4.6296,320.0
2015-09-07 03:00:00.000039936,23.148,88.895996,254.65,6.3016254e-05,4.1152,320.0
2015-09-07 06:00:00.000039936,23.148,92.6,254.65,6.370404e-05,3.0864,310.0
2015-09-07 09:00:00.000039936,23.148,101.86,250.01999,6.393293e-05,2.0576,300.0
2015-09-07 12:00:00.000039936,23.148,111.12,245.39001,6.416161e-05,2.0576,290.0
2015-09-07 15:00:00.000039936,23.148,111.12,245.39001,6.43901e-05,2.0576,285.0
2015-09-07 18:00:00.000039936,23.148,111.12,245.39001,6.43901e-05,2.0576,285.0
2015-09-07 21:00:00.000039936,23.148,111.12,245.39001,6.461839e-05,2.0576,285.0
2015-09-08 00:00:00.000039936,23.148,111.12,245.39001,6.461839e-05,2.0576,275.0
2015-09-08 03:00:00.000039936,23.148,111.12,245.39001,6.461839e-05,2.572,270.0
2015-09-08 06:00:00.000039936,23.148,111.12,245.39001,6.461839e-05,3.6008,270.0
2015-09-08 09:00:00.000039936,24.6912,111.12,245.39001,6.461839e-05,4.1152,270.0
2015-09-08 12:00:00.000039936,25.720001,111.12,245.39001,6.461839e-05,3.6008,265.0
2015-09-08 15:00:00.000039936,25.720001,111.12,201.405,6.461839e-05,3.0864,260.0
2015-09-08 18:00:00.000039936,25.720001,111.12,157.42,6.43901e-05,3.6008,255.0
2015-09-08 21:00:00.000039936,24.6912,111.12,134.27,6.416161e-05,3.6008,255.0
2015-09-09 00:00:00.000039936,23.148,111.12,111.12,6.393293e-05,4.1152,255.0
2015-09-09 03:00:00.000039936,22.1192,111.12,106.49,6.370404e-05,4.1152,255.0
2015-09-09 06:00:00.000039936,20.576,111.12,101.86,6.3474974e-05,4.1152,250.0
