Time,Vmax,Rmax_IBT,R34,fcor,u_trans,v_trans
2018-08-07 00:00:00.000039936,18.004,37.04,37.04,3.67623e-05,5.144,260.0
2018-08-07 03:00:00.000039936,20.576,27.78,37.04,3.651592e-05,5.144,260.0
2018-08-07 06:00:00.000039936,23.148,18.52,37.04,3.626943e-05,5.144,255.0
2018-08-07 09:00:00.000039936,23.148,18.52,41.67,3.577612e-05,5.144,255.0
2018-08-07 12:00:00.000039936,23.148,18.52,46.300003,3.5529305e-05,5.144,260.0
2018-08-07 15:00:00.000039936,23.148,24.076,46.3,3.5282377e-05,5.144,265.0
2018-08-07 18:00:00.000039936,23.148,27.78,46.3,3.5282377e-05,4.6296,270.0
2018-08-07 21:00:00.000039936,22.1192,27.78,46.3,3.5282377e-05,4.1152,270.0
2018-08-08 00:00:00.000039936,20.576,27.78,46.3,3.5282377e-05,4.1152,270.0
2018-08-08 03:00:00.000039936,20.576,33.336,39.355,3.5282377e-05,4.1152,270.0
2018-08-08 06:00:00.000039936,20.576,37.04,32.41,3.5282377e-05,4.1152,280.0
2018-08-08 09:00:00.000039936,20.576,37.04,32.41,3.5529305e-05,3.6008,295.0
2018-08-08 12:00:00.000039936,20.576,37.04,32.41,3.6022833e-05,3.0864,295.0
2018-08-08 15:00:00.000039936,20.576,37.04,32.41,3.626943e-05,2.572,290.0
2018-08-08 18:00:00.000039936,20.576,37.04,32.41,3.651592e-05,2.572,305.0
2018-08-08 21:00:00.000039936,22.1192,37.04,32.41,3.700857e-05,3.0864,315.0
2018-08-09 00:00:00.000039936,23.148,37.04,32.41,3.7500762e-05,3.0864,325.0
2018-08-09 03:00:00.000039936,24.6912,37.04,37.04,3.7992504e-05,3.0864,330.0
2018-08-09 06:00:00.000039936,25.720001,37.04,41.67,3.872924e-05,2.572,345.0
2018-08-09 09:00:00.000039936,27.2632,37.04,55.559998,3.9219805e-05,2.572,0.0
2018-08-09 12:00:00.000039936,28.292,37.04,69.45,3.995476e-05,3.0864,0.0
2018-08-09 15:00:00.000039936,28.292,37.04,85.655,4.0688625e-05,3.0864,0.0
2018-08-09 18:00:00.000039936,28.292,37.04,101.86,4.142137e-05,3.0864,5.0
2018-08-09 21:00:00.000039936,28.292,37.04,101.86,4.2152973e-05,3.0864,10.0
2018-08-10 00:00:00.000039936,28.292,37.04,101.86,4.288343e-05,3.6008,10.0
2018-08-10 03:00:00.000039936,29.835201,37.04,101.86,4.3612705e-05,3.6008,10.0
2018-08-10 06:00:00.000039936,30.864,37.04,101.86,4.458322e-05,4.1152,10.0
2018-08-10 09:00:00.000039936,30.864,37.04,101.86,4.5551555e-05,4.1152,5.0
2018-08-10 12:00:00.000039936,30.864,37.04,101.86,4.651767e-05,4.1152,0.0
2018-08-10 15:00:00.000039936,30.864,37.04,101.86,4.748151e-05,4.1152,355.0
2018-08-10 18:00:00.000039936,30.864,37.04,101.86,4.844305e-05,4.1152,355.0
2018-08-10 21:00:00.000039936,28.292,37.04,97.23,4.9402213e-05,4.1152,355.0
2018-08-11 00:00:00.000039936,25.720001,37.04,92.600006,5.035898e-05,4.1152,345.0
2018-08-11 03:00:00.000039936,23.148,37.04,81.024994,5.131329e-05,4.1152,330.0
2018-08-11 06:00:00.000039936,20.576,37.04,69.45,5.2027382e-05,3.6008,325.0
2018-08-11 09:00:00.000039936,19.5472,37.04,54.634003,5.250265e-05,2.572,315.0
