Time,Vmax,Rmax_IBT,R34,fcor,u_trans,v_trans
2003-09-19 06:00:00.000040448,18.004,55.56,185.2,4.239659e-05,2.0576,290.0
2003-09-19 09:00:00.000040448,18.004,55.56,185.2,4.2640077e-05,2.0576,305.0
2003-09-19 12:00:00.000040448,18.004,55.56,185.2,4.288343e-05,1.5432,320.0
2003-09-19 15:00:00.000040448,19.5472,55.56,185.2,4.3126656e-05,1.0288,335.0
2003-09-19 18:00:00.000040448,20.576,55.56,185.2,4.3369746e-05,1.0288,340.0
2003-09-19 21:00:00.000040448,20.576,55.56,185.2,4.3612705e-05,1.0288,335.0
2003-09-20 00:00:00.000040448,20.576,55.56,185.2,4.385554e-05,1.0288,325.0
2003-09-20 03:00:00.000040448,22.1192,55.56,185.2,4.409823e-05,1.5432,315.0
2003-09-20 06:00:00.000040448,23.148,55.56,185.2,4.4340795e-05,2.0576,310.0
2003-09-20 09:00:00.000040448,23.148,55.56,185.2,4.458322e-05,2.572,310.0
2003-09-20 12:00:00.000040448,23.148,55.56,185.2,4.506766e-05,2.572,305.0
2003-09-20 15:00:00.000040448,25.720001,51.856,196.77501,4.5551555e-05,2.572,310.0
2003-09-20 18:00:00.000040448,28.292,46.3,208.34999,4.5793287e-05,2.572,310.0
2003-09-20 21:00:00.000040448,30.864,46.3,208.34999,4.6034886e-05,2.0576,315.0
2003-09-21 00:00:00.000040448,33.436,46.3,208.34999,4.651767e-05,2.0576,320.0
2003-09-21 03:00:00.000040448,33.436,42.596,189.367,4.675884e-05,2.0576,330.0
2003-09-21 06:00:00.000040448,33.436,37.04,168.995,4.7240763e-05,2.0576,325.0
2003-09-21 09:00:00.000040448,33.436,37.04,168.995,4.7722115e-05,2.572,325.0
2003-09-21 12:00:00.000040448,33.436,37.04,168.995,4.8202877e-05,3.6008,335.0
2003-09-21 15:00:00.000040448,33.436,37.04,182.88501,4.916265e-05,4.6296,340.0
2003-09-21 18:00:00.000040448,33.436,37.04,196.775,5.012002e-05,4.6296,350.0
2003-09-21 21:00:00.000040448,36.008,37.04,196.775,5.1074945e-05,4.6296,355.0
2003-09-22 00:00:00.000040448,38.58,37.04,196.775,5.22651e-05,4.6296,355.0
2003-09-22 03:00:00.000040448,41.152,33.336,196.775,5.321436e-05,5.144,355.0
2003-09-22 06:00:00.000040448,43.724,27.78,196.775,5.4633376e-05,7.2016,355.0
2003-09-22 09:00:00.000040448,43.724,27.78,174.08801,5.6750614e-05,8.744801,355.0
