Time,Vmax,Rmax_IBT,R34,fcor,u_trans,v_trans
2023-09-19 12:00:00.000039936,18.004,92.6,23.15,3.700857e-05,6.6872,280.0
2023-09-19 15:00:00.000039936,19.5472,83.34,27.78,3.7254722e-05,7.2016,275.0
2023-09-19 18:00:00.000039936,20.576,74.08,32.41,3.7254722e-05,6.1728,270.0
2023-09-19 21:00:00.000039936,20.576,74.08,32.41,3.7254722e-05,5.6584,270.0
2023-09-20 00:00:00.000039936,20.576,74.08,32.41,3.7254722e-05,5.144,275.0
2023-09-20 03:00:00.000039936,20.576,74.08,34.725,3.7500762e-05,5.144,280.0
2023-09-20 06:00:00.000039936,20.576,74.08,37.04,3.7746686e-05,5.144,295.0
2023-09-20 09:00:00.000039936,22.1192,64.82,46.300003,3.8483773e-05,5.144,310.0
2023-09-20 12:00:00.000039936,23.148,55.56,55.56,3.9219805e-05,4.6296,305.0
2023-09-20 15:00:00.000039936,23.148,55.56,57.875,3.9709896e-05,4.6296,295.0
2023-09-20 18:00:00.000039936,23.148,55.56,60.190002,4.0199502e-05,4.1152,295.0
2023-09-20 21:00:00.000039936,23.148,55.56,60.190002,4.0688625e-05,3.6008,300.0
2023-09-21 00:00:00.000039936,23.148,55.56,60.190002,4.093299e-05,3.0864,300.0
2023-09-21 03:00:00.000039936,23.148,55.56,60.19,4.1177245e-05,2.572,310.0
2023-09-21 06:00:00.000039936,23.148,55.56,60.190002,4.1665367e-05,2.0576,310.0
2023-09-21 09:00:00.000039936,22.1192,64.82,62.504997,4.1909232e-05,2.0576,315.0
2023-09-21 12:00:00.000039936,20.576,74.08,64.82,4.239659e-05,2.572,320.0
2023-09-21 15:00:00.000039936,19.5472,74.08,57.875,4.288343e-05,3.0864,325.0
2023-09-21 18:00:00.000039936,18.004,74.08,50.93,4.3612705e-05,3.6008,330.0
2023-09-21 21:00:00.000039936,18.004,74.08,48.614998,4.4340795e-05,3.6008,335.0
