Time,Vmax,Rmax_IBT,R34,fcor,u_trans,v_trans
2017-08-19 00:00:00.000039936,18.004,74.08,41.670002,3.7500762e-05,6.6872,280.0
2017-08-19 03:00:00.000039936,19.5472,74.08,41.670002,3.7746686e-05,7.2016,280.0
2017-08-19 06:00:00.000039936,20.576,74.08,41.670002,3.7992504e-05,7.2016,280.0
2017-08-19 09:00:00.000039936,22.1192,74.08,46.3,3.8238195e-05,7.716,280.0
2017-08-19 12:00:00.000039936,23.148,74.08,50.93,3.8483773e-05,7.716,280.0
2017-08-19 15:00:00.000039936,24.6912,64.82,57.875,3.872924e-05,7.716,280.0
2017-08-19 18:00:00.000039936,25.720001,55.56,64.82001,3.897458e-05,7.2016,280.0
2017-08-19 21:00:00.000039936,27.2632,55.56,69.45,3.9219805e-05,7.2016,280.0
2017-08-20 00:00:00.000039936,28.292,55.56,74.08,3.9464914e-05,6.6872,280.0
2017-08-20 03:00:00.000039936,29.835201,46.3,83.34,3.9709896e-05,6.6872,280.0
2017-08-20 06:00:00.000039936,30.864,37.04,92.6,3.995476e-05,6.1728,280.0
2017-08-20 09:00:00.000039936,32.4072,33.336,99.545,4.0199502e-05,6.1728,280.0
2017-08-20 12:00:00.000039936,33.436,27.78,106.490005,4.0444127e-05,5.6584,280.0
2017-08-20 15:00:00.000039936,37.5512,27.78,115.75,4.0688625e-05,5.144,280.0
2017-08-20 18:00:00.000039936,41.152,27.78,125.009995,4.093299e-05,5.144,280.0
2017-08-20 21:00:00.000039936,45.2672,27.78,127.325,4.1177245e-05,5.144,280.0
2017-08-21 00:00:00.000039936,48.868,27.78,129.64,4.142137e-05,5.144,285.0
2017-08-21 03:00:00.000039936,54.012,27.78,136.58499,4.1909232e-05,5.144,295.0
2017-08-21 06:00:00.000039936,59.156002,27.78,143.53,4.239659e-05,5.144,300.0
2017-08-21 09:00:00.000039936,59.156002,27.78,143.53,4.3126656e-05,5.144,310.0
2017-08-21 12:00:00.000039936,59.156002,27.78,143.53,4.385554e-05,4.6296,310.0
2017-08-21 15:00:00.000039936,56.584,27.78,143.53,4.458322e-05,4.6296,310.0
2017-08-21 18:00:00.000039936,54.012,27.78,143.53,4.5309676e-05,4.6296,315.0
2017-08-21 21:00:00.000039936,51.440002,27.78,143.53,4.6034886e-05,4.6296,320.0
2017-08-22 00:00:00.000039936,48.868,27.78,143.53,4.6999867e-05,4.6296,320.0
2017-08-22 03:00:00.000039936,46.296,27.78,141.215,4.7722115e-05,4.6296,320.0
2017-08-22 06:00:00.000039936,43.724,27.78,138.9,4.868306e-05,4.6296,325.0
2017-08-22 09:00:00.000039936,41.152,27.78,134.26999,4.9641636e-05,4.6296,330.0
2017-08-22 12:00:00.000039936,38.58,27.78,129.64,5.059779e-05,5.144,330.0
2017-08-22 15:00:00.000039936,36.008,27.78,127.325,5.155148e-05,5.144,335.0
2017-08-22 18:00:00.000039936,33.436,27.78,125.009995,5.2740055e-05,5.6584,335.0
2017-08-22 21:00:00.000039936,32.4072,33.336,122.69501,5.392461e-05,5.6584,340.0
2017-08-23 00:00:00.000039936,30.864,37.04,120.380005,5.510506e-05,5.6584,340.0
2017-08-23 03:00:00.000039936,28.292,37.04,115.75,5.6281307e-05,5.6584,340.0
2017-08-23 06:00:00.000039936,25.720001,37.04,111.119995,5.7453286e-05,5.6584,335.0
2017-08-23 09:00:00.000039936,23.148,37.04,111.119995,5.862087e-05,5.6584,330.0
2017-08-23 12:00:00.000039936,20.576,37.04,111.119995,5.9551734e-05,5.144,325.0
2017-08-23 15:00:00.000039936,19.5472,37.04,111.119995,6.0479695e-05,5.144,325.0
2017-08-23 18:00:00.000039936,18.004,37.04,111.119995,6.14047e-05,4.6296,325.0
2017-08-23 21:00:00.000039936,18.004,37.04,108.80499,6.2326726e-05,4.6296,320.0
2017-08-24 00:00:00.000039936,18.004,37.04,106.490005,6.3016254e-05,4.6296,325.0
2017-08-24 03:00:00.000039936,18.004,37.04,92.6,6.393293e-05,4.1152,325.0
2017-08-24 06:00:00.000039936,18.004,37.04,78.71,6.461839e-05,4.1152,335.0
2017-08-24 09:00:00.000039936,18.004,37.04,76.395,6.552959e-05,3.6008,345.0
2017-08-24 12:00:00.000039936,18.004,37.04,74.08,6.621089e-05,3.6008,355.0
2017-08-24 15:00:00.000039936,18.004,37.04,50.93,6.689037e-05,3.0864,10.0
2017-08-24 18:00:00.000039936,18.004,37.04,27.78,6.756802e-05,3.0864,20.0
2017-08-24 21:00:00.000039936,18.004,37.04,27.78,6.801876e-05,2.572,35.0
2017-08-25 00:00:00.000039936,18.004,37.04,27.78,6.8468675e-05,2.0576,55.0
2017-08-25 03:00:00.000039936,18.004,37.04,27.78,6.869332e-05,2.0576,75.0
2017-08-25 06:00:00.000039936,18.004,37.04,27.78,6.869332e-05,2.0576,80.0
2017-08-25 09:00:00.000039936,18.004,37.04,27.78,6.869332e-05,2.0576,75.0
