Time,Vmax,Rmax_IBT,R34,fcor,u_trans,v_trans
2013-10-07 00:00:00.000039936,18.004,74.08,27.78,3.305528e-05,6.6872,285.0
2013-10-07 03:00:00.000039936,19.5472,74.08,32.41,3.3550914e-05,7.2016,290.0
2013-10-07 06:00:00.000039936,20.576,74.08,37.04,3.4293596e-05,6.6872,290.0
2013-10-07 09:00:00.000039936,23.148,55.56,53.245,3.47882e-05,6.1728,290.0
2013-10-07 12:00:00.000039936,25.720001,37.04,69.450005,3.5282377e-05,6.1728,290.0
2013-10-07 15:00:00.000039936,27.2632,37.04,69.450005,3.577612e-05,5.6584,290.0
2013-10-07 18:00:00.000039936,28.292,37.04,69.450005,3.626943e-05,5.6584,290.0
2013-10-07 21:00:00.000039936,28.292,37.04,69.450005,3.67623e-05,5.6584,290.0
2013-10-08 00:00:00.000039936,28.292,37.04,69.450005,3.7254722e-05,5.6584,290.0
2013-10-08 03:00:00.000039936,27.2632,37.04,69.450005,3.7500762e-05,5.144,285.0
2013-10-08 06:00:00.000039936,25.720001,37.04,69.450005,3.7992504e-05,5.6584,290.0
2013-10-08 09:00:00.000039936,23.148,37.04,67.134995,3.8483773e-05,6.1728,295.0
2013-10-08 12:00:00.000039936,20.576,37.04,64.82,3.9219805e-05,6.1728,295.0
2013-10-08 15:00:00.000039936,19.5472,46.3,46.3,3.995476e-05,5.6584,295.0
