Time,Vmax,Rmax_IBT,R34,fcor,u_trans,v_trans
2002-10-22 06:00:00.000040448,18.004,55.56,46.300003,2.9076216e-05,5.144,280.0
2002-10-22 09:00:00.000040448,18.004,55.56,64.82,2.9325609e-05,5.144,280.0
2002-10-22 12:00:00.000040448,18.004,55.56,83.34,2.9574905e-05,5.6584,285.0
2002-10-22 15:00:00.000040448,18.004,55.56,87.97,3.0073232e-05,6.1728,290.0
2002-10-22 18:00:00.000040448,18.004,55.56,92.6,3.0571195e-05,6.1728,295.0
2002-10-22 21:00:00.000040448,19.5472,55.56,92.6,3.1068776e-05,6.1728,295.0
2002-10-23 00:00:00.000040448,20.576,55.56,92.6,3.1814445e-05,5.6584,295.0
2002-10-23 03:00:00.000040448,23.148,55.56,101.86,3.231108e-05,5.6584,295.0
2002-10-23 06:00:00.000040448,25.720001,55.56,111.12,3.305528e-05,5.6584,295.0
2002-10-23 09:00:00.000040448,28.292,55.56,111.12,3.3550914e-05,6.1728,295.0
2002-10-23 12:00:00.000040448,30.864,55.56,111.12,3.4293596e-05,6.6872,295.0
2002-10-23 15:00:00.000040448,34.979202,55.56,125.936,3.5035337e-05,6.6872,295.0
2002-10-23 18:00:00.000040448,38.58,55.56,138.9,3.577612e-05,6.6872,300.0
2002-10-23 21:00:00.000040448,42.6952,42.596,138.9,3.67623e-05,6.6872,305.0
2002-10-24 00:00:00.000040448,46.296,27.78,138.9,3.7500762e-05,5.144,310.0
2002-10-24 03:00:00.000040448,50.4112,27.78,162.976,3.8238195e-05,4.1152,320.0
2002-10-24 06:00:00.000040448,54.012,27.78,185.2,3.897458e-05,4.1152,335.0
2002-10-24 09:00:00.000040448,59.156002,24.076,179.644,3.995476e-05,5.144,340.0
2002-10-24 12:00:00.000040448,64.3,18.52,173.625,4.1177245e-05,4.6296,350.0
2002-10-24 15:00:00.000040448,68.4152,14.816,173.625,4.2152973e-05,4.6296,0.0
2002-10-24 18:00:00.000040448,72.016,9.26,173.625,4.3369746e-05,5.144,15.0
2002-10-24 21:00:00.000040448,73.559204,9.26,173.625,4.458322e-05,5.6584,25.0
2002-10-25 00:00:00.000040448,74.588,9.26,173.625,4.5793287e-05,6.1728,35.0
2002-10-25 03:00:00.000040448,74.588,9.26,173.625,4.6999867e-05,6.6872,35.0
2002-10-25 06:00:00.000040448,74.588,9.26,173.625,4.8202877e-05,6.6872,40.0
2002-10-25 09:00:00.000040448,70.9872,27.78,173.625,4.9402213e-05,7.716,40.0
2002-10-25 12:00:00.000040448,66.872,46.3,173.625,5.083645e-05,9.7736,40.0
2002-10-25 15:00:00.000040448,63.271202,46.3,150.93799,5.2977284e-05,11.3168,40.0
