Time,Vmax,Rmax_IBT,R34,fcor,u_trans,v_trans
2019-09-18 00:00:00.000039936,18.004,37.04,27.78,3.2559245e-05,4.6296,315.0
2019-09-18 03:00:00.000039936,20.576,37.04,32.41,3.330315e-05,5.144,310.0
2019-09-18 06:00:00.000039936,23.148,37.04,37.04,3.404614e-05,5.144,305.0
2019-09-18 09:00:00.000039936,25.720001,37.04,55.559998,3.47882e-05,5.144,300.0
2019-09-18 12:00:00.000039936,28.292,37.04,74.08,3.5282377e-05,5.144,295.0
2019-09-18 15:00:00.000039936,29.835201,37.04,74.08,3.577612e-05,4.6296,295.0
2019-09-18 18:00:00.000039936,30.864,37.04,74.08,3.626943e-05,4.1152,310.0
2019-09-18 21:00:00.000039936,30.864,37.04,69.45,3.700857e-05,3.6008,325.0
2019-09-19 00:00:00.000039936,30.864,37.04,64.82001,3.7746686e-05,3.6008,345.0
2019-09-19 03:00:00.000039936,29.835201,37.04,62.504997,3.872924e-05,3.6008,0.0
2019-09-19 06:00:00.000039936,28.292,37.04,60.19,3.9464914e-05,3.0864,15.0
2019-09-19 09:00:00.000039936,28.292,37.04,60.19,4.0199502e-05,3.0864,30.0
2019-09-19 12:00:00.000039936,28.292,37.04,60.19,4.0688625e-05,3.0864,40.0
2019-09-19 15:00:00.000039936,28.292,37.04,64.82,4.1177245e-05,3.0864,45.0
2019-09-19 18:00:00.000039936,28.292,37.04,69.450005,4.1665367e-05,3.0864,45.0
2019-09-19 21:00:00.000039936,28.292,37.04,74.08,4.2152973e-05,3.0864,45.0
2019-09-20 00:00:00.000039936,28.292,37.04,78.71,4.2640077e-05,2.572,45.0
2019-09-20 03:00:00.000039936,28.292,37.04,87.97,4.3126656e-05,2.0576,45.0
2019-09-20 06:00:00.000039936,28.292,37.04,97.23,4.3369746e-05,2.0576,45.0
2019-09-20 09:00:00.000039936,28.292,37.04,106.49,4.385554e-05,2.0576,45.0
2019-09-20 12:00:00.000039936,28.292,37.04,115.75,4.409823e-05,1.5432,40.0
2019-09-20 15:00:00.000039936,28.292,37.04,120.380005,4.4340795e-05,1.0288,25.0
2019-09-20 18:00:00.000039936,28.292,37.04,125.01001,4.458322e-05,1.0288,355.0
2019-09-20 21:00:00.000039936,28.292,37.04,127.325005,4.4825505e-05,1.5432,345.0
2019-09-21 00:00:00.000039936,28.292,37.04,129.64,4.5309676e-05,1.5432,340.0
2019-09-21 03:00:00.000039936,27.2632,37.04,131.955,4.5551555e-05,1.5432,345.0
2019-09-21 06:00:00.000039936,25.720001,37.04,134.27,4.6034886e-05,2.0576,345.0
2019-09-21 09:00:00.000039936,24.6912,42.596,134.27,4.651767e-05,2.0576,345.0
2019-09-21 12:00:00.000039936,23.148,46.3,134.27,4.6999867e-05,2.572,350.0
2019-09-21 15:00:00.000039936,22.1192,46.3,125.009995,4.748151e-05,2.572,350.0
2019-09-21 18:00:00.000039936,20.576,46.3,115.75001,4.8202877e-05,3.0864,350.0
2019-09-21 21:00:00.000039936,19.5472,61.116,108.805,4.892293e-05,3.6008,345.0
