Time,Vmax,Rmax_IBT,R34,fcor,u_trans,v_trans
2017-08-30 18:00:00.000039936,18.004,185.2,92.6,4.9402213e-05,3.6008,340.0
2017-08-30 21:00:00.000039936,18.004,185.2,92.6,5.012002e-05,3.6008,335.0
2017-08-31 00:00:00.000039936,18.004,185.2,92.6,5.083645e-05,3.0864,335.0
2017-08-31 03:00:00.000039936,19.5472,185.2,106.490005,5.155148e-05,3.6008,335.0
2017-08-31 06:00:00.000039936,20.576,185.2,120.380005,5.22651e-05,4.1152,340.0
2017-08-31 09:00:00.000039936,22.1192,148.16,120.380005,5.321436e-05,4.6296,340.0
2017-08-31 12:00:00.000039936,23.148,111.12,120.380005,5.4161024e-05,4.1152,335.0
2017-08-31 15:00:00.000039936,25.720001,83.34,157.42,5.4869302e-05,3.6008,330.0
2017-08-31 18:00:00.000039936,28.292,55.56,194.45999,5.5576067e-05,3.0864,330.0
2017-08-31 21:00:00.000039936,28.292,55.56,189.83,5.6281307e-05,3.0864,330.0
2017-09-01 00:00:00.000039936,28.292,55.56,185.2,5.6750614e-05,3.0864,325.0
2017-09-01 03:00:00.000039936,28.292,46.3,187.51498,5.721923e-05,3.0864,325.0
2017-09-01 06:00:00.000039936,28.292,37.04,189.82999,5.7920843e-05,3.0864,335.0
2017-09-01 09:00:00.000039936,27.2632,37.04,189.82999,5.862087e-05,3.0864,345.0
