Time,Vmax,Rmax_IBT,R34,fcor,u_trans,v_trans
2003-10-02 12:00:00.000040448,18.004,46.3,74.08,3.872924e-05,1.0288,220.0
2003-10-02 15:00:00.000040448,19.5472,46.3,92.6,3.8483773e-05,0.5144,225.0
2003-10-02 18:00:00.000040448,20.576,46.3,111.12,3.8483773e-05,1.0288,210.0
2003-10-02 21:00:00.000040448,23.148,46.3,111.12,3.8238195e-05,1.0288,205.0
2003-10-03 00:00:00.000040448,25.720001,46.3,111.12,3.7992504e-05,1.0288,215.0
2003-10-03 03:00:00.000040448,27.2632,46.3,109.268,3.7992504e-05,0.5144,270.0
2003-10-03 06:00:00.000040448,28.292,46.3,106.490005,3.7992504e-05,1.0288,330.0
2003-10-03 09:00:00.000040448,28.292,42.596,106.490005,3.8238195e-05,1.5432,345.0
2003-10-03 12:00:00.000040448,28.292,37.04,106.490005,3.872924e-05,3.0864,335.0
2003-10-03 15:00:00.000040448,29.835201,37.04,109.268,3.9464914e-05,3.6008,325.0
2003-10-03 18:00:00.000040448,30.864,37.04,111.12,4.0199502e-05,3.6008,310.0
2003-10-03 21:00:00.000040448,32.4072,37.04,120.38,4.0444127e-05,3.0864,290.0
2003-10-04 00:00:00.000040448,33.436,37.04,129.64,4.0688625e-05,3.0864,290.0
2003-10-04 03:00:00.000040448,36.008,37.04,118.528,4.093299e-05,3.6008,300.0
2003-10-04 06:00:00.000040448,38.58,37.04,106.49,4.142137e-05,3.6008,300.0
2003-10-04 09:00:00.000040448,42.6952,37.04,146.308,4.1909232e-05,3.6008,305.0
2003-10-04 12:00:00.000040448,46.296,37.04,185.2,4.239659e-05,3.6008,310.0
2003-10-04 15:00:00.000040448,46.296,37.04,185.2,4.288343e-05,3.6008,315.0
2003-10-04 18:00:00.000040448,46.296,37.04,185.2,4.3612705e-05,4.1152,315.0
2003-10-04 21:00:00.000040448,46.296,37.04,185.2,4.4340795e-05,4.1152,315.0
2003-10-05 00:00:00.000040448,46.296,37.04,185.2,4.506766e-05,3.6008,320.0
2003-10-05 03:00:00.000040448,46.296,37.04,185.2,4.5793287e-05,3.0864,325.0
2003-10-05 06:00:00.000040448,46.296,37.04,185.2,4.627635e-05,3.0864,325.0
2003-10-05 09:00:00.000040448,45.2672,37.04,185.2,4.6999867e-05,3.0864,325.0
2003-10-05 12:00:00.000040448,43.724,37.04,185.2,4.748151e-05,2.572,325.0
2003-10-05 15:00:00.000040448,42.6952,37.04,185.2,4.796257e-05,2.0576,330.0
2003-10-05 18:00:00.000040448,41.152,37.04,185.2,4.8202877e-05,2.0576,330.0
2003-10-05 21:00:00.000040448,41.152,37.04,185.2,4.868306e-05,2.0576,335.0
2003-10-06 00:00:00.000040448,41.152,37.04,185.2,4.916265e-05,2.572,340.0
2003-10-06 03:00:00.000040448,37.5512,37.04,179.644,4.9641636e-05,2.0576,345.0
2003-10-06 06:00:00.000040448,33.436,37.04,173.625,5.012002e-05,1.0288,345.0
2003-10-06 09:00:00.000040448,29.835201,37.04,142.604,5.012002e-05,0.0,0.0
2003-10-06 12:00:00.000040448,25.720001,37.04,111.12,5.012002e-05,0.0,0.0
2003-10-06 15:00:00.000040448,23.148,37.04,111.12,5.012002e-05,0.0,0.0
2003-10-06 18:00:00.000040448,20.576,37.04,111.12,5.012002e-05,1.0288,50.0
2003-10-06 21:00:00.000040448,19.5472,37.04,111.12,5.035898e-05,1.5432,55.0
