Time,Vmax,Rmax_IBT,R34,fcor,u_trans,v_trans
2020-08-26 18:00:00.000039936,18.004,111.12,41.67,3.897458e-05,2.0576,50.0
2020-08-26 21:00:00.000039936,18.004,111.12,62.504997,3.9219805e-05,2.0576,45.0
2020-08-27 00:00:00.000039936,18.004,111.12,83.34,3.9709896e-05,2.572,35.0
2020-08-27 03:00:00.000039936,19.5472,101.86,78.71,4.0199502e-05,3.0864,30.0
2020-08-27 06:00:00.000039936,20.576,92.6,74.08,4.093299e-05,2.572,25.0
2020-08-27 09:00:00.000039936,20.576,83.34,69.45,4.142137e-05,2.0576,25.0
2020-08-27 12:00:00.000039936,20.576,74.08,64.82,4.1909232e-05,2.0576,25.0
2020-08-27 15:00:00.000039936,22.1192,64.82,74.08,4.239659e-05,2.0576,25.0
2020-08-27 18:00:00.000039936,23.148,55.56,83.340004,4.288343e-05,2.0576,20.0
2020-08-27 21:00:00.000039936,23.148,55.56,83.340004,4.3369746e-05,1.5432,15.0
2020-08-28 00:00:00.000039936,23.148,55.56,83.340004,4.3612705e-05,1.5432,15.0
2020-08-28 03:00:00.000039936,24.6912,46.3,83.340004,4.385554e-05,1.5432,15.0
2020-08-28 06:00:00.000039936,25.720001,37.04,83.340004,4.4340795e-05,2.0576,15.0
2020-08-28 09:00:00.000039936,25.720001,37.04,90.285,4.4825505e-05,2.0576,15.0
2020-08-28 12:00:00.000039936,25.720001,37.04,97.229996,4.5309676e-05,2.0576,10.0
2020-08-28 15:00:00.000039936,24.6912,37.04,97.229996,4.5793287e-05,2.0576,15.0
2020-08-28 18:00:00.000039936,23.148,37.04,97.229996,4.627635e-05,2.572,15.0
2020-08-28 21:00:00.000039936,23.148,37.04,90.285,4.675884e-05,2.572,20.0
2020-08-29 00:00:00.000039936,23.148,37.04,83.34,4.748151e-05,2.572,20.0
2020-08-29 03:00:00.000039936,22.1192,46.3,74.08,4.796257e-05,2.572,20.0
2020-08-29 06:00:00.000039936,20.576,55.56,64.82,4.868306e-05,2.572,20.0
2020-08-29 09:00:00.000039936,20.576,55.56,64.82,4.916265e-05,2.572,20.0
2020-08-29 12:00:00.000039936,20.576,55.56,64.82,4.9880902e-05,3.0864,25.0
2020-08-29 15:00:00.000039936,20.576,64.82,41.67,5.059779e-05,3.6008,25.0
2020-08-29 18:00:00.000039936,20.576,74.08,18.52,5.131329e-05,4.1152,20.0
2020-08-29 21:00:00.000039936,19.5472,74.08,18.52,5.22651e-05,4.6296,20.0
