Time,Vmax,Rmax_IBT,R34,fcor,u_trans,v_trans
2005-09-23 12:00:00.000039936,18.004,55.56,55.56,3.7746686e-05,2.0576,290.0
2005-09-23 15:00:00.000039936,19.5472,55.56,60.190002,3.7992504e-05,2.0576,305.0
2005-09-23 18:00:00.000039936,20.576,55.56,64.82001,3.8238195e-05,1.5432,305.0
2005-09-23 21:00:00.000039936,20.576,55.56,63.893997,3.8483773e-05,2.0576,305.0
2005-09-24 00:00:00.000039936,20.576,55.56,62.504997,3.872924e-05,1.5432,315.0
2005-09-24 03:00:00.000039936,22.1192,55.56,69.913,3.897458e-05,2.0576,325.0
2005-09-24 06:00:00.000039936,23.148,55.56,76.395,3.9464914e-05,2.0576,330.0
2005-09-24 09:00:00.000039936,23.148,55.56,76.395,3.9709896e-05,2.0576,325.0
2005-09-24 12:00:00.000039936,23.148,55.56,76.395,4.0199502e-05,2.0576,325.0
2005-09-24 15:00:00.000039936,24.6912,46.3,94.915,4.0444127e-05,2.0576,325.0
2005-09-24 18:00:00.000039936,25.720001,37.04,113.435,4.093299e-05,2.0576,330.0
2005-09-24 21:00:00.000039936,24.6912,37.04,113.435,4.142137e-05,2.0576,335.0
2005-09-25 00:00:00.000039936,23.148,37.04,113.435,4.1909232e-05,2.0576,335.0
2005-09-25 03:00:00.000039936,23.148,42.596,113.435,4.239659e-05,2.0576,335.0
2005-09-25 06:00:00.000039936,23.148,46.3,113.435,4.288343e-05,3.0864,325.0
2005-09-25 09:00:00.000039936,23.148,46.3,122.695,4.3612705e-05,3.6008,315.0
2005-09-25 12:00:00.000039936,23.148,46.3,131.955,4.409823e-05,3.6008,315.0
2005-09-25 15:00:00.000039936,23.148,46.3,131.955,4.458322e-05,3.0864,310.0
2005-09-25 18:00:00.000039936,23.148,46.3,131.955,4.506766e-05,3.6008,310.0
2005-09-25 21:00:00.000039936,22.1192,46.3,132.418,4.5551555e-05,4.1152,310.0
2005-09-26 00:00:00.000039936,20.576,46.3,131.955,4.627635e-05,4.1152,310.0
2005-09-26 03:00:00.000039936,20.576,46.3,120.842995,4.675884e-05,4.1152,310.0
2005-09-26 06:00:00.000039936,20.576,46.3,108.805,4.748151e-05,4.1152,315.0
2005-09-26 09:00:00.000039936,19.5472,46.3,82.414,4.8202877e-05,4.1152,315.0
