Time,Vmax,Rmax_IBT,R34,fcor,u_trans,v_trans
2014-09-02 12:00:00.000039936,18.004,46.3,37.04,4.2640077e-05,5.144,10.0
2014-09-02 15:00:00.000039936,18.004,46.3,37.04,4.385554e-05,5.144,5.0
2014-09-02 18:00:00.000039936,18.004,46.3,37.04,4.506766e-05,5.144,355.0
2014-09-02 21:00:00.000039936,19.5472,46.3,37.04,4.627635e-05,4.6296,340.0
2014-09-03 00:00:00.000039936,20.576,46.3,37.04,4.7240763e-05,4.6296,330.0
2014-09-03 03:00:00.000039936,22.1192,42.596,55.559998,4.796257e-05,4.1152,310.0
2014-09-03 06:00:00.000039936,23.148,37.04,74.08,4.844305e-05,3.6008,290.0
2014-09-03 09:00:00.000039936,25.720001,33.336,78.71,4.868306e-05,4.1152,280.0
2014-09-03 12:00:00.000039936,28.292,27.78,83.34,4.868306e-05,4.1152,270.0
2014-09-03 15:00:00.000039936,29.835201,27.78,106.49,4.868306e-05,4.1152,270.0
2014-09-03 18:00:00.000039936,30.864,27.78,129.64,4.868306e-05,3.0864,280.0
2014-09-03 21:00:00.000039936,32.4072,27.78,141.215,4.892293e-05,2.0576,300.0
2014-09-04 00:00:00.000039936,33.436,27.78,152.79001,4.916265e-05,2.572,310.0
2014-09-04 03:00:00.000039936,34.979202,27.78,152.79,4.9641636e-05,3.0864,310.0
2014-09-04 06:00:00.000039936,36.008,27.78,152.79,5.012002e-05,3.0864,310.0
2014-09-04 09:00:00.000039936,37.5512,27.78,152.79,5.035898e-05,2.572,310.0
2014-09-04 12:00:00.000039936,38.58,27.78,152.79,5.083645e-05,2.572,315.0
2014-09-04 15:00:00.000039936,40.1232,33.336,166.68,5.131329e-05,3.0864,325.0
2014-09-04 18:00:00.000039936,41.152,37.04,180.57,5.2027382e-05,3.0864,335.0
2014-09-04 21:00:00.000039936,41.152,37.04,180.57,5.2740055e-05,3.0864,345.0
2014-09-05 00:00:00.000039936,41.152,37.04,180.57,5.345127e-05,3.0864,340.0
2014-09-05 03:00:00.000039936,41.152,37.04,180.57,5.4161024e-05,3.6008,335.0
2014-09-05 06:00:00.000039936,41.152,37.04,180.57,5.4869302e-05,4.1152,330.0
2014-09-05 09:00:00.000039936,41.152,37.04,180.57,5.5576067e-05,4.1152,325.0
2014-09-05 12:00:00.000039936,41.152,37.04,180.57,5.6516048e-05,4.1152,330.0
2014-09-05 15:00:00.000039936,41.152,37.04,180.57,5.7453286e-05,4.1152,330.0
2014-09-05 18:00:00.000039936,41.152,37.04,180.57,5.8154368e-05,4.1152,325.0
2014-09-05 21:00:00.000039936,45.2672,37.04,180.57,5.8853857e-05,3.6008,310.0
2014-09-06 00:00:00.000039936,48.868,37.04,180.57,5.9319285e-05,3.6008,310.0
2014-09-06 03:00:00.000039936,52.9832,37.04,180.57,5.9784e-05,3.0864,310.0
2014-09-06 06:00:00.000039936,56.584,37.04,180.57,6.0247978e-05,3.6008,305.0
2014-09-06 09:00:00.000039936,54.012,37.04,180.57,6.0711227e-05,4.1152,300.0
2014-09-06 12:00:00.000039936,51.440002,37.04,180.57,6.1173734e-05,3.6008,300.0
2014-09-06 15:00:00.000039936,48.868,37.04,178.255,6.1635496e-05,3.6008,295.0
2014-09-06 18:00:00.000039936,46.296,37.04,175.94,6.186609e-05,3.0864,290.0
2014-09-06 21:00:00.000039936,43.724,37.04,157.42,6.20965e-05,3.0864,290.0
2014-09-07 00:00:00.000039936,41.152,37.04,138.90001,6.2326726e-05,3.6008,290.0
2014-09-07 03:00:00.000039936,38.58,37.04,138.90001,6.255676e-05,4.6296,290.0
2014-09-07 06:00:00.000039936,36.008,37.04,138.90001,6.3016254e-05,4.1152,290.0
2014-09-07 09:00:00.000039936,32.4072,37.04,129.64,6.324571e-05,3.6008,295.0
2014-09-07 12:00:00.000039936,28.292,37.04,120.38,6.370404e-05,3.6008,300.0
2014-09-07 15:00:00.000039936,25.720001,37.04,111.119995,6.416161e-05,3.6008,305.0
2014-09-07 18:00:00.000039936,23.148,37.04,101.86,6.461839e-05,3.0864,315.0
2014-09-07 21:00:00.000039936,22.1192,37.04,94.915,6.507438e-05,3.0864,325.0
2014-09-08 00:00:00.000039936,20.576,37.04,87.97001,6.575688e-05,3.0864,325.0
2014-09-08 03:00:00.000039936,19.5472,37.04,60.19,6.621089e-05,2.572,320.0
