Time,Vmax,Rmax_IBT,R34,fcor,u_trans,v_trans
2016-08-27 00:00:00.000039936,18.004,74.08,37.04,3.5035337e-05,4.1152,315.0
2016-08-27 03:00:00.000039936,20.576,74.08,55.559998,3.577612e-05,4.1152,315.0
2016-08-27 06:00:00.000039936,23.148,74.08,74.08,3.651592e-05,4.6296,315.0
2016-08-27 09:00:00.000039936,23.148,74.08,74.08,3.7254722e-05,4.6296,310.0
2016-08-27 12:00:00.000039936,23.148,74.08,74.08,3.7992504e-05,4.6296,305.0
2016-08-27 15:00:00.000039936,24.6912,64.82,78.71,3.8483773e-05,4.1152,300.0
2016-08-27 18:00:00.000039936,25.720001,55.56,83.340004,3.897458e-05,3.6008,295.0
2016-08-27 21:00:00.000039936,25.720001,55.56,83.340004,3.9219805e-05,3.6008,285.0
2016-08-28 00:00:00.000039936,25.720001,55.56,83.340004,3.9464914e-05,3.6008,285.0
2016-08-28 03:00:00.000039936,25.720001,55.56,83.340004,3.9709896e-05,3.0864,290.0
2016-08-28 06:00:00.000039936,25.720001,55.56,83.340004,3.995476e-05,3.0864,295.0
2016-08-28 09:00:00.000039936,25.720001,55.56,83.340004,4.0199502e-05,3.6008,300.0
2016-08-28 12:00:00.000039936,25.720001,55.56,83.340004,4.0688625e-05,3.6008,295.0
2016-08-28 15:00:00.000039936,27.2632,46.3,83.340004,4.1177245e-05,4.6296,300.0
2016-08-28 18:00:00.000039936,28.292,37.04,83.340004,4.1665367e-05,5.144,300.0
2016-08-28 21:00:00.000039936,29.835201,37.04,90.748,4.239659e-05,5.6584,305.0
2016-08-29 00:00:00.000039936,30.864,37.04,97.229996,4.3126656e-05,4.6296,305.0
2016-08-29 03:00:00.000039936,34.979202,33.336,109.268,4.3612705e-05,4.1152,300.0
2016-08-29 06:00:00.000039936,38.58,27.78,120.380005,4.409823e-05,4.6296,295.0
2016-08-29 09:00:00.000039936,41.152,27.78,120.380005,4.458322e-05,5.144,295.0
2016-08-29 12:00:00.000039936,43.724,27.78,120.380005,4.506766e-05,5.144,295.0
2016-08-29 15:00:00.000039936,47.8392,27.78,143.53,4.5551555e-05,4.6296,300.0
2016-08-29 18:00:00.000039936,51.440002,27.78,166.68,4.6034886e-05,4.1152,295.0
2016-08-29 21:00:00.000039936,54.012,27.78,171.31,4.651767e-05,4.1152,290.0
2016-08-30 00:00:00.000039936,56.584,27.78,175.94,4.675884e-05,4.1152,290.0
2016-08-30 03:00:00.000039936,58.1272,27.78,175.94,4.6999867e-05,4.1152,285.0
2016-08-30 06:00:00.000039936,59.156002,27.78,175.94,4.7240763e-05,4.6296,285.0
2016-08-30 09:00:00.000039936,56.584,27.78,175.94,4.7722115e-05,5.144,290.0
2016-08-30 12:00:00.000039936,54.012,27.78,175.94,4.796257e-05,5.144,280.0
2016-08-30 15:00:00.000039936,52.9832,27.78,166.68,4.796257e-05,5.144,270.0
2016-08-30 18:00:00.000039936,51.440002,27.78,157.42,4.796257e-05,5.144,270.0
2016-08-30 21:00:00.000039936,48.868,27.78,150.475,4.796257e-05,5.144,270.0
2016-08-31 00:00:00.000039936,46.296,27.78,143.53,4.796257e-05,5.6584,270.0
2016-08-31 03:00:00.000039936,43.724,27.78,136.58499,4.796257e-05,5.6584,270.0
2016-08-31 06:00:00.000039936,41.152,27.78,129.64,4.796257e-05,5.6584,265.0
2016-08-31 09:00:00.000039936,38.58,27.78,124.084,4.7722115e-05,6.1728,260.0
2016-08-31 12:00:00.000039936,36.008,27.78,118.065,4.748151e-05,6.1728,255.0
2016-08-31 15:00:00.000039936,33.436,27.78,110.194,4.6999867e-05,6.6872,250.0
2016-08-31 18:00:00.000039936,30.864,27.78,101.86,4.651767e-05,6.1728,250.0
2016-08-31 21:00:00.000039936,29.835201,33.336,98.619,4.6034886e-05,5.6584,240.0
2016-09-01 00:00:00.000039936,28.292,37.04,94.915,4.5309676e-05,5.6584,235.0
2016-09-01 03:00:00.000039936,25.720001,37.04,77.784,4.458322e-05,5.6584,230.0
2016-09-01 06:00:00.000039936,23.148,37.04,60.190002,4.3612705e-05,5.6584,225.0
2016-09-01 09:00:00.000039936,23.148,37.04,60.190002,4.2640077e-05,5.144,230.0
2016-09-01 12:00:00.000039936,23.148,37.04,60.190002,4.1909232e-05,4.6296,240.0
2016-09-01 15:00:00.000039936,22.1192,42.596,53.245,4.142137e-05,4.6296,255.0
2016-09-01 18:00:00.000039936,20.576,46.3,46.300003,4.142137e-05,5.144,265.0
2016-09-01 21:00:00.000039936,19.5472,51.856,41.67,4.142137e-05,6.1728,270.0
