Time,Vmax,Rmax_IBT,R34,fcor,u_trans,v_trans
2022-09-17 06:00:00.000039936,18.004,166.68,138.9,3.7500762e-05,1.5432,10.0
2022-09-17 09:00:00.000039936,19.5472,148.16,138.9,3.7992504e-05,2.0576,0.0
2022-09-17 12:00:00.000039936,20.576,129.64,138.9,3.8483773e-05,2.572,345.0
2022-09-17 15:00:00.000039936,20.576,111.12,129.64,3.897458e-05,2.572,340.0
2022-09-17 18:00:00.000039936,20.576,92.6,120.38,3.9709896e-05,3.0864,350.0
2022-09-17 21:00:00.000039936,20.576,92.6,134.27,4.0444127e-05,3.6008,0.0
2022-09-18 00:00:00.000039936,20.576,92.6,148.16,4.142137e-05,4.1152,0.0
2022-09-18 03:00:00.000039936,20.576,92.6,155.105,4.239659e-05,4.1152,0.0
2022-09-18 06:00:00.000039936,20.576,92.6,162.05,4.3369746e-05,4.1152,355.0
2022-09-18 09:00:00.000039936,20.576,92.6,162.05,4.4340795e-05,3.6008,350.0
2022-09-18 12:00:00.000039936,20.576,92.6,162.05,4.506766e-05,3.6008,345.0
2022-09-18 15:00:00.000039936,20.576,92.6,164.36499,4.5793287e-05,3.6008,335.0
2022-09-18 18:00:00.000039936,20.576,92.6,166.68,4.651767e-05,3.6008,330.0
2022-09-18 21:00:00.000039936,22.1192,92.6,159.735,4.7240763e-05,3.6008,330.0
2022-09-19 00:00:00.000039936,23.148,92.6,152.79,4.796257e-05,4.1152,330.0
2022-09-19 03:00:00.000039936,24.6912,83.34,145.845,4.868306e-05,4.1152,325.0
2022-09-19 06:00:00.000039936,25.720001,74.08,138.9,4.9641636e-05,4.6296,320.0
2022-09-19 09:00:00.000039936,27.2632,74.08,134.26999,5.035898e-05,4.6296,310.0
2022-09-19 12:00:00.000039936,28.292,74.08,129.64,5.1074945e-05,4.1152,300.0
2022-09-19 15:00:00.000039936,27.2632,74.08,125.01,5.155148e-05,4.1152,290.0
2022-09-19 18:00:00.000039936,25.720001,74.08,120.38,5.178951e-05,4.1152,290.0
2022-09-19 21:00:00.000039936,24.6912,74.08,120.38,5.2027382e-05,4.1152,285.0
2022-09-20 00:00:00.000039936,23.148,74.08,120.38,5.22651e-05,3.6008,275.0
2022-09-20 03:00:00.000039936,20.576,74.08,106.49,5.22651e-05,3.6008,270.0
