Time,Vmax,Rmax_IBT,R34,fcor,u_trans,v_trans
2021-08-25 18:00:00.000039936,18.004,166.68,41.67,3.1068776e-05,2.0576,285.0
2021-08-25 21:00:00.000039936,18.004,166.68,87.97,3.1068776e-05,2.0576,285.0
2021-08-26 00:00:00.000039936,18.004,166.68,134.26999,3.131743e-05,2.0576,285.0
2021-08-26 03:00:00.000039936,18.004,166.68,157.42,3.131743e-05,2.0576,285.0
2021-08-26 06:00:00.000039936,18.004,166.68,180.57,3.156599e-05,2.572,285.0
2021-08-26 09:00:00.000039936,18.004,157.42,201.40501,3.1814445e-05,3.0864,290.0
2021-08-26 12:00:00.000039936,18.004,148.16,222.23999,3.206281e-05,3.6008,295.0
2021-08-26 15:00:00.000039936,18.004,148.16,236.12999,3.2559245e-05,4.1152,300.0
2021-08-26 18:00:00.000039936,18.004,148.16,250.02,3.305528e-05,4.6296,300.0
2021-08-26 21:00:00.000039936,19.5472,138.9,250.02,3.3550914e-05,5.144,300.0
2021-08-27 00:00:00.000039936,20.576,129.64,250.02,3.4293596e-05,5.6584,305.0
2021-08-27 03:00:00.000039936,22.1192,120.38,250.02,3.5035337e-05,6.1728,305.0
2021-08-27 06:00:00.000039936,23.148,111.12,250.02,3.6022833e-05,6.1728,305.0
2021-08-27 09:00:00.000039936,24.6912,101.86,263.91,3.67623e-05,5.6584,300.0
2021-08-27 12:00:00.000039936,25.720001,92.6,277.8,3.7500762e-05,5.144,295.0
2021-08-27 15:00:00.000039936,27.2632,83.34,289.375,3.7992504e-05,4.6296,295.0
2021-08-27 18:00:00.000039936,28.292,74.08,300.95,3.8483773e-05,4.1152,315.0
2021-08-27 21:00:00.000039936,28.292,74.08,303.265,3.9219805e-05,4.1152,340.0
2021-08-28 00:00:00.000039936,28.292,74.08,305.58,4.0199502e-05,4.1152,350.0
2021-08-28 03:00:00.000039936,29.835201,64.82,289.375,4.1177245e-05,4.1152,355.0
2021-08-28 06:00:00.000039936,30.864,55.56,273.16998,4.2152973e-05,4.6296,355.0
2021-08-28 09:00:00.000039936,33.436,55.56,252.33499,4.3369746e-05,5.144,355.0
2021-08-28 12:00:00.000039936,36.008,55.56,231.5,4.458322e-05,6.1728,355.0
2021-08-28 15:00:00.000039936,37.5512,55.56,217.61,4.6034886e-05,6.6872,355.0
2021-08-28 18:00:00.000039936,38.58,55.56,203.72,4.7722115e-05,7.2016,360.0
