Time,Vmax,Rmax_IBT,R34,fcor,u_trans,v_trans
2015-09-01 18:00:00.000039936,18.004,74.08,97.229996,3.305528e-05,3.6008,330.0
2015-09-01 21:00:00.000039936,18.004,74.08,90.285,3.3798577e-05,4.1152,335.0
2015-09-02 00:00:00.000039936,18.004,74.08,83.340004,3.47882e-05,4.6296,345.0
2015-09-02 03:00:00.000039936,18.004,111.12,81.025,3.577612e-05,4.6296,350.0
2015-09-02 06:00:00.000039936,18.004,148.16,78.71,3.700857e-05,5.144,345.0
2015-09-02 09:00:00.000039936,18.004,148.16,71.765,3.8238195e-05,5.144,340.0
2015-09-02 12:00:00.000039936,18.004,148.16,64.82001,3.9219805e-05,4.1152,340.0
2015-09-02 15:00:00.000039936,18.004,148.16,57.875,3.995476e-05,3.0864,340.0
2015-09-02 18:00:00.000039936,18.004,148.16,50.93,4.0688625e-05,3.0864,340.0
2015-09-02 21:00:00.000039936,19.5472,120.38,48.614998,4.142137e-05,2.572,340.0
2015-09-03 00:00:00.000039936,20.576,92.6,46.300003,4.1909232e-05,3.0864,335.0
2015-09-03 03:00:00.000039936,22.1192,74.08,46.300003,4.2640077e-05,3.0864,330.0
2015-09-03 06:00:00.000039936,23.148,55.56,46.300003,4.3126656e-05,2.572,335.0
2015-09-03 09:00:00.000039936,23.148,55.56,46.300003,4.3612705e-05,2.572,340.0
2015-09-03 12:00:00.000039936,23.148,55.56,46.300003,4.4340795e-05,3.6008,340.0
2015-09-03 15:00:00.000039936,24.6912,55.56,46.300003,4.5309676e-05,4.1152,345.0
2015-09-03 18:00:00.000039936,25.720001,55.56,46.300003,4.627635e-05,4.6296,355.0
2015-09-03 21:00:00.000039936,24.6912,55.56,46.300003,4.7240763e-05,4.6296,5.0
2015-09-04 00:00:00.000039936,23.148,55.56,46.300003,4.844305e-05,4.6296,10.0
2015-09-04 03:00:00.000039936,23.148,55.56,46.300003,4.9402213e-05,4.1152,15.0
2015-09-04 06:00:00.000039936,23.148,55.56,46.300003,5.035898e-05,4.1152,15.0
2015-09-04 09:00:00.000039936,23.148,55.56,46.300003,5.131329e-05,3.6008,15.0
2015-09-04 12:00:00.000039936,23.148,55.56,46.300003,5.2027382e-05,3.6008,15.0
2015-09-04 15:00:00.000039936,22.1192,55.56,46.300003,5.2740055e-05,3.6008,15.0
2015-09-04 18:00:00.000039936,20.576,55.56,46.300003,5.3688025e-05,4.1152,20.0
2015-09-04 21:00:00.000039936,19.5472,55.56,46.300003,5.4633376e-05,4.1152,20.0
