Time,Vmax,Rmax_IBT,R34,fcor,u_trans,v_trans
2014-09-10 06:00:00.000039936,18.004,83.34,37.04,3.626943e-05,3.6008,305.0
2014-09-10 09:00:00.000039936,19.5472,79.636,37.04,3.67623e-05,3.0864,315.0
2014-09-10 12:00:00.000039936,20.576,74.08,37.04,3.7254722e-05,2.572,325.0
2014-09-10 15:00:00.000039936,20.576,74.08,41.67,3.7746686e-05,2.572,325.0
2014-09-10 18:00:00.000039936,20.576,74.08,46.3,3.8238195e-05,2.572,310.0
2014-09-10 21:00:00.000039936,20.576,74.08,74.08,3.8483773e-05,2.0576,295.0
2014-09-11 00:00:00.000039936,20.576,74.08,101.86,3.872924e-05,2.0576,295.0
2014-09-11 03:00:00.000039936,22.1192,74.08,101.86,3.897458e-05,1.5432,290.0
2014-09-11 06:00:00.000039936,23.148,74.08,101.86,3.897458e-05,1.5432,270.0
2014-09-11 09:00:00.000039936,23.148,74.08,106.49,3.897458e-05,1.5432,250.0
2014-09-11 12:00:00.000039936,23.148,74.08,111.12,3.872924e-05,1.5432,245.0
2014-09-11 15:00:00.000039936,24.6912,55.56,120.380005,3.8483773e-05,1.0288,245.0
2014-09-11 18:00:00.000039936,25.720001,37.04,129.64,3.8483773e-05,1.0288,255.0
2014-09-11 21:00:00.000039936,25.720001,74.08,141.215,3.8483773e-05,1.0288,270.0
2014-09-12 00:00:00.000039936,25.720001,111.12,152.79,3.8483773e-05,1.0288,290.0
2014-09-12 03:00:00.000039936,25.720001,111.12,164.36499,3.8483773e-05,0.5144,315.0
2014-09-12 06:00:00.000039936,25.720001,111.12,175.94,3.872924e-05,0.5144,320.0
2014-09-12 09:00:00.000039936,27.2632,111.12,192.145,3.872924e-05,0.5144,315.0
2014-09-12 12:00:00.000039936,28.292,111.12,208.35,3.897458e-05,0.5144,315.0
2014-09-12 15:00:00.000039936,28.292,111.12,219.925,3.9219805e-05,0.5144,315.0
2014-09-12 18:00:00.000039936,28.292,111.12,231.5,3.9219805e-05,0.5144,315.0
2014-09-12 21:00:00.000039936,29.835201,111.12,231.5,3.9219805e-05,0.5144,315.0
2014-09-13 00:00:00.000039936,30.864,111.12,231.5,3.9464914e-05,1.5432,310.0
2014-09-13 03:00:00.000039936,32.4072,92.6,238.445,3.9709896e-05,2.572,310.0
2014-09-13 06:00:00.000039936,33.436,74.08,245.38998,4.0199502e-05,2.572,310.0
2014-09-13 09:00:00.000039936,34.979202,55.56,250.02,4.0444127e-05,2.0576,315.0
2014-09-13 12:00:00.000039936,36.008,37.04,254.64998,4.093299e-05,2.0576,320.0
2014-09-13 15:00:00.000039936,38.58,33.336,256.96497,4.142137e-05,2.572,325.0
2014-09-13 18:00:00.000039936,41.152,27.78,259.28,4.1909232e-05,3.6008,335.0
2014-09-13 21:00:00.000039936,45.2672,27.78,261.595,4.288343e-05,5.144,335.0
2014-09-14 00:00:00.000039936,48.868,27.78,263.91,4.409823e-05,5.6584,330.0
2014-09-14 03:00:00.000039936,55.5552,27.78,263.91,4.5309676e-05,5.6584,325.0
2014-09-14 06:00:00.000039936,61.728,27.78,263.91,4.627635e-05,5.6584,320.0
2014-09-14 09:00:00.000039936,60.6992,27.78,263.91,4.7240763e-05,5.6584,325.0
2014-09-14 12:00:00.000039936,59.156002,27.78,263.91,4.844305e-05,6.6872,325.0
2014-09-14 15:00:00.000039936,58.1272,27.78,263.91,4.9880902e-05,7.716,330.0
2014-09-14 18:00:00.000039936,56.584,27.78,263.91,5.155148e-05,8.2304,330.0
2014-09-14 21:00:00.000039936,56.584,33.336,266.225,5.321436e-05,7.716,330.0
2014-09-15 00:00:00.000039936,56.584,37.04,268.54,5.4633376e-05,6.6872,330.0
2014-09-15 03:00:00.000039936,56.584,37.04,265.762,5.581132e-05,6.6872,330.0
