Time,Vmax,Rmax_IBT,R34,fcor,u_trans,v_trans
2008-10-05 00:00:00.000039936,18.004,55.56,55.56,3.5529305e-05,2.572,265.0
2008-10-05 03:00:00.000039936,19.5472,55.56,59.264,3.5529305e-05,2.572,260.0
2008-10-05 06:00:00.000039936,20.576,55.56,62.504997,3.5282377e-05,2.572,260.0
2008-10-05 09:00:00.000039936,23.148,55.56,77.321,3.5035337e-05,3.0864,260.0
2008-10-05 12:00:00.000039936,25.720001,55.56,90.284996,3.5035337e-05,3.0864,265.0
2008-10-05 15:00:00.000039936,25.720001,55.56,97.693,3.5035337e-05,3.6008,270.0
2008-10-05 18:00:00.000039936,25.720001,55.56,104.175,3.5035337e-05,3.0864,270.0
2008-10-05 21:00:00.000039936,25.720001,46.3,100.934,3.5035337e-05,3.0864,270.0
2008-10-06 00:00:00.000039936,25.720001,37.04,97.229996,3.5035337e-05,3.0864,275.0
2008-10-06 03:00:00.000039936,27.2632,37.04,104.638,3.5035337e-05,3.0864,280.0
2008-10-06 06:00:00.000039936,28.292,37.04,111.12,3.5282377e-05,3.6008,285.0
2008-10-06 09:00:00.000039936,28.292,37.04,118.528,3.5529305e-05,3.6008,285.0
2008-10-06 12:00:00.000039936,28.292,37.04,125.009995,3.577612e-05,3.6008,290.0
2008-10-06 15:00:00.000039936,29.835201,37.04,117.139,3.6022833e-05,3.0864,290.0
2008-10-06 18:00:00.000039936,30.864,37.04,108.80499,3.626943e-05,3.0864,290.0
2008-10-06 21:00:00.000039936,30.864,33.336,105.563995,3.651592e-05,2.572,290.0
2008-10-07 00:00:00.000039936,30.864,27.78,101.86,3.67623e-05,3.0864,295.0
2008-10-07 03:00:00.000039936,32.4072,27.78,110.194,3.7254722e-05,3.6008,295.0
2008-10-07 06:00:00.000039936,33.436,27.78,118.064995,3.7500762e-05,3.6008,285.0
2008-10-07 09:00:00.000039936,34.979202,27.78,118.064995,3.7746686e-05,4.1152,275.0
2008-10-07 12:00:00.000039936,36.008,27.78,118.064995,3.7746686e-05,4.1152,280.0
2008-10-07 15:00:00.000039936,37.5512,27.78,135.659,3.7992504e-05,4.6296,285.0
2008-10-07 18:00:00.000039936,38.58,27.78,152.79,3.8238195e-05,4.6296,285.0
2008-10-07 21:00:00.000039936,42.6952,27.78,152.79,3.8483773e-05,4.6296,290.0
2008-10-08 00:00:00.000039936,46.296,27.78,152.79,3.897458e-05,4.6296,290.0
2008-10-08 03:00:00.000039936,48.868,27.78,164.828,3.9219805e-05,4.6296,290.0
2008-10-08 06:00:00.000039936,51.440002,27.78,175.94,3.9709896e-05,4.1152,290.0
2008-10-08 09:00:00.000039936,54.012,27.78,194.46,3.995476e-05,3.6008,295.0
2008-10-08 12:00:00.000039936,56.584,27.78,212.98001,4.0444127e-05,3.6008,295.0
2008-10-08 15:00:00.000039936,58.1272,33.336,209.739,4.0688625e-05,3.6008,295.0
2008-10-08 18:00:00.000039936,59.156002,37.04,206.035,4.1177245e-05,4.1152,295.0
2008-10-08 21:00:00.000039936,58.1272,33.336,196.77501,4.1665367e-05,4.1152,300.0
2008-10-09 00:00:00.000039936,56.584,27.78,187.515,4.2152973e-05,3.6008,305.0
2008-10-09 03:00:00.000039936,54.012,27.78,191.21901,4.2640077e-05,3.0864,310.0
2008-10-09 06:00:00.000039936,51.440002,27.78,194.46,4.3126656e-05,3.0864,315.0
2008-10-09 09:00:00.000039936,47.8392,33.336,196.77501,4.3612705e-05,3.0864,315.0
2008-10-09 12:00:00.000039936,43.724,37.04,199.09,4.409823e-05,2.572,320.0
2008-10-09 15:00:00.000039936,40.1232,37.04,201.405,4.458322e-05,2.572,325.0
2008-10-09 18:00:00.000039936,36.008,37.04,203.72,4.506766e-05,3.0864,330.0
2008-10-09 21:00:00.000039936,36.008,37.04,203.72,4.5793287e-05,3.6008,335.0
2008-10-10 00:00:00.000039936,36.008,37.04,203.72,4.651767e-05,3.6008,340.0
2008-10-10 03:00:00.000039936,36.008,37.04,201.405,4.7240763e-05,3.6008,345.0
2008-10-10 06:00:00.000039936,36.008,37.04,199.09,4.8202877e-05,3.6008,345.0
2008-10-10 09:00:00.000039936,37.5512,37.04,194.46,4.892293e-05,3.6008,345.0
2008-10-10 12:00:00.000039936,38.58,37.04,189.83,4.9880902e-05,4.1152,350.0
2008-10-10 15:00:00.000039936,40.1232,42.596,189.83,5.083645e-05,4.6296,0.0
2008-10-10 18:00:00.000039936,41.152,46.3,189.83,5.2027382e-05,4.6296,10.0
2008-10-10 21:00:00.000039936,43.724,46.3,189.83,5.2977284e-05,4.6296,15.0
2008-10-11 00:00:00.000039936,46.296,46.3,189.83,5.4161024e-05,5.144,20.0
2008-10-11 03:00:00.000039936,48.868,46.3,189.83,5.5340646e-05,5.6584,20.0
2008-10-11 06:00:00.000039936,51.440002,46.3,189.83,5.6516048e-05,5.144,20.0
2008-10-11 09:00:00.000039936,50.4112,46.3,187.515,5.768715e-05,5.144,25.0
2008-10-11 12:00:00.000039936,48.868,46.3,185.2,5.862087e-05,5.144,35.0
2008-10-11 15:00:00.000039936,47.3248,46.3,194.923,5.9551734e-05,5.6584,40.0
