Time,Vmax,Rmax_IBT,R34,fcor,u_trans,v_trans
2009-09-07 12:00:00.000039936,18.004,74.08,48.614998,3.8483773e-05,3.6008,265.0
2009-09-07 15:00:00.000039936,19.5472,61.116,66.209,3.8483773e-05,3.0864,265.0
2009-09-07 18:00:00.000039936,20.576,46.3,83.34,3.8238195e-05,3.0864,265.0
2009-09-07 21:00:00.000039936,22.1192,42.596,87.044,3.7992504e-05,3.0864,265.0
2009-09-08 00:00:00.000039936,23.148,37.04,90.285,3.7992504e-05,2.572,260.0
2009-09-08 03:00:00.000039936,24.6912,37.04,93.989,3.7746686e-05,2.0576,255.0
2009-09-08 06:00:00.000039936,25.720001,37.04,97.229996,3.7746686e-05,1.5432,260.0
2009-09-08 09:00:00.000039936,25.720001,37.04,100.934,3.7746686e-05,1.0288,270.0
2009-09-08 12:00:00.000039936,25.720001,37.04,104.174995,3.7746686e-05,1.0288,285.0
2009-09-08 15:00:00.000039936,25.720001,37.04,107.879,3.7746686e-05,1.0288,300.0
2009-09-08 18:00:00.000039936,25.720001,37.04,111.119995,3.7992504e-05,1.0288,315.0
2009-09-08 21:00:00.000039936,27.2632,37.04,122.232,3.8238195e-05,1.5432,320.0
2009-09-09 00:00:00.000039936,28.292,37.04,131.95499,3.8483773e-05,1.0288,325.0
2009-09-09 03:00:00.000039936,28.292,37.04,135.659,3.872924e-05,1.0288,325.0
2009-09-09 06:00:00.000039936,28.292,37.04,138.9,3.897458e-05,1.5432,330.0
2009-09-09 09:00:00.000039936,29.835201,37.04,150.012,3.9219805e-05,2.0576,330.0
2009-09-09 12:00:00.000039936,30.864,37.04,159.735,3.9709896e-05,2.572,330.0
2009-09-09 15:00:00.000039936,32.4072,37.04,163.439,4.0199502e-05,2.572,335.0
2009-09-09 18:00:00.000039936,33.436,37.04,166.68001,4.093299e-05,2.572,330.0
2009-09-09 21:00:00.000039936,34.979202,37.04,177.79199,4.142137e-05,2.572,330.0
2009-09-10 00:00:00.000039936,36.008,37.04,187.51498,4.2152973e-05,3.0864,330.0
2009-09-10 03:00:00.000039936,36.008,37.04,184.27399,4.288343e-05,3.6008,335.0
2009-09-10 06:00:00.000039936,36.008,37.04,180.57,4.3612705e-05,3.6008,340.0
2009-09-10 09:00:00.000039936,36.008,37.04,177.329,4.4340795e-05,3.6008,340.0
2009-09-10 12:00:00.000039936,36.008,37.04,173.625,4.506766e-05,3.6008,345.0
2009-09-10 15:00:00.000039936,34.979202,37.04,170.384,4.5793287e-05,3.0864,340.0
2009-09-10 18:00:00.000039936,33.436,37.04,166.68,4.651767e-05,3.0864,340.0
2009-09-10 21:00:00.000039936,30.864,46.3,153.716,4.7240763e-05,3.0864,335.0
2009-09-11 00:00:00.000039936,28.292,55.56,138.9,4.796257e-05,3.0864,330.0
2009-09-11 03:00:00.000039936,25.720001,61.116,135.659,4.868306e-05,3.0864,330.0
2009-09-11 06:00:00.000039936,23.148,64.82,131.95499,4.916265e-05,2.572,330.0
2009-09-11 09:00:00.000039936,22.1192,61.116,115.286995,4.9641636e-05,2.572,325.0
2009-09-11 12:00:00.000039936,20.576,55.56,97.229996,5.012002e-05,2.572,320.0
2009-09-11 15:00:00.000039936,19.5472,55.56,80.562004,5.059779e-05,2.572,315.0
