Time,Vmax,Rmax_IBT,R34,fcor,u_trans,v_trans
2012-10-06 18:00:00.000039936,18.004,111.12,32.41,3.454095e-05,5.144,280.0
2012-10-06 21:00:00.000039936,20.576,70.376,50.93,3.47882e-05,4.1152,285.0
2012-10-07 00:00:00.000039936,23.148,27.78,69.45,3.5035337e-05,3.6008,290.0
2012-10-07 03:00:00.000039936,24.6912,33.336,94.91499,3.5282377e-05,3.6008,295.0
2012-10-07 06:00:00.000039936,25.720001,37.04,120.380005,3.577612e-05,2.572,315.0
2012-10-07 09:00:00.000039936,25.720001,37.04,120.380005,3.626943e-05,2.0576,345.0
2012-10-07 12:00:00.000039936,25.720001,37.04,120.380005,3.67623e-05,3.0864,360.0
2012-10-07 15:00:00.000039936,25.720001,37.04,120.380005,3.7500762e-05,3.6008,0.0
2012-10-07 18:00:00.000039936,25.720001,37.04,120.380005,3.8483773e-05,3.6008,0.0
2012-10-07 21:00:00.000039936,25.720001,37.04,113.435,3.9219805e-05,3.0864,0.0
2012-10-08 00:00:00.000039936,25.720001,37.04,106.490005,3.995476e-05,2.0576,355.0
2012-10-08 03:00:00.000039936,25.720001,46.3,94.91499,4.0444127e-05,1.5432,345.0
2012-10-08 06:00:00.000039936,25.720001,55.56,83.34,4.0688625e-05,2.0576,325.0
2012-10-08 09:00:00.000039936,24.6912,55.56,83.34,4.1177245e-05,2.0576,315.0
2012-10-08 12:00:00.000039936,23.148,55.56,83.34,4.142137e-05,1.0288,295.0
2012-10-08 15:00:00.000039936,22.1192,55.56,69.45,4.142137e-05,1.0288,170.0
2012-10-08 18:00:00.000039936,20.576,55.56,55.56,4.093299e-05,1.5432,185.0
