Time,Vmax,Rmax_IBT,R34,fcor,u_trans,v_trans
2021-09-08 12:00:00.000039936,18.004,74.08,18.52,4.6999867e-05,2.0576,335.0
2021-09-08 15:00:00.000039936,19.5472,74.08,37.04,4.748151e-05,2.0576,335.0
2021-09-08 18:00:00.000039936,20.576,74.08,55.56,4.796257e-05,2.572,340.0
2021-09-08 21:00:00.000039936,22.1192,74.08,76.395,4.844305e-05,2.572,350.0
2021-09-09 00:00:00.000039936,23.148,74.08,97.23,4.916265e-05,2.572,345.0
2021-09-09 03:00:00.000039936,25.720001,64.82,108.805,4.9641636e-05,2.572,340.0
2021-09-09 06:00:00.000039936,28.292,55.56,120.380005,5.035898e-05,3.0864,340.0
2021-09-09 09:00:00.000039936,30.864,55.56,120.380005,5.1074945e-05,4.1152,340.0
2021-09-09 12:00:00.000039936,33.436,55.56,120.380005,5.2027382e-05,4.6296,335.0
2021-09-09 15:00:00.000039936,36.008,51.856,127.325,5.2977284e-05,5.144,335.0
2021-09-09 18:00:00.000039936,38.58,46.3,134.27,5.4161024e-05,5.6584,330.0
2021-09-09 21:00:00.000039936,41.152,42.596,127.325,5.5340646e-05,5.6584,325.0
2021-09-10 00:00:00.000039936,43.724,37.04,120.38,5.6281307e-05,5.6584,315.0
