Time,Vmax,Rmax_IBT,R34,fcor,u_trans,v_trans
2018-08-26 12:00:00.000039936,18.004,55.56,41.670002,3.404614e-05,6.1728,285.0
2018-08-26 15:00:00.000039936,19.5472,55.56,41.670002,3.4293596e-05,6.1728,280.0
2018-08-26 18:00:00.000039936,20.576,55.56,41.670002,3.454095e-05,6.1728,275.0
2018-08-26 21:00:00.000039936,22.1192,46.3,53.245003,3.47882e-05,6.1728,275.0
2018-08-27 00:00:00.000039936,23.148,37.04,64.82001,3.47882e-05,6.1728,275.0
2018-08-27 03:00:00.000039936,24.6912,37.04,67.135,3.5035337e-05,6.6872,275.0
2018-08-27 06:00:00.000039936,25.720001,37.04,69.45,3.5035337e-05,6.6872,270.0
2018-08-27 09:00:00.000039936,27.2632,37.04,76.395,3.5035337e-05,6.6872,270.0
2018-08-27 12:00:00.000039936,28.292,37.04,83.34,3.5035337e-05,6.1728,270.0
2018-08-27 15:00:00.000039936,28.292,37.04,83.34,3.5035337e-05,6.1728,275.0
2018-08-27 18:00:00.000039936,28.292,37.04,83.34,3.5282377e-05,6.1728,270.0
2018-08-27 21:00:00.000039936,28.292,37.04,83.34,3.5282377e-05,6.1728,270.0
2018-08-28 00:00:00.000039936,28.292,37.04,83.34,3.5282377e-05,6.1728,270.0
2018-08-28 03:00:00.000039936,28.292,37.04,83.34,3.5282377e-05,6.1728,275.0
2018-08-28 06:00:00.000039936,28.292,37.04,83.34,3.5529305e-05,6.1728,275.0
2018-08-28 09:00:00.000039936,28.292,37.04,87.97,3.5529305e-05,6.1728,270.0
2018-08-28 12:00:00.000039936,28.292,37.04,92.600006,3.5529305e-05,5.6584,270.0
2018-08-28 15:00:00.000039936,27.2632,42.596,97.229996,3.5529305e-05,5.6584,270.0
2018-08-28 18:00:00.000039936,25.720001,46.3,101.86,3.5529305e-05,5.6584,270.0
2018-08-28 21:00:00.000039936,25.720001,46.3,101.86,3.5529305e-05,5.6584,270.0
2018-08-29 00:00:00.000039936,25.720001,46.3,101.86,3.5529305e-05,5.144,265.0
2018-08-29 03:00:00.000039936,27.2632,46.3,104.175,3.5282377e-05,5.144,265.0
2018-08-29 06:00:00.000039936,28.292,46.3,106.490005,3.5282377e-05,4.6296,265.0
2018-08-29 09:00:00.000039936,29.835201,46.3,108.80499,3.5282377e-05,4.1152,270.0
2018-08-29 12:00:00.000039936,30.864,46.3,111.119995,3.5282377e-05,3.6008,270.0
2018-08-29 15:00:00.000039936,32.4072,42.596,120.38,3.5282377e-05,3.6008,270.0
2018-08-29 18:00:00.000039936,33.436,37.04,129.64,3.5282377e-05,3.6008,275.0
2018-08-29 21:00:00.000039936,33.436,37.04,134.27,3.5282377e-05,3.6008,280.0
2018-08-30 00:00:00.000039936,33.436,37.04,138.9,3.5529305e-05,3.6008,285.0
2018-08-30 03:00:00.000039936,34.979202,37.04,136.58499,3.577612e-05,3.6008,295.0
2018-08-30 06:00:00.000039936,36.008,37.04,134.27,3.626943e-05,3.6008,305.0
2018-08-30 09:00:00.000039936,36.008,37.04,134.27,3.67623e-05,3.6008,315.0
2018-08-30 12:00:00.000039936,36.008,37.04,134.27,3.7500762e-05,3.6008,330.0
2018-08-30 15:00:00.000039936,37.5512,33.336,134.27,3.8238195e-05,3.0864,340.0
2018-08-30 18:00:00.000039936,38.58,27.78,134.27,3.897458e-05,3.0864,355.0
2018-08-30 21:00:00.000039936,38.58,27.78,134.27,3.9709896e-05,3.0864,0.0
2018-08-31 00:00:00.000039936,38.58,27.78,134.27,4.0444127e-05,3.6008,0.0
2018-08-31 03:00:00.000039936,40.1232,27.78,138.9,4.142137e-05,4.1152,0.0
2018-08-31 06:00:00.000039936,41.152,27.78,143.53,4.239659e-05,4.6296,5.0
2018-08-31 09:00:00.000039936,41.152,27.78,143.53,4.3369746e-05,4.6296,10.0
2018-08-31 12:00:00.000039936,41.152,27.78,143.53,4.458322e-05,4.6296,10.0
2018-08-31 15:00:00.000039936,42.6952,33.336,145.845,4.5551555e-05,4.6296,5.0
2018-08-31 18:00:00.000039936,43.724,37.04,148.16,4.675884e-05,5.144,15.0
2018-08-31 21:00:00.000039936,43.724,37.04,148.16,4.796257e-05,5.144,15.0
2018-09-01 00:00:00.000039936,43.724,37.04,148.16,4.916265e-05,5.144,5.0
2018-09-01 03:00:00.000039936,41.152,33.336,145.845,5.035898e-05,5.144,355.0
2018-09-01 06:00:00.000039936,38.58,27.78,143.53,5.155148e-05,5.6584,355.0
2018-09-01 09:00:00.000039936,36.008,24.076,136.58499,5.2740055e-05,5.6584,355.0
2018-09-01 12:00:00.000039936,33.436,18.52,129.64001,5.4161024e-05,5.6584,355.0
2018-09-01 15:00:00.000039936,29.835201,27.78,122.695,5.5340646e-05,5.144,350.0
2018-09-01 18:00:00.000039936,25.720001,37.04,115.75,5.6516048e-05,5.6584,335.0
2018-09-01 21:00:00.000039936,23.148,37.04,109.268,5.768715e-05,6.1728,325.0
2018-09-02 00:00:00.000039936,20.576,37.04,101.86,5.8853857e-05,6.1728,325.0
2018-09-02 03:00:00.000039936,19.5472,42.596,95.378,6.0016075e-05,6.1728,320.0
