Time,Vmax,Rmax_IBT,R34,fcor,u_trans,v_trans
2003-10-03 18:00:00.000040448,25.720001,46.3,125.009995,3.131743e-05,3.6008,315.0
2003-10-03 21:00:00.000040448,24.6912,46.3,125.009995,3.206281e-05,4.6296,325.0
2003-10-04 00:00:00.000040448,23.148,46.3,125.009995,3.305528e-05,4.6296,325.0
2003-10-04 03:00:00.000040448,23.148,46.3,125.009995,3.3798577e-05,4.6296,320.0
2003-10-04 06:00:00.000040448,23.148,46.3,125.009995,3.47882e-05,5.144,320.0
2003-10-04 09:00:00.000040448,24.6912,42.596,131.955,3.577612e-05,5.144,315.0
2003-10-04 12:00:00.000040448,25.720001,37.04,138.9,3.651592e-05,5.144,310.0
2003-10-04 15:00:00.000040448,27.2632,37.04,125.009995,3.7254722e-05,4.6296,305.0
2003-10-04 18:00:00.000040448,28.292,37.04,111.12,3.7746686e-05,4.6296,300.0
2003-10-04 21:00:00.000040448,28.292,37.04,120.38,3.8483773e-05,4.6296,305.0
2003-10-05 00:00:00.000040448,28.292,37.04,129.64,3.897458e-05,4.6296,300.0
2003-10-05 03:00:00.000040448,28.292,37.04,115.75,3.9464914e-05,4.1152,300.0
2003-10-05 06:00:00.000040448,28.292,37.04,101.86,3.995476e-05,4.1152,310.0
2003-10-05 09:00:00.000040448,30.864,37.04,113.435,4.0688625e-05,4.1152,315.0
2003-10-05 12:00:00.000040448,33.436,37.04,125.009995,4.142137e-05,4.6296,315.0
2003-10-05 15:00:00.000040448,30.864,37.04,125.009995,4.2152973e-05,4.1152,315.0
2003-10-05 18:00:00.000040448,28.292,37.04,125.009995,4.288343e-05,3.0864,320.0
2003-10-05 21:00:00.000040448,27.2632,37.04,127.325,4.3369746e-05,2.0576,330.0
2003-10-06 00:00:00.000040448,25.720001,37.04,129.64,4.3612705e-05,1.0288,345.0
2003-10-06 03:00:00.000040448,24.6912,37.04,129.64,4.385554e-05,0.5144,45.0
2003-10-06 06:00:00.000040448,23.148,37.04,129.64,4.385554e-05,1.5432,100.0
2003-10-06 09:00:00.000040448,20.576,42.596,78.71,4.3612705e-05,2.0576,105.0
2003-10-06 12:00:00.000040448,18.004,46.3,27.78,4.3612705e-05,1.5432,55.0
2003-10-06 15:00:00.000040448,19.5472,46.3,46.300003,4.409823e-05,2.572,10.0
2003-10-06 18:00:00.000040448,20.576,46.3,64.82,4.4825505e-05,2.572,355.0
2003-10-06 21:00:00.000040448,22.1192,42.596,69.45,4.5309676e-05,2.572,350.0
2003-10-07 00:00:00.000040448,23.148,37.04,74.08,4.6034886e-05,3.0864,350.0
2003-10-07 03:00:00.000040448,24.6912,37.04,71.765,4.675884e-05,3.0864,350.0
2003-10-07 06:00:00.000040448,25.720001,37.04,69.45,4.748151e-05,3.0864,355.0
