Time,Vmax,Rmax_IBT,R34,fcor,u_trans,v_trans
2020-09-05 00:00:00.000039936,18.004,74.08,18.52,3.7254722e-05,7.716,280.0
2020-09-05 03:00:00.000039936,18.004,74.08,18.52,3.7500762e-05,8.2304,280.0
2020-09-05 06:00:00.000039936,18.004,74.08,18.52,3.7992504e-05,8.2304,280.0
2020-09-05 09:00:00.000039936,18.004,51.856,23.150002,3.8483773e-05,8.2304,285.0
2020-09-05 12:00:00.000039936,18.004,27.78,27.78,3.897458e-05,8.2304,290.0
2020-09-05 15:00:00.000039936,18.004,27.78,30.095,3.9709896e-05,8.744801,290.0
2020-09-05 18:00:00.000039936,18.004,27.78,32.410004,4.0444127e-05,8.744801,290.0
2020-09-05 21:00:00.000039936,19.5472,27.78,32.410004,4.1177245e-05,9.2592,295.0
2020-09-06 00:00:00.000039936,20.576,27.78,32.410004,4.2152973e-05,9.7736,295.0
2020-09-06 03:00:00.000039936,20.576,27.78,32.410004,4.3126656e-05,10.288,295.0
2020-09-06 06:00:00.000039936,20.576,27.78,32.410004,4.4340795e-05,10.288,300.0
2020-09-06 09:00:00.000039936,19.5472,27.78,32.410004,4.5551555e-05,9.7736,300.0
2020-09-06 12:00:00.000039936,18.004,27.78,32.410004,4.651767e-05,9.2592,295.0
2020-09-06 15:00:00.000039936,18.004,27.78,30.095,4.7240763e-05,8.744801,285.0
