Time,Vmax,Rmax_IBT,R34,fcor,u_trans,v_trans
2005-09-29 06:00:00.000039936,18.004,74.08,74.08,4.3369746e-05,4.6296,305.0
2005-09-29 09:00:00.000039936,19.5472,70.376,79.636,4.409823e-05,5.6584,310.0
2005-09-29 12:00:00.000039936,20.576,64.82,83.34,4.506766e-05,5.6584,315.0
2005-09-29 15:00:00.000039936,22.1192,64.82,92.6,4.6034886e-05,5.144,325.0
2005-09-29 18:00:00.000039936,23.148,64.82,101.86,4.6999867e-05,5.144,325.0
2005-09-29 21:00:00.000039936,25.720001,55.56,107.416,4.796257e-05,5.144,325.0
2005-09-30 00:00:00.000039936,28.292,46.3,111.12,4.892293e-05,5.144,320.0
2005-09-30 03:00:00.000039936,30.864,46.3,120.38,4.9880902e-05,5.144,315.0
2005-09-30 06:00:00.000039936,33.436,46.3,129.64,5.059779e-05,4.1152,315.0
2005-09-30 09:00:00.000039936,34.979202,37.04,135.196,5.131329e-05,3.6008,315.0
2005-09-30 12:00:00.000039936,36.008,27.78,138.9,5.178951e-05,3.0864,320.0
2005-09-30 15:00:00.000039936,37.5512,27.78,138.9,5.22651e-05,2.572,315.0
2005-09-30 18:00:00.000039936,38.58,27.78,138.9,5.2740055e-05,2.0576,310.0
2005-09-30 21:00:00.000039936,40.1232,27.78,140.289,5.2977284e-05,1.5432,305.0
2005-10-01 00:00:00.000039936,41.152,27.78,141.215,5.321436e-05,1.5432,305.0
2005-10-01 03:00:00.000039936,43.724,27.78,143.53,5.345127e-05,1.5432,305.0
2005-10-01 06:00:00.000039936,46.296,27.78,145.845,5.3688025e-05,1.5432,305.0
2005-10-01 09:00:00.000039936,45.2672,27.78,153.25299,5.392461e-05,1.0288,300.0
2005-10-01 12:00:00.000039936,43.724,27.78,159.73499,5.392461e-05,1.0288,295.0
2005-10-01 15:00:00.000039936,41.152,33.336,159.73499,5.392461e-05,1.0288,300.0
2005-10-01 18:00:00.000039936,38.58,37.04,159.73499,5.4161024e-05,1.0288,330.0
2005-10-01 21:00:00.000039936,37.5512,37.04,159.73499,5.439729e-05,1.0288,10.0
2005-10-02 00:00:00.000039936,36.008,37.04,159.73499,5.4633376e-05,1.0288,350.0
2005-10-02 03:00:00.000039936,34.979202,33.336,150.93799,5.4869302e-05,0.5144,320.0
2005-10-02 06:00:00.000039936,33.436,27.78,141.215,5.4869302e-05,1.0288,325.0
2005-10-02 09:00:00.000039936,30.864,27.78,138.437,5.510506e-05,1.0288,335.0
2005-10-02 12:00:00.000039936,28.292,27.78,134.27,5.5340646e-05,1.5432,325.0
2005-10-02 15:00:00.000039936,25.720001,27.78,138.43698,5.5576067e-05,2.0576,330.0
2005-10-02 18:00:00.000039936,23.148,27.78,141.215,5.6046403e-05,2.0576,350.0
2005-10-02 21:00:00.000039936,23.148,27.78,143.53,5.6516048e-05,2.572,360.0
2005-10-03 00:00:00.000039936,23.148,27.78,145.845,5.721923e-05,3.6008,345.0
2005-10-03 03:00:00.000039936,22.1192,27.78,114.361,5.8154368e-05,4.6296,335.0
2005-10-03 06:00:00.000039936,20.576,27.78,81.024994,5.9086666e-05,5.144,340.0
