Time,Vmax,Rmax_IBT,R34,fcor,u_trans,v_trans
2013-10-13 00:00:00.000039936,18.004,92.6,37.04,3.9219805e-05,6.1728,310.0
2013-10-13 03:00:00.000039936,19.5472,83.34,46.300003,4.0444127e-05,7.2016,315.0
2013-10-13 06:00:00.000039936,20.576,74.08,55.56,4.1665367e-05,7.2016,315.0
2013-10-13 09:00:00.000039936,22.1192,64.82,55.56,4.288343e-05,7.2016,315.0
2013-10-13 12:00:00.000039936,23.148,55.56,55.56,4.409823e-05,7.2016,320.0
2013-10-13 15:00:00.000039936,25.720001,46.3,62.505,4.5551555e-05,7.2016,330.0
2013-10-13 18:00:00.000039936,28.292,37.04,69.45,4.6999867e-05,7.2016,330.0
2013-10-13 21:00:00.000039936,28.292,37.04,74.08,4.844305e-05,6.6872,335.0
2013-10-14 00:00:00.000039936,28.292,37.04,78.71,4.9880902e-05,6.6872,335.0
2013-10-14 03:00:00.000039936,28.292,37.04,85.655,5.131329e-05,6.6872,340.0
2013-10-14 06:00:00.000039936,28.292,37.04,92.6,5.2740055e-05,6.1728,350.0
2013-10-14 09:00:00.000039936,27.2632,37.04,94.915,5.4161024e-05,6.1728,5.0
2013-10-14 12:00:00.000039936,25.720001,37.04,97.23,5.5576067e-05,6.6872,10.0
2013-10-14 15:00:00.000039936,24.6912,37.04,97.23,5.698501e-05,6.6872,15.0
2013-10-14 18:00:00.000039936,23.148,37.04,97.23,5.83877e-05,6.1728,25.0
2013-10-14 21:00:00.000039936,22.1192,37.04,92.6,5.9551734e-05,5.6584,30.0
2013-10-15 00:00:00.000039936,20.576,37.04,87.97,6.0479695e-05,4.6296,40.0
2013-10-15 03:00:00.000039936,20.576,37.04,87.97,6.1173734e-05,4.6296,45.0
2013-10-15 05:00:00.000053248,20.576,37.04,87.97,6.1635496e-05,5.6584,60.0
