Time,Vmax,Rmax_IBT,R34,fcor,u_trans,v_trans
2016-09-04 18:00:00.000039936,18.004,111.12,50.93,3.9464914e-05,2.572,345.0
2016-09-04 21:00:00.000039936,19.5472,111.12,62.505,4.0199502e-05,4.1152,345.0
2016-09-05 00:00:00.000039936,20.576,111.12,74.08,4.142137e-05,5.144,345.0
2016-09-05 03:00:00.000039936,22.1192,111.12,81.025,4.2640077e-05,6.1728,340.0
2016-09-05 06:00:00.000039936,23.148,111.12,87.97,4.409823e-05,6.1728,335.0
2016-09-05 09:00:00.000039936,25.720001,92.6,115.74999,4.5309676e-05,6.1728,325.0
2016-09-05 12:00:00.000039936,28.292,74.08,143.53,4.651767e-05,7.2016,320.0
2016-09-05 15:00:00.000039936,30.864,74.08,164.36499,4.7722115e-05,7.716,315.0
2016-09-05 18:00:00.000039936,33.436,74.08,185.2,4.916265e-05,8.2304,320.0
2016-09-05 21:00:00.000039936,36.008,70.376,203.72,5.059779e-05,7.716,320.0
2016-09-06 00:00:00.000039936,38.58,64.82,222.23999,5.2027382e-05,7.716,325.0
2016-09-06 03:00:00.000039936,40.1232,61.116,236.13,5.345127e-05,7.716,325.0
2016-09-06 06:00:00.000039936,41.152,55.56,250.01999,5.4869302e-05,7.716,325.0
2016-09-06 09:00:00.000039936,40.1232,55.56,247.70499,5.6281307e-05,8.2304,325.0
2016-09-06 12:00:00.000039936,38.58,55.56,245.39,5.7920843e-05,8.744801,330.0
