Time,Vmax,Rmax_IBT,R34,fcor,u_trans,v_trans
2022-09-21 18:00:00.000039936,18.004,55.56,13.89,4.3126656e-05,6.1728,285.0
2022-09-21 21:00:00.000039936,19.5472,46.3,34.725002,4.3369746e-05,6.1728,280.0
2022-09-22 00:00:00.000039936,20.576,37.04,55.559998,4.3612705e-05,5.144,280.0
2022-09-22 03:00:00.000039936,23.148,27.78,60.190002,4.385554e-05,4.6296,275.0
2022-09-22 06:00:00.000039936,25.720001,18.52,64.82,4.385554e-05,4.1152,275.0
2022-09-22 09:00:00.000039936,27.2632,18.52,62.504997,4.385554e-05,3.6008,280.0
2022-09-22 12:00:00.000039936,28.292,18.52,60.19,4.409823e-05,3.0864,285.0
2022-09-22 15:00:00.000039936,27.2632,18.52,57.875004,4.4340795e-05,3.0864,290.0
2022-09-22 18:00:00.000039936,25.720001,18.52,55.56,4.458322e-05,3.0864,285.0
2022-09-22 21:00:00.000039936,25.720001,18.52,55.56,4.4825505e-05,3.0864,280.0
2022-09-23 00:00:00.000039936,25.720001,18.52,55.56,4.4825505e-05,2.572,275.0
2022-09-23 03:00:00.000039936,24.6912,24.076,55.56,4.4825505e-05,2.572,270.0
2022-09-23 06:00:00.000039936,23.148,27.78,55.56,4.4825505e-05,2.572,275.0
2022-09-23 09:00:00.000039936,23.148,27.78,55.56,4.4825505e-05,2.572,280.0
2022-09-23 12:00:00.000039936,23.148,27.78,55.56,4.506766e-05,2.572,280.0
2022-09-23 15:00:00.000039936,22.1192,33.336,55.56,4.506766e-05,2.572,280.0
2022-09-23 18:00:00.000039936,20.576,37.04,55.56,4.5309676e-05,3.0864,295.0
2022-09-23 21:00:00.000039936,20.576,37.04,55.56,4.5793287e-05,3.6008,305.0
2022-09-24 00:00:00.000039936,20.576,37.04,55.56,4.627635e-05,3.6008,310.0
2022-09-24 03:00:00.000039936,19.5472,37.04,50.93,4.675884e-05,3.6008,305.0
2022-09-24 06:00:00.000039936,18.004,37.04,46.300003,4.7240763e-05,3.6008,295.0
2022-09-24 09:00:00.000039936,18.004,37.04,41.670002,4.748151e-05,3.6008,285.0
