Time,Vmax,Rmax_IBT,R34,fcor,u_trans,v_trans
2015-09-06 06:00:00.000039936,18.004,74.08,37.04,3.330315e-05,5.144,305.0
2015-09-06 09:00:00.000039936,19.5472,74.08,55.559998,3.404614e-05,5.144,310.0
2015-09-06 12:00:00.000039936,20.576,74.08,74.08,3.47882e-05,5.144,310.0
2015-09-06 15:00:00.000039936,23.148,64.82,97.229996,3.5529305e-05,5.144,315.0
2015-09-06 18:00:00.000039936,25.720001,55.56,120.380005,3.651592e-05,5.6584,320.0
2015-09-06 21:00:00.000039936,28.292,55.56,125.009995,3.7500762e-05,6.1728,320.0
2015-09-07 00:00:00.000039936,30.864,55.56,129.64,3.872924e-05,6.1728,315.0
2015-09-07 03:00:00.000039936,34.979202,46.3,136.585,3.995476e-05,6.6872,315.0
2015-09-07 06:00:00.000039936,38.58,37.04,143.53,4.093299e-05,6.1728,320.0
2015-09-07 09:00:00.000039936,41.152,37.04,148.16,4.2152973e-05,5.6584,325.0
2015-09-07 12:00:00.000039936,43.724,37.04,152.79,4.3126656e-05,5.144,325.0
2015-09-07 15:00:00.000039936,43.724,37.04,152.79,4.409823e-05,4.1152,330.0
2015-09-07 18:00:00.000039936,43.724,37.04,152.79,4.4825505e-05,4.1152,330.0
2015-09-07 21:00:00.000039936,43.724,37.04,152.79,4.5551555e-05,4.1152,330.0
2015-09-08 00:00:00.000039936,43.724,37.04,152.79,4.651767e-05,5.144,335.0
2015-09-08 03:00:00.000039936,45.2672,37.04,155.105,4.7722115e-05,5.6584,335.0
2015-09-08 06:00:00.000039936,46.296,37.04,157.42,4.892293e-05,6.1728,335.0
2015-09-08 09:00:00.000039936,51.440002,37.04,173.625,5.012002e-05,6.1728,330.0
2015-09-08 12:00:00.000039936,56.584,37.04,189.83,5.131329e-05,6.1728,325.0
2015-09-08 15:00:00.000039936,56.584,37.04,199.09,5.250265e-05,6.1728,315.0
2015-09-08 18:00:00.000039936,56.584,37.04,208.34999,5.345127e-05,6.1728,315.0
2015-09-08 21:00:00.000039936,55.5552,37.04,208.34999,5.439729e-05,5.144,315.0
2015-09-09 00:00:00.000039936,54.012,37.04,208.34999,5.510506e-05,4.6296,315.0
2015-09-09 03:00:00.000039936,50.4112,37.04,199.09,5.581132e-05,4.1152,315.0
2015-09-09 06:00:00.000039936,46.296,37.04,189.83,5.6516048e-05,4.1152,320.0
2015-09-09 09:00:00.000039936,42.6952,37.04,180.56999,5.721923e-05,4.1152,325.0
2015-09-09 12:00:00.000039936,38.58,37.04,171.31,5.7920843e-05,4.1152,320.0
2015-09-09 15:00:00.000039936,34.979202,37.04,155.105,5.862087e-05,4.1152,320.0
2015-09-09 18:00:00.000039936,30.864,37.04,138.9,5.9319285e-05,4.1152,320.0
2015-09-09 21:00:00.000039936,29.835201,37.04,125.009995,6.0016075e-05,4.1152,325.0
2015-09-10 00:00:00.000039936,28.292,37.04,111.119995,6.0711227e-05,4.1152,325.0
2015-09-10 03:00:00.000039936,25.720001,42.596,83.34,6.14047e-05,4.1152,325.0
2015-09-10 06:00:00.000039936,23.148,46.3,55.56,6.20965e-05,3.6008,325.0
2015-09-10 09:00:00.000039936,20.576,51.856,46.3,6.278661e-05,3.0864,325.0
