Time,Vmax,Rmax_IBT,R34,fcor,u_trans,v_trans
2019-09-17 06:00:00.000039936,18.004,55.56,13.89,3.1068776e-05,7.716,305.0
2019-09-17 09:00:00.000039936,19.5472,46.3,13.89,3.206281e-05,7.716,310.0
2019-09-17 12:00:00.000039936,20.576,37.04,13.89,3.330315e-05,7.716,310.0
2019-09-17 15:00:00.000039936,20.576,37.04,48.614998,3.454095e-05,7.716,310.0
2019-09-17 18:00:00.000039936,20.576,37.04,83.34,3.5529305e-05,6.6872,305.0
2019-09-17 21:00:00.000039936,22.1192,37.04,83.34,3.626943e-05,6.1728,305.0
2019-09-18 00:00:00.000039936,23.148,37.04,83.34,3.7254722e-05,5.6584,320.0
2019-09-18 03:00:00.000039936,24.6912,37.04,90.285,3.8483773e-05,6.1728,330.0
2019-09-18 06:00:00.000039936,25.720001,37.04,97.23,3.9709896e-05,6.1728,330.0
2019-09-18 09:00:00.000039936,27.2632,37.04,97.23,4.093299e-05,6.1728,325.0
2019-09-18 12:00:00.000039936,28.292,37.04,97.23,4.2152973e-05,5.6584,320.0
2019-09-18 15:00:00.000039936,29.835201,33.336,99.545,4.3126656e-05,5.144,320.0
2019-09-18 18:00:00.000039936,30.864,27.78,101.86,4.409823e-05,4.6296,325.0
2019-09-18 21:00:00.000039936,33.436,27.78,101.86,4.506766e-05,4.6296,335.0
2019-09-19 00:00:00.000039936,36.008,27.78,101.86,4.6034886e-05,5.144,330.0
2019-09-19 03:00:00.000039936,34.979202,27.78,92.6,4.6999867e-05,5.6584,330.0
