Time,Vmax,Rmax_IBT,R34,fcor,u_trans,v_trans
2023-10-03 06:00:00.000039936,18.004,55.56,23.150002,2.9076216e-05,3.6008,300.0
2023-10-03 09:00:00.000039936,18.004,55.56,23.150002,2.9574905e-05,3.6008,305.0
2023-10-03 12:00:00.000039936,18.004,55.56,23.150002,3.0073232e-05,3.6008,315.0
2023-10-03 15:00:00.000039936,18.004,55.56,23.150002,3.0820032e-05,3.6008,325.0
2023-10-03 18:00:00.000039936,18.004,55.56,23.150002,3.156599e-05,4.1152,330.0
2023-10-03 21:00:00.000039936,18.004,55.56,27.78,3.231108e-05,4.1152,330.0
2023-10-04 00:00:00.000039936,18.004,55.56,32.41,3.330315e-05,4.1152,330.0
2023-10-04 03:00:00.000039936,19.5472,55.56,43.985,3.404614e-05,4.1152,330.0
2023-10-04 06:00:00.000039936,20.576,55.56,55.56,3.5035337e-05,4.1152,330.0
2023-10-04 09:00:00.000039936,22.1192,55.56,55.56,3.6022833e-05,4.1152,330.0
2023-10-04 12:00:00.000039936,23.148,55.56,55.56,3.67623e-05,3.6008,335.0
2023-10-04 15:00:00.000039936,23.148,55.56,55.56,3.7500762e-05,2.572,340.0
2023-10-04 18:00:00.000039936,23.148,55.56,55.56,3.7992504e-05,2.0576,335.0
2023-10-04 21:00:00.000039936,23.148,55.56,69.45,3.8483773e-05,2.0576,325.0
2023-10-05 00:00:00.000039936,23.148,55.56,83.340004,3.872924e-05,1.5432,320.0
2023-10-05 03:00:00.000039936,23.148,55.56,83.340004,3.897458e-05,1.5432,315.0
2023-10-05 06:00:00.000039936,23.148,55.56,83.340004,3.9219805e-05,1.5432,315.0
2023-10-05 09:00:00.000039936,24.6912,46.3,85.655,3.9464914e-05,1.5432,315.0
2023-10-05 12:00:00.000039936,25.720001,37.04,87.97,3.9709896e-05,1.0288,310.0
2023-10-05 15:00:00.000039936,25.720001,37.04,87.97,3.995476e-05,1.0288,295.0
2023-10-05 18:00:00.000039936,25.720001,37.04,87.97,3.995476e-05,1.0288,295.0
2023-10-05 21:00:00.000039936,27.2632,37.04,87.97,3.995476e-05,1.0288,295.0
2023-10-06 00:00:00.000039936,28.292,37.04,87.97,4.0199502e-05,1.5432,295.0
2023-10-06 03:00:00.000039936,29.835201,37.04,94.915,4.0199502e-05,1.5432,290.0
2023-10-06 06:00:00.000039936,30.864,37.04,101.86,4.0444127e-05,2.0576,285.0
2023-10-06 09:00:00.000039936,30.864,37.04,101.86,4.0688625e-05,2.0576,285.0
2023-10-06 12:00:00.000039936,30.864,37.04,101.86,4.0688625e-05,2.0576,275.0
2023-10-06 15:00:00.000039936,30.864,37.04,104.175,4.0688625e-05,2.0576,270.0
2023-10-06 18:00:00.000039936,30.864,37.04,106.490005,4.0688625e-05,2.0576,270.0
2023-10-06 21:00:00.000039936,29.835201,37.04,113.435,4.0688625e-05,2.0576,270.0
2023-10-07 00:00:00.000039936,28.292,37.04,120.380005,4.0688625e-05,2.0576,265.0
2023-10-07 03:00:00.000039936,28.292,46.3,120.380005,4.0688625e-05,2.0576,255.0
2023-10-07 06:00:00.000039936,28.292,55.56,120.38,4.0444127e-05,2.0576,250.0
2023-10-07 09:00:00.000039936,28.292,55.56,120.38,4.0199502e-05,1.5432,250.0
2023-10-07 12:00:00.000039936,28.292,55.56,120.38,4.0199502e-05,1.0288,260.0
2023-10-07 15:00:00.000039936,28.292,55.56,125.01,4.0199502e-05,1.0288,270.0
2023-10-07 18:00:00.000039936,28.292,55.56,129.64,4.0199502e-05,1.0288,265.0
2023-10-07 21:00:00.000039936,29.835201,55.56,136.58499,4.0199502e-05,1.0288,270.0
2023-10-08 00:00:00.000039936,30.864,55.56,143.53,4.0199502e-05,1.0288,305.0
2023-10-08 03:00:00.000039936,30.864,55.56,143.53,4.0444127e-05,2.0576,325.0
2023-10-08 06:00:00.000039936,30.864,55.56,143.53,4.093299e-05,2.0576,330.0
2023-10-08 09:00:00.000039936,30.864,55.56,143.53,4.142137e-05,2.0576,335.0
2023-10-08 12:00:00.000039936,30.864,55.56,143.53,4.1909232e-05,2.572,350.0
2023-10-08 15:00:00.000039936,30.864,55.56,143.53,4.2640077e-05,3.0864,0.0
2023-10-08 18:00:00.000039936,30.864,55.56,143.53,4.3369746e-05,3.0864,5.0
2023-10-08 21:00:00.000039936,30.864,55.56,141.215,4.409823e-05,2.572,10.0
2023-10-09 00:00:00.000039936,30.864,55.56,138.9,4.458322e-05,2.572,25.0
2023-10-09 03:00:00.000039936,29.835201,55.56,136.58499,4.506766e-05,2.0576,45.0
2023-10-09 06:00:00.000039936,28.292,55.56,134.27,4.5309676e-05,2.0576,65.0
2023-10-09 09:00:00.000039936,28.292,55.56,134.27,4.5309676e-05,2.0576,90.0
2023-10-09 12:00:00.000039936,28.292,55.56,134.27,4.5309676e-05,2.572,115.0
2023-10-09 15:00:00.000039936,30.864,46.3,134.27,4.4825505e-05,3.0864,120.0
2023-10-09 18:00:00.000039936,33.436,37.04,134.27,4.458322e-05,3.6008,90.0
2023-10-09 21:00:00.000039936,34.979202,37.04,134.27,4.4825505e-05,4.1152,70.0
2023-10-10 00:00:00.000039936,36.008,37.04,134.27,4.5309676e-05,4.6296,65.0
2023-10-10 03:00:00.000039936,37.5512,37.04,138.90001,4.5551555e-05,4.6296,70.0
2023-10-10 06:00:00.000039936,38.58,37.04,143.53,4.6034886e-05,5.144,70.0
2023-10-10 09:00:00.000039936,40.1232,37.04,152.79,4.651767e-05,6.1728,70.0
2023-10-10 12:00:00.000039936,41.152,37.04,162.05,4.6999867e-05,6.6872,70.0
2023-10-10 15:00:00.000039936,47.8392,33.336,164.365,4.748151e-05,7.2016,70.0
2023-10-10 18:00:00.000039936,54.012,27.78,166.68001,4.8202877e-05,7.716,65.0
2023-10-10 21:00:00.000039936,58.1272,27.78,166.68001,4.892293e-05,8.744801,60.0
