Time,Vmax,Rmax_IBT,R34,fcor,u_trans,v_trans
2008-10-09 06:00:00.000039936,18.004,74.08,50.93,3.156599e-05,6.1728,280.0
2008-10-09 09:00:00.000039936,20.576,74.08,57.875,3.1814445e-05,5.6584,280.0
2008-10-09 12:00:00.000039936,23.148,74.08,64.82,3.206281e-05,5.144,290.0
2008-10-09 15:00:00.000039936,23.148,74.08,68.524,3.2559245e-05,4.6296,295.0
2008-10-09 18:00:00.000039936,23.148,74.08,71.765,3.305528e-05,4.1152,300.0
2008-10-09 21:00:00.000039936,23.148,74.08,74.543,3.3550914e-05,4.1152,300.0
2008-10-10 00:00:00.000039936,23.148,74.08,76.395,3.404614e-05,4.1152,295.0
2008-10-10 03:00:00.000039936,24.6912,61.116,77.784,3.454095e-05,4.1152,290.0
2008-10-10 06:00:00.000039936,25.720001,46.3,78.71,3.47882e-05,4.1152,295.0
2008-10-10 09:00:00.000039936,25.720001,46.3,81.488,3.5282377e-05,4.1152,300.0
2008-10-10 12:00:00.000039936,25.720001,46.3,83.340004,3.577612e-05,5.144,305.0
2008-10-10 15:00:00.000039936,25.720001,42.596,83.340004,3.67623e-05,6.6872,310.0
2008-10-10 18:00:00.000039936,25.720001,37.04,83.340004,3.7746686e-05,6.6872,310.0
2008-10-10 21:00:00.000039936,25.720001,37.04,83.340004,3.872924e-05,6.1728,305.0
2008-10-11 00:00:00.000039936,25.720001,37.04,83.340004,3.9464914e-05,6.6872,300.0
2008-10-11 03:00:00.000039936,25.720001,37.04,83.340004,4.0199502e-05,6.6872,295.0
2008-10-11 06:00:00.000039936,25.720001,37.04,83.340004,4.093299e-05,6.1728,295.0
2008-10-11 09:00:00.000039936,25.720001,37.04,83.340004,4.142137e-05,6.1728,295.0
2008-10-11 12:00:00.000039936,25.720001,37.04,83.340004,4.2152973e-05,6.1728,300.0
2008-10-11 15:00:00.000039936,24.6912,37.04,75.468994,4.288343e-05,6.1728,300.0
2008-10-11 18:00:00.000039936,23.148,37.04,67.135,4.3612705e-05,6.6872,295.0
2008-10-11 21:00:00.000039936,20.576,37.04,47.689,4.409823e-05,6.1728,290.0
