Time,Vmax,Rmax_IBT,R34,fcor,u_trans,v_trans
2012-10-13 18:00:00.000039936,18.004,55.56,27.78,3.5035337e-05,4.6296,275.0
2012-10-13 21:00:00.000039936,19.5472,55.56,37.04,3.5035337e-05,3.6008,280.0
2012-10-14 00:00:00.000039936,20.576,55.56,46.300003,3.5282377e-05,2.572,280.0
2012-10-14 03:00:00.000039936,22.1192,55.56,55.559998,3.5282377e-05,2.0576,285.0
2012-10-14 06:00:00.000039936,23.148,55.56,64.82,3.5529305e-05,2.0576,290.0
2012-10-14 09:00:00.000039936,24.6912,55.56,83.34,3.577612e-05,2.0576,295.0
2012-10-14 12:00:00.000039936,25.720001,55.56,101.86,3.6022833e-05,2.572,300.0
2012-10-14 15:00:00.000039936,27.2632,55.56,104.175,3.626943e-05,2.572,310.0
2012-10-14 18:00:00.000039936,28.292,55.56,106.49,3.67623e-05,2.572,330.0
2012-10-14 21:00:00.000039936,29.835201,55.56,111.119995,3.7254722e-05,2.572,350.0
2012-10-15 00:00:00.000039936,30.864,55.56,115.75,3.7992504e-05,3.0864,355.0
2012-10-15 03:00:00.000039936,32.4072,46.3,118.065,3.872924e-05,3.6008,0.0
2012-10-15 06:00:00.000039936,33.436,37.04,120.380005,3.9709896e-05,4.6296,10.0
2012-10-15 09:00:00.000039936,37.5512,37.04,122.69501,4.093299e-05,5.144,15.0
2012-10-15 12:00:00.000039936,41.152,37.04,125.009995,4.2152973e-05,5.6584,20.0
2012-10-15 15:00:00.000039936,47.8392,37.04,125.009995,4.3369746e-05,6.1728,20.0
2012-10-15 18:00:00.000039936,54.012,37.04,125.009995,4.4825505e-05,6.6872,20.0
2012-10-15 21:00:00.000039936,52.9832,37.04,122.695,4.627635e-05,7.2016,25.0
2012-10-16 00:00:00.000039936,51.440002,37.04,120.38,4.796257e-05,7.716,25.0
2012-10-16 03:00:00.000039936,51.440002,37.04,129.64,4.9641636e-05,8.2304,25.0
2012-10-16 06:00:00.000039936,51.440002,37.04,138.9,5.155148e-05,9.7736,20.0
2012-10-16 09:00:00.000039936,47.8392,37.04,138.9,5.392461e-05,10.802401,15.0
2012-10-16 12:00:00.000039936,43.724,37.04,138.9,5.6281307e-05,9.7736,10.0
2012-10-16 15:00:00.000039936,40.1232,37.04,131.955,5.8154368e-05,7.716,5.0
2012-10-16 18:00:00.000039936,36.008,37.04,125.01001,5.9784e-05,6.1728,360.0
2012-10-16 21:00:00.000039936,32.4072,42.596,131.955,6.1173734e-05,5.144,355.0
2012-10-17 00:00:00.000039936,28.292,46.3,138.90001,6.20965e-05,4.6296,345.0
2012-10-17 03:00:00.000039936,24.6912,51.856,138.90001,6.3016254e-05,4.6296,330.0
2012-10-17 06:00:00.000039936,20.576,55.56,138.90001,6.393293e-05,4.6296,325.0
2012-10-17 09:00:00.000039936,19.5472,55.56,99.545006,6.461839e-05,4.6296,320.0
2012-10-17 12:00:00.000039936,18.004,55.56,60.19,6.552959e-05,5.6584,315.0
