Time,Vmax,Rmax_IBT,R34,fcor,u_trans,v_trans
2009-09-16 12:00:00.000039936,18.004,83.34,78.71,4.651767e-05,1.5432,330.0
2009-09-16 15:00:00.000039936,19.5472,83.34,81.025,4.675884e-05,1.0288,325.0
2009-09-16 18:00:00.000039936,20.576,83.34,83.340004,4.6999867e-05,1.5432,330.0
2009-09-16 21:00:00.000039936,20.576,83.34,82.414,4.7240763e-05,1.5432,330.0
2009-09-17 00:00:00.000039936,20.576,83.34,81.025,4.748151e-05,1.0288,330.0
2009-09-17 03:00:00.000039936,20.576,83.34,81.025,4.7722115e-05,1.0288,330.0
2009-09-17 06:00:00.000039936,20.576,83.34,81.025,4.796257e-05,1.0288,330.0
2009-09-17 09:00:00.000039936,20.576,83.34,82.414,4.8202877e-05,1.0288,330.0
2009-09-17 12:00:00.000039936,20.576,83.34,83.34,4.844305e-05,1.0288,320.0
2009-09-17 15:00:00.000039936,20.576,70.376,77.784,4.868306e-05,1.0288,310.0
2009-09-17 18:00:00.000039936,20.576,55.56,71.765,4.892293e-05,2.0576,315.0
2009-09-17 21:00:00.000039936,19.5472,55.56,73.154,4.916265e-05,2.572,315.0
2009-09-18 00:00:00.000039936,18.004,55.56,74.08,4.9641636e-05,2.572,305.0
2009-09-18 03:00:00.000039936,18.004,55.56,68.524,4.9880902e-05,2.572,295.0
2009-09-18 06:00:00.000039936,18.004,55.56,62.504997,5.012002e-05,3.0864,300.0
2009-09-18 09:00:00.000039936,18.004,55.56,53.708,5.059779e-05,3.0864,310.0
