Time,Vmax,Rmax_IBT,R34,fcor,u_trans,v_trans
2018-08-28 18:00:00.000039936,18.004,148.16,32.41,4.3126656e-05,4.6296,295.0
2018-08-28 21:00:00.000039936,20.576,92.6,46.300003,4.3369746e-05,4.6296,285.0
2018-08-29 00:00:00.000039936,23.148,37.04,60.19,4.3612705e-05,4.6296,280.0
2018-08-29 03:00:00.000039936,24.6912,37.04,60.19,4.385554e-05,4.6296,275.0
2018-08-29 06:00:00.000039936,25.720001,37.04,60.19,4.385554e-05,4.1152,275.0
2018-08-29 09:00:00.000039936,27.2632,37.04,60.19,4.385554e-05,4.1152,275.0
2018-08-29 12:00:00.000039936,28.292,37.04,60.19,4.409823e-05,3.6008,280.0
2018-08-29 15:00:00.000039936,30.864,33.336,76.395,4.4340795e-05,3.0864,280.0
2018-08-29 18:00:00.000039936,33.436,27.78,92.6,4.4340795e-05,3.0864,275.0
2018-08-29 21:00:00.000039936,36.008,27.78,92.6,4.4340795e-05,3.0864,270.0
2018-08-30 00:00:00.000039936,38.58,27.78,92.6,4.4340795e-05,3.0864,270.0
2018-08-30 03:00:00.000039936,43.724,27.78,97.229996,4.4340795e-05,3.6008,270.0
2018-08-30 06:00:00.000039936,48.868,27.78,101.86,4.4340795e-05,3.6008,270.0
2018-08-30 09:00:00.000039936,56.584,27.78,108.805,4.4340795e-05,3.6008,270.0
2018-08-30 12:00:00.000039936,64.3,27.78,115.75,4.4340795e-05,3.6008,265.0
2018-08-30 15:00:00.000039936,65.8432,24.076,115.75,4.4340795e-05,3.6008,260.0
2018-08-30 18:00:00.000039936,66.872,18.52,115.75,4.409823e-05,3.6008,260.0
2018-08-30 21:00:00.000039936,66.872,18.52,118.065,4.385554e-05,4.1152,255.0
2018-08-31 00:00:00.000039936,66.872,18.52,120.380005,4.3612705e-05,4.1152,250.0
2018-08-31 03:00:00.000039936,65.8432,18.52,131.95499,4.3369746e-05,3.6008,245.0
2018-08-31 06:00:00.000039936,64.3,18.52,143.53,4.288343e-05,3.6008,245.0
2018-08-31 09:00:00.000039936,61.728,18.52,143.53,4.239659e-05,3.0864,240.0
2018-08-31 12:00:00.000039936,59.156002,18.52,143.53,4.2152973e-05,3.0864,245.0
2018-08-31 15:00:00.000039936,58.1272,18.52,148.16,4.1909232e-05,3.0864,250.0
2018-08-31 18:00:00.000039936,56.584,18.52,152.79,4.1665367e-05,3.6008,250.0
2018-08-31 21:00:00.000039936,54.012,18.52,152.79,4.142137e-05,3.6008,255.0
2018-09-01 00:00:00.000039936,51.440002,18.52,152.79,4.1177245e-05,3.6008,255.0
2018-09-01 03:00:00.000039936,48.868,18.52,152.79,4.093299e-05,3.6008,260.0
2018-09-01 06:00:00.000039936,46.296,18.52,152.79,4.093299e-05,3.6008,260.0
2018-09-01 09:00:00.000039936,46.296,18.52,152.79,4.0688625e-05,4.1152,265.0
2018-09-01 12:00:00.000039936,46.296,18.52,152.79,4.0688625e-05,4.6296,265.0
2018-09-01 15:00:00.000039936,46.296,18.52,152.79,4.0688625e-05,5.144,270.0
2018-09-01 18:00:00.000039936,46.296,18.52,152.79,4.0688625e-05,5.6584,280.0
2018-09-01 21:00:00.000039936,46.296,18.52,152.79,4.093299e-05,6.1728,285.0
2018-09-02 00:00:00.000039936,46.296,18.52,152.79,4.142137e-05,6.1728,290.0
2018-09-02 03:00:00.000039936,47.8392,18.52,152.79,4.1909232e-05,6.1728,290.0
2018-09-02 06:00:00.000039936,48.868,18.52,152.79,4.239659e-05,7.2016,290.0
2018-09-02 09:00:00.000039936,54.012,18.52,152.79,4.288343e-05,8.2304,290.0
2018-09-02 12:00:00.000039936,59.156002,18.52,152.79,4.3612705e-05,8.744801,290.0
2018-09-02 15:00:00.000039936,60.6992,18.52,152.79,4.409823e-05,8.744801,285.0
2018-09-02 18:00:00.000039936,61.728,18.52,152.79,4.4825505e-05,8.744801,285.0
2018-09-02 21:00:00.000039936,60.6992,18.52,155.105,4.5551555e-05,9.2592,285.0
2018-09-03 00:00:00.000039936,59.156002,18.52,157.42,4.6034886e-05,9.7736,285.0
2018-09-03 03:00:00.000039936,58.1272,18.52,157.42,4.651767e-05,9.7736,280.0
2018-09-03 06:00:00.000039936,56.584,18.52,157.42,4.6999867e-05,9.7736,280.0
2018-09-03 09:00:00.000039936,54.012,18.52,159.735,4.748151e-05,9.2592,280.0
2018-09-03 12:00:00.000039936,51.440002,18.52,162.05,4.7722115e-05,9.2592,280.0
2018-09-03 15:00:00.000039936,48.868,18.52,162.05,4.796257e-05,9.2592,280.0
2018-09-03 18:00:00.000039936,46.296,18.52,162.05,4.844305e-05,9.2592,280.0
2018-09-03 21:00:00.000039936,43.724,18.52,162.05,4.892293e-05,8.744801,280.0
2018-09-04 00:00:00.000039936,41.152,18.52,162.05,4.916265e-05,8.2304,280.0
2018-09-04 03:00:00.000039936,40.1232,24.076,159.735,4.9402213e-05,7.716,280.0
2018-09-04 06:00:00.000039936,38.58,27.78,157.42,4.9641636e-05,7.716,275.0
2018-09-04 09:00:00.000039936,38.58,27.78,157.42,4.9641636e-05,7.716,270.0
2018-09-04 12:00:00.000039936,38.58,27.78,157.42,4.9641636e-05,7.2016,265.0
2018-09-04 15:00:00.000039936,37.5512,27.78,157.42,4.9402213e-05,6.1728,265.0
2018-09-04 18:00:00.000039936,36.008,27.78,157.42,4.9402213e-05,6.1728,270.0
2018-09-04 21:00:00.000039936,36.008,33.336,148.16,4.9402213e-05,5.6584,270.0
2018-09-05 00:00:00.000039936,36.008,37.04,138.9,4.9402213e-05,5.144,265.0
2018-09-05 03:00:00.000039936,38.58,37.04,147.23401,4.916265e-05,5.144,260.0
2018-09-05 06:00:00.000039936,41.152,37.04,155.105,4.892293e-05,5.144,260.0
2018-09-05 09:00:00.000039936,46.296,37.04,155.105,4.868306e-05,5.144,265.0
2018-09-05 12:00:00.000039936,51.440002,37.04,155.105,4.868306e-05,4.6296,270.0
2018-09-05 15:00:00.000039936,52.9832,37.04,151.864,4.868306e-05,4.1152,280.0
2018-09-05 18:00:00.000039936,54.012,37.04,148.16,4.892293e-05,4.1152,280.0
2018-09-05 21:00:00.000039936,54.012,37.04,148.16,4.916265e-05,4.1152,285.0
2018-09-06 00:00:00.000039936,54.012,37.04,148.16,4.9402213e-05,3.6008,290.0
2018-09-06 03:00:00.000039936,54.012,37.04,145.845,4.9641636e-05,3.6008,295.0
2018-09-06 06:00:00.000039936,54.012,37.04,143.53,5.012002e-05,4.1152,300.0
2018-09-06 09:00:00.000039936,52.9832,37.04,143.53,5.059779e-05,4.1152,300.0
2018-09-06 12:00:00.000039936,51.440002,37.04,143.53,5.1074945e-05,3.6008,310.0
2018-09-06 15:00:00.000039936,50.4112,37.04,143.53,5.155148e-05,3.0864,325.0
2018-09-06 18:00:00.000039936,48.868,37.04,143.53,5.22651e-05,3.6008,325.0
2018-09-06 21:00:00.000039936,46.296,37.04,143.53,5.2977284e-05,4.1152,320.0
2018-09-07 00:00:00.000039936,43.724,37.04,143.53,5.3688025e-05,3.6008,320.0
2018-09-07 03:00:00.000039936,41.152,37.04,143.53,5.4161024e-05,3.6008,315.0
2018-09-07 06:00:00.000039936,38.58,37.04,143.53,5.4869302e-05,3.6008,320.0
2018-09-07 09:00:00.000039936,36.008,37.04,143.53,5.5576067e-05,4.1152,325.0
2018-09-07 12:00:00.000039936,33.436,37.04,143.53,5.6516048e-05,4.6296,330.0
2018-09-07 15:00:00.000039936,32.4072,37.04,150.475,5.7453286e-05,5.144,335.0
2018-09-07 18:00:00.000039936,30.864,37.04,157.42,5.862087e-05,5.6584,335.0
2018-09-07 21:00:00.000039936,30.864,42.596,162.05,5.9784e-05,5.144,335.0
2018-09-08 00:00:00.000039936,30.864,46.3,166.68001,6.0711227e-05,4.1152,330.0
2018-09-08 03:00:00.000039936,29.835201,46.3,166.68001,6.14047e-05,3.0864,325.0
2018-09-08 06:00:00.000039936,28.292,46.3,166.68001,6.186609e-05,3.6008,320.0
2018-09-08 09:00:00.000039936,27.2632,51.856,164.365,6.255676e-05,4.1152,320.0
2018-09-08 12:00:00.000039936,25.720001,55.56,162.05,6.324571e-05,4.1152,325.0
2018-09-08 15:00:00.000039936,24.6912,83.34,162.05,6.393293e-05,4.1152,340.0
2018-09-08 18:00:00.000039936,23.148,111.12,162.04999,6.4846485e-05,3.6008,0.0
2018-09-08 21:00:00.000039936,23.148,111.12,162.04999,6.552959e-05,4.1152,20.0
2018-09-09 00:00:00.000039936,23.148,111.12,162.04999,6.643758e-05,4.1152,20.0
2018-09-09 03:00:00.000039936,23.148,111.12,143.53,6.734234e-05,4.1152,15.0
2018-09-09 06:00:00.000039936,23.148,111.12,125.009995,6.8243826e-05,3.6008,5.0
2018-09-09 09:00:00.000039936,23.148,111.12,125.009995,6.8917754e-05,3.6008,0.0
2018-09-09 12:00:00.000039936,23.148,111.12,125.009995,6.981338e-05,4.1152,10.0
2018-09-09 15:00:00.000039936,22.1192,111.12,125.009995,7.092813e-05,5.6584,20.0
2018-09-09 18:00:00.000039936,20.576,111.12,125.009995,7.2037474e-05,6.1728,15.0
2018-09-09 21:00:00.000039936,20.576,111.12,125.009995,7.336144e-05,6.1728,10.0
2018-09-10 00:00:00.000039936,20.576,111.12,125.009995,7.467736e-05,6.6872,20.0
2018-09-10 03:00:00.000039936,20.576,111.12,125.009995,7.5985095e-05,6.6872,30.0
