Time,Vmax,Rmax_IBT,R34,fcor,u_trans,v_trans
2003-10-20 18:00:00.000040448,18.004,83.34,111.12,2.6076874e-05,4.1152,290.0
2003-10-20 21:00:00.000040448,20.576,79.636,125.936,2.6327272e-05,4.1152,295.0
2003-10-21 00:00:00.000040448,23.148,74.08,138.9,2.6827835e-05,3.6008,295.0
2003-10-21 03:00:00.000040448,25.720001,74.08,150.93799,2.707799e-05,4.1152,295.0
2003-10-21 06:00:00.000040448,28.292,74.08,162.04999,2.7578055e-05,4.1152,295.0
2003-10-21 09:00:00.000040448,30.864,64.82,162.04999,2.807779e-05,4.6296,295.0
2003-10-21 12:00:00.000040448,33.436,55.56,162.04999,2.857718e-05,4.6296,295.0
2003-10-21 15:00:00.000040448,33.436,42.596,164.828,2.9076216e-05,4.1152,290.0
2003-10-21 18:00:00.000040448,33.436,27.78,166.68,2.9325609e-05,4.1152,285.0
2003-10-21 21:00:00.000040448,34.979202,33.336,164.828,2.9574905e-05,4.1152,275.0
2003-10-22 00:00:00.000040448,36.008,37.04,162.04999,2.9574905e-05,4.1152,280.0
2003-10-22 03:00:00.000040448,34.979202,42.596,164.828,2.9824112e-05,4.1152,285.0
2003-10-22 06:00:00.000040448,33.436,46.3,166.68,3.0073232e-05,4.1152,280.0
2003-10-22 09:00:00.000040448,32.4072,46.3,159.73499,3.0073232e-05,4.6296,275.0
2003-10-22 12:00:00.000040448,30.864,46.3,152.79,3.0322259e-05,5.144,280.0
2003-10-22 15:00:00.000040448,29.835201,51.856,138.9,3.0571195e-05,5.6584,280.0
2003-10-22 18:00:00.000040448,28.292,55.56,125.009995,3.0820032e-05,5.144,280.0
2003-10-22 21:00:00.000040448,25.720001,55.56,125.009995,3.1068776e-05,4.1152,285.0
2003-10-23 00:00:00.000040448,23.148,55.56,125.009995,3.131743e-05,4.1152,290.0
2003-10-23 03:00:00.000040448,22.1192,55.56,125.009995,3.1814445e-05,5.144,295.0
2003-10-23 06:00:00.000040448,20.576,55.56,125.009995,3.231108e-05,5.6584,295.0
2003-10-23 09:00:00.000040448,20.576,83.34,97.693,3.280731e-05,6.1728,290.0
2003-10-23 12:00:00.000040448,20.576,111.12,69.45,3.330315e-05,5.6584,280.0
2003-10-23 15:00:00.000040448,19.5472,98.156,62.968,3.3550914e-05,5.144,275.0
2003-10-23 18:00:00.000040448,18.004,83.34,55.56,3.3550914e-05,4.1152,285.0
2003-10-23 21:00:00.000040448,18.004,70.376,69.450005,3.3798577e-05,3.6008,295.0
2003-10-24 00:00:00.000040448,18.004,55.56,83.340004,3.4293596e-05,2.572,295.0
2003-10-24 03:00:00.000040448,18.004,55.56,83.340004,3.454095e-05,1.5432,290.0
2003-10-24 06:00:00.000040448,18.004,55.56,83.340004,3.454095e-05,1.5432,295.0
2003-10-24 09:00:00.000040448,19.5472,55.56,83.340004,3.47882e-05,2.0576,305.0
2003-10-24 12:00:00.000040448,20.576,55.56,83.340004,3.5035337e-05,2.0576,315.0
2003-10-24 15:00:00.000040448,20.576,55.56,90.285,3.5529305e-05,2.572,325.0
2003-10-24 18:00:00.000040448,20.576,55.56,97.23,3.6022833e-05,2.572,320.0
2003-10-24 21:00:00.000040448,19.5472,55.56,97.23,3.651592e-05,2.0576,315.0
2003-10-25 00:00:00.000040448,18.004,55.56,97.23,3.67623e-05,2.0576,315.0
2003-10-25 03:00:00.000040448,18.004,55.56,83.340004,3.700857e-05,2.0576,315.0
