Time,Vmax,Rmax_IBT,R34,fcor,u_trans,v_trans
2022-09-29 00:00:00.000039936,18.004,37.04,18.52,3.5529305e-05,5.6584,290.0
2022-09-29 03:00:00.000039936,19.5472,37.04,27.779999,3.6022833e-05,6.1728,290.0
2022-09-29 06:00:00.000039936,20.576,37.04,37.04,3.651592e-05,6.1728,290.0
2022-09-29 09:00:00.000039936,20.576,37.04,41.67,3.700857e-05,5.144,290.0
2022-09-29 12:00:00.000039936,20.576,37.04,46.300003,3.7500762e-05,4.1152,290.0
2022-09-29 15:00:00.000039936,22.1192,37.04,46.300003,3.7746686e-05,3.0864,290.0
2022-09-29 18:00:00.000039936,23.148,37.04,46.300003,3.7992504e-05,3.0864,290.0
2022-09-29 21:00:00.000039936,23.148,37.04,46.300003,3.8238195e-05,2.572,290.0
2022-09-30 00:00:00.000039936,23.148,37.04,46.300003,3.8483773e-05,2.0576,305.0
2022-09-30 03:00:00.000039936,24.6912,33.336,46.300003,3.872924e-05,2.0576,325.0
2022-09-30 06:00:00.000039936,25.720001,27.78,46.300003,3.9219805e-05,1.5432,335.0
2022-09-30 09:00:00.000039936,25.720001,27.78,46.300003,3.9464914e-05,1.5432,345.0
2022-09-30 12:00:00.000039936,25.720001,27.78,46.300003,3.995476e-05,2.0576,345.0
2022-09-30 15:00:00.000039936,25.720001,27.78,50.930004,4.0444127e-05,2.0576,345.0
2022-09-30 18:00:00.000039936,25.720001,27.78,55.559998,4.093299e-05,2.0576,345.0
2022-09-30 21:00:00.000039936,27.2632,27.78,55.559998,4.142137e-05,2.0576,345.0
2022-10-01 00:00:00.000039936,28.292,27.78,55.559998,4.1909232e-05,2.0576,355.0
2022-10-01 03:00:00.000039936,29.835201,27.78,60.19,4.239659e-05,2.0576,0.0
2022-10-01 06:00:00.000039936,30.864,27.78,64.82,4.288343e-05,2.0576,0.0
2022-10-01 09:00:00.000039936,32.4072,24.076,67.135,4.3369746e-05,1.5432,0.0
2022-10-01 12:00:00.000039936,33.436,18.52,69.45,4.3612705e-05,1.5432,350.0
2022-10-01 15:00:00.000039936,36.008,18.52,78.71,4.385554e-05,1.5432,345.0
2022-10-01 18:00:00.000039936,38.58,18.52,87.97,4.4340795e-05,1.5432,360.0
2022-10-01 21:00:00.000039936,42.6952,18.52,94.915,4.4825505e-05,2.0576,15.0
2022-10-02 00:00:00.000039936,46.296,18.52,101.86,4.5309676e-05,2.572,15.0
2022-10-02 03:00:00.000039936,50.4112,14.816,108.80499,4.5793287e-05,2.572,10.0
2022-10-02 06:00:00.000039936,54.012,9.26,115.75,4.651767e-05,3.0864,5.0
2022-10-02 09:00:00.000039936,56.584,9.26,118.064995,4.7240763e-05,3.6008,0.0
2022-10-02 12:00:00.000039936,59.156002,9.26,120.38,4.8202877e-05,3.6008,355.0
2022-10-02 15:00:00.000039936,55.5552,14.816,122.695,4.892293e-05,3.6008,350.0
2022-10-02 18:00:00.000039936,51.440002,18.52,125.009995,4.9880902e-05,3.6008,5.0
2022-10-02 21:00:00.000039936,50.4112,24.076,125.009995,5.083645e-05,4.1152,15.0
2022-10-03 00:00:00.000039936,48.868,27.78,125.009995,5.178951e-05,4.6296,15.0
2022-10-03 03:00:00.000039936,46.296,27.78,125.009995,5.2740055e-05,4.6296,10.0
2022-10-03 06:00:00.000039936,43.724,27.78,125.009995,5.392461e-05,5.144,20.0
2022-10-03 09:00:00.000039936,41.152,27.78,122.695,5.510506e-05,5.144,20.0
2022-10-03 12:00:00.000039936,38.58,27.78,120.38,5.6046403e-05,4.1152,20.0
