Time,Vmax,Rmax_IBT,R34,fcor,u_trans,v_trans
2021-10-10 12:00:00.000039936,18.004,55.56,23.15,3.67623e-05,7.716,290.0
2021-10-10 15:00:00.000039936,19.5472,55.56,23.15,3.7500762e-05,7.716,295.0
2021-10-10 18:00:00.000039936,20.576,55.56,23.15,3.8238195e-05,6.6872,295.0
2021-10-10 21:00:00.000039936,22.1192,55.56,46.3,3.897458e-05,6.1728,295.0
2021-10-11 00:00:00.000039936,23.148,55.56,69.450005,3.9464914e-05,5.6584,295.0
2021-10-11 03:00:00.000039936,23.148,51.856,69.450005,4.0199502e-05,5.6584,295.0
2021-10-11 06:00:00.000039936,23.148,46.3,69.450005,4.0688625e-05,4.6296,300.0
2021-10-11 09:00:00.000039936,24.6912,42.596,78.71,4.1177245e-05,3.6008,305.0
2021-10-11 12:00:00.000039936,25.720001,37.04,87.97,4.1665367e-05,3.0864,305.0
2021-10-11 15:00:00.000039936,27.2632,37.04,87.97,4.2152973e-05,3.0864,310.0
2021-10-11 18:00:00.000039936,28.292,37.04,87.97,4.2640077e-05,3.0864,320.0
2021-10-11 21:00:00.000039936,29.835201,37.04,97.229996,4.3369746e-05,3.6008,330.0
2021-10-12 00:00:00.000039936,30.864,37.04,106.49,4.409823e-05,4.6296,340.0
2021-10-12 03:00:00.000039936,32.4072,33.336,113.435,4.5309676e-05,5.144,345.0
2021-10-12 06:00:00.000039936,33.436,27.78,120.380005,4.651767e-05,5.6584,345.0
2021-10-12 09:00:00.000039936,33.436,27.78,125.01,4.7722115e-05,5.144,350.0
2021-10-12 12:00:00.000039936,33.436,27.78,129.64,4.892293e-05,5.144,355.0
2021-10-12 15:00:00.000039936,32.4072,37.04,143.53,5.012002e-05,5.144,0.0
2021-10-12 18:00:00.000039936,30.864,46.3,157.42,5.131329e-05,5.144,10.0
2021-10-12 21:00:00.000039936,30.864,51.856,159.735,5.250265e-05,5.144,20.0
2021-10-13 00:00:00.000039936,30.864,55.56,162.05,5.345127e-05,4.6296,30.0
2021-10-13 03:00:00.000039936,32.4072,55.56,166.68001,5.439729e-05,5.144,40.0
2021-10-13 06:00:00.000039936,33.436,55.56,171.31001,5.5340646e-05,7.716,45.0
2021-10-13 09:00:00.000039936,33.436,55.56,159.735,5.6750614e-05,9.2592,45.0
2021-10-13 12:00:00.000039936,33.436,55.56,148.16,5.83877e-05,9.2592,45.0
