Time,Vmax,Rmax_IBT,R34,fcor,u_trans,v_trans
2020-09-13 06:00:00.000039936,18.004,148.16,37.04,4.2640077e-05,5.6584,300.0
2020-09-13 09:00:00.000039936,19.5472,148.16,53.245,4.3126656e-05,5.6584,290.0
2020-09-13 12:00:00.000039936,20.576,148.16,69.45,4.3612705e-05,5.6584,285.0
2020-09-13 15:00:00.000039936,20.576,129.64,94.91499,4.385554e-05,5.6584,280.0
2020-09-13 18:00:00.000039936,20.576,111.12,120.38,4.409823e-05,5.144,280.0
2020-09-13 21:00:00.000039936,20.576,111.12,120.38,4.4340795e-05,4.6296,275.0
2020-09-14 00:00:00.000039936,20.576,111.12,120.38,4.4340795e-05,4.1152,275.0
2020-09-14 03:00:00.000039936,20.576,111.12,120.38,4.4340795e-05,4.1152,275.0
2020-09-14 06:00:00.000039936,20.576,111.12,120.38,4.458322e-05,3.6008,275.0
2020-09-14 09:00:00.000039936,20.576,111.12,125.009995,4.458322e-05,3.6008,280.0
2020-09-14 12:00:00.000039936,20.576,111.12,129.64,4.4825505e-05,3.6008,285.0
2020-09-14 15:00:00.000039936,22.1192,120.38,152.79001,4.506766e-05,3.6008,295.0
2020-09-14 18:00:00.000039936,23.148,129.64,175.94,4.5551555e-05,3.6008,305.0
2020-09-14 21:00:00.000039936,24.6912,138.9,187.515,4.6034886e-05,4.1152,310.0
2020-09-15 00:00:00.000039936,25.720001,148.16,199.09,4.675884e-05,4.6296,310.0
2020-09-15 03:00:00.000039936,25.720001,111.12,185.2,4.748151e-05,5.144,310.0
2020-09-15 06:00:00.000039936,25.720001,74.08,171.31,4.8202877e-05,5.144,310.0
2020-09-15 09:00:00.000039936,25.720001,74.08,157.42,4.892293e-05,5.144,315.0
2020-09-15 12:00:00.000039936,25.720001,74.08,143.53,4.9880902e-05,5.144,310.0
2020-09-15 15:00:00.000039936,25.720001,74.08,136.58499,5.059779e-05,5.144,310.0
2020-09-15 18:00:00.000039936,25.720001,74.08,129.64,5.131329e-05,5.144,310.0
2020-09-15 21:00:00.000039936,25.720001,74.08,120.38,5.22651e-05,5.144,315.0
2020-09-16 00:00:00.000039936,25.720001,74.08,111.12,5.2977284e-05,4.6296,315.0
2020-09-16 03:00:00.000039936,23.148,74.08,87.97,5.3688025e-05,4.1152,315.0
2020-09-16 06:00:00.000039936,20.576,74.08,64.82,5.439729e-05,3.6008,320.0
2020-09-16 09:00:00.000039936,19.5472,74.08,64.82,5.510506e-05,3.6008,315.0
