Time,Vmax,Rmax_IBT,R34,fcor,u_trans,v_trans
2016-09-11 06:00:00.000039936,18.004,74.08,23.15,3.651592e-05,6.1728,315.0
2016-09-11 09:00:00.000039936,19.5472,74.08,41.67,3.7500762e-05,5.6584,315.0
2016-09-11 12:00:00.000039936,20.576,74.08,60.19,3.8483773e-05,5.6584,310.0
2016-09-11 15:00:00.000039936,22.1192,64.82,69.45,3.9219805e-05,5.6584,300.0
2016-09-11 18:00:00.000039936,23.148,55.56,78.71,3.995476e-05,5.144,300.0
2016-09-11 21:00:00.000039936,25.720001,46.3,83.340004,4.0688625e-05,4.6296,305.0
2016-09-12 00:00:00.000039936,28.292,37.04,87.97,4.1177245e-05,4.6296,300.0
2016-09-12 03:00:00.000039936,30.864,37.04,101.86,4.1665367e-05,4.1152,300.0
2016-09-12 06:00:00.000039936,33.436,37.04,115.75,4.2152973e-05,3.6008,305.0
2016-09-12 09:00:00.000039936,37.5512,37.04,129.64,4.2640077e-05,3.0864,315.0
2016-09-12 12:00:00.000039936,41.152,37.04,143.53,4.3126656e-05,2.572,330.0
2016-09-12 15:00:00.000039936,45.2672,37.04,152.79001,4.3612705e-05,2.572,350.0
2016-09-12 18:00:00.000039936,48.868,37.04,162.04999,4.4340795e-05,3.0864,0.0
2016-09-12 21:00:00.000039936,48.868,37.04,162.04999,4.506766e-05,3.6008,10.0
2016-09-13 00:00:00.000039936,48.868,37.04,162.04999,4.6034886e-05,3.6008,15.0
2016-09-13 03:00:00.000039936,47.8392,37.04,152.79001,4.675884e-05,2.572,20.0
2016-09-13 06:00:00.000039936,46.296,37.04,143.53,4.7240763e-05,2.0576,20.0
2016-09-13 09:00:00.000039936,45.2672,37.04,143.53,4.7722115e-05,1.5432,15.0
2016-09-13 12:00:00.000039936,43.724,37.04,143.53,4.796257e-05,2.0576,15.0
2016-09-13 15:00:00.000039936,42.6952,37.04,143.53,4.844305e-05,2.0576,15.0
2016-09-13 18:00:00.000039936,41.152,37.04,143.53,4.892293e-05,1.5432,20.0
2016-09-13 21:00:00.000039936,40.1232,33.336,145.845,4.916265e-05,1.0288,25.0
2016-09-14 00:00:00.000039936,38.58,27.78,148.16,4.9402213e-05,1.5432,15.0
2016-09-14 03:00:00.000039936,37.5512,27.78,148.16,4.9880902e-05,1.5432,0.0
2016-09-14 06:00:00.000039936,36.008,27.78,148.16,5.012002e-05,1.0288,310.0
2016-09-14 09:00:00.000039936,36.008,27.78,148.16,5.012002e-05,2.0576,270.0
2016-09-14 12:00:00.000039936,36.008,27.78,148.16,5.012002e-05,2.0576,275.0
2016-09-14 15:00:00.000039936,34.979202,27.78,148.16,5.012002e-05,2.0576,285.0
2016-09-14 18:00:00.000039936,33.436,27.78,148.16,5.035898e-05,2.572,285.0
2016-09-14 21:00:00.000039936,32.4072,27.78,143.53,5.059779e-05,3.0864,280.0
2016-09-15 00:00:00.000039936,30.864,27.78,138.9,5.059779e-05,3.0864,270.0
2016-09-15 03:00:00.000039936,30.864,27.78,125.01,5.059779e-05,3.6008,260.0
2016-09-15 06:00:00.000039936,30.864,27.78,111.119995,5.035898e-05,3.6008,255.0
2016-09-15 09:00:00.000039936,33.436,27.78,111.119995,5.012002e-05,4.1152,255.0
2016-09-15 12:00:00.000039936,36.008,27.78,111.119995,4.9880902e-05,4.1152,255.0
2016-09-15 15:00:00.000039936,34.979202,27.78,106.49,4.9641636e-05,4.1152,260.0
2016-09-15 18:00:00.000039936,33.436,27.78,101.86,4.9641636e-05,4.1152,265.0
2016-09-15 21:00:00.000039936,30.864,33.336,99.545,4.9641636e-05,4.6296,270.0
2016-09-16 00:00:00.000039936,28.292,37.04,97.229996,4.9641636e-05,5.144,270.0
2016-09-16 03:00:00.000039936,25.720001,37.04,97.229996,4.9641636e-05,5.144,270.0
2016-09-16 06:00:00.000039936,23.148,37.04,97.229996,4.9641636e-05,5.144,270.0
2016-09-16 09:00:00.000039936,22.1192,42.596,90.285,4.9641636e-05,4.6296,270.0
2016-09-16 12:00:00.000039936,20.576,46.3,83.34,4.9641636e-05,4.1152,275.0
2016-09-16 15:00:00.000039936,19.5472,61.116,60.19,4.9641636e-05,4.1152,280.0
