Time,Vmax,Rmax_IBT,R34,fcor,u_trans,v_trans
2015-09-26 21:00:00.000039936,18.004,83.34,46.300003,3.3550914e-05,2.572,350.0
2015-09-27 00:00:00.000039936,20.576,74.08,69.450005,3.4293596e-05,2.572,355.0
2015-09-27 03:00:00.000039936,22.1192,64.82,69.450005,3.47882e-05,2.572,0.0
2015-09-27 06:00:00.000039936,23.148,55.56,69.450005,3.5529305e-05,2.572,5.0
2015-09-27 09:00:00.000039936,24.6912,46.3,76.395,3.626943e-05,2.572,0.0
2015-09-27 12:00:00.000039936,25.720001,37.04,83.340004,3.67623e-05,2.572,0.0
2015-09-27 15:00:00.000039936,25.720001,37.04,90.285,3.7254722e-05,2.0576,0.0
2015-09-27 18:00:00.000039936,25.720001,37.04,97.23,3.7746686e-05,2.0576,355.0
2015-09-27 21:00:00.000039936,27.2632,37.04,104.174995,3.8238195e-05,2.0576,345.0
2015-09-28 00:00:00.000039936,28.292,37.04,111.119995,3.872924e-05,2.0576,350.0
2015-09-28 03:00:00.000039936,29.835201,37.04,111.119995,3.9219805e-05,2.0576,0.0
2015-09-28 06:00:00.000039936,30.864,37.04,111.119995,3.9709896e-05,2.572,10.0
2015-09-28 09:00:00.000039936,32.4072,37.04,113.435,4.0444127e-05,2.572,20.0
2015-09-28 12:00:00.000039936,33.436,37.04,115.75,4.093299e-05,3.0864,45.0
2015-09-28 15:00:00.000039936,34.979202,33.336,115.75,4.142137e-05,3.6008,60.0
2015-09-28 18:00:00.000039936,36.008,27.78,115.75,4.1665367e-05,2.572,80.0
2015-09-28 21:00:00.000039936,34.979202,27.78,113.435,4.1665367e-05,1.5432,110.0
2015-09-29 00:00:00.000039936,33.436,27.78,111.12001,4.142137e-05,1.5432,130.0
2015-09-29 03:00:00.000039936,32.4072,27.78,113.435,4.1177245e-05,1.5432,135.0
2015-09-29 06:00:00.000039936,30.864,27.78,115.75,4.093299e-05,1.5432,125.0
2015-09-29 09:00:00.000039936,29.835201,27.78,115.75,4.0688625e-05,1.5432,110.0
2015-09-29 12:00:00.000039936,28.292,27.78,115.75,4.0688625e-05,2.0576,95.0
2015-09-29 15:00:00.000039936,25.720001,27.78,115.75,4.0688625e-05,2.0576,90.0
2015-09-29 18:00:00.000039936,23.148,27.78,115.75,4.0688625e-05,1.0288,105.0
2015-09-29 21:00:00.000039936,22.1192,27.78,113.435,4.0444127e-05,0.5144,225.0
2015-09-30 00:00:00.000039936,20.576,27.78,111.119995,4.0444127e-05,1.5432,255.0
2015-09-30 03:00:00.000039936,19.5472,27.78,101.86,4.0444127e-05,2.0576,270.0
