Time,Vmax,Rmax_IBT,R34,fcor,u_trans,v_trans
2023-10-17 18:00:00.000039936,18.004,92.6,92.600006,3.2559245e-05,5.144,290.0
2023-10-17 21:00:00.000039936,20.576,83.34,104.175,3.305528e-05,4.1152,305.0
2023-10-18 00:00:00.000039936,23.148,74.08,115.75,3.3798577e-05,3.6008,320.0
2023-10-18 03:00:00.000039936,25.720001,64.82,129.64,3.4293596e-05,2.572,340.0
2023-10-18 06:00:00.000039936,28.292,55.56,143.53,3.5035337e-05,3.0864,355.0
2023-10-18 09:00:00.000039936,29.835201,55.56,155.10501,3.577612e-05,3.6008,0.0
2023-10-18 12:00:00.000039936,30.864,55.56,166.68,3.67623e-05,3.6008,355.0
2023-10-18 15:00:00.000039936,32.4072,46.3,171.31,3.7746686e-05,3.6008,350.0
2023-10-18 18:00:00.000039936,33.436,37.04,175.94,3.8483773e-05,3.6008,355.0
2023-10-18 21:00:00.000039936,37.5512,33.336,178.255,3.9464914e-05,3.6008,0.0
2023-10-19 00:00:00.000039936,41.152,27.78,180.57,4.0199502e-05,2.572,5.0
2023-10-19 03:00:00.000039936,47.8392,27.78,182.885,4.0688625e-05,2.0576,15.0
2023-10-19 06:00:00.000039936,54.012,27.78,185.2,4.1177245e-05,2.572,15.0
2023-10-19 09:00:00.000039936,56.584,27.78,187.515,4.1665367e-05,2.572,10.0
2023-10-19 12:00:00.000039936,59.156002,27.78,189.83,4.239659e-05,2.572,345.0
2023-10-19 15:00:00.000039936,58.1272,24.076,194.45999,4.288343e-05,2.572,325.0
2023-10-19 18:00:00.000039936,56.584,18.52,199.09,4.3369746e-05,3.0864,330.0
2023-10-19 21:00:00.000039936,55.5552,18.52,199.09,4.409823e-05,3.0864,340.0
2023-10-20 00:00:00.000039936,54.012,18.52,199.09,4.4825505e-05,3.6008,340.0
2023-10-20 03:00:00.000039936,52.9832,18.52,196.775,4.5551555e-05,3.6008,335.0
2023-10-20 06:00:00.000039936,51.440002,18.52,194.45999,4.627635e-05,3.6008,325.0
2023-10-20 09:00:00.000039936,51.440002,18.52,201.405,4.6999867e-05,4.1152,320.0
2023-10-20 12:00:00.000039936,51.440002,18.52,208.35,4.7722115e-05,4.1152,320.0
2023-10-20 15:00:00.000039936,52.9832,18.52,210.66501,4.844305e-05,4.1152,320.0
2023-10-20 18:00:00.000039936,54.012,18.52,212.98001,4.916265e-05,4.1152,330.0
2023-10-20 21:00:00.000039936,54.012,18.52,212.98001,5.012002e-05,4.6296,335.0
2023-10-21 00:00:00.000039936,54.012,18.52,212.98001,5.1074945e-05,4.6296,340.0
2023-10-21 03:00:00.000039936,52.9832,18.52,212.98001,5.2027382e-05,4.6296,350.0
2023-10-21 06:00:00.000039936,51.440002,18.52,212.98001,5.321436e-05,4.6296,350.0
2023-10-21 09:00:00.000039936,48.868,24.076,208.35,5.439729e-05,4.6296,355.0
2023-10-21 12:00:00.000039936,46.296,27.78,203.72,5.5340646e-05,4.1152,350.0
2023-10-21 15:00:00.000039936,42.6952,37.04,201.40501,5.6281307e-05,3.0864,350.0
2023-10-21 18:00:00.000039936,38.58,46.3,199.09001,5.6750614e-05,2.572,30.0
2023-10-21 20:15:00.000039936,36.008,46.3,199.09001,5.698501e-05,3.0864,45.0
2023-10-21 21:00:00.000039936,34.979202,51.856,197.238,5.721923e-05,5.144,0.0
