Time,Vmax,Rmax_IBT,R34,fcor,u_trans,v_trans
2009-09-23 06:00:00.000039936,18.004,55.56,27.78,3.995476e-05,4.6296,300.0
2009-09-23 09:00:00.000039936,19.5472,51.856,27.78,4.0688625e-05,4.6296,300.0
2009-09-23 12:00:00.000039936,20.576,46.3,27.78,4.1177245e-05,4.6296,295.0
2009-09-23 15:00:00.000039936,22.1192,46.3,37.503,4.1665367e-05,4.6296,295.0
2009-09-23 18:00:00.000039936,23.148,46.3,46.3,4.2152973e-05,4.1152,295.0
2009-09-23 21:00:00.000039936,24.6912,46.3,52.781998,4.2640077e-05,3.6008,295.0
2009-09-24 00:00:00.000039936,25.720001,46.3,57.875,4.288343e-05,3.0864,295.0
2009-09-24 03:00:00.000039936,24.6912,46.3,57.875,4.3126656e-05,3.0864,290.0
2009-09-24 06:00:00.000039936,23.148,46.3,57.875,4.3369746e-05,3.0864,285.0
2009-09-24 09:00:00.000039936,23.148,42.596,54.634003,4.3612705e-05,3.0864,285.0
2009-09-24 12:00:00.000039936,23.148,37.04,50.93,4.3612705e-05,3.0864,280.0
2009-09-24 15:00:00.000039936,22.1192,37.04,47.689003,4.3612705e-05,3.0864,275.0
2009-09-24 18:00:00.000039936,20.576,37.04,43.985,4.3612705e-05,3.0864,270.0
