Time,Vmax,Rmax_IBT,R34,fcor,u_trans,v_trans
2021-10-22 18:00:00.000039936,18.004,74.08,37.04,3.2559245e-05,2.572,300.0
2021-10-22 21:00:00.000039936,20.576,64.82,46.300003,3.280731e-05,2.0576,315.0
2021-10-23 00:00:00.000039936,23.148,55.56,55.56,3.330315e-05,2.0576,335.0
2021-10-23 03:00:00.000039936,27.2632,42.596,67.134995,3.3798577e-05,2.572,350.0
2021-10-23 06:00:00.000039936,30.864,27.78,78.71,3.454095e-05,3.0864,350.0
2021-10-23 09:00:00.000039936,34.979202,27.78,78.71,3.5282377e-05,3.6008,345.0
2021-10-23 12:00:00.000039936,38.58,27.78,78.71,3.626943e-05,3.6008,335.0
2021-10-23 15:00:00.000039936,40.1232,27.78,81.024994,3.700857e-05,3.0864,320.0
2021-10-23 18:00:00.000039936,41.152,27.78,83.34,3.7500762e-05,2.0576,325.0
2021-10-23 21:00:00.000039936,41.152,24.076,83.34,3.7746686e-05,1.0288,10.0
2021-10-24 00:00:00.000039936,41.152,18.52,83.34,3.7992504e-05,1.5432,30.0
2021-10-24 03:00:00.000039936,41.152,18.52,83.34,3.8238195e-05,2.0576,35.0
2021-10-24 06:00:00.000039936,41.152,18.52,83.34,3.872924e-05,1.5432,25.0
2021-10-24 09:00:00.000039936,40.1232,18.52,90.285,3.897458e-05,1.5432,15.0
2021-10-24 12:00:00.000039936,38.58,18.52,97.23,3.9464914e-05,1.5432,20.0
2021-10-24 15:00:00.000039936,38.58,18.52,104.175,3.9709896e-05,1.5432,15.0
2021-10-24 18:00:00.000039936,38.58,18.52,111.12,4.0199502e-05,2.0576,5.0
2021-10-24 21:00:00.000039936,40.1232,24.076,113.435,4.0688625e-05,2.572,350.0
2021-10-25 00:00:00.000039936,41.152,27.78,115.75,4.142137e-05,3.0864,340.0
2021-10-25 03:00:00.000039936,43.724,27.78,113.435,4.2152973e-05,4.1152,340.0
2021-10-25 06:00:00.000039936,46.296,27.78,111.12,4.3126656e-05,4.1152,345.0
2021-10-25 09:00:00.000039936,46.296,27.78,111.12,4.409823e-05,4.6296,345.0
2021-10-25 11:00:00.000053248,46.296,27.78,111.12,4.4825505e-05,5.6584,340.0
