Time,Vmax,Rmax_IBT,R34,fcor,u_trans,v_trans
2020-09-21 18:00:00.000039936,18.004,111.12,60.190002,4.3126656e-05,6.1728,285.0
2020-09-21 21:00:00.000039936,19.5472,111.12,60.190002,4.3369746e-05,6.1728,285.0
2020-09-22 00:00:00.000039936,20.576,111.12,60.190002,4.385554e-05,6.1728,290.0
2020-09-22 03:00:00.000039936,20.576,111.12,76.395,4.4340795e-05,5.6584,290.0
2020-09-22 06:00:00.000039936,20.576,111.12,92.6,4.4825505e-05,5.6584,290.0
2020-09-22 09:00:00.000039936,20.576,111.12,97.229996,4.506766e-05,5.144,290.0
2020-09-22 12:00:00.000039936,20.576,111.12,101.86,4.5551555e-05,5.144,295.0
2020-09-22 15:00:00.000039936,20.576,111.12,104.175,4.6034886e-05,5.6584,300.0
2020-09-22 18:00:00.000039936,20.576,111.12,106.49,4.675884e-05,5.6584,295.0
2020-09-22 21:00:00.000039936,20.576,101.86,106.49,4.7240763e-05,5.6584,290.0
2020-09-23 00:00:00.000039936,20.576,92.6,106.49,4.7722115e-05,5.6584,295.0
2020-09-23 03:00:00.000039936,22.1192,88.895996,104.175,4.8202877e-05,6.1728,295.0
2020-09-23 06:00:00.000039936,23.148,83.34,101.86,4.892293e-05,6.1728,295.0
2020-09-23 09:00:00.000039936,23.148,79.636,99.545,4.9641636e-05,6.1728,295.0
2020-09-23 12:00:00.000039936,23.148,74.08,97.229996,5.012002e-05,5.6584,295.0
2020-09-23 15:00:00.000039936,23.148,74.08,85.65501,5.059779e-05,5.6584,290.0
2020-09-23 18:00:00.000039936,23.148,74.08,74.08,5.1074945e-05,5.6584,290.0
2020-09-23 21:00:00.000039936,22.1192,74.08,74.08,5.155148e-05,5.144,295.0
2020-09-24 00:00:00.000039936,20.576,74.08,74.08,5.2027382e-05,5.144,295.0
2020-09-24 03:00:00.000039936,20.576,74.08,74.08,5.250265e-05,5.144,295.0
2020-09-24 06:00:00.000039936,20.576,74.08,74.08,5.2977284e-05,5.144,290.0
2020-09-24 09:00:00.000039936,20.576,74.08,74.08,5.345127e-05,4.6296,290.0
2020-09-24 12:00:00.000039936,20.576,74.08,74.08,5.3688025e-05,4.1152,285.0
2020-09-24 15:00:00.000039936,20.576,83.34,83.34,5.392461e-05,4.1152,275.0
2020-09-24 18:00:00.000039936,20.576,92.6,92.6,5.392461e-05,4.6296,270.0
2020-09-24 21:00:00.000039936,20.576,92.6,83.34,5.392461e-05,4.6296,270.0
2020-09-25 00:00:00.000039936,20.576,92.6,74.08,5.392461e-05,5.144,270.0
2020-09-25 03:00:00.000039936,20.576,101.86,74.08,5.392461e-05,5.144,270.0
2020-09-25 06:00:00.000039936,20.576,111.12,74.08,5.392461e-05,5.6584,265.0
2020-09-25 09:00:00.000039936,19.5472,111.12,69.45,5.392461e-05,5.6584,265.0
