Time,Vmax,Rmax_IBT,R34,fcor,u_trans,v_trans
2014-09-16 00:00:00.000039936,18.004,166.68,55.56,2.882674e-05,3.6008,285.0
2014-09-16 03:00:00.000039936,19.5472,120.38,53.245,2.9076216e-05,3.6008,285.0
2014-09-16 06:00:00.000039936,20.576,74.08,50.93,2.9325609e-05,4.1152,295.0
2014-09-16 09:00:00.000039936,20.576,74.08,48.614998,2.9824112e-05,4.6296,305.0
2014-09-16 12:00:00.000039936,20.576,74.08,46.300003,3.0571195e-05,5.144,305.0
2014-09-16 15:00:00.000039936,22.1192,74.08,71.765,3.131743e-05,5.6584,310.0
2014-09-16 18:00:00.000039936,23.148,74.08,97.23,3.231108e-05,5.6584,310.0
2014-09-16 21:00:00.000039936,23.148,74.08,104.174995,3.330315e-05,5.6584,315.0
2014-09-17 00:00:00.000039936,23.148,74.08,111.12,3.4293596e-05,5.6584,320.0
2014-09-17 03:00:00.000039936,23.148,74.08,111.12,3.5282377e-05,5.6584,320.0
2014-09-17 06:00:00.000039936,23.148,74.08,111.12,3.626943e-05,5.6584,320.0
2014-09-17 09:00:00.000039936,24.6912,61.116,111.12,3.7254722e-05,5.6584,315.0
2014-09-17 12:00:00.000039936,25.720001,46.3,111.12,3.8238195e-05,5.144,310.0
2014-09-17 15:00:00.000039936,28.292,46.3,115.75,3.897458e-05,4.6296,305.0
2014-09-17 18:00:00.000039936,30.864,46.3,120.38,3.9464914e-05,4.6296,295.0
2014-09-17 21:00:00.000039936,32.4072,37.04,120.38,3.995476e-05,4.6296,290.0
2014-09-18 00:00:00.000039936,33.436,27.78,120.38,4.0199502e-05,4.6296,295.0
2014-09-18 03:00:00.000039936,33.436,27.78,122.69499,4.0688625e-05,4.1152,300.0
2014-09-18 06:00:00.000039936,33.436,27.78,125.009995,4.1177245e-05,3.6008,310.0
2014-09-18 09:00:00.000039936,33.436,27.78,127.325,4.1665367e-05,3.6008,315.0
2014-09-18 12:00:00.000039936,33.436,27.78,129.64,4.239659e-05,3.6008,325.0
2014-09-18 15:00:00.000039936,32.4072,27.78,134.27,4.3126656e-05,3.6008,330.0
2014-09-18 18:00:00.000039936,30.864,27.78,138.9,4.385554e-05,4.1152,325.0
2014-09-18 21:00:00.000039936,30.864,27.78,138.9,4.458322e-05,4.1152,320.0
2014-09-19 00:00:00.000039936,30.864,27.78,138.9,4.5309676e-05,3.6008,315.0
2014-09-19 03:00:00.000039936,30.864,27.78,134.27,4.5793287e-05,3.6008,305.0
2014-09-19 06:00:00.000039936,30.864,27.78,129.64,4.627635e-05,3.6008,305.0
2014-09-19 09:00:00.000039936,30.864,27.78,129.64,4.675884e-05,3.0864,310.0
2014-09-19 12:00:00.000039936,30.864,27.78,129.64,4.7240763e-05,3.0864,315.0
2014-09-19 15:00:00.000039936,30.864,42.596,131.955,4.7722115e-05,3.0864,325.0
2014-09-19 18:00:00.000039936,30.864,55.56,134.27,4.844305e-05,3.0864,325.0
2014-09-19 21:00:00.000039936,29.835201,55.56,129.64,4.892293e-05,2.572,325.0
2014-09-20 00:00:00.000039936,28.292,55.56,125.01,4.9402213e-05,2.572,325.0
2014-09-20 03:00:00.000039936,27.2632,55.56,120.38,4.9880902e-05,2.572,325.0
2014-09-20 06:00:00.000039936,25.720001,55.56,115.75,5.035898e-05,3.0864,325.0
2014-09-20 09:00:00.000039936,24.6912,55.56,115.75,5.083645e-05,3.0864,325.0
2014-09-20 12:00:00.000039936,23.148,55.56,115.75,5.155148e-05,3.0864,315.0
2014-09-20 15:00:00.000039936,22.1192,55.56,108.805,5.2027382e-05,3.0864,310.0
2014-09-20 18:00:00.000039936,20.576,55.56,101.86,5.250265e-05,3.0864,305.0
2014-09-20 21:00:00.000039936,19.5472,55.56,94.91499,5.2977284e-05,3.0864,305.0
2014-09-21 00:00:00.000039936,18.004,55.56,87.97,5.321436e-05,2.572,295.0
2014-09-21 03:00:00.000039936,18.004,55.56,81.025,5.345127e-05,3.0864,290.0
2014-09-21 06:00:00.000039936,18.004,55.56,74.08,5.3688025e-05,3.6008,295.0
2014-09-21 09:00:00.000039936,19.5472,55.56,69.45,5.4161024e-05,4.1152,300.0
2014-09-21 12:00:00.000039936,20.576,55.56,64.82,5.4633376e-05,4.6296,300.0
2014-09-21 15:00:00.000039936,20.576,55.56,60.19,5.510506e-05,4.1152,300.0
2014-09-21 18:00:00.000039936,20.576,55.56,55.559998,5.5576067e-05,4.6296,290.0
2014-09-21 21:00:00.000039936,19.5472,55.56,55.559998,5.581132e-05,4.6296,285.0
