Time,Vmax,Rmax_IBT,R34,fcor,u_trans,v_trans
2017-09-14 12:00:00.000039936,18.004,74.08,69.450005,4.239659e-05,2.572,15.0
2017-09-14 15:00:00.000039936,19.5472,74.08,78.71,4.3126656e-05,2.572,10.0
2017-09-14 18:00:00.000039936,20.576,74.08,87.97,4.3612705e-05,2.572,5.0
2017-09-14 21:00:00.000039936,22.1192,74.08,92.600006,4.4340795e-05,2.572,350.0
2017-09-15 00:00:00.000039936,23.148,74.08,97.229996,4.4825505e-05,2.572,345.0
2017-09-15 03:00:00.000039936,24.6912,74.08,99.545,4.5309676e-05,2.0576,345.0
2017-09-15 06:00:00.000039936,25.720001,74.08,101.86,4.5793287e-05,2.0576,340.0
2017-09-15 09:00:00.000039936,27.2632,64.82,111.119995,4.627635e-05,2.0576,330.0
2017-09-15 12:00:00.000039936,28.292,55.56,120.38,4.651767e-05,2.0576,315.0
2017-09-15 15:00:00.000039936,29.835201,55.56,129.64,4.675884e-05,1.5432,305.0
2017-09-15 18:00:00.000039936,30.864,55.56,138.90001,4.6999867e-05,1.0288,305.0
2017-09-15 21:00:00.000039936,32.4072,51.856,138.90001,4.7240763e-05,0.5144,315.0
2017-09-16 00:00:00.000039936,33.436,46.3,138.90001,4.7240763e-05,0.5144,315.0
2017-09-16 03:00:00.000039936,33.436,46.3,138.90001,4.7240763e-05,0.5144,315.0
2017-09-16 06:00:00.000039936,33.436,46.3,138.90001,4.748151e-05,1.0288,345.0
2017-09-16 09:00:00.000039936,32.4072,46.3,134.27,4.7722115e-05,1.0288,10.0
2017-09-16 12:00:00.000039936,30.864,46.3,129.64,4.796257e-05,1.5432,0.0
2017-09-16 15:00:00.000039936,29.835201,51.856,127.325,4.8202877e-05,1.5432,0.0
2017-09-16 18:00:00.000039936,28.292,55.56,125.009995,4.868306e-05,1.5432,0.0
2017-09-16 21:00:00.000039936,27.2632,55.56,125.009995,4.892293e-05,1.5432,0.0
2017-09-17 00:00:00.000039936,25.720001,55.56,125.009995,4.9402213e-05,2.0576,355.0
2017-09-17 03:00:00.000039936,24.6912,64.82,129.64,4.9880902e-05,2.0576,345.0
2017-09-17 06:00:00.000039936,23.148,74.08,134.26999,5.035898e-05,2.0576,340.0
2017-09-17 09:00:00.000039936,23.148,83.34,131.95499,5.083645e-05,2.0576,335.0
2017-09-17 12:00:00.000039936,23.148,92.6,129.64001,5.131329e-05,2.572,330.0
2017-09-17 15:00:00.000039936,23.148,83.34,122.695,5.178951e-05,2.572,325.0
2017-09-17 18:00:00.000039936,23.148,74.08,115.75,5.22651e-05,2.0576,305.0
2017-09-17 21:00:00.000039936,23.148,74.08,111.12,5.250265e-05,2.0576,285.0
2017-09-18 00:00:00.000039936,23.148,74.08,106.49,5.250265e-05,2.0576,280.0
2017-09-18 03:00:00.000039936,23.148,74.08,106.49,5.250265e-05,2.0576,285.0
2017-09-18 06:00:00.000039936,23.148,74.08,106.49,5.2740055e-05,2.0576,285.0
2017-09-18 09:00:00.000039936,23.148,74.08,106.49,5.2740055e-05,2.0576,285.0
2017-09-18 12:00:00.000039936,23.148,74.08,106.49,5.2977284e-05,2.0576,285.0
2017-09-18 15:00:00.000039936,22.1192,74.08,106.49,5.321436e-05,2.572,280.0
2017-09-18 18:00:00.000039936,20.576,74.08,106.49,5.321436e-05,2.572,275.0
2017-09-18 21:00:00.000039936,19.5472,74.08,97.229996,5.321436e-05,3.0864,270.0
