Time,Vmax,Rmax_IBT,R34,fcor,u_trans,v_trans
2016-09-18 06:00:00.000039936,18.004,74.08,69.45,4.2152973e-05,6.1728,305.0
2016-09-18 09:00:00.000039936,19.5472,74.08,69.45,4.288343e-05,6.1728,300.0
2016-09-18 12:00:00.000039936,20.576,74.08,69.45,4.3612705e-05,6.6872,300.0
2016-09-18 15:00:00.000039936,23.148,64.82,78.71,4.4340795e-05,6.6872,300.0
2016-09-18 18:00:00.000039936,25.720001,55.56,87.97,4.5309676e-05,7.2016,305.0
2016-09-18 21:00:00.000039936,28.292,55.56,97.229996,4.627635e-05,7.2016,310.0
2016-09-19 00:00:00.000039936,30.864,55.56,106.490005,4.748151e-05,7.2016,315.0
2016-09-19 03:00:00.000039936,33.436,55.56,113.435,4.868306e-05,6.6872,320.0
2016-09-19 06:00:00.000039936,36.008,55.56,120.380005,4.9880902e-05,6.6872,320.0
2016-09-19 09:00:00.000039936,37.5512,46.3,122.69501,5.1074945e-05,6.6872,320.0
2016-09-19 12:00:00.000039936,38.58,37.04,125.01001,5.22651e-05,6.6872,320.0
2016-09-19 15:00:00.000039936,40.1232,37.04,129.64,5.345127e-05,6.6872,325.0
2016-09-19 18:00:00.000039936,41.152,37.04,134.27,5.4633376e-05,6.1728,330.0
2016-09-19 21:00:00.000039936,38.58,37.04,138.9,5.581132e-05,6.1728,335.0
2016-09-20 00:00:00.000039936,36.008,37.04,143.53,5.721923e-05,6.1728,340.0
2016-09-20 03:00:00.000039936,32.4072,37.04,143.53,5.83877e-05,6.1728,340.0
2016-09-20 06:00:00.000039936,28.292,37.04,143.53,5.9784e-05,6.1728,350.0
2016-09-20 09:00:00.000039936,25.720001,46.3,138.9,6.1173734e-05,6.1728,355.0
2016-09-20 12:00:00.000039936,23.148,55.56,134.27,6.255676e-05,6.1728,0.0
2016-09-20 15:00:00.000039936,20.576,55.56,104.174995,6.393293e-05,6.1728,5.0
