Time,Vmax,Rmax_IBT,R34,fcor,u_trans,v_trans
2012-10-30 12:00:00.000039936,18.004,74.08,74.08,3.6022833e-05,2.572,285.0
2012-10-30 15:00:00.000039936,19.5472,74.08,74.08,3.626943e-05,2.0576,285.0
2012-10-30 18:00:00.000039936,20.576,74.08,74.08,3.626943e-05,1.5432,280.0
2012-10-30 21:00:00.000039936,20.576,74.08,81.025,3.626943e-05,1.5432,270.0
2012-10-31 00:00:00.000039936,20.576,74.08,87.97,3.626943e-05,1.5432,270.0
2012-10-31 03:00:00.000039936,22.1192,92.6,92.6,3.626943e-05,2.0576,270.0
2012-10-31 06:00:00.000039936,23.148,111.12,97.229996,3.626943e-05,2.0576,260.0
2012-10-31 09:00:00.000039936,23.148,111.12,97.229996,3.626943e-05,1.5432,250.0
2012-10-31 12:00:00.000039936,23.148,111.12,97.229996,3.6022833e-05,1.5432,250.0
2012-10-31 15:00:00.000039936,23.148,120.38,97.229996,3.6022833e-05,1.5432,250.0
2012-10-31 18:00:00.000039936,23.148,129.64,97.229996,3.577612e-05,1.5432,250.0
2012-10-31 21:00:00.000039936,23.148,120.38,92.6,3.577612e-05,1.0288,245.0
2012-11-01 00:00:00.000039936,23.148,111.12,87.97,3.5529305e-05,1.5432,230.0
2012-11-01 03:00:00.000039936,23.148,83.34,87.97,3.5282377e-05,1.5432,225.0
2012-11-01 06:00:00.000039936,23.148,55.56,87.97,3.5035337e-05,1.0288,225.0
2012-11-01 09:00:00.000039936,23.148,64.82,87.97,3.47882e-05,0.5144,225.0
2012-11-01 12:00:00.000039936,23.148,74.08,87.97,3.47882e-05,0.5144,225.0
2012-11-01 15:00:00.000039936,23.148,74.08,81.025,3.47882e-05,0.5144,225.0
2012-11-01 18:00:00.000039936,23.148,74.08,74.08,3.454095e-05,1.0288,210.0
2012-11-01 21:00:00.000039936,22.1192,74.08,74.08,3.4293596e-05,1.0288,205.0
2012-11-02 00:00:00.000039936,20.576,74.08,74.08,3.404614e-05,1.0288,205.0
2012-11-02 03:00:00.000039936,20.576,74.08,74.08,3.3798577e-05,1.0288,205.0
2012-11-02 06:00:00.000039936,20.576,74.08,74.08,3.3550914e-05,1.0288,205.0
2012-11-02 09:00:00.000039936,20.576,74.08,55.559998,3.330315e-05,1.0288,205.0
2012-11-02 12:00:00.000039936,20.576,74.08,37.04,3.305528e-05,1.5432,225.0
2012-11-02 15:00:00.000039936,20.576,61.116,37.04,3.280731e-05,2.0576,235.0
2012-11-02 18:00:00.000039936,20.576,46.3,37.04,3.2559245e-05,2.0576,235.0
2012-11-02 21:00:00.000039936,19.5472,51.856,37.04,3.231108e-05,2.0576,235.0
2012-11-03 00:00:00.000039936,18.004,55.56,37.04,3.206281e-05,2.0576,245.0
2012-11-03 03:00:00.000039936,18.004,55.56,37.04,3.1814445e-05,2.0576,255.0
