Time,Vmax,Rmax_IBT,R34,fcor,u_trans,v_trans
2013-10-20 06:00:00.000039936,18.004,55.56,41.670002,3.577612e-05,3.6008,320.0
2013-10-20 09:00:00.000039936,20.576,51.856,48.614998,3.626943e-05,3.0864,320.0
2013-10-20 12:00:00.000039936,23.148,46.3,55.56,3.700857e-05,3.0864,325.0
2013-10-20 15:00:00.000039936,27.2632,42.596,60.190002,3.7500762e-05,3.0864,330.0
2013-10-20 18:00:00.000039936,30.864,37.04,64.82001,3.8238195e-05,3.0864,330.0
2013-10-20 21:00:00.000039936,36.008,37.04,71.765,3.897458e-05,3.0864,330.0
2013-10-21 00:00:00.000039936,41.152,37.04,78.71,3.9464914e-05,2.572,330.0
2013-10-21 03:00:00.000039936,45.2672,33.336,83.34,3.995476e-05,2.0576,325.0
2013-10-21 06:00:00.000039936,48.868,27.78,87.97,4.0199502e-05,1.5432,340.0
2013-10-21 09:00:00.000039936,51.440002,27.78,90.285,4.0444127e-05,1.0288,10.0
2013-10-21 12:00:00.000039936,54.012,27.78,92.6,4.0688625e-05,1.0288,15.0
2013-10-21 15:00:00.000039936,55.5552,27.78,97.229996,4.093299e-05,1.0288,25.0
2013-10-21 18:00:00.000039936,56.584,27.78,101.86,4.1177245e-05,1.0288,60.0
2013-10-21 21:00:00.000039936,55.5552,27.78,101.86,4.1177245e-05,1.0288,90.0
2013-10-22 00:00:00.000039936,54.012,27.78,101.86,4.1177245e-05,0.5144,100.0
2013-10-22 03:00:00.000039936,51.440002,27.78,101.86,4.1177245e-05,0.0,0.0
2013-10-22 06:00:00.000039936,48.868,27.78,101.86,4.1177245e-05,0.0,0.0
2013-10-22 09:00:00.000039936,46.296,27.78,101.86,4.1177245e-05,0.0,0.0
2013-10-22 12:00:00.000039936,43.724,27.78,101.86,4.1177245e-05,0.5144,120.0
2013-10-22 15:00:00.000039936,41.152,33.336,101.86,4.1177245e-05,0.5144,135.0
2013-10-22 18:00:00.000039936,38.58,37.04,101.86,4.093299e-05,1.0288,160.0
2013-10-22 21:00:00.000039936,36.008,37.04,101.86,4.0688625e-05,1.5432,0.0
2013-10-23 00:00:00.000039936,33.436,37.04,101.86,4.0199502e-05,1.5432,200.0
2013-10-23 03:00:00.000039936,32.4072,42.596,101.86,3.9709896e-05,2.0576,225.0
2013-10-23 06:00:00.000039936,30.864,46.3,101.86,3.9464914e-05,3.0864,240.0
2013-10-23 09:00:00.000039936,29.835201,46.3,94.91499,3.9219805e-05,3.6008,245.0
2013-10-23 12:00:00.000039936,28.292,46.3,87.97,3.872924e-05,4.1152,245.0
2013-10-23 15:00:00.000039936,25.720001,46.3,87.97,3.8238195e-05,3.6008,245.0
2013-10-23 18:00:00.000039936,23.148,46.3,87.97,3.7992504e-05,3.6008,250.0
2013-10-23 21:00:00.000039936,22.1192,51.856,83.34,3.7746686e-05,3.6008,255.0
2013-10-24 00:00:00.000039936,20.576,55.56,78.71001,3.7500762e-05,3.6008,255.0
2013-10-24 03:00:00.000039936,20.576,55.56,76.395004,3.7254722e-05,3.6008,260.0
2013-10-24 06:00:00.000039936,20.576,55.56,74.08,3.7254722e-05,3.6008,265.0
2013-10-24 09:00:00.000039936,20.576,55.56,74.08,3.7254722e-05,3.6008,270.0
2013-10-24 12:00:00.000039936,20.576,55.56,74.08,3.7254722e-05,3.6008,270.0
2013-10-24 15:00:00.000039936,20.576,61.116,69.450005,3.7254722e-05,4.1152,270.0
2013-10-24 18:00:00.000039936,20.576,64.82,64.82001,3.7254722e-05,4.1152,265.0
2013-10-24 21:00:00.000039936,22.1192,64.82,67.134995,3.700857e-05,4.1152,255.0
2013-10-25 00:00:00.000039936,23.148,64.82,69.45,3.67623e-05,4.1152,250.0
2013-10-25 03:00:00.000039936,23.148,64.82,67.135,3.651592e-05,3.6008,245.0
2013-10-25 06:00:00.000039936,23.148,64.82,64.82,3.6022833e-05,3.6008,240.0
2013-10-25 09:00:00.000039936,24.6912,64.82,64.82,3.5529305e-05,3.6008,235.0
2013-10-25 12:00:00.000039936,25.720001,64.82,64.82,3.5035337e-05,4.1152,235.0
2013-10-25 15:00:00.000039936,25.720001,64.82,67.135,3.4293596e-05,4.6296,235.0
2013-10-25 18:00:00.000039936,25.720001,64.82,69.45,3.3798577e-05,5.144,245.0
2013-10-25 21:00:00.000039936,27.2632,61.116,69.45,3.330315e-05,5.144,255.0
2013-10-26 00:00:00.000039936,28.292,55.56,69.45,3.305528e-05,5.144,260.0
2013-10-26 03:00:00.000039936,28.292,55.56,76.395,3.280731e-05,5.144,265.0
2013-10-26 06:00:00.000039936,28.292,55.56,83.34,3.280731e-05,4.6296,270.0
2013-10-26 09:00:00.000039936,28.292,55.56,83.34,3.280731e-05,4.6296,270.0
2013-10-26 12:00:00.000039936,28.292,55.56,83.34,3.280731e-05,4.1152,270.0
2013-10-26 15:00:00.000039936,28.292,55.56,83.34,3.280731e-05,4.1152,270.0
2013-10-26 18:00:00.000039936,28.292,55.56,83.34,3.280731e-05,4.1152,275.0
2013-10-26 21:00:00.000039936,28.292,51.856,92.59999,3.305528e-05,4.6296,285.0
2013-10-27 00:00:00.000039936,28.292,46.3,101.86,3.330315e-05,4.6296,285.0
2013-10-27 03:00:00.000039936,29.835201,46.3,104.175,3.3550914e-05,4.6296,290.0
2013-10-27 06:00:00.000039936,30.864,46.3,106.490005,3.404614e-05,4.6296,290.0
2013-10-27 09:00:00.000039936,34.979202,46.3,108.805,3.4293596e-05,4.1152,290.0
2013-10-27 12:00:00.000039936,38.58,46.3,111.12,3.47882e-05,4.1152,295.0
2013-10-27 15:00:00.000039936,40.1232,42.596,111.12,3.5282377e-05,4.1152,300.0
2013-10-27 18:00:00.000039936,41.152,37.04,111.12,3.577612e-05,4.1152,310.0
2013-10-27 21:00:00.000039936,43.724,37.04,113.435,3.651592e-05,4.1152,320.0
2013-10-28 00:00:00.000039936,46.296,37.04,115.75,3.7254722e-05,3.6008,330.0
2013-10-28 03:00:00.000039936,46.296,37.04,115.74999,3.7992504e-05,3.0864,340.0
2013-10-28 06:00:00.000039936,46.296,37.04,115.75,3.872924e-05,3.0864,350.0
2013-10-28 09:00:00.000039936,43.724,37.04,115.75,3.9464914e-05,3.0864,0.0
2013-10-28 12:00:00.000039936,41.152,37.04,115.75,4.0199502e-05,2.572,0.0
2013-10-28 15:00:00.000039936,37.5512,37.04,113.435,4.0688625e-05,2.0576,0.0
2013-10-28 18:00:00.000039936,33.436,37.04,111.12,4.1177245e-05,2.0576,0.0
2013-10-28 21:00:00.000039936,29.835201,42.596,111.12,4.1665367e-05,2.0576,0.0
2013-10-29 00:00:00.000039936,25.720001,46.3,111.12,4.2152973e-05,2.572,360.0
2013-10-29 03:00:00.000039936,24.6912,46.3,108.805,4.288343e-05,3.0864,0.0
2013-10-29 06:00:00.000039936,23.148,46.3,106.49,4.3612705e-05,3.0864,0.0
2013-10-29 09:00:00.000039936,22.1192,51.856,101.86,4.4340795e-05,3.0864,10.0
2013-10-29 12:00:00.000039936,20.576,55.56,97.23,4.506766e-05,3.6008,20.0
2013-10-29 15:00:00.000039936,20.576,61.116,94.915,4.5793287e-05,3.6008,30.0
2013-10-29 18:00:00.000039936,20.576,64.82,92.6,4.651767e-05,3.6008,45.0
2013-10-29 21:00:00.000039936,20.576,74.08,94.915,4.6999867e-05,3.6008,55.0
2013-10-30 00:00:00.000039936,20.576,83.34,97.229996,4.748151e-05,3.6008,55.0
