Time,Vmax,Rmax_IBT,R34,fcor,u_trans,v_trans
2018-09-09 00:00:00.000039936,18.004,111.12,64.82001,4.0199502e-05,3.6008,305.0
2018-09-09 03:00:00.000039936,18.004,92.6,64.82001,4.093299e-05,4.1152,315.0
2018-09-09 06:00:00.000039936,18.004,74.08,64.82001,4.1665367e-05,4.6296,320.0
2018-09-09 09:00:00.000039936,18.004,74.08,64.82001,4.239659e-05,4.6296,325.0
2018-09-09 12:00:00.000039936,18.004,74.08,64.82001,4.3369746e-05,4.6296,330.0
2018-09-09 15:00:00.000039936,19.5472,83.34,74.08,4.4340795e-05,4.6296,330.0
2018-09-09 18:00:00.000039936,20.576,92.6,83.34,4.5309676e-05,4.6296,330.0
2018-09-09 21:00:00.000039936,20.576,92.6,81.024994,4.627635e-05,4.6296,330.0
2018-09-10 00:00:00.000039936,20.576,92.6,78.71001,4.7240763e-05,5.144,325.0
2018-09-10 03:00:00.000039936,19.5472,92.6,76.395004,4.8202877e-05,5.144,325.0
2018-09-10 06:00:00.000039936,18.004,92.6,74.08,4.916265e-05,5.144,325.0
2018-09-10 09:00:00.000039936,18.004,92.6,74.08,5.012002e-05,4.6296,320.0
2018-09-10 12:00:00.000039936,18.004,92.6,74.08,5.083645e-05,4.1152,315.0
2018-09-10 15:00:00.000039936,18.004,92.6,64.82,5.155148e-05,4.1152,310.0
2018-09-10 18:00:00.000039936,18.004,92.6,55.56,5.2027382e-05,4.1152,305.0
2018-09-10 21:00:00.000039936,18.004,92.6,55.56,5.2740055e-05,4.6296,305.0
