Time,Vmax,Rmax_IBT,R34,fcor,u_trans,v_trans
2014-09-25 00:00:00.000039936,18.004,74.08,50.93,3.8483773e-05,4.6296,290.0
2014-09-25 03:00:00.000039936,18.004,74.08,60.190002,3.897458e-05,5.144,295.0
2014-09-25 06:00:00.000039936,18.004,74.08,69.45,3.9464914e-05,5.6584,290.0
2014-09-25 09:00:00.000039936,19.5472,74.08,83.34,3.995476e-05,5.6584,290.0
2014-09-25 12:00:00.000039936,20.576,74.08,97.23,4.0444127e-05,6.1728,295.0
2014-09-25 15:00:00.000039936,22.1192,74.08,104.175,4.1177245e-05,6.6872,300.0
2014-09-25 18:00:00.000039936,23.148,74.08,111.119995,4.1909232e-05,6.6872,300.0
2014-09-25 21:00:00.000039936,23.148,64.82,120.38,4.2640077e-05,6.1728,300.0
2014-09-26 00:00:00.000039936,23.148,55.56,129.64001,4.3369746e-05,6.1728,295.0
2014-09-26 03:00:00.000039936,23.148,55.56,129.64001,4.385554e-05,6.1728,290.0
2014-09-26 06:00:00.000039936,23.148,55.56,129.64001,4.4340795e-05,6.6872,290.0
2014-09-26 09:00:00.000039936,23.148,55.56,129.64001,4.506766e-05,6.1728,290.0
2014-09-26 12:00:00.000039936,23.148,55.56,129.64001,4.5309676e-05,4.6296,265.0
2014-09-26 15:00:00.000039936,24.6912,55.56,129.64001,4.4825505e-05,4.1152,240.0
2014-09-26 18:00:00.000039936,25.720001,55.56,129.64001,4.4340795e-05,3.0864,270.0
2014-09-26 21:00:00.000039936,27.2632,46.3,125.01,4.4825505e-05,4.1152,310.0
2014-09-27 00:00:00.000039936,28.292,37.04,120.380005,4.5551555e-05,4.1152,320.0
2014-09-27 03:00:00.000039936,28.292,33.336,115.75,4.627635e-05,4.1152,320.0
2014-09-27 06:00:00.000039936,28.292,27.78,111.119995,4.6999867e-05,3.6008,320.0
2014-09-27 09:00:00.000039936,28.292,27.78,111.119995,4.748151e-05,3.0864,325.0
2014-09-27 12:00:00.000039936,28.292,27.78,111.119995,4.8202877e-05,3.0864,330.0
2014-09-27 15:00:00.000039936,30.864,27.78,111.119995,4.892293e-05,3.6008,335.0
2014-09-27 18:00:00.000039936,33.436,27.78,111.12,4.9641636e-05,3.0864,325.0
2014-09-27 21:00:00.000039936,36.008,27.78,111.12,5.012002e-05,3.0864,315.0
2014-09-28 00:00:00.000039936,38.58,27.78,111.12,5.059779e-05,3.0864,320.0
2014-09-28 03:00:00.000039936,38.58,27.78,111.12,5.1074945e-05,3.0864,330.0
2014-09-28 06:00:00.000039936,38.58,27.78,111.12,5.178951e-05,2.572,335.0
2014-09-28 09:00:00.000039936,38.58,27.78,113.435,5.22651e-05,2.0576,335.0
2014-09-28 12:00:00.000039936,38.58,27.78,115.75,5.2740055e-05,2.572,340.0
2014-09-28 15:00:00.000039936,37.5512,27.78,118.065,5.345127e-05,2.572,340.0
2014-09-28 18:00:00.000039936,36.008,27.78,120.380005,5.392461e-05,2.572,340.0
2014-09-28 21:00:00.000039936,34.979202,27.78,125.009995,5.439729e-05,2.0576,350.0
2014-09-29 00:00:00.000039936,33.436,27.78,129.64,5.4869302e-05,2.0576,355.0
2014-09-29 03:00:00.000039936,32.4072,33.336,138.9,5.5340646e-05,1.5432,0.0
2014-09-29 06:00:00.000039936,30.864,37.04,148.16,5.5576067e-05,1.0288,5.0
2014-09-29 09:00:00.000039936,29.835201,37.04,148.16,5.581132e-05,1.0288,10.0
2014-09-29 12:00:00.000039936,28.292,37.04,148.16,5.6046403e-05,1.0288,5.0
2014-09-29 15:00:00.000039936,27.2632,37.04,148.16,5.6281307e-05,1.0288,10.0
2014-09-29 18:00:00.000039936,25.720001,37.04,148.16,5.6516048e-05,1.0288,10.0
2014-09-29 21:00:00.000039936,24.6912,37.04,138.9,5.6750614e-05,1.0288,10.0
2014-09-30 00:00:00.000039936,23.148,37.04,129.64,5.698501e-05,1.0288,350.0
2014-09-30 03:00:00.000039936,20.576,37.04,120.38,5.721923e-05,1.0288,10.0
