Time,Vmax,Rmax_IBT,R34,fcor,u_trans,v_trans
2008-11-03 00:00:00.000039936,18.004,55.56,46.3,2.206018e-05,6.1728,270.0
2008-11-03 03:00:00.000039936,19.5472,46.3,46.3,2.1808535e-05,6.1728,265.0
2008-11-03 06:00:00.000039936,20.576,37.04,46.3,2.1808535e-05,5.6584,270.0
2008-11-03 09:00:00.000039936,20.576,27.78,40.744,2.1808535e-05,5.6584,275.0
2008-11-03 12:00:00.000039936,20.576,18.52,34.725,2.206018e-05,5.6584,280.0
2008-11-03 15:00:00.000039936,19.5472,18.52,31.947,2.231176e-05,5.6584,285.0
2008-11-03 18:00:00.000039936,18.004,18.52,27.78,2.2814716e-05,5.6584,290.0
2008-11-03 21:00:00.000039936,18.004,18.52,27.78,2.3317392e-05,5.6584,290.0
2008-11-04 00:00:00.000039936,18.004,18.52,27.78,2.3819783e-05,5.6584,285.0
2008-11-04 03:00:00.000039936,19.5472,18.52,27.78,2.4070872e-05,5.6584,280.0
2008-11-04 06:00:00.000039936,20.576,18.52,27.78,2.432189e-05,5.6584,275.0
2008-11-04 09:00:00.000039936,20.576,18.52,27.78,2.4572832e-05,5.6584,275.0
2008-11-04 12:00:00.000039936,20.576,18.52,27.78,2.4572832e-05,5.6584,270.0
2008-11-04 15:00:00.000039936,19.5472,18.52,27.78,2.4572832e-05,5.6584,270.0
