Time,Vmax,Rmax_IBT,R34,fcor,u_trans,v_trans
2016-09-26 00:00:00.000039936,18.004,111.12,55.56,4.0688625e-05,2.0576,5.0
2016-09-26 03:00:00.000039936,19.5472,101.86,55.56,4.1177245e-05,1.5432,15.0
2016-09-26 06:00:00.000039936,20.576,92.6,55.56,4.142137e-05,1.5432,30.0
2016-09-26 09:00:00.000039936,22.1192,92.6,64.82,4.1665367e-05,1.5432,45.0
2016-09-26 12:00:00.000039936,23.148,92.6,74.08,4.1909232e-05,1.5432,65.0
2016-09-26 15:00:00.000039936,23.148,92.6,115.75,4.2152973e-05,2.0576,75.0
2016-09-26 18:00:00.000039936,23.148,92.6,157.42001,4.2152973e-05,2.0576,75.0
2016-09-26 21:00:00.000039936,23.148,79.636,157.42001,4.239659e-05,2.0576,65.0
2016-09-27 00:00:00.000039936,23.148,64.82,157.42001,4.2640077e-05,3.0864,50.0
2016-09-27 03:00:00.000039936,22.1192,64.82,155.10501,4.3126656e-05,3.6008,45.0
2016-09-27 06:00:00.000039936,20.576,64.82,152.79001,4.385554e-05,3.6008,45.0
2016-09-27 09:00:00.000039936,20.576,64.82,152.79001,4.4340795e-05,4.1152,50.0
2016-09-27 12:00:00.000039936,20.576,64.82,152.79001,4.506766e-05,4.1152,50.0
2016-09-27 15:00:00.000039936,20.576,64.82,152.79001,4.5551555e-05,4.1152,55.0
2016-09-27 18:00:00.000039936,20.576,64.82,152.79001,4.627635e-05,4.6296,50.0
2016-09-27 21:00:00.000039936,19.5472,70.376,143.53,4.6999867e-05,5.144,45.0
2016-09-28 00:00:00.000039936,18.004,74.08,134.26999,4.796257e-05,5.144,40.0
2016-09-28 03:00:00.000039936,18.004,74.08,94.91499,4.892293e-05,5.144,35.0
2016-09-28 06:00:00.000039936,18.004,74.08,55.56,4.9880902e-05,4.6296,30.0
2016-09-28 09:00:00.000039936,18.004,74.08,41.670002,5.083645e-05,4.1152,20.0
2016-09-28 12:00:00.000039936,18.004,74.08,27.78,5.155148e-05,3.6008,15.0
2016-09-28 15:00:00.000039936,18.004,83.34,27.78,5.22651e-05,3.0864,10.0
