Time,Vmax,Rmax_IBT,R34,fcor,u_trans,v_trans
2023-10-22 18:00:00.000039936,18.004,74.08,37.04,2.5826394e-05,3.0864,340.0
2023-10-22 21:00:00.000039936,18.004,74.08,41.67,2.6577594e-05,3.0864,340.0
2023-10-23 00:00:00.000039936,18.004,74.08,46.3,2.7328068e-05,3.0864,345.0
2023-10-23 03:00:00.000039936,18.004,74.08,57.875,2.807779e-05,3.0864,350.0
2023-10-23 06:00:00.000039936,18.004,74.08,69.45,2.882674e-05,2.572,350.0
2023-10-23 09:00:00.000039936,19.5472,64.82,67.135,2.9325609e-05,2.572,350.0
2023-10-23 12:00:00.000039936,20.576,55.56,64.82,3.0073232e-05,3.0864,340.0
2023-10-23 15:00:00.000039936,22.1192,46.3,64.82,3.0820032e-05,4.1152,335.0
2023-10-23 18:00:00.000039936,23.148,37.04,64.82,3.1814445e-05,4.1152,335.0
2023-10-23 21:00:00.000039936,24.6912,37.04,71.765,3.280731e-05,4.1152,330.0
2023-10-24 00:00:00.000039936,25.720001,37.04,78.71,3.3550914e-05,4.1152,325.0
2023-10-24 03:00:00.000039936,27.2632,37.04,78.71,3.4293596e-05,3.6008,315.0
2023-10-24 06:00:00.000039936,28.292,37.04,78.71,3.47882e-05,3.0864,315.0
2023-10-24 09:00:00.000039936,30.864,27.78,78.71,3.5282377e-05,3.0864,315.0
2023-10-24 12:00:00.000039936,33.436,18.52,78.71,3.577612e-05,3.6008,320.0
2023-10-24 15:00:00.000039936,42.6952,18.52,87.97,3.651592e-05,4.6296,325.0
2023-10-24 18:00:00.000039936,51.440002,18.52,97.229996,3.7500762e-05,4.6296,335.0
2023-10-24 21:00:00.000039936,59.156002,14.816,99.545,3.8483773e-05,4.1152,345.0
2023-10-25 00:00:00.000039936,66.872,9.26,101.86,3.9464914e-05,4.1152,350.0
2023-10-25 03:00:00.000039936,74.588,9.26,101.86,4.0444127e-05,5.144,350.0
2023-10-25 06:00:00.000039936,74.588,9.26,101.86,4.1909232e-05,6.1728,345.0
2023-10-25 06:45:00.000039936,72.016,9.26,101.86,4.2152973e-05,5.6584,325.0
