Time,Vmax,Rmax_IBT,R34,fcor,u_trans,v_trans
2020-09-29 18:00:00.000039936,18.004,37.04,37.04,3.4293596e-05,5.6584,280.0
2020-09-29 21:00:00.000039936,19.5472,37.04,37.04,3.454095e-05,6.6872,280.0
2020-09-30 00:00:00.000039936,20.576,37.04,37.04,3.47882e-05,7.2016,280.0
2020-09-30 03:00:00.000039936,22.1192,37.04,43.985,3.5035337e-05,7.2016,280.0
2020-09-30 06:00:00.000039936,23.148,37.04,50.93,3.5282377e-05,7.2016,275.0
2020-09-30 09:00:00.000039936,24.6912,37.04,57.875,3.5529305e-05,7.2016,275.0
2020-09-30 12:00:00.000039936,25.720001,37.04,64.82001,3.5529305e-05,7.2016,275.0
2020-09-30 15:00:00.000039936,27.2632,33.336,69.45,3.5529305e-05,7.716,275.0
2020-09-30 18:00:00.000039936,28.292,27.78,74.08,3.577612e-05,7.716,275.0
2020-09-30 21:00:00.000039936,30.864,27.78,74.08,3.6022833e-05,7.716,280.0
2020-10-01 00:00:00.000039936,33.436,27.78,74.08,3.626943e-05,7.716,280.0
2020-10-01 03:00:00.000039936,36.008,27.78,90.285,3.651592e-05,7.716,280.0
2020-10-01 06:00:00.000039936,38.58,27.78,106.490005,3.67623e-05,7.2016,280.0
2020-10-01 09:00:00.000039936,41.152,27.78,111.119995,3.700857e-05,7.2016,280.0
2020-10-01 12:00:00.000039936,43.724,27.78,115.75,3.7254722e-05,6.6872,280.0
2020-10-01 15:00:00.000039936,46.296,27.78,127.325,3.7500762e-05,6.6872,280.0
2020-10-01 18:00:00.000039936,48.868,27.78,138.9,3.7746686e-05,6.1728,285.0
2020-10-01 21:00:00.000039936,51.440002,24.076,138.9,3.8238195e-05,6.1728,290.0
2020-10-02 00:00:00.000039936,54.012,18.52,138.9,3.872924e-05,6.1728,295.0
2020-10-02 03:00:00.000039936,58.1272,18.52,152.79001,3.9219805e-05,6.1728,295.0
2020-10-02 06:00:00.000039936,61.728,18.52,166.68,3.995476e-05,6.1728,290.0
2020-10-02 09:00:00.000039936,61.728,18.52,166.68,4.0444127e-05,6.1728,290.0
2020-10-02 12:00:00.000039936,61.728,18.52,166.68,4.093299e-05,5.144,290.0
2020-10-02 15:00:00.000039936,60.6992,18.52,180.57,4.142137e-05,4.6296,300.0
2020-10-02 18:00:00.000039936,59.156002,18.52,194.46,4.1909232e-05,4.6296,300.0
2020-10-02 21:00:00.000039936,59.156002,24.076,194.46,4.239659e-05,4.6296,305.0
2020-10-03 00:00:00.000039936,59.156002,27.78,194.46,4.3126656e-05,4.6296,300.0
2020-10-03 03:00:00.000039936,59.156002,27.78,194.46,4.3612705e-05,4.1152,300.0
2020-10-03 06:00:00.000039936,59.156002,27.78,194.46,4.409823e-05,4.1152,305.0
2020-10-03 09:00:00.000039936,58.1272,27.78,196.775,4.458322e-05,4.1152,310.0
2020-10-03 12:00:00.000039936,56.584,27.78,199.09,4.5309676e-05,3.6008,315.0
2020-10-03 15:00:00.000039936,55.5552,27.78,201.405,4.6034886e-05,3.6008,315.0
2020-10-03 18:00:00.000039936,54.012,27.78,203.72,4.651767e-05,3.0864,315.0
2020-10-03 21:00:00.000039936,52.9832,33.336,210.665,4.6999867e-05,3.0864,315.0
2020-10-04 00:00:00.000039936,51.440002,37.04,217.60999,4.748151e-05,3.0864,320.0
2020-10-04 03:00:00.000039936,48.868,42.596,222.23999,4.8202877e-05,3.0864,325.0
2020-10-04 06:00:00.000039936,46.296,46.3,226.87,4.868306e-05,3.0864,315.0
2020-10-04 09:00:00.000039936,43.724,46.3,226.87,4.916265e-05,3.0864,305.0
2020-10-04 12:00:00.000039936,41.152,46.3,226.87,4.9402213e-05,3.0864,295.0
2020-10-04 15:00:00.000039936,38.58,51.856,217.61,4.9880902e-05,3.6008,295.0
2020-10-04 18:00:00.000039936,36.008,55.56,208.35,5.012002e-05,3.6008,295.0
2020-10-04 21:00:00.000039936,33.436,55.56,208.35,5.059779e-05,3.6008,295.0
2020-10-05 00:00:00.000039936,30.864,55.56,208.35,5.083645e-05,3.6008,290.0
2020-10-05 03:00:00.000039936,29.835201,55.56,196.775,5.1074945e-05,4.1152,285.0
2020-10-05 06:00:00.000039936,28.292,55.56,185.19998,5.131329e-05,4.1152,285.0
2020-10-05 09:00:00.000039936,27.2632,64.82,185.19998,5.155148e-05,4.1152,285.0
2020-10-05 12:00:00.000039936,25.720001,74.08,185.19998,5.178951e-05,4.1152,285.0
2020-10-05 15:00:00.000039936,24.6912,74.08,180.57,5.2027382e-05,4.1152,285.0
2020-10-05 18:00:00.000039936,23.148,74.08,175.94,5.22651e-05,4.1152,285.0
2020-10-05 21:00:00.000039936,23.148,83.34,166.68,5.250265e-05,4.1152,285.0
2020-10-06 00:00:00.000039936,23.148,92.6,157.42,5.2740055e-05,4.1152,290.0
2020-10-06 03:00:00.000039936,23.148,101.86,125.009995,5.2977284e-05,4.1152,290.0
2020-10-06 06:00:00.000039936,23.148,111.12,92.6,5.345127e-05,4.1152,295.0
2020-10-06 09:00:00.000039936,22.1192,120.38,90.285,5.392461e-05,4.1152,300.0
2020-10-06 12:00:00.000039936,20.576,129.64,87.97,5.439729e-05,4.1152,300.0
2020-10-06 15:00:00.000039936,19.5472,129.64,90.285,5.4869302e-05,3.6008,295.0
2020-10-06 18:00:00.000039936,18.004,129.64,92.6,5.510506e-05,3.0864,285.0
2020-10-06 21:00:00.000039936,18.004,129.64,92.6,5.5340646e-05,3.0864,280.0
2020-10-07 00:00:00.000039936,18.004,129.64,92.6,5.5340646e-05,2.572,280.0
2020-10-07 03:00:00.000039936,18.004,129.64,90.285,5.5576067e-05,2.572,295.0
2020-10-07 06:00:00.000039936,18.004,129.64,87.97,5.581132e-05,2.572,320.0
2020-10-07 09:00:00.000039936,19.5472,129.64,92.6,5.6281307e-05,2.572,350.0
2020-10-07 12:00:00.000039936,20.576,129.64,97.229996,5.698501e-05,2.572,0.0
2020-10-07 15:00:00.000039936,22.1192,120.38,97.229996,5.7453286e-05,2.572,0.0
2020-10-07 18:00:00.000039936,23.148,111.12,97.229996,5.8154368e-05,2.572,10.0
2020-10-07 21:00:00.000039936,22.1192,120.38,90.285,5.8853857e-05,2.572,10.0
2020-10-08 00:00:00.000039936,20.576,129.64,83.34,5.9319285e-05,2.572,5.0
2020-10-08 03:00:00.000039936,19.5472,129.64,53.245,6.0016075e-05,2.572,350.0
