Time,Vmax,Rmax_IBT,R34,fcor,u_trans,v_trans
2015-10-10 00:00:00.000039936,18.004,74.08,32.41,2.807779e-05,7.2016,275.0
2015-10-10 03:00:00.000039936,18.004,74.08,32.41,2.8327528e-05,6.6872,275.0
2015-10-10 06:00:00.000039936,18.004,74.08,32.41,2.8327528e-05,6.1728,275.0
2015-10-10 09:00:00.000039936,19.5472,74.08,32.41,2.8327528e-05,6.1728,275.0
2015-10-10 12:00:00.000039936,20.576,74.08,32.41,2.857718e-05,6.1728,280.0
2015-10-10 15:00:00.000039936,22.1192,55.56,27.78,2.882674e-05,6.1728,280.0
2015-10-10 18:00:00.000039936,23.148,37.04,23.150002,2.9076216e-05,6.1728,275.0
2015-10-10 21:00:00.000039936,23.148,37.04,23.150002,2.9076216e-05,6.1728,275.0
2015-10-11 00:00:00.000039936,23.148,37.04,23.150002,2.9325609e-05,6.6872,280.0
2015-10-11 03:00:00.000039936,24.6912,37.04,27.779999,2.9574905e-05,7.2016,280.0
2015-10-11 06:00:00.000039936,25.720001,37.04,32.41,3.0073232e-05,6.1728,285.0
2015-10-11 09:00:00.000039936,27.2632,37.04,34.725,3.0322259e-05,5.144,280.0
2015-10-11 12:00:00.000039936,28.292,37.04,37.04,3.0571195e-05,4.6296,280.0
2015-10-11 15:00:00.000039936,29.835201,37.04,50.93,3.0820032e-05,4.6296,275.0
2015-10-11 18:00:00.000039936,30.864,37.04,64.82,3.0820032e-05,4.1152,275.0
2015-10-11 21:00:00.000039936,30.864,37.04,64.82,3.0820032e-05,4.1152,275.0
2015-10-12 00:00:00.000039936,30.864,37.04,64.82,3.1068776e-05,4.1152,275.0
2015-10-12 03:00:00.000039936,30.864,37.04,72.228,3.1068776e-05,4.1152,275.0
2015-10-12 06:00:00.000039936,30.864,37.04,78.71,3.131743e-05,4.1152,275.0
2015-10-12 09:00:00.000039936,29.835201,37.04,78.71,3.131743e-05,4.6296,275.0
2015-10-12 12:00:00.000039936,28.292,37.04,78.71,3.156599e-05,4.6296,280.0
2015-10-12 15:00:00.000039936,27.2632,37.04,78.71,3.1814445e-05,5.144,280.0
2015-10-12 18:00:00.000039936,25.720001,37.04,78.71,3.206281e-05,5.6584,285.0
2015-10-12 21:00:00.000039936,24.6912,37.04,78.71,3.2559245e-05,5.6584,290.0
2015-10-13 00:00:00.000039936,23.148,37.04,78.71,3.305528e-05,4.6296,295.0
2015-10-13 03:00:00.000039936,22.1192,42.596,76.858,3.3550914e-05,4.1152,300.0
2015-10-13 06:00:00.000039936,20.576,46.3,74.08,3.404614e-05,3.6008,305.0
2015-10-13 09:00:00.000039936,20.576,46.3,74.08,3.454095e-05,3.6008,305.0
2015-10-13 12:00:00.000039936,20.576,46.3,74.08,3.5035337e-05,3.6008,305.0
2015-10-13 15:00:00.000039936,20.576,61.116,65.746,3.5529305e-05,4.1152,300.0
2015-10-13 18:00:00.000039936,20.576,74.08,55.56,3.6022833e-05,4.1152,300.0
2015-10-13 21:00:00.000039936,19.5472,64.82,46.3,3.651592e-05,4.1152,300.0
