Time,Vmax,Rmax_IBT,R34,fcor,u_trans,v_trans
2022-10-20 12:00:00.000039936,18.004,92.6,23.15,3.7992504e-05,2.572,280.0
2022-10-20 15:00:00.000039936,19.5472,83.34,23.15,3.8238195e-05,3.0864,290.0
2022-10-20 18:00:00.000039936,20.576,74.08,23.15,3.8483773e-05,3.6008,295.0
2022-10-20 21:00:00.000039936,22.1192,74.08,34.725,3.872924e-05,3.6008,295.0
2022-10-21 00:00:00.000039936,23.148,74.08,46.3,3.9219805e-05,3.0864,300.0
2022-10-21 03:00:00.000039936,24.6912,74.08,74.08,3.9464914e-05,3.0864,300.0
2022-10-21 06:00:00.000039936,25.720001,74.08,101.86,3.995476e-05,3.0864,300.0
2022-10-21 09:00:00.000039936,27.2632,64.82,101.86,4.0444127e-05,3.6008,300.0
2022-10-21 12:00:00.000039936,28.292,55.56,101.86,4.0688625e-05,3.0864,295.0
2022-10-21 15:00:00.000039936,29.835201,46.3,97.229996,4.093299e-05,3.0864,290.0
2022-10-21 18:00:00.000039936,30.864,37.04,92.600006,4.1177245e-05,3.0864,285.0
2022-10-21 21:00:00.000039936,34.979202,33.336,94.915,4.142137e-05,3.0864,290.0
2022-10-22 00:00:00.000039936,38.58,27.78,97.23,4.1665367e-05,3.0864,300.0
2022-10-22 03:00:00.000039936,45.2672,27.78,101.86,4.2152973e-05,3.0864,310.0
2022-10-22 06:00:00.000039936,51.440002,27.78,106.49,4.2640077e-05,3.6008,320.0
2022-10-22 09:00:00.000039936,54.012,24.076,106.49,4.3369746e-05,3.6008,330.0
2022-10-22 12:00:00.000039936,56.584,18.52,106.49,4.409823e-05,4.6296,330.0
2022-10-22 15:00:00.000039936,58.1272,18.52,106.49,4.506766e-05,5.144,335.0
2022-10-22 18:00:00.000039936,59.156002,18.52,106.49,4.627635e-05,5.144,345.0
2022-10-22 21:00:00.000039936,59.156002,18.52,106.49,4.748151e-05,5.144,355.0
2022-10-23 00:00:00.000039936,59.156002,18.52,106.49,4.868306e-05,5.144,5.0
2022-10-23 03:00:00.000039936,58.1272,18.52,108.805,4.9880902e-05,5.144,15.0
2022-10-23 06:00:00.000039936,56.584,18.52,111.12,5.1074945e-05,7.2016,25.0
2022-10-23 09:00:00.000039936,55.040802,18.52,111.12,5.2740055e-05,9.2592,30.0
2022-10-23 11:20:00.000062464,54.012,18.52,111.12,5.439729e-05,10.288,25.0
