Time,Vmax,Rmax_IBT,R34,fcor,u_trans,v_trans
2016-09-27 06:00:00.000039936,18.004,55.56,64.82,3.0073232e-05,1.5432,15.0
2016-09-27 09:00:00.000039936,20.576,55.56,71.765,3.0322259e-05,2.0576,35.0
2016-09-27 12:00:00.000039936,23.148,55.56,78.71,3.0820032e-05,2.572,40.0
2016-09-27 15:00:00.000039936,24.6912,42.596,78.71,3.131743e-05,3.0864,45.0
2016-09-27 18:00:00.000039936,25.720001,27.78,78.71,3.1814445e-05,3.0864,40.0
2016-09-27 21:00:00.000039936,27.2632,27.78,74.08,3.231108e-05,3.0864,40.0
2016-09-28 00:00:00.000039936,28.292,27.78,69.45,3.305528e-05,3.0864,35.0
2016-09-28 03:00:00.000039936,30.864,24.076,64.82,3.3550914e-05,3.0864,30.0
2016-09-28 06:00:00.000039936,33.436,18.52,60.19,3.4293596e-05,3.0864,30.0
2016-09-28 09:00:00.000039936,33.436,18.52,60.19,3.47882e-05,3.0864,30.0
2016-09-28 12:00:00.000039936,33.436,18.52,60.19,3.5529305e-05,3.0864,20.0
2016-09-28 15:00:00.000039936,32.4072,27.78,60.19,3.626943e-05,3.6008,10.0
2016-09-28 18:00:00.000039936,30.864,37.04,60.19,3.7254722e-05,3.6008,0.0
2016-09-28 21:00:00.000039936,29.835201,37.04,60.19,3.8238195e-05,3.6008,350.0
2016-09-29 00:00:00.000039936,28.292,37.04,60.19,3.897458e-05,3.0864,340.0
2016-09-29 03:00:00.000039936,27.2632,37.04,55.56,3.9709896e-05,3.0864,330.0
2016-09-29 06:00:00.000039936,25.720001,37.04,50.93,4.0199502e-05,3.0864,325.0
2016-09-29 09:00:00.000039936,24.6912,37.04,48.614998,4.093299e-05,3.0864,320.0
2016-09-29 12:00:00.000039936,23.148,37.04,46.300003,4.142137e-05,3.0864,320.0
2016-09-29 15:00:00.000039936,22.1192,37.04,37.04,4.1909232e-05,3.0864,315.0
2016-09-29 18:00:00.000039936,20.576,37.04,27.78,4.239659e-05,3.6008,315.0
2016-09-29 21:00:00.000039936,19.5472,37.04,27.78,4.3126656e-05,4.6296,310.0
