Time,Vmax,Rmax_IBT,R34,fcor,u_trans,v_trans
2023-10-30 00:00:00.000039936,18.004,55.56,27.78,2.7328068e-05,1.5432,70.0
2023-10-30 03:00:00.000039936,18.004,55.56,30.095001,2.7328068e-05,1.5432,70.0
2023-10-30 06:00:00.000039936,18.004,55.56,32.41,2.7578055e-05,1.5432,70.0
2023-10-30 09:00:00.000039936,19.5472,55.56,62.505005,2.7578055e-05,1.5432,70.0
2023-10-30 12:00:00.000039936,20.576,55.56,92.600006,2.7827968e-05,1.5432,70.0
2023-10-30 15:00:00.000039936,22.1192,55.56,92.600006,2.7827968e-05,1.5432,70.0
2023-10-30 18:00:00.000039936,23.148,55.56,92.600006,2.807779e-05,1.5432,70.0
2023-10-30 21:00:00.000039936,23.148,55.56,92.600006,2.8327528e-05,1.5432,70.0
2023-10-31 00:00:00.000039936,23.148,55.56,92.600006,2.8327528e-05,2.0576,85.0
2023-10-31 03:00:00.000039936,23.148,55.56,92.600006,2.8327528e-05,2.572,90.0
2023-10-31 06:00:00.000039936,23.148,55.56,92.600006,2.8327528e-05,2.572,95.0
2023-10-31 09:00:00.000039936,23.148,55.56,92.600006,2.8327528e-05,2.0576,90.0
2023-10-31 12:00:00.000039936,23.148,55.56,92.600006,2.8327528e-05,2.0576,75.0
2023-10-31 15:00:00.000039936,24.6912,55.56,99.545,2.857718e-05,2.0576,65.0
2023-10-31 18:00:00.000039936,25.720001,55.56,106.49,2.882674e-05,2.572,60.0
2023-10-31 21:00:00.000039936,27.2632,55.56,115.75,2.9076216e-05,2.572,50.0
2023-11-01 00:00:00.000039936,28.292,55.56,125.009995,2.9574905e-05,2.0576,20.0
2023-11-01 03:00:00.000039936,28.292,55.56,122.69499,3.0073232e-05,2.0576,335.0
2023-11-01 06:00:00.000039936,28.292,55.56,120.380005,3.0571195e-05,2.572,315.0
2023-11-01 09:00:00.000039936,27.2632,55.56,115.75,3.1068776e-05,3.0864,300.0
2023-11-01 12:00:00.000039936,25.720001,55.56,111.119995,3.131743e-05,4.1152,280.0
2023-11-01 15:00:00.000039936,24.6912,55.56,111.119995,3.131743e-05,5.144,270.0
2023-11-01 18:00:00.000039936,23.148,55.56,111.119995,3.131743e-05,5.144,270.0
2023-11-01 21:00:00.000039936,23.148,55.56,111.119995,3.131743e-05,5.144,270.0
2023-11-02 00:00:00.000039936,23.148,55.56,111.119995,3.131743e-05,5.6584,270.0
2023-11-02 03:00:00.000039936,23.148,46.3,101.86,3.131743e-05,6.1728,270.0
2023-11-02 06:00:00.000039936,23.148,37.04,92.6,3.131743e-05,6.1728,265.0
2023-11-02 09:00:00.000039936,24.6912,37.04,92.6,3.1068776e-05,6.6872,260.0
2023-11-02 12:00:00.000039936,25.720001,37.04,92.6,3.0820032e-05,7.716,255.0
2023-11-02 15:00:00.000039936,27.2632,33.336,85.655,3.0073232e-05,9.2592,250.0
2023-11-02 18:00:00.000039936,28.292,27.78,78.71,2.9325609e-05,9.7736,250.0
2023-11-02 21:00:00.000039936,27.2632,27.78,74.08,2.857718e-05,10.288,250.0
2023-11-03 00:00:00.000039936,25.720001,27.78,69.45,2.7827968e-05,10.288,255.0
2023-11-03 03:00:00.000039936,24.6912,27.78,69.45,2.7328068e-05,10.288,260.0
2023-11-03 06:00:00.000039936,23.148,27.78,69.45,2.6827835e-05,10.288,260.0
2023-11-03 09:00:00.000039936,23.148,27.78,69.45,2.6327272e-05,10.288,260.0
2023-11-03 12:00:00.000039936,23.148,27.78,69.45,2.6076874e-05,9.7736,265.0
2023-11-03 15:00:00.000039936,22.1192,33.336,62.504997,2.5826394e-05,9.2592,265.0
2023-11-03 18:00:00.000039936,20.576,37.04,55.56,2.5826394e-05,8.744801,265.0
2023-11-03 21:00:00.000039936,20.576,37.04,55.56,2.5575835e-05,8.744801,265.0
2023-11-04 00:00:00.000039936,20.576,37.04,55.56,2.5575835e-05,7.716,270.0
2023-11-04 03:00:00.000039936,20.576,37.04,48.614998,2.5575835e-05,7.2016,270.0
2023-11-04 06:00:00.000039936,20.576,37.04,41.67,2.5575835e-05,7.2016,270.0
2023-11-04 09:00:00.000039936,20.576,37.04,41.67,2.5575835e-05,7.2016,270.0
2023-11-04 12:00:00.000039936,20.576,37.04,41.67,2.5575835e-05,6.6872,270.0
2023-11-04 15:00:00.000039936,20.576,37.04,41.67,2.5575835e-05,6.6872,275.0
2023-11-04 18:00:00.000039936,20.576,37.04,41.67,2.5826394e-05,6.1728,275.0
2023-11-04 21:00:00.000039936,20.576,37.04,41.67,2.5826394e-05,6.1728,275.0
2023-11-05 00:00:00.000039936,20.576,37.04,41.67,2.6076874e-05,5.6584,275.0
2023-11-05 03:00:00.000039936,20.576,37.04,41.67,2.6076874e-05,5.144,275.0
2023-11-05 06:00:00.000039936,20.576,37.04,41.67,2.6327272e-05,5.144,275.0
2023-11-05 09:00:00.000039936,20.576,37.04,39.355,2.6577594e-05,5.144,275.0
2023-11-05 12:00:00.000039936,20.576,37.04,37.04,2.6577594e-05,5.144,275.0
2023-11-05 15:00:00.000039936,19.5472,46.3,25.465,2.6577594e-05,4.6296,270.0
