Time,Vmax,Rmax_IBT,R34,fcor,u_trans,v_trans
2014-10-02 06:00:00.000039936,18.004,55.56,27.78,4.4825505e-05,4.6296,290.0
2014-10-02 09:00:00.000039936,18.004,55.56,27.78,4.506766e-05,4.6296,285.0
2014-10-02 12:00:00.000039936,18.004,55.56,27.78,4.5309676e-05,4.1152,280.0
2014-10-02 15:00:00.000039936,19.5472,55.56,34.725002,4.5551555e-05,4.1152,275.0
2014-10-02 18:00:00.000039936,20.576,55.56,41.670002,4.5551555e-05,3.6008,275.0
2014-10-02 21:00:00.000039936,22.1192,55.56,46.300003,4.5551555e-05,3.0864,270.0
2014-10-03 00:00:00.000039936,23.148,55.56,50.93,4.5551555e-05,3.0864,275.0
2014-10-03 03:00:00.000039936,23.148,37.04,53.245003,4.5551555e-05,3.0864,280.0
2014-10-03 06:00:00.000039936,23.148,18.52,55.559998,4.5793287e-05,3.0864,280.0
2014-10-03 09:00:00.000039936,24.6912,18.52,55.559998,4.5793287e-05,3.6008,280.0
2014-10-03 12:00:00.000039936,25.720001,18.52,55.559998,4.6034886e-05,4.1152,285.0
2014-10-03 15:00:00.000039936,27.2632,18.52,60.19,4.627635e-05,4.6296,290.0
2014-10-03 18:00:00.000039936,28.292,18.52,64.82,4.675884e-05,5.144,290.0
2014-10-03 21:00:00.000039936,30.864,18.52,67.135,4.6999867e-05,5.144,290.0
2014-10-04 00:00:00.000039936,33.436,18.52,69.45,4.748151e-05,5.144,285.0
2014-10-04 03:00:00.000039936,36.008,18.52,69.45,4.7722115e-05,5.144,290.0
2014-10-04 06:00:00.000039936,38.58,18.52,69.45,4.8202877e-05,5.6584,290.0
2014-10-04 09:00:00.000039936,42.6952,18.52,85.655,4.868306e-05,6.1728,295.0
2014-10-04 12:00:00.000039936,46.296,18.52,101.86,4.9402213e-05,6.6872,295.0
2014-10-04 15:00:00.000039936,50.4112,14.816,118.065,4.9880902e-05,6.1728,295.0
2014-10-04 18:00:00.000039936,54.012,9.26,134.27,5.059779e-05,6.1728,300.0
2014-10-04 21:00:00.000039936,56.584,9.26,134.27,5.131329e-05,6.1728,305.0
2014-10-05 00:00:00.000039936,59.156002,9.26,134.27,5.22651e-05,6.1728,315.0
2014-10-05 03:00:00.000039936,55.5552,9.26,134.27,5.321436e-05,5.6584,315.0
2014-10-05 06:00:00.000039936,51.440002,9.26,134.27,5.4161024e-05,5.144,315.0
2014-10-05 09:00:00.000039936,48.868,24.076,134.27,5.4869302e-05,4.1152,315.0
2014-10-05 12:00:00.000039936,46.296,37.04,134.27,5.5576067e-05,4.1152,320.0
2014-10-05 15:00:00.000039936,41.152,37.04,143.53,5.6516048e-05,4.1152,325.0
2014-10-05 18:00:00.000039936,36.008,37.04,152.79001,5.721923e-05,3.6008,335.0
2014-10-05 21:00:00.000039936,33.436,37.04,155.105,5.7920843e-05,2.572,350.0
2014-10-06 00:00:00.000039936,30.864,37.04,157.42,5.83877e-05,2.572,360.0
2014-10-06 03:00:00.000039936,29.835201,37.04,152.79,5.9086666e-05,3.0864,0.0
2014-10-06 06:00:00.000039936,28.292,37.04,148.16,5.9784e-05,3.0864,0.0
2014-10-06 09:00:00.000039936,27.2632,37.04,148.16,6.0479695e-05,3.0864,0.0
2014-10-06 12:00:00.000039936,25.720001,37.04,148.16,6.1173734e-05,3.0864,0.0
2014-10-06 15:00:00.000039936,24.6912,37.04,148.16,6.186609e-05,3.0864,0.0
2014-10-06 18:00:00.000039936,23.148,37.04,148.16,6.255676e-05,3.0864,360.0
2014-10-06 21:00:00.000039936,22.1192,55.56,148.16,6.324571e-05,3.0864,0.0
2014-10-07 00:00:00.000039936,20.576,74.08,148.16,6.393293e-05,3.0864,10.0
2014-10-07 03:00:00.000039936,20.576,74.08,145.845,6.461839e-05,3.6008,25.0
2014-10-07 06:00:00.000039936,20.576,74.08,143.53,6.530208e-05,3.6008,35.0
2014-10-07 09:00:00.000039936,19.5472,74.08,143.53,6.5983986e-05,3.6008,40.0
2014-10-07 12:00:00.000039936,18.004,74.08,143.53,6.643758e-05,3.6008,40.0
2014-10-07 15:00:00.000039936,18.004,83.34,129.64,6.711647e-05,3.0864,35.0
