Time,Vmax,Rmax_IBT,R34,fcor,u_trans,v_trans
2009-10-12 00:00:00.000039936,18.004,55.56,27.78,4.4340795e-05,4.1152,320.0
2009-10-12 03:00:00.000039936,19.5472,64.82,42.133,4.506766e-05,3.6008,320.0
2009-10-12 06:00:00.000039936,20.576,74.08,55.559998,4.5793287e-05,3.6008,325.0
2009-10-12 09:00:00.000039936,23.148,74.08,59.264,4.651767e-05,3.0864,330.0
2009-10-12 12:00:00.000039936,25.720001,74.08,62.505,4.6999867e-05,2.572,340.0
2009-10-12 15:00:00.000039936,25.720001,74.08,73.154,4.748151e-05,2.572,355.0
2009-10-12 18:00:00.000039936,25.720001,74.08,83.34,4.8202877e-05,2.572,10.0
2009-10-12 21:00:00.000039936,25.720001,74.08,90.284996,4.868306e-05,2.572,20.0
2009-10-13 00:00:00.000039936,25.720001,74.08,97.229996,4.9402213e-05,3.0864,20.0
2009-10-13 03:00:00.000039936,25.720001,70.376,93.989,5.012002e-05,3.0864,20.0
2009-10-13 06:00:00.000039936,25.720001,64.82,90.284996,5.083645e-05,3.6008,15.0
2009-10-13 09:00:00.000039936,24.6912,64.82,90.748,5.155148e-05,4.1152,15.0
2009-10-13 12:00:00.000039936,23.148,64.82,90.284996,5.250265e-05,4.1152,15.0
2009-10-13 15:00:00.000039936,22.1192,70.376,87.044,5.345127e-05,4.1152,10.0
2009-10-13 18:00:00.000039936,20.576,74.08,83.34,5.439729e-05,3.6008,360.0
2009-10-13 21:00:00.000039936,19.5472,74.08,87.044,5.510506e-05,2.572,340.0
