Time,Vmax,Rmax_IBT,R34,fcor,u_trans,v_trans
2015-10-17 00:00:00.000039936,18.004,55.56,23.150002,2.3819783e-05,5.6584,265.0
2015-10-17 03:00:00.000039936,20.576,46.3,37.04,2.3568628e-05,5.6584,265.0
2015-10-17 06:00:00.000039936,23.148,37.04,50.93,2.3568628e-05,5.6584,265.0
2015-10-17 09:00:00.000039936,24.6912,33.336,60.19,2.3317392e-05,5.6584,265.0
2015-10-17 12:00:00.000039936,25.720001,27.78,69.450005,2.3317392e-05,5.144,265.0
2015-10-17 15:00:00.000039936,25.720001,24.076,71.765,2.306609e-05,4.6296,265.0
2015-10-17 18:00:00.000039936,25.720001,18.52,74.08,2.306609e-05,4.1152,270.0
2015-10-17 21:00:00.000039936,27.2632,18.52,94.915,2.306609e-05,4.1152,275.0
2015-10-18 00:00:00.000039936,28.292,18.52,115.75,2.3317392e-05,4.1152,280.0
2015-10-18 03:00:00.000039936,30.864,18.52,134.26999,2.3317392e-05,4.6296,275.0
2015-10-18 06:00:00.000039936,33.436,18.52,152.79,2.3568628e-05,4.6296,275.0
2015-10-18 09:00:00.000039936,34.979202,18.52,152.79,2.3568628e-05,5.144,275.0
2015-10-18 12:00:00.000039936,36.008,18.52,152.79,2.3819783e-05,5.6584,275.0
2015-10-18 15:00:00.000039936,37.5512,18.52,157.42001,2.3819783e-05,6.1728,275.0
2015-10-18 18:00:00.000039936,38.58,18.52,162.05,2.4070872e-05,6.1728,275.0
2015-10-18 21:00:00.000039936,41.152,18.52,157.42,2.4070872e-05,6.1728,275.0
2015-10-19 00:00:00.000039936,43.724,18.52,152.79,2.432189e-05,5.6584,275.0
2015-10-19 03:00:00.000039936,46.296,18.52,152.79,2.432189e-05,5.6584,275.0
2015-10-19 06:00:00.000039936,48.868,18.52,152.79,2.4572832e-05,5.6584,275.0
2015-10-19 09:00:00.000039936,51.440002,18.52,152.79,2.4572832e-05,5.6584,275.0
2015-10-19 12:00:00.000039936,54.012,18.52,152.79,2.4823696e-05,5.144,275.0
2015-10-19 15:00:00.000039936,56.584,18.52,152.79,2.4823696e-05,5.144,275.0
2015-10-19 18:00:00.000039936,59.156002,18.52,152.79,2.5074483e-05,4.6296,275.0
2015-10-19 21:00:00.000039936,59.156002,18.52,157.42,2.5074483e-05,4.6296,275.0
2015-10-20 00:00:00.000039936,59.156002,18.52,162.05,2.53252e-05,4.6296,280.0
2015-10-20 03:00:00.000039936,63.271202,27.78,173.625,2.5575835e-05,4.6296,285.0
2015-10-20 06:00:00.000039936,66.872,37.04,185.2,2.5826394e-05,4.6296,285.0
2015-10-20 09:00:00.000039936,66.872,37.04,187.515,2.6076874e-05,4.6296,285.0
2015-10-20 12:00:00.000039936,66.872,37.04,189.83,2.6327272e-05,4.6296,285.0
2015-10-20 15:00:00.000039936,66.872,37.04,189.83,2.6577594e-05,4.6296,290.0
2015-10-20 18:00:00.000039936,66.872,37.04,189.83,2.707799e-05,4.6296,285.0
2015-10-20 21:00:00.000039936,65.8432,37.04,189.83,2.7328068e-05,4.1152,285.0
2015-10-21 00:00:00.000039936,64.3,37.04,189.83,2.7578055e-05,4.1152,290.0
2015-10-21 03:00:00.000039936,61.728,37.04,196.77501,2.7827968e-05,4.1152,295.0
2015-10-21 06:00:00.000039936,59.156002,37.04,203.72,2.8327528e-05,4.1152,295.0
2015-10-21 09:00:00.000039936,56.584,33.336,206.035,2.882674e-05,4.6296,295.0
2015-10-21 12:00:00.000039936,54.012,27.78,208.35,2.9325609e-05,4.1152,295.0
2015-10-21 15:00:00.000039936,54.012,27.78,208.35,2.9574905e-05,3.6008,295.0
2015-10-21 18:00:00.000039936,54.012,27.78,208.35,3.0073232e-05,3.6008,300.0
2015-10-21 21:00:00.000039936,54.012,27.78,199.553,3.0571195e-05,3.6008,305.0
2015-10-22 00:00:00.000039936,54.012,27.78,189.83,3.1068776e-05,3.0864,310.0
2015-10-22 03:00:00.000039936,54.012,27.78,214.369,3.156599e-05,3.0864,315.0
2015-10-22 06:00:00.000039936,54.012,27.78,238.445,3.206281e-05,3.0864,320.0
2015-10-22 09:00:00.000039936,52.9832,27.78,219.462,3.280731e-05,3.0864,320.0
2015-10-22 12:00:00.000039936,51.440002,27.78,199.09,3.330315e-05,2.572,320.0
2015-10-22 15:00:00.000039936,50.4112,27.78,200.479,3.3550914e-05,2.0576,325.0
2015-10-22 18:00:00.000039936,48.868,27.78,201.405,3.404614e-05,2.0576,350.0
2015-10-22 21:00:00.000039936,50.4112,27.78,202.794,3.454095e-05,2.572,0.0
2015-10-23 00:00:00.000039936,51.440002,27.78,203.72,3.5282377e-05,3.6008,0.0
2015-10-23 03:00:00.000039936,52.9832,27.78,203.72,3.626943e-05,4.1152,0.0
2015-10-23 06:00:00.000039936,54.012,27.78,203.72,3.7254722e-05,4.1152,0.0
2015-10-23 09:00:00.000039936,54.012,27.78,203.72,3.8238195e-05,4.1152,0.0
2015-10-23 12:00:00.000039936,54.012,27.78,203.72,3.9219805e-05,4.6296,360.0
2015-10-23 15:00:00.000039936,54.012,24.076,203.72,4.0199502e-05,4.6296,0.0
2015-10-23 18:00:00.000039936,54.012,18.52,203.72,4.142137e-05,4.6296,5.0
2015-10-23 21:00:00.000039936,54.012,18.52,217.61,4.2640077e-05,4.6296,10.0
2015-10-24 00:00:00.000039936,54.012,18.52,231.5,4.3612705e-05,4.6296,10.0
2015-10-24 03:00:00.000039936,54.012,24.076,231.5,4.4825505e-05,4.6296,10.0
2015-10-24 06:00:00.000039936,54.012,27.78,231.5,4.5793287e-05,4.1152,15.0
2015-10-24 09:00:00.000039936,54.012,27.78,231.5,4.675884e-05,4.1152,20.0
2015-10-24 12:00:00.000039936,54.012,27.78,231.5,4.748151e-05,4.1152,30.0
2015-10-24 15:00:00.000039936,51.440002,24.076,224.555,4.844305e-05,4.1152,35.0
2015-10-24 18:00:00.000039936,48.868,18.52,217.60999,4.916265e-05,4.6296,40.0
2015-10-24 21:00:00.000039936,46.296,18.52,217.60999,4.9880902e-05,4.1152,45.0
2015-10-25 00:00:00.000039936,43.724,18.52,217.60999,5.059779e-05,3.6008,40.0
2015-10-25 03:00:00.000039936,42.6952,18.52,217.60999,5.1074945e-05,3.0864,30.0
2015-10-25 06:00:00.000039936,41.152,18.52,217.60999,5.178951e-05,3.0864,20.0
2015-10-25 09:00:00.000039936,41.152,27.78,231.49998,5.250265e-05,3.6008,15.0
2015-10-25 12:00:00.000039936,41.152,37.04,245.39,5.345127e-05,3.6008,20.0
2015-10-25 15:00:00.000039936,41.152,37.04,240.76,5.4161024e-05,3.6008,30.0
2015-10-25 18:00:00.000039936,41.152,37.04,236.12999,5.4869302e-05,4.6296,35.0
2015-10-25 21:00:00.000039936,40.1232,37.04,224.555,5.581132e-05,5.144,35.0
2015-10-26 00:00:00.000039936,38.58,37.04,212.98,5.6750614e-05,4.6296,35.0
2015-10-26 03:00:00.000039936,36.008,37.04,208.34999,5.7453286e-05,4.6296,40.0
2015-10-26 06:00:00.000039936,33.436,37.04,203.72,5.83877e-05,5.144,40.0
2015-10-26 09:00:00.000039936,30.864,46.3,194.45999,5.9319285e-05,6.1728,45.0
2015-10-26 12:00:00.000039936,28.292,55.56,185.20001,6.0247978e-05,8.2304,55.0
2015-10-26 15:00:00.000039936,27.2632,55.56,185.20001,6.14047e-05,10.288,65.0
2015-10-26 18:00:00.000039936,25.720001,55.56,185.20001,6.2326726e-05,9.7736,65.0
2015-10-26 21:00:00.000039936,24.6912,55.56,175.94,6.3016254e-05,8.2304,65.0
2015-10-27 00:00:00.000039936,23.148,55.56,166.68,6.370404e-05,7.2016,70.0
2015-10-27 03:00:00.000039936,23.148,55.56,152.79001,6.416161e-05,6.1728,75.0
2015-10-27 06:00:00.000039936,23.148,55.56,138.9,6.43901e-05,5.6584,75.0
2015-10-27 09:00:00.000039936,22.1192,55.56,138.9,6.4846485e-05,5.6584,70.0
2015-10-27 12:00:00.000039936,20.576,55.56,138.9,6.530208e-05,5.144,60.0
2015-10-27 15:00:00.000039936,19.5472,55.56,115.74999,6.5983986e-05,4.1152,50.0
2015-10-27 18:00:00.000039936,18.004,55.56,92.6,6.643758e-05,2.572,70.0
2015-10-27 21:00:00.000039936,18.004,55.56,67.134995,6.643758e-05,1.5432,125.0
