Time,Vmax,Rmax_IBT,R34,fcor,u_trans,v_trans
2023-11-24 12:00:00.000039936,18.004,37.04,18.52,3.305528e-05,2.0576,350.0
2023-11-24 15:00:00.000039936,18.004,37.04,18.52,3.3550914e-05,2.0576,345.0
2023-11-24 18:00:00.000039936,18.004,37.04,18.52,3.404614e-05,2.0576,345.0
2023-11-24 21:00:00.000039936,18.004,37.04,18.52,3.454095e-05,2.0576,345.0
2023-11-25 00:00:00.000039936,18.004,37.04,18.52,3.5035337e-05,2.0576,345.0
2023-11-25 03:00:00.000039936,18.004,37.04,18.52,3.5529305e-05,2.0576,345.0
2023-11-25 06:00:00.000039936,18.004,37.04,18.52,3.6022833e-05,2.0576,345.0
2023-11-25 09:00:00.000039936,18.004,46.3,20.835,3.651592e-05,2.0576,345.0
2023-11-25 12:00:00.000039936,18.004,55.56,23.150002,3.700857e-05,2.0576,0.0
2023-11-25 15:00:00.000039936,19.5472,55.56,34.725,3.7500762e-05,1.5432,15.0
2023-11-25 18:00:00.000039936,20.576,55.56,46.3,3.7746686e-05,1.0288,60.0
2023-11-25 21:00:00.000039936,20.576,55.56,46.3,3.7746686e-05,1.0288,115.0
2023-11-26 00:00:00.000039936,20.576,55.56,46.3,3.7500762e-05,1.5432,195.0
2023-11-26 03:00:00.000039936,19.5472,55.56,46.3,3.700857e-05,3.0864,225.0
