Time,Vmax,Rmax_IBT,R34,fcor,u_trans,v_trans
2009-10-15 21:00:00.000039936,18.004,98.156,36.114,3.0571195e-05,4.1152,295.0
2009-10-16 00:00:00.000039936,20.576,83.34,74.08,3.0571195e-05,4.1152,285.0
2009-10-16 03:00:00.000039936,23.148,55.56,78.247,3.0820032e-05,4.1152,285.0
2009-10-16 06:00:00.000039936,25.720001,27.78,81.025,3.1068776e-05,4.1152,285.0
2009-10-16 09:00:00.000039936,28.292,33.336,93.063,3.131743e-05,4.1152,290.0
2009-10-16 12:00:00.000039936,30.864,37.04,104.175,3.1814445e-05,4.1152,290.0
2009-10-16 15:00:00.000039936,33.436,33.336,118.991,3.206281e-05,4.1152,290.0
2009-10-16 18:00:00.000039936,36.008,27.78,131.95499,3.2559245e-05,4.1152,295.0
2009-10-16 21:00:00.000039936,40.1232,27.78,131.95499,3.305528e-05,4.6296,295.0
2009-10-17 00:00:00.000039936,43.724,27.78,131.95499,3.3550914e-05,5.144,300.0
2009-10-17 03:00:00.000039936,46.296,27.78,131.95499,3.404614e-05,5.144,300.0
2009-10-17 06:00:00.000039936,48.868,27.78,131.95499,3.47882e-05,5.6584,295.0
2009-10-17 09:00:00.000039936,55.5552,24.076,156.957,3.5282377e-05,5.6584,290.0
2009-10-17 12:00:00.000039936,61.728,18.52,180.56999,3.577612e-05,6.6872,290.0
2009-10-17 15:00:00.000039936,65.8432,18.52,208.813,3.626943e-05,7.2016,290.0
2009-10-17 18:00:00.000039936,69.444,18.52,236.13,3.67623e-05,7.2016,285.0
2009-10-17 21:00:00.000039936,73.559204,18.52,236.13,3.7254722e-05,7.2016,280.0
2009-10-18 00:00:00.000039936,77.16,18.52,236.13,3.7500762e-05,6.6872,280.0
2009-10-18 03:00:00.000039936,78.7032,18.52,243.538,3.7746686e-05,6.6872,280.0
2009-10-18 06:00:00.000039936,79.732,18.52,250.01999,3.8238195e-05,6.6872,290.0
2009-10-18 09:00:00.000039936,79.732,18.52,250.01999,3.872924e-05,6.6872,295.0
2009-10-18 12:00:00.000039936,79.732,18.52,250.01999,3.9464914e-05,6.6872,295.0
2009-10-18 15:00:00.000039936,76.1312,24.076,250.01999,4.0199502e-05,6.6872,295.0
2009-10-18 18:00:00.000039936,72.016,27.78,250.01999,4.0688625e-05,6.1728,300.0
2009-10-18 21:00:00.000039936,68.4152,27.78,250.01999,4.142137e-05,5.144,305.0
2009-10-19 00:00:00.000039936,64.3,27.78,250.01999,4.1909232e-05,5.144,300.0
2009-10-19 03:00:00.000039936,60.6992,27.78,250.01999,4.239659e-05,4.6296,295.0
2009-10-19 06:00:00.000039936,56.584,27.78,250.01999,4.288343e-05,4.1152,300.0
2009-10-19 09:00:00.000039936,52.9832,33.336,229.185,4.3612705e-05,3.6008,315.0
2009-10-19 12:00:00.000039936,48.868,37.04,208.34999,4.4340795e-05,3.6008,325.0
2009-10-19 15:00:00.000039936,43.724,37.04,208.34999,4.506766e-05,3.0864,335.0
2009-10-19 18:00:00.000039936,38.58,37.04,208.34999,4.5551555e-05,3.0864,335.0
2009-10-19 21:00:00.000039936,36.008,37.04,198.627,4.6034886e-05,3.0864,340.0
2009-10-20 00:00:00.000039936,33.436,37.04,187.515,4.675884e-05,3.0864,360.0
2009-10-20 03:00:00.000039936,32.4072,46.3,182.885,4.748151e-05,3.0864,20.0
2009-10-20 06:00:00.000039936,30.864,55.56,178.25499,4.8202877e-05,3.0864,30.0
2009-10-20 09:00:00.000039936,29.835201,55.56,178.25499,4.892293e-05,3.0864,40.0
2009-10-20 12:00:00.000039936,28.292,55.56,178.25499,4.9402213e-05,3.6008,55.0
2009-10-20 15:00:00.000039936,28.292,55.56,178.718,4.9880902e-05,3.6008,60.0
2009-10-20 18:00:00.000039936,28.292,55.56,178.255,5.035898e-05,4.1152,55.0
2009-10-20 21:00:00.000039936,28.292,55.56,178.255,5.1074945e-05,4.6296,50.0
2009-10-21 00:00:00.000039936,28.292,55.56,178.255,5.178951e-05,5.6584,50.0
2009-10-21 03:00:00.000039936,28.292,55.56,175.014,5.2740055e-05,7.2016,50.0
2009-10-21 06:00:00.000039936,28.292,55.56,171.31,5.392461e-05,8.2304,50.0
2009-10-21 09:00:00.000039936,27.2632,55.56,171.31,5.510506e-05,9.7736,50.0
2009-10-21 12:00:00.000039936,25.720001,55.56,171.31,5.6516048e-05,11.3168,50.0
2009-10-21 14:00:00.000053248,25.720001,55.56,171.31,5.768715e-05,10.802401,50.0
