Time,Vmax,Rmax_IBT,R34,fcor,u_trans,v_trans
2019-11-15 06:00:00.000039936,18.004,111.12,46.3,3.330315e-05,2.572,340.0
2019-11-15 09:00:00.000039936,19.5472,101.86,60.19,3.404614e-05,3.6008,335.0
2019-11-15 12:00:00.000039936,20.576,92.6,74.08,3.47882e-05,3.6008,330.0
2019-11-15 15:00:00.000039936,22.1192,120.38,87.97,3.5529305e-05,3.6008,325.0
2019-11-15 18:00:00.000039936,23.148,148.16,101.86,3.626943e-05,4.1152,320.0
2019-11-15 21:00:00.000039936,23.148,148.16,101.86,3.700857e-05,4.6296,310.0
2019-11-16 00:00:00.000039936,23.148,148.16,101.86,3.7746686e-05,5.144,310.0
2019-11-16 03:00:00.000039936,23.148,148.16,101.86,3.8483773e-05,5.144,310.0
2019-11-16 06:00:00.000039936,23.148,148.16,101.86,3.9219805e-05,4.6296,305.0
2019-11-16 09:00:00.000039936,23.148,148.16,101.86,3.9709896e-05,4.1152,300.0
2019-11-16 12:00:00.000039936,23.148,148.16,101.86,4.0199502e-05,3.6008,300.0
2019-11-16 15:00:00.000039936,22.1192,148.16,92.6,4.0688625e-05,3.0864,300.0
2019-11-16 18:00:00.000039936,20.576,148.16,83.34,4.093299e-05,2.0576,310.0
2019-11-16 21:00:00.000039936,19.5472,148.16,83.34,4.1177245e-05,2.0576,325.0
