Time,Vmax,Rmax_IBT,R34,fcor,u_trans,v_trans
2018-09-25 09:00:00.000039936,18.004,92.6,37.04,3.651592e-05,4.1152,285.0
2018-09-25 12:00:00.000039936,20.576,74.08,37.04,3.67623e-05,4.1152,285.0
2018-09-25 15:00:00.000039936,22.1192,74.08,46.300003,3.700857e-05,4.1152,285.0
2018-09-25 18:00:00.000039936,23.148,74.08,55.56,3.7254722e-05,4.1152,285.0
2018-09-25 21:00:00.000039936,24.6912,51.856,69.45,3.7500762e-05,4.1152,285.0
2018-09-26 00:00:00.000039936,25.720001,27.78,83.34,3.7746686e-05,4.1152,290.0
2018-09-26 03:00:00.000039936,27.2632,27.78,81.024994,3.8238195e-05,4.1152,300.0
2018-09-26 06:00:00.000039936,28.292,27.78,78.71,3.872924e-05,4.6296,305.0
2018-09-26 09:00:00.000039936,30.864,27.78,87.97,3.9464914e-05,5.144,310.0
2018-09-26 12:00:00.000039936,33.436,27.78,97.23,4.0199502e-05,5.144,300.0
2018-09-26 15:00:00.000039936,36.008,27.78,97.23,4.0688625e-05,5.144,295.0
2018-09-26 18:00:00.000039936,38.58,27.78,97.23,4.1177245e-05,5.144,295.0
2018-09-26 21:00:00.000039936,38.58,27.78,113.435,4.1665367e-05,5.144,295.0
2018-09-27 00:00:00.000039936,38.58,27.78,129.64,4.2152973e-05,5.144,290.0
2018-09-27 03:00:00.000039936,38.58,27.78,129.64,4.239659e-05,5.144,280.0
2018-09-27 06:00:00.000039936,38.58,27.78,129.64,4.2640077e-05,5.144,275.0
2018-09-27 09:00:00.000039936,42.6952,27.78,129.64,4.2640077e-05,5.144,270.0
2018-09-27 12:00:00.000039936,46.296,27.78,129.64,4.2640077e-05,4.6296,270.0
2018-09-27 15:00:00.000039936,50.4112,27.78,138.9,4.2640077e-05,4.6296,270.0
2018-09-27 18:00:00.000039936,54.012,27.78,148.16,4.2640077e-05,4.6296,265.0
2018-09-27 21:00:00.000039936,59.156002,27.78,152.79,4.239659e-05,4.6296,265.0
2018-09-28 00:00:00.000039936,64.3,27.78,157.42,4.239659e-05,4.1152,265.0
2018-09-28 03:00:00.000039936,65.8432,27.78,166.68,4.239659e-05,3.6008,270.0
2018-09-28 06:00:00.000039936,66.872,27.78,175.93999,4.239659e-05,2.572,275.0
2018-09-28 09:00:00.000039936,64.3,27.78,175.93999,4.239659e-05,2.0576,285.0
2018-09-28 12:00:00.000039936,61.728,27.78,175.93999,4.2640077e-05,2.0576,310.0
2018-09-28 15:00:00.000039936,58.1272,33.336,194.46,4.3126656e-05,2.572,325.0
2018-09-28 18:00:00.000039936,54.012,37.04,212.98001,4.3612705e-05,2.572,330.0
2018-09-28 21:00:00.000039936,51.440002,37.04,212.98001,4.409823e-05,2.572,340.0
2018-09-29 00:00:00.000039936,48.868,37.04,212.98001,4.4825505e-05,3.6008,345.0
2018-09-29 03:00:00.000039936,46.296,37.04,206.03499,4.5793287e-05,4.6296,350.0
2018-09-29 06:00:00.000039936,43.724,37.04,199.09001,4.6999867e-05,4.6296,350.0
2018-09-29 09:00:00.000039936,43.724,37.04,199.09001,4.796257e-05,4.6296,350.0
2018-09-29 12:00:00.000039936,43.724,37.04,199.09001,4.916265e-05,5.144,345.0
2018-09-29 15:00:00.000039936,45.2672,37.04,199.09001,5.035898e-05,5.144,345.0
2018-09-29 18:00:00.000039936,46.296,37.04,199.09001,5.155148e-05,5.6584,345.0
2018-09-29 21:00:00.000039936,45.2672,37.04,196.77501,5.2740055e-05,5.6584,350.0
2018-09-30 00:00:00.000039936,43.724,37.04,194.46,5.4161024e-05,5.6584,355.0
2018-09-30 03:00:00.000039936,42.6952,37.04,194.46,5.5340646e-05,5.144,0.0
2018-09-30 06:00:00.000039936,41.152,37.04,194.46,5.6516048e-05,5.144,0.0
2018-09-30 09:00:00.000039936,38.58,37.04,194.46,5.768715e-05,5.144,5.0
2018-09-30 12:00:00.000039936,36.008,37.04,194.46,5.8853857e-05,5.144,15.0
2018-09-30 15:00:00.000039936,34.979202,42.596,194.46,6.0016075e-05,5.144,20.0
2018-09-30 18:00:00.000039936,33.436,46.3,194.46,6.0942573e-05,5.144,25.0
2018-09-30 21:00:00.000039936,30.864,70.376,192.145,6.20965e-05,5.144,25.0
2018-10-01 00:00:00.000039936,28.292,92.6,189.83,6.3016254e-05,4.6296,30.0
2018-10-01 03:00:00.000039936,25.720001,92.6,178.25499,6.393293e-05,4.6296,40.0
2018-10-01 06:00:00.000039936,23.148,92.6,166.68,6.461839e-05,4.6296,35.0
2018-10-01 09:00:00.000039936,22.1192,92.6,166.68,6.552959e-05,5.144,35.0
2018-10-01 12:00:00.000039936,20.576,92.6,166.68,6.643758e-05,4.6296,30.0
2018-10-01 15:00:00.000039936,19.5472,92.6,166.68,6.734234e-05,4.1152,25.0
