Time,Vmax,Rmax_IBT,R34,fcor,u_trans,v_trans
2015-10-21 00:00:00.000039936,18.004,129.64,27.78,3.305528e-05,4.1152,260.0
2015-10-21 03:00:00.000039936,18.004,111.12,55.56,3.280731e-05,5.6584,260.0
2015-10-21 06:00:00.000039936,18.004,92.6,83.340004,3.2559245e-05,6.1728,265.0
2015-10-21 09:00:00.000039936,19.5472,83.34,90.284996,3.2559245e-05,6.1728,270.0
2015-10-21 12:00:00.000039936,20.576,74.08,97.229996,3.2559245e-05,6.1728,275.0
2015-10-21 15:00:00.000039936,23.148,64.82,108.80501,3.280731e-05,6.6872,280.0
2015-10-21 18:00:00.000039936,25.720001,55.56,120.38,3.305528e-05,6.6872,280.0
2015-10-21 21:00:00.000039936,28.292,46.3,131.955,3.330315e-05,7.2016,280.0
2015-10-22 00:00:00.000039936,30.864,37.04,143.53,3.3798577e-05,8.2304,285.0
2015-10-22 03:00:00.000039936,34.979202,37.04,152.79001,3.454095e-05,8.744801,290.0
2015-10-22 06:00:00.000039936,38.58,37.04,162.05,3.5282377e-05,8.2304,295.0
2015-10-22 09:00:00.000039936,42.6952,37.04,168.995,3.6022833e-05,7.716,295.0
2015-10-22 12:00:00.000039936,46.296,37.04,175.94,3.67623e-05,7.2016,295.0
2015-10-22 15:00:00.000039936,52.9832,27.78,178.25499,3.7500762e-05,6.1728,300.0
2015-10-22 18:00:00.000039936,59.156002,18.52,180.56999,3.8238195e-05,5.144,305.0
2015-10-22 21:00:00.000039936,68.4152,18.52,187.515,3.897458e-05,4.6296,310.0
2015-10-23 00:00:00.000039936,77.16,18.52,194.45999,3.9709896e-05,4.6296,320.0
2015-10-23 03:00:00.000039936,84.876,14.816,199.09,4.0444127e-05,4.6296,325.0
2015-10-23 06:00:00.000039936,92.592,9.26,203.72,4.142137e-05,4.1152,335.0
2015-10-23 09:00:00.000039936,94.1352,9.26,203.72,4.239659e-05,4.1152,345.0
2015-10-23 12:00:00.000039936,95.164,9.26,203.72,4.3369746e-05,4.6296,5.0
2015-10-23 15:00:00.000039936,94.1352,9.26,208.35,4.458322e-05,5.144,15.0
2015-10-23 18:00:00.000039936,92.592,9.26,212.98,4.5793287e-05,6.6872,15.0
2015-10-23 21:00:00.000039936,77.16,9.26,212.98,4.748151e-05,7.2016,15.0
