Time,Vmax,Rmax_IBT,R34,fcor,u_trans,v_trans
2016-10-23 12:00:00.000039936,18.004,64.82,18.52,3.330315e-05,6.6872,295.0
2016-10-23 15:00:00.000039936,19.5472,61.116,25.465,3.3798577e-05,6.6872,295.0
2016-10-23 18:00:00.000039936,20.576,55.56,32.41,3.454095e-05,6.6872,295.0
2016-10-23 21:00:00.000039936,23.148,51.856,41.67,3.5282377e-05,6.6872,295.0
2016-10-24 00:00:00.000039936,25.720001,46.3,50.93,3.577612e-05,6.6872,290.0
2016-10-24 03:00:00.000039936,28.292,42.596,60.190002,3.626943e-05,6.6872,290.0
2016-10-24 06:00:00.000039936,30.864,37.04,69.45,3.67623e-05,6.6872,285.0
2016-10-24 09:00:00.000039936,33.436,37.04,69.45,3.7254722e-05,6.6872,285.0
2016-10-24 12:00:00.000039936,36.008,37.04,69.45,3.7500762e-05,6.6872,285.0
2016-10-24 15:00:00.000039936,38.58,27.78,78.71,3.7992504e-05,7.2016,285.0
2016-10-24 18:00:00.000039936,41.152,18.52,87.97,3.8238195e-05,7.2016,280.0
2016-10-24 21:00:00.000039936,42.6952,18.52,87.97,3.8483773e-05,7.2016,275.0
2016-10-25 00:00:00.000039936,43.724,18.52,87.97,3.8483773e-05,6.6872,275.0
2016-10-25 03:00:00.000039936,46.296,18.52,87.97,3.8483773e-05,6.6872,275.0
2016-10-25 06:00:00.000039936,48.868,18.52,87.97,3.872924e-05,6.6872,275.0
2016-10-25 09:00:00.000039936,51.440002,18.52,97.229996,3.872924e-05,6.6872,275.0
2016-10-25 12:00:00.000039936,54.012,18.52,106.490005,3.897458e-05,6.6872,275.0
2016-10-25 15:00:00.000039936,56.584,18.52,106.490005,3.897458e-05,6.6872,275.0
2016-10-25 18:00:00.000039936,59.156002,18.52,106.490005,3.9219805e-05,6.6872,280.0
2016-10-25 21:00:00.000039936,63.271202,18.52,111.12,3.9464914e-05,6.6872,285.0
2016-10-26 00:00:00.000039936,66.872,18.52,115.75,3.995476e-05,6.6872,285.0
2016-10-26 03:00:00.000039936,66.872,18.52,120.380005,4.0199502e-05,6.6872,285.0
2016-10-26 06:00:00.000039936,66.872,18.52,125.009995,4.0688625e-05,6.6872,285.0
2016-10-26 09:00:00.000039936,65.8432,18.52,125.009995,4.1177245e-05,6.6872,290.0
2016-10-26 12:00:00.000039936,64.3,18.52,125.009995,4.1665367e-05,6.1728,290.0
2016-10-26 15:00:00.000039936,60.6992,18.52,125.009995,4.2152973e-05,5.6584,300.0
2016-10-26 18:00:00.000039936,56.584,18.52,125.009995,4.288343e-05,5.6584,310.0
2016-10-26 21:00:00.000039936,52.9832,18.52,115.75,4.385554e-05,5.6584,325.0
2016-10-27 00:00:00.000039936,48.868,18.52,106.490005,4.506766e-05,6.1728,330.0
2016-10-27 03:00:00.000039936,45.2672,18.52,106.490005,4.627635e-05,6.1728,330.0
2016-10-27 06:00:00.000039936,41.152,18.52,106.490005,4.748151e-05,5.6584,325.0
2016-10-27 09:00:00.000039936,37.5512,18.52,106.490005,4.844305e-05,5.144,325.0
2016-10-27 12:00:00.000039936,33.436,18.52,106.490005,4.9402213e-05,5.6584,335.0
2016-10-27 15:00:00.000039936,30.864,18.52,99.545,5.083645e-05,6.1728,340.0
2016-10-27 18:00:00.000039936,28.292,18.52,92.6,5.2027382e-05,5.144,345.0
2016-10-27 21:00:00.000039936,24.6912,27.78,83.34,5.2977284e-05,3.6008,350.0
2016-10-28 00:00:00.000039936,20.576,37.04,74.08,5.3688025e-05,3.0864,5.0
2016-10-28 03:00:00.000039936,19.5472,46.3,74.08,5.439729e-05,2.572,20.0
