Time,Vmax,Rmax_IBT,R34,fcor,u_trans,v_trans
2020-11-03 18:00:00.000039936,18.004,148.16,83.34,3.454095e-05,6.6872,300.0
2020-11-03 21:00:00.000039936,18.004,148.16,83.34,3.5282377e-05,7.2016,300.0
2020-11-04 00:00:00.000039936,18.004,148.16,83.34,3.626943e-05,7.2016,300.0
2020-11-04 03:00:00.000039936,18.004,138.9,87.97,3.7254722e-05,7.716,300.0
2020-11-04 06:00:00.000039936,18.004,129.64,92.600006,3.8238195e-05,7.716,310.0
2020-11-04 09:00:00.000039936,19.5472,129.64,113.435005,3.9464914e-05,7.716,315.0
2020-11-04 12:00:00.000039936,20.576,129.64,134.27,4.0688625e-05,7.716,315.0
2020-11-04 15:00:00.000039936,20.576,129.64,136.585,4.1909232e-05,7.716,310.0
2020-11-04 18:00:00.000039936,20.576,129.64,138.90001,4.3126656e-05,6.6872,305.0
2020-11-04 21:00:00.000039936,22.1192,120.38,136.585,4.385554e-05,5.144,300.0
2020-11-05 00:00:00.000039936,23.148,111.12,134.27,4.4340795e-05,4.1152,295.0
2020-11-05 03:00:00.000039936,23.148,111.12,120.380005,4.4825505e-05,3.6008,295.0
2020-11-05 06:00:00.000039936,23.148,111.12,106.49,4.506766e-05,3.6008,295.0
2020-11-05 09:00:00.000039936,22.1192,111.12,106.49,4.5309676e-05,3.0864,300.0
2020-11-05 12:00:00.000039936,20.576,111.12,106.49,4.5793287e-05,3.6008,300.0
2020-11-05 15:00:00.000039936,19.5472,120.38,99.545,4.627635e-05,3.6008,295.0
