Time,Vmax,Rmax_IBT,R34,fcor,u_trans,v_trans
2018-09-29 12:00:00.000039936,18.004,111.12,83.34,3.0322259e-05,4.6296,270.0
2018-09-29 15:00:00.000039936,18.004,111.12,92.6,3.0322259e-05,4.6296,270.0
2018-09-29 18:00:00.000039936,18.004,111.12,101.86,3.0322259e-05,4.6296,270.0
2018-09-29 21:00:00.000039936,19.5472,111.12,101.86,3.0322259e-05,4.6296,270.0
2018-09-30 00:00:00.000039936,20.576,111.12,101.86,3.0322259e-05,4.1152,265.0
2018-09-30 03:00:00.000039936,22.1192,92.6,101.86,3.0322259e-05,4.1152,265.0
2018-09-30 06:00:00.000039936,23.148,74.08,101.86,3.0073232e-05,4.1152,260.0
2018-09-30 09:00:00.000039936,24.6912,64.82,101.86,2.9824112e-05,4.6296,255.0
2018-09-30 12:00:00.000039936,25.720001,55.56,101.86,2.9574905e-05,4.6296,260.0
2018-09-30 15:00:00.000039936,27.2632,55.56,115.75,2.9325609e-05,5.144,265.0
2018-09-30 18:00:00.000039936,28.292,55.56,129.64,2.9325609e-05,5.144,265.0
2018-09-30 21:00:00.000039936,28.292,55.56,129.64,2.9076216e-05,5.6584,265.0
2018-10-01 00:00:00.000039936,28.292,55.56,129.64,2.9076216e-05,5.6584,265.0
2018-10-01 03:00:00.000039936,28.292,55.56,129.64,2.882674e-05,5.6584,265.0
2018-10-01 06:00:00.000039936,28.292,55.56,129.64,2.882674e-05,5.6584,265.0
2018-10-01 09:00:00.000039936,29.835201,55.56,136.585,2.882674e-05,5.6584,265.0
2018-10-01 12:00:00.000039936,30.864,55.56,143.53,2.857718e-05,5.6584,260.0
2018-10-01 15:00:00.000039936,30.864,55.56,143.53,2.8327528e-05,6.1728,260.0
2018-10-01 18:00:00.000039936,30.864,55.56,143.53,2.807779e-05,6.1728,260.0
2018-10-01 21:00:00.000039936,32.4072,55.56,143.53,2.7827968e-05,6.1728,260.0
2018-10-02 00:00:00.000039936,33.436,55.56,143.53,2.7578055e-05,5.6584,260.0
2018-10-02 03:00:00.000039936,36.008,46.3,157.42,2.7328068e-05,5.144,260.0
2018-10-02 06:00:00.000039936,38.58,37.04,171.31,2.707799e-05,5.144,265.0
2018-10-02 09:00:00.000039936,42.6952,37.04,171.31,2.707799e-05,5.144,275.0
2018-10-02 12:00:00.000039936,46.296,37.04,171.31,2.7328068e-05,5.144,280.0
2018-10-02 15:00:00.000039936,50.4112,37.04,175.94,2.7578055e-05,5.144,285.0
2018-10-02 18:00:00.000039936,54.012,37.04,180.56999,2.807779e-05,5.144,290.0
2018-10-02 21:00:00.000039936,54.012,37.04,180.56999,2.857718e-05,5.144,295.0
2018-10-03 00:00:00.000039936,54.012,37.04,180.56999,2.9076216e-05,5.144,300.0
2018-10-03 03:00:00.000039936,54.012,42.596,189.83,2.9574905e-05,4.6296,305.0
2018-10-03 06:00:00.000039936,54.012,46.3,199.09001,3.0322259e-05,4.6296,305.0
2018-10-03 09:00:00.000039936,54.012,46.3,199.09001,3.1068776e-05,4.6296,305.0
2018-10-03 12:00:00.000039936,54.012,46.3,199.09001,3.156599e-05,4.1152,305.0
2018-10-03 15:00:00.000039936,55.5552,46.3,208.35,3.206281e-05,3.6008,305.0
2018-10-03 18:00:00.000039936,56.584,46.3,217.61,3.2559245e-05,3.6008,315.0
2018-10-03 21:00:00.000039936,58.1272,42.596,217.61,3.330315e-05,4.1152,320.0
2018-10-04 00:00:00.000039936,59.156002,37.04,217.61,3.404614e-05,4.1152,320.0
2018-10-04 03:00:00.000039936,60.6992,37.04,219.925,3.47882e-05,4.1152,320.0
2018-10-04 06:00:00.000039936,61.728,37.04,222.24,3.5529305e-05,4.1152,320.0
2018-10-04 09:00:00.000039936,61.728,37.04,222.24,3.626943e-05,4.1152,320.0
2018-10-04 12:00:00.000039936,61.728,37.04,222.24,3.700857e-05,4.1152,320.0
2018-10-04 15:00:00.000039936,61.728,37.04,222.24,3.7746686e-05,4.1152,315.0
2018-10-04 18:00:00.000039936,61.728,37.04,222.24,3.8483773e-05,4.1152,310.0
2018-10-04 21:00:00.000039936,59.156002,42.596,222.24,3.897458e-05,3.6008,305.0
2018-10-05 00:00:00.000039936,56.584,46.3,222.24,3.9464914e-05,3.6008,295.0
2018-10-05 03:00:00.000039936,54.012,46.3,231.50002,3.9709896e-05,3.0864,290.0
2018-10-05 06:00:00.000039936,51.440002,46.3,240.75998,3.995476e-05,3.0864,280.0
2018-10-05 09:00:00.000039936,51.440002,46.3,240.75998,3.995476e-05,3.0864,270.0
2018-10-05 12:00:00.000039936,51.440002,46.3,240.75998,3.995476e-05,3.0864,260.0
2018-10-05 15:00:00.000039936,52.9832,51.856,233.815,3.9709896e-05,3.0864,250.0
2018-10-05 18:00:00.000039936,54.012,55.56,226.87,3.9464914e-05,3.0864,245.0
2018-10-05 21:00:00.000039936,55.5552,55.56,226.87,3.9219805e-05,3.0864,240.0
2018-10-06 00:00:00.000039936,56.584,55.56,226.87,3.872924e-05,3.0864,235.0
2018-10-06 03:00:00.000039936,56.584,55.56,231.5,3.8238195e-05,3.6008,235.0
2018-10-06 06:00:00.000039936,56.584,55.56,236.13,3.7746686e-05,3.6008,240.0
2018-10-06 09:00:00.000039936,56.584,55.56,240.76,3.7500762e-05,3.0864,250.0
2018-10-06 12:00:00.000039936,56.584,55.56,245.39,3.7254722e-05,3.0864,260.0
2018-10-06 15:00:00.000039936,56.584,55.56,247.70499,3.700857e-05,3.6008,260.0
2018-10-06 18:00:00.000039936,56.584,55.56,250.01999,3.700857e-05,3.6008,260.0
2018-10-06 21:00:00.000039936,55.5552,55.56,250.01999,3.67623e-05,3.6008,260.0
2018-10-07 00:00:00.000039936,54.012,55.56,250.01999,3.67623e-05,3.6008,260.0
2018-10-07 03:00:00.000039936,52.9832,55.56,252.33499,3.651592e-05,3.6008,260.0
2018-10-07 06:00:00.000039936,51.440002,55.56,254.65,3.651592e-05,3.6008,265.0
2018-10-07 09:00:00.000039936,48.868,74.08,256.965,3.651592e-05,3.6008,270.0
2018-10-07 12:00:00.000039936,46.296,92.6,259.28,3.651592e-05,3.6008,270.0
2018-10-07 15:00:00.000039936,45.2672,92.6,259.28,3.651592e-05,3.6008,270.0
2018-10-07 18:00:00.000039936,43.724,92.6,259.28,3.651592e-05,3.6008,280.0
2018-10-07 21:00:00.000039936,42.6952,92.6,259.28,3.67623e-05,3.0864,290.0
2018-10-08 00:00:00.000039936,41.152,92.6,259.28,3.700857e-05,2.572,295.0
2018-10-08 03:00:00.000039936,40.1232,88.895996,250.01999,3.7254722e-05,2.0576,295.0
2018-10-08 06:00:00.000039936,38.58,83.34,240.76001,3.7500762e-05,2.0576,305.0
2018-10-08 09:00:00.000039936,38.58,83.34,233.815,3.7746686e-05,2.0576,315.0
2018-10-08 12:00:00.000039936,38.58,83.34,226.87,3.8238195e-05,2.0576,325.0
2018-10-08 15:00:00.000039936,38.58,88.895996,217.61,3.8483773e-05,1.5432,345.0
2018-10-08 18:00:00.000039936,38.58,92.6,208.35,3.897458e-05,1.5432,0.0
2018-10-08 21:00:00.000039936,37.5512,92.6,208.35,3.9219805e-05,1.5432,15.0
2018-10-09 00:00:00.000039936,36.008,92.6,208.35,3.9709896e-05,2.0576,35.0
2018-10-09 03:00:00.000039936,36.008,92.6,208.35,3.995476e-05,2.0576,45.0
2018-10-09 06:00:00.000039936,36.008,92.6,208.35,4.0444127e-05,2.572,50.0
2018-10-09 09:00:00.000039936,34.979202,92.6,208.35,4.0688625e-05,3.0864,60.0
2018-10-09 12:00:00.000039936,33.436,92.6,208.35,4.1177245e-05,3.6008,65.0
2018-10-09 15:00:00.000039936,32.4072,92.6,208.35,4.142137e-05,3.6008,65.0
2018-10-09 18:00:00.000039936,30.864,92.6,208.35,4.1909232e-05,4.1152,70.0
2018-10-09 21:00:00.000039936,30.864,92.6,208.35,4.2152973e-05,4.1152,70.0
2018-10-10 00:00:00.000039936,30.864,92.6,208.35,4.2640077e-05,4.6296,70.0
2018-10-10 03:00:00.000039936,29.835201,92.6,208.35,4.3126656e-05,5.144,65.0
2018-10-10 06:00:00.000039936,28.292,92.6,208.35,4.3612705e-05,5.144,65.0
2018-10-10 09:00:00.000039936,28.292,92.6,208.35,4.409823e-05,5.144,60.0
2018-10-10 12:00:00.000039936,28.292,92.6,208.35,4.4825505e-05,5.6584,55.0
2018-10-10 15:00:00.000039936,28.292,92.6,208.35,4.5551555e-05,6.1728,55.0
2018-10-10 18:00:00.000039936,28.292,92.6,208.35,4.651767e-05,6.1728,55.0
2018-10-10 21:00:00.000039936,28.292,92.6,208.35,4.748151e-05,6.6872,50.0
2018-10-11 00:00:00.000039936,28.292,92.6,208.35,4.844305e-05,7.716,50.0
2018-10-11 03:00:00.000039936,28.292,92.6,208.35,4.9641636e-05,8.2304,50.0
2018-10-11 06:00:00.000039936,28.292,92.6,208.35,5.083645e-05,8.2304,50.0
2018-10-11 09:00:00.000039936,28.292,92.6,208.35,5.2027382e-05,8.744801,50.0
2018-10-11 12:00:00.000039936,28.292,92.6,208.35,5.345127e-05,9.7736,50.0
2018-10-11 15:00:00.000039936,28.292,92.6,208.35,5.4869302e-05,10.288,50.0
2018-10-11 18:00:00.000039936,28.292,92.6,208.35,5.6516048e-05,10.288,50.0
2018-10-11 21:00:00.000039936,28.292,92.6,208.35,5.8154368e-05,10.288,50.0
2018-10-12 00:00:00.000039936,28.292,92.6,208.35,5.9551734e-05,9.7736,50.0
2018-10-12 03:00:00.000039936,28.292,92.6,208.35,6.0942573e-05,9.7736,50.0
2018-10-12 06:00:00.000039936,28.292,92.6,208.35,6.2326726e-05,9.7736,50.0
2018-10-12 09:00:00.000039936,25.720001,92.6,194.46,6.370404e-05,10.288,50.0
