Time,Vmax,Rmax_IBT,R34,fcor,u_trans,v_trans
2014-10-30 18:00:00.000039936,18.004,74.08,18.52,2.807779e-05,1.0288,205.0
2014-10-30 21:00:00.000039936,19.5472,74.08,27.78,2.7827968e-05,1.5432,165.0
2014-10-31 00:00:00.000039936,20.576,74.08,37.04,2.7328068e-05,2.0576,155.0
2014-10-31 03:00:00.000039936,22.1192,64.82,41.67,2.6827835e-05,2.0576,165.0
2014-10-31 06:00:00.000039936,23.148,55.56,46.3,2.6327272e-05,2.572,190.0
2014-10-31 09:00:00.000039936,23.148,55.56,46.3,2.5575835e-05,3.0864,210.0
2014-10-31 12:00:00.000039936,23.148,55.56,46.3,2.5074483e-05,3.0864,225.0
2014-10-31 15:00:00.000039936,22.1192,55.56,46.3,2.4572832e-05,3.0864,240.0
2014-10-31 18:00:00.000039936,20.576,55.56,46.3,2.432189e-05,3.0864,245.0
2014-10-31 21:00:00.000039936,20.576,55.56,41.67,2.4070872e-05,2.572,250.0
2014-11-01 00:00:00.000039936,20.576,55.56,37.04,2.3819783e-05,2.572,260.0
2014-11-01 03:00:00.000039936,19.5472,55.56,37.04,2.3819783e-05,3.0864,270.0
2014-11-01 06:00:00.000039936,18.004,55.56,37.04,2.3819783e-05,3.6008,280.0
2014-11-01 09:00:00.000039936,18.004,55.56,37.04,2.4070872e-05,3.6008,285.0
2014-11-01 12:00:00.000039936,18.004,55.56,37.04,2.432189e-05,4.1152,285.0
2014-11-01 15:00:00.000039936,19.5472,55.56,41.670002,2.4572832e-05,4.1152,285.0
2014-11-01 18:00:00.000039936,20.576,55.56,46.300003,2.4823696e-05,4.6296,290.0
2014-11-01 21:00:00.000039936,22.1192,42.596,60.19,2.53252e-05,5.6584,290.0
2014-11-02 00:00:00.000039936,23.148,27.78,74.08,2.5826394e-05,6.1728,290.0
2014-11-02 03:00:00.000039936,25.720001,27.78,85.655,2.6327272e-05,6.6872,295.0
2014-11-02 06:00:00.000039936,28.292,27.78,97.229996,2.707799e-05,6.6872,300.0
2014-11-02 09:00:00.000039936,30.864,24.076,101.86,2.7827968e-05,6.6872,305.0
2014-11-02 12:00:00.000039936,33.436,18.52,106.49,2.882674e-05,6.6872,305.0
2014-11-02 15:00:00.000039936,36.008,18.52,111.119995,2.9824112e-05,6.6872,305.0
2014-11-02 18:00:00.000039936,38.58,18.52,115.75,3.0820032e-05,7.2016,310.0
2014-11-02 21:00:00.000039936,42.6952,14.816,129.64,3.1814445e-05,6.6872,315.0
2014-11-03 00:00:00.000039936,46.296,9.26,143.53,3.305528e-05,6.6872,315.0
2014-11-03 03:00:00.000039936,46.296,9.26,159.73502,3.404614e-05,6.1728,320.0
2014-11-03 06:00:00.000039936,46.296,9.26,175.94,3.5282377e-05,5.6584,320.0
2014-11-03 09:00:00.000039936,46.296,14.816,175.94,3.626943e-05,5.6584,325.0
2014-11-03 12:00:00.000039936,46.296,18.52,175.94,3.7500762e-05,5.6584,335.0
2014-11-03 15:00:00.000039936,47.8392,14.816,171.31,3.872924e-05,5.144,345.0
2014-11-03 18:00:00.000039936,48.868,9.26,166.68,3.995476e-05,5.144,355.0
2014-11-03 21:00:00.000039936,48.868,9.26,166.68,4.1177245e-05,5.144,5.0
2014-11-04 00:00:00.000039936,48.868,9.26,166.68,4.239659e-05,5.144,15.0
2014-11-04 03:00:00.000039936,47.8392,14.816,166.68,4.3612705e-05,5.6584,25.0
2014-11-04 06:00:00.000039936,46.296,18.52,166.68,4.4825505e-05,6.1728,35.0
2014-11-04 09:00:00.000039936,45.2672,18.52,164.36499,4.6034886e-05,6.6872,35.0
2014-11-04 12:00:00.000039936,43.724,18.52,162.05,4.7240763e-05,6.6872,40.0
2014-11-04 15:00:00.000039936,37.5512,18.52,143.53,4.844305e-05,6.6872,35.0
2014-11-04 18:00:00.000039936,30.864,18.52,125.01,4.9641636e-05,5.6584,40.0
2014-11-04 21:00:00.000039936,25.720001,24.076,113.435005,5.059779e-05,5.144,40.0
2014-11-05 00:00:00.000039936,20.576,27.78,101.86,5.155148e-05,5.144,40.0
