Time,Vmax,Rmax_IBT,R34,fcor,u_trans,v_trans
2006-11-14 12:00:00.000039936,18.004,46.3,34.725,3.280731e-05,1.0288,290.0
2006-11-14 15:00:00.000039936,22.1192,37.04,43.522,3.280731e-05,1.0288,270.0
2006-11-14 18:00:00.000039936,25.720001,27.78,50.93,3.280731e-05,0.5144,205.0
2006-11-14 21:00:00.000039936,27.2632,27.78,62.504997,3.2559245e-05,1.0288,155.0
2006-11-15 00:00:00.000039936,28.292,27.78,74.08,3.231108e-05,1.0288,150.0
2006-11-15 03:00:00.000039936,29.835201,24.076,74.08,3.206281e-05,1.0288,155.0
2006-11-15 06:00:00.000039936,30.864,18.52,74.08,3.1814445e-05,1.5432,140.0
2006-11-15 09:00:00.000039936,36.008,18.52,92.6,3.156599e-05,2.0576,135.0
2006-11-15 12:00:00.000039936,41.152,18.52,111.12,3.1068776e-05,2.572,140.0
2006-11-15 15:00:00.000039936,45.2672,18.52,129.64,3.0571195e-05,2.0576,135.0
2006-11-15 18:00:00.000039936,48.868,18.52,148.16,3.0322259e-05,2.0576,105.0
2006-11-15 21:00:00.000039936,47.8392,18.52,148.16,3.0322259e-05,2.0576,75.0
2006-11-16 00:00:00.000039936,46.296,18.52,148.16,3.0571195e-05,1.5432,60.0
2006-11-16 03:00:00.000039936,46.296,18.52,148.16,3.0820032e-05,1.5432,45.0
2006-11-16 06:00:00.000039936,46.296,18.52,148.16,3.1068776e-05,2.0576,25.0
2006-11-16 09:00:00.000039936,45.2672,18.52,148.16,3.156599e-05,2.572,20.0
2006-11-16 12:00:00.000039936,43.724,18.52,148.16,3.231108e-05,2.572,20.0
2006-11-16 15:00:00.000039936,40.1232,18.52,145.845,3.280731e-05,2.0576,15.0
2006-11-16 18:00:00.000039936,36.008,18.52,143.53,3.330315e-05,2.0576,5.0
2006-11-16 21:00:00.000039936,36.008,18.52,143.53,3.3798577e-05,1.5432,0.0
2006-11-17 00:00:00.000039936,36.008,18.52,143.53,3.404614e-05,1.5432,10.0
2006-11-17 03:00:00.000039936,33.436,24.076,143.53,3.4293596e-05,1.0288,25.0
2006-11-17 06:00:00.000039936,30.864,27.78,143.53,3.454095e-05,1.0288,40.0
2006-11-17 09:00:00.000039936,28.292,27.78,143.53,3.47882e-05,0.5144,45.0
2006-11-17 12:00:00.000039936,25.720001,27.78,143.53,3.47882e-05,1.0288,30.0
2006-11-17 15:00:00.000039936,23.148,27.78,120.843,3.5035337e-05,1.0288,10.0
2006-11-17 18:00:00.000039936,20.576,27.78,97.23,3.5282377e-05,1.5432,330.0
2006-11-17 21:00:00.000039936,20.576,27.78,97.23,3.5529305e-05,2.0576,315.0
2006-11-18 00:00:00.000039936,20.576,27.78,97.23,3.6022833e-05,2.572,310.0
2006-11-18 03:00:00.000039936,22.1192,27.78,87.044,3.626943e-05,2.572,310.0
2006-11-18 06:00:00.000039936,23.148,27.78,76.395004,3.67623e-05,3.0864,310.0
2006-11-18 09:00:00.000039936,23.148,27.78,76.395004,3.7254722e-05,3.0864,310.0
2006-11-18 12:00:00.000039936,23.148,27.78,76.395004,3.7746686e-05,3.6008,305.0
2006-11-18 15:00:00.000039936,23.148,27.78,68.524,3.8238195e-05,3.6008,295.0
2006-11-18 18:00:00.000039936,23.148,27.78,60.190002,3.8483773e-05,3.0864,295.0
2006-11-18 21:00:00.000039936,22.1192,33.336,55.56,3.872924e-05,2.572,295.0
2006-11-19 00:00:00.000039936,20.576,37.04,50.93,3.897458e-05,1.5432,285.0
2006-11-19 03:00:00.000039936,20.576,37.04,50.93,3.897458e-05,1.0288,270.0
2006-11-19 06:00:00.000039936,20.576,37.04,50.93,3.897458e-05,1.0288,255.0
2006-11-19 09:00:00.000039936,19.5472,37.04,43.985,3.897458e-05,1.5432,250.0
2006-11-19 12:00:00.000039936,18.004,37.04,37.04,3.872924e-05,2.0576,245.0
2006-11-19 15:00:00.000039936,18.004,37.04,37.04,3.8483773e-05,2.0576,245.0
