Time,Vmax,Rmax_IBT,R34,fcor,u_trans,v_trans
2015-11-19 12:00:00.000039936,18.004,148.16,41.67,3.577612e-05,3.6008,315.0
2015-11-19 15:00:00.000039936,18.004,148.16,41.67,3.626943e-05,4.1152,305.0
2015-11-19 18:00:00.000039936,18.004,148.16,41.67,3.700857e-05,5.144,300.0
2015-11-19 21:00:00.000039936,18.004,148.16,43.985,3.7500762e-05,5.6584,295.0
2015-11-20 00:00:00.000039936,18.004,148.16,46.300003,3.8238195e-05,6.1728,295.0
2015-11-20 03:00:00.000039936,18.004,111.12,41.67,3.897458e-05,6.6872,295.0
2015-11-20 06:00:00.000039936,18.004,74.08,37.04,3.9464914e-05,6.1728,285.0
2015-11-20 09:00:00.000039936,18.004,74.08,50.93,3.9709896e-05,5.6584,280.0
2015-11-20 12:00:00.000039936,18.004,74.08,64.82001,3.995476e-05,5.144,280.0
2015-11-20 15:00:00.000039936,18.004,64.82,46.300003,4.0199502e-05,5.144,280.0
2015-11-20 18:00:00.000039936,18.004,55.56,27.78,4.0444127e-05,5.144,290.0
2015-11-20 21:00:00.000039936,18.004,46.3,27.78,4.093299e-05,5.144,295.0
2015-11-21 00:00:00.000039936,18.004,37.04,27.78,4.142137e-05,5.6584,290.0
2015-11-21 03:00:00.000039936,18.004,46.3,27.78,4.1909232e-05,6.1728,285.0
2015-11-21 06:00:00.000039936,18.004,55.56,27.78,4.2152973e-05,5.6584,280.0
2015-11-21 09:00:00.000039936,18.004,55.56,27.78,4.2152973e-05,5.6584,270.0
2015-11-21 12:00:00.000039936,18.004,55.56,27.78,4.2152973e-05,5.6584,265.0
2015-11-21 15:00:00.000039936,18.004,55.56,27.78,4.1909232e-05,5.6584,265.0
2015-11-21 18:00:00.000039936,18.004,55.56,27.78,4.1909232e-05,5.144,270.0
2015-11-21 21:00:00.000039936,18.004,55.56,27.78,4.1909232e-05,5.144,275.0
