Time,Vmax,Rmax_IBT,R34,fcor,u_trans,v_trans
2015-11-24 00:00:00.000039936,18.004,111.12,50.93,2.7328068e-05,6.1728,270.0
2015-11-24 03:00:00.000039936,19.5472,101.86,50.93,2.7328068e-05,5.6584,275.0
2015-11-24 06:00:00.000039936,20.576,92.6,50.93,2.7578055e-05,5.6584,280.0
2015-11-24 09:00:00.000039936,22.1192,83.34,57.875,2.7827968e-05,5.6584,285.0
2015-11-24 12:00:00.000039936,23.148,74.08,64.82,2.8327528e-05,5.6584,285.0
2015-11-24 15:00:00.000039936,24.6912,64.82,64.82,2.857718e-05,5.6584,285.0
2015-11-24 18:00:00.000039936,25.720001,55.56,64.82,2.9076216e-05,5.6584,285.0
2015-11-24 21:00:00.000039936,28.292,46.3,69.450005,2.9325609e-05,5.144,285.0
2015-11-25 00:00:00.000039936,30.864,37.04,74.08,2.9824112e-05,5.144,290.0
2015-11-25 03:00:00.000039936,33.436,33.336,76.395004,3.0322259e-05,4.6296,290.0
2015-11-25 06:00:00.000039936,36.008,27.78,78.71,3.0571195e-05,4.6296,285.0
2015-11-25 09:00:00.000039936,40.1232,27.78,85.655,3.0820032e-05,4.1152,285.0
2015-11-25 12:00:00.000039936,43.724,27.78,92.600006,3.1068776e-05,3.0864,295.0
2015-11-25 15:00:00.000039936,46.296,27.78,101.86,3.156599e-05,3.0864,315.0
2015-11-25 18:00:00.000039936,48.868,27.78,111.12,3.206281e-05,3.6008,320.0
2015-11-25 21:00:00.000039936,52.9832,18.52,120.38,3.280731e-05,4.1152,320.0
2015-11-26 00:00:00.000039936,56.584,9.26,129.64,3.3550914e-05,3.6008,340.0
2015-11-26 03:00:00.000039936,61.728,9.26,145.84499,3.454095e-05,4.1152,0.0
2015-11-26 06:00:00.000039936,66.872,9.26,162.04999,3.5529305e-05,5.144,0.0
2015-11-26 09:00:00.000039936,64.3,14.816,168.995,3.67623e-05,5.6584,0.0
2015-11-26 12:00:00.000039936,61.728,18.52,175.94,3.8238195e-05,5.6584,360.0
2015-11-26 15:00:00.000039936,60.6992,18.52,185.2,3.9464914e-05,5.6584,0.0
2015-11-26 18:00:00.000039936,59.156002,18.52,194.45999,4.093299e-05,5.6584,10.0
2015-11-26 21:00:00.000039936,58.1272,24.076,194.45999,4.239659e-05,6.1728,20.0
2015-11-27 00:00:00.000039936,56.584,27.78,194.45999,4.3612705e-05,6.1728,20.0
2015-11-27 03:00:00.000039936,52.9832,27.78,192.145,4.506766e-05,6.1728,25.0
2015-11-27 06:00:00.000039936,48.868,27.78,189.83,4.627635e-05,5.6584,25.0
2015-11-27 09:00:00.000039936,46.296,33.336,182.88501,4.7240763e-05,4.6296,30.0
2015-11-27 12:00:00.000039936,43.724,37.04,175.94,4.8202877e-05,4.6296,40.0
2015-11-27 15:00:00.000039936,41.152,46.3,166.68,4.916265e-05,4.6296,40.0
2015-11-27 18:00:00.000039936,38.58,55.56,157.42,4.9880902e-05,3.6008,360.0
2015-11-27 21:00:00.000039936,34.979202,55.56,155.105,5.083645e-05,4.6296,320.0
2015-11-28 00:00:00.000039936,30.864,55.56,152.79001,5.155148e-05,4.1152,320.0
2015-11-28 03:00:00.000039936,25.720001,55.56,113.435005,5.22651e-05,3.0864,330.0
2015-11-28 06:00:00.000039936,20.576,55.56,74.08,5.2740055e-05,2.572,350.0
2015-11-28 09:00:00.000039936,19.5472,55.56,50.93,5.321436e-05,2.572,10.0
