Time,Vmax,Rmax_IBT,R34,fcor,u_trans,v_trans
2018-10-19 18:00:00.000039936,18.004,27.78,27.78,3.3550914e-05,2.0576,305.0
2018-10-19 21:00:00.000039936,18.004,24.076,30.095001,3.3798577e-05,2.572,310.0
2018-10-20 00:00:00.000039936,18.004,18.52,32.410004,3.4293596e-05,2.572,315.0
2018-10-20 03:00:00.000039936,18.004,18.52,34.725,3.47882e-05,3.0864,315.0
2018-10-20 06:00:00.000039936,18.004,18.52,37.04,3.5282377e-05,3.0864,310.0
2018-10-20 09:00:00.000039936,19.5472,18.52,37.04,3.577612e-05,3.0864,300.0
2018-10-20 12:00:00.000039936,20.576,18.52,37.04,3.6022833e-05,3.0864,290.0
2018-10-20 15:00:00.000039936,22.1192,18.52,37.04,3.626943e-05,3.6008,285.0
2018-10-20 18:00:00.000039936,23.148,18.52,37.04,3.651592e-05,3.6008,285.0
2018-10-20 21:00:00.000039936,23.148,18.52,37.04,3.67623e-05,3.6008,285.0
2018-10-21 00:00:00.000039936,23.148,18.52,37.04,3.700857e-05,3.6008,280.0
2018-10-21 03:00:00.000039936,23.148,18.52,41.670002,3.700857e-05,4.1152,270.0
2018-10-21 06:00:00.000039936,23.148,18.52,46.3,3.700857e-05,4.6296,265.0
2018-10-21 09:00:00.000039936,23.148,18.52,46.3,3.67623e-05,5.144,260.0
2018-10-21 12:00:00.000039936,23.148,18.52,46.3,3.651592e-05,5.144,255.0
2018-10-21 15:00:00.000039936,22.1192,18.52,46.3,3.6022833e-05,4.6296,250.0
2018-10-21 18:00:00.000039936,20.576,18.52,46.3,3.577612e-05,4.6296,255.0
2018-10-21 21:00:00.000039936,20.576,37.04,46.3,3.5529305e-05,5.144,265.0
2018-10-22 00:00:00.000039936,20.576,55.56,46.3,3.5529305e-05,4.6296,265.0
2018-10-22 03:00:00.000039936,20.576,55.56,50.93,3.5529305e-05,4.6296,270.0
2018-10-22 06:00:00.000039936,20.576,55.56,55.56,3.5529305e-05,4.6296,285.0
2018-10-22 09:00:00.000039936,20.576,55.56,55.56,3.6022833e-05,4.6296,305.0
2018-10-22 12:00:00.000039936,20.576,55.56,55.56,3.67623e-05,4.6296,310.0
2018-10-22 15:00:00.000039936,19.5472,55.56,50.93,3.7500762e-05,4.6296,310.0
2018-10-22 18:00:00.000039936,18.004,55.56,46.3,3.8238195e-05,4.6296,320.0
2018-10-22 21:00:00.000039936,18.004,46.3,41.670002,3.9219805e-05,4.6296,330.0
