Time,Vmax,Rmax_IBT,R34,fcor,u_trans,v_trans
2018-10-20 12:00:00.000039936,18.004,55.56,41.670002,3.7500762e-05,2.572,295.0
2018-10-20 15:00:00.000039936,20.576,51.856,46.3,3.7746686e-05,2.0576,295.0
2018-10-20 18:00:00.000039936,23.148,46.3,50.93,3.7992504e-05,2.572,310.0
2018-10-20 21:00:00.000039936,25.720001,42.596,60.190002,3.8483773e-05,3.0864,315.0
2018-10-21 00:00:00.000039936,28.292,37.04,69.45,3.897458e-05,3.0864,320.0
2018-10-21 03:00:00.000039936,32.4072,33.336,67.135,3.9709896e-05,3.0864,320.0
2018-10-21 06:00:00.000039936,36.008,27.78,64.82,4.0199502e-05,3.0864,325.0
2018-10-21 09:00:00.000039936,40.1232,24.076,76.395004,4.0688625e-05,2.572,325.0
2018-10-21 12:00:00.000039936,43.724,18.52,87.97,4.1177245e-05,2.572,320.0
2018-10-21 15:00:00.000039936,47.8392,18.52,94.91499,4.1665367e-05,2.572,325.0
2018-10-21 18:00:00.000039936,51.440002,18.52,101.86,4.2152973e-05,3.0864,335.0
2018-10-21 21:00:00.000039936,56.584,18.52,113.435,4.288343e-05,3.6008,345.0
2018-10-22 00:00:00.000039936,61.728,18.52,125.009995,4.385554e-05,3.0864,350.0
2018-10-22 03:00:00.000039936,66.872,14.816,129.64,4.4340795e-05,2.0576,0.0
2018-10-22 06:00:00.000039936,72.016,9.26,134.27,4.4825505e-05,3.0864,355.0
2018-10-22 09:00:00.000039936,70.9872,9.26,138.9,4.5793287e-05,4.1152,355.0
2018-10-22 12:00:00.000039936,69.444,9.26,143.53,4.675884e-05,4.1152,355.0
2018-10-22 15:00:00.000039936,68.4152,14.816,155.10501,4.748151e-05,3.6008,0.0
2018-10-22 18:00:00.000039936,66.872,18.52,166.68,4.844305e-05,4.1152,0.0
2018-10-22 21:00:00.000039936,64.3,24.076,171.30998,4.9402213e-05,4.1152,0.0
2018-10-23 00:00:00.000039936,61.728,27.78,175.93999,5.035898e-05,3.0864,360.0
2018-10-23 03:00:00.000039936,59.156002,27.78,175.93999,5.083645e-05,2.0576,0.0
2018-10-23 06:00:00.000039936,56.584,27.78,175.93999,5.131329e-05,2.0576,5.0
2018-10-23 09:00:00.000039936,55.5552,27.78,175.93999,5.178951e-05,2.572,10.0
2018-10-23 12:00:00.000039936,54.012,27.78,175.93999,5.250265e-05,3.0864,20.0
2018-10-23 15:00:00.000039936,52.9832,27.78,166.68,5.321436e-05,3.6008,30.0
2018-10-23 18:00:00.000039936,51.440002,27.78,157.42001,5.392461e-05,4.6296,35.0
2018-10-23 21:00:00.000039936,51.440002,24.076,157.42001,5.4869302e-05,5.144,40.0
2018-10-24 00:00:00.000039936,51.440002,18.52,157.42001,5.581132e-05,5.6584,40.0
