Time,Vmax,Rmax_IBT,R34,fcor,u_trans,v_trans
2018-11-03 00:00:00.000039936,18.004,111.12,27.78,3.626943e-05,3.6008,85.0
2018-11-03 03:00:00.000039936,19.5472,101.86,37.04,3.626943e-05,3.6008,80.0
2018-11-03 06:00:00.000039936,20.576,92.6,46.300003,3.651592e-05,3.6008,75.0
2018-11-03 09:00:00.000039936,22.1192,83.34,57.875,3.67623e-05,3.6008,65.0
2018-11-03 12:00:00.000039936,23.148,74.08,69.45,3.7254722e-05,4.1152,65.0
2018-11-03 15:00:00.000039936,23.148,61.116,83.34,3.7746686e-05,4.1152,60.0
2018-11-03 18:00:00.000039936,23.148,46.3,97.23,3.8238195e-05,4.1152,50.0
2018-11-03 21:00:00.000039936,24.6912,46.3,111.12,3.897458e-05,4.1152,40.0
2018-11-04 00:00:00.000039936,25.720001,46.3,125.009995,3.9709896e-05,4.1152,30.0
2018-11-04 03:00:00.000039936,25.720001,46.3,129.64,4.0688625e-05,4.6296,25.0
2018-11-04 06:00:00.000039936,25.720001,46.3,134.27,4.1665367e-05,4.6296,20.0
2018-11-04 09:00:00.000039936,27.2632,46.3,136.585,4.2640077e-05,4.1152,15.0
2018-11-04 12:00:00.000039936,28.292,46.3,138.90001,4.3612705e-05,3.6008,5.0
2018-11-04 15:00:00.000039936,28.292,42.596,138.90001,4.4340795e-05,2.572,350.0
2018-11-04 18:00:00.000039936,28.292,37.04,138.90001,4.4825505e-05,2.0576,345.0
2018-11-04 21:00:00.000039936,28.292,37.04,136.585,4.5309676e-05,1.5432,345.0
2018-11-05 00:00:00.000039936,28.292,37.04,134.27,4.5551555e-05,1.5432,320.0
2018-11-05 03:00:00.000039936,27.2632,37.04,122.69501,4.5793287e-05,1.5432,305.0
2018-11-05 06:00:00.000039936,25.720001,37.04,111.12,4.6034886e-05,1.5432,300.0
2018-11-05 09:00:00.000039936,25.720001,37.04,111.12,4.6034886e-05,1.0288,300.0
2018-11-05 12:00:00.000039936,25.720001,37.04,111.12,4.627635e-05,2.0576,305.0
2018-11-05 15:00:00.000039936,24.6912,37.04,87.97,4.651767e-05,3.0864,300.0
2018-11-05 18:00:00.000039936,23.148,37.04,64.82,4.6999867e-05,3.0864,290.0
2018-11-05 21:00:00.000039936,22.1192,37.04,62.504997,4.7240763e-05,3.6008,280.0
2018-11-06 00:00:00.000039936,20.576,37.04,60.19,4.7240763e-05,3.6008,275.0
2018-11-06 03:00:00.000039936,19.5472,37.04,48.615,4.7240763e-05,3.6008,270.0
2018-11-06 06:00:00.000039936,18.004,37.04,37.04,4.7240763e-05,3.6008,270.0
2018-11-06 09:00:00.000039936,18.004,46.3,32.41,4.7240763e-05,3.6008,270.0
