Time,Vmax,Rmax_IBT,R34,fcor,u_trans,v_trans
2004-05-06 06:00:00.000040448,20.576,92.6,101.86,2.857718e-05,0.5144,0.0
2004-05-06 09:00:00.000040448,20.576,92.6,97.23,2.882674e-05,0.5144,0.0
2004-05-06 12:00:00.000040448,20.576,92.6,92.6,2.9076216e-05,1.0288,345.0
2004-05-06 15:00:00.000040448,20.576,92.6,104.638,2.9574905e-05,1.0288,335.0
2004-05-06 18:00:00.000040448,20.576,92.6,115.74999,3.0073232e-05,1.0288,325.0
2004-05-06 21:00:00.000040448,22.1192,92.6,143.993,3.0571195e-05,1.0288,315.0
2004-05-07 00:00:00.000040448,23.148,92.6,171.31,3.0820032e-05,4.6296,315.0
2004-05-07 03:00:00.000040448,23.148,92.6,171.31,3.131743e-05,6.1728,315.0
2004-05-07 06:00:00.000040448,23.148,92.6,171.31,3.156599e-05,1.5432,355.0
2004-05-07 09:00:00.000040448,20.576,92.6,171.31,3.1814445e-05,2.572,85.0
2004-05-07 12:00:00.000040448,18.004,92.6,171.31,3.206281e-05,3.6008,105.0
2004-05-07 15:00:00.000040448,18.004,83.34,171.31,3.156599e-05,3.0864,130.0
2004-05-07 18:00:00.000040448,18.004,74.08,171.31,3.131743e-05,1.5432,100.0
2004-05-07 21:00:00.000040448,18.004,74.08,171.31,3.156599e-05,2.572,50.0
2004-05-08 00:00:00.000040448,18.004,74.08,171.31,3.206281e-05,2.572,25.0
2004-05-08 03:00:00.000040448,20.576,74.08,178.718,3.2559245e-05,2.572,0.0
2004-05-08 06:00:00.000040448,23.148,74.08,185.2,3.330315e-05,3.0864,340.0
2004-05-08 09:00:00.000040448,23.148,74.08,186.126,3.404614e-05,3.0864,330.0
2004-05-08 12:00:00.000040448,23.148,74.08,185.2,3.454095e-05,2.572,325.0
2004-05-08 15:00:00.000040448,23.148,74.08,185.2,3.5035337e-05,2.572,325.0
2004-05-08 18:00:00.000040448,23.148,74.08,185.2,3.5529305e-05,2.572,320.0
2004-05-08 21:00:00.000040448,22.1192,74.08,172.236,3.6022833e-05,3.0864,315.0
2004-05-09 00:00:00.000040448,20.576,74.08,157.42,3.651592e-05,5.144,305.0
2004-05-09 03:00:00.000040448,19.5472,61.116,157.42,3.7254722e-05,8.2304,300.0
