Time,Vmax,Rmax_IBT,R34,fcor,u_trans,v_trans
2013-05-10 18:00:00.000039936,18.004,64.82,101.86,1.5750842e-05,4.6296,315.0
2013-05-10 21:00:00.000039936,19.5472,61.116,113.435,1.6762664e-05,5.144,315.0
2013-05-11 00:00:00.000039936,20.576,55.56,125.01001,1.8026287e-05,6.6872,315.0
2013-05-11 03:00:00.000039936,22.1192,51.856,125.01001,1.9288536e-05,6.1728,320.0
2013-05-11 06:00:00.000039936,23.148,46.3,125.01001,2.0297284e-05,5.144,310.0
2013-05-11 09:00:00.000039936,23.148,42.596,130.103,2.1053198e-05,5.6584,300.0
2013-05-11 12:00:00.000039936,23.148,37.04,134.26999,2.1808535e-05,6.1728,310.0
2013-05-11 15:00:00.000039936,23.148,37.04,134.26999,2.2563274e-05,4.6296,325.0
2013-05-11 18:00:00.000039936,23.148,37.04,134.26999,2.306609e-05,4.6296,325.0
2013-05-11 21:00:00.000039936,23.148,37.04,134.26999,2.3568628e-05,5.144,315.0
2013-05-12 00:00:00.000039936,23.148,37.04,134.26999,2.4070872e-05,4.1152,300.0
2013-05-12 03:00:00.000039936,23.148,37.04,134.26999,2.4572832e-05,2.572,295.0
2013-05-12 06:00:00.000039936,23.148,37.04,134.26999,2.5074483e-05,3.0864,315.0
2013-05-12 09:00:00.000039936,23.148,37.04,134.26999,2.5575835e-05,3.0864,315.0
2013-05-12 12:00:00.000039936,23.148,37.04,134.26999,2.6076874e-05,2.572,300.0
2013-05-12 15:00:00.000039936,23.148,37.04,134.26999,2.6577594e-05,3.0864,320.0
2013-05-12 18:00:00.000039936,23.148,37.04,134.26999,2.7328068e-05,2.572,350.0
2013-05-12 21:00:00.000039936,23.148,37.04,134.26999,2.807779e-05,3.0864,350.0
2013-05-13 00:00:00.000039936,23.148,37.04,134.26999,2.882674e-05,4.1152,350.0
2013-05-13 03:00:00.000039936,23.148,37.04,134.26999,2.9574905e-05,2.572,345.0
2013-05-13 06:00:00.000039936,23.148,37.04,134.26999,3.0073232e-05,2.572,295.0
2013-05-13 09:00:00.000039936,23.148,37.04,134.26999,3.0571195e-05,3.0864,290.0
2013-05-13 12:00:00.000039936,23.148,37.04,134.26999,3.1068776e-05,3.0864,340.0
2013-05-13 15:00:00.000039936,23.148,46.3,134.733,3.206281e-05,3.6008,330.0
2013-05-13 18:00:00.000039936,23.148,55.56,134.27,3.305528e-05,3.6008,335.0
2013-05-13 21:00:00.000039936,23.148,61.116,126.862,3.3798577e-05,4.1152,0.0
2013-05-14 00:00:00.000039936,23.148,64.82,118.065,3.454095e-05,2.572,10.0
2013-05-14 03:00:00.000039936,23.148,55.56,118.065,3.5282377e-05,2.572,20.0
2013-05-14 06:00:00.000039936,23.148,46.3,118.065,3.577612e-05,2.572,25.0
2013-05-14 09:00:00.000039936,23.148,46.3,118.065,3.626943e-05,3.6008,40.0
2013-05-14 12:00:00.000039936,23.148,46.3,118.065,3.700857e-05,4.1152,35.0
2013-05-14 15:00:00.000039936,23.148,46.3,116.213,3.7992504e-05,4.6296,35.0
2013-05-14 18:00:00.000039936,23.148,46.3,113.435,3.9219805e-05,5.6584,25.0
2013-05-14 21:00:00.000039936,23.148,42.596,113.435,4.0199502e-05,5.6584,25.0
2013-05-15 00:00:00.000039936,23.148,37.04,113.435,4.142137e-05,5.6584,25.0
2013-05-15 03:00:00.000039936,23.148,37.04,113.435,4.2640077e-05,5.6584,25.0
2013-05-15 06:00:00.000039936,23.148,37.04,113.435,4.385554e-05,5.6584,30.0
2013-05-15 09:00:00.000039936,23.148,37.04,113.435,4.506766e-05,6.1728,30.0
2013-05-15 12:00:00.000039936,23.148,37.04,113.435,4.627635e-05,6.6872,35.0
2013-05-15 15:00:00.000039936,23.148,37.04,118.991,4.7722115e-05,6.1728,25.0
2013-05-15 18:00:00.000039936,23.148,37.04,122.695,4.916265e-05,6.1728,30.0
2013-05-15 21:00:00.000039936,23.148,37.04,122.695,5.035898e-05,6.6872,40.0
2013-05-16 00:00:00.000039936,23.148,37.04,122.695,5.155148e-05,8.744801,35.0
2013-05-16 03:00:00.000039936,22.1192,37.04,122.695,5.345127e-05,12.860001,30.0
2013-05-16 06:00:00.000039936,20.576,37.04,122.695,5.5576067e-05,13.8888,35.0
