Time,Vmax,Rmax_IBT,R34,fcor,u_trans,v_trans
2023-05-11 00:00:00.000039936,18.004,111.12,155.105,2.807779e-05,1.5432,335.0
2023-05-11 03:00:00.000039936,20.576,96.304,131.49199,2.8327528e-05,1.5432,345.0
2023-05-11 06:00:00.000039936,23.148,79.636,106.49,2.882674e-05,2.0576,355.0
2023-05-11 09:00:00.000039936,24.6912,64.82,112.508995,2.9574905e-05,3.0864,0.0
2023-05-11 12:00:00.000039936,26.2344,48.152,117.139,3.0322259e-05,3.6008,0.0
2023-05-11 15:00:00.000039936,28.8064,48.152,155.56801,3.131743e-05,4.1152,0.0
2023-05-11 18:00:00.000039936,30.864,48.152,193.071,3.231108e-05,3.6008,5.0
2023-05-11 21:00:00.000039936,31.8928,48.152,193.071,3.305528e-05,3.0864,10.0
2023-05-12 00:00:00.000039936,32.9216,48.152,193.071,3.3798577e-05,3.0864,10.0
2023-05-12 03:00:00.000039936,35.4936,48.152,193.071,3.454095e-05,3.0864,10.0
2023-05-12 06:00:00.000039936,38.0656,48.152,193.071,3.5282377e-05,3.6008,25.0
2023-05-12 09:00:00.000039936,42.1808,33.336,193.071,3.6022833e-05,3.6008,35.0
2023-05-12 12:00:00.000039936,45.7816,16.668,193.071,3.67623e-05,2.572,20.0
2023-05-12 15:00:00.000039936,50.925602,16.668,193.99701,3.7254722e-05,2.0576,0.0
2023-05-12 18:00:00.000039936,56.0696,16.668,194.923,3.7746686e-05,1.5432,20.0
2023-05-12 21:00:00.000039936,57.6128,16.668,155.105,3.7992504e-05,2.572,50.0
2023-05-13 00:00:00.000039936,59.156002,16.668,114.824,3.8483773e-05,4.1152,55.0
2023-05-13 03:00:00.000039936,59.156002,20.372,162.04999,3.9219805e-05,5.6584,50.0
2023-05-13 06:00:00.000039936,59.156002,22.223999,207.424,4.0199502e-05,6.1728,45.0
2023-05-13 09:00:00.000039936,62.7568,22.223999,207.424,4.1177245e-05,6.1728,40.0
2023-05-13 12:00:00.000039936,65.8432,22.223999,207.424,4.239659e-05,5.144,30.0
2023-05-13 15:00:00.000039936,65.8432,22.223999,207.424,4.3369746e-05,5.144,20.0
2023-05-13 18:00:00.000039936,65.8432,22.223999,207.424,4.458322e-05,5.144,25.0
2023-05-13 21:00:00.000039936,68.4152,22.223999,215.75801,4.5551555e-05,5.6584,35.0
2023-05-14 00:00:00.000039936,70.9872,22.223999,223.629,4.675884e-05,6.1728,35.0
2023-05-14 03:00:00.000039936,69.958405,20.372,231.96301,4.796257e-05,6.6872,30.0
2023-05-14 06:00:00.000039936,68.9296,18.52,239.371,4.9402213e-05,5.6584,30.0
2023-05-14 09:00:00.000039936,61.728,25.928,224.092,5.035898e-05,6.1728,30.0
