Time,Vmax,Rmax_IBT,R34,fcor,u_trans,v_trans
2016-05-18 06:00:00.000039936,23.148,46.3,97.23,3.5035337e-05,3.6008,0.0
2016-05-18 09:00:00.000039936,23.148,46.3,97.23,3.577612e-05,3.0864,0.0
2016-05-18 12:00:00.000039936,23.148,46.3,97.23,3.626943e-05,2.0576,0.0
2016-05-18 15:00:00.000039936,23.148,46.3,131.49199,3.700857e-05,1.5432,0.0
2016-05-18 18:00:00.000039936,23.148,46.3,164.36499,3.7500762e-05,1.5432,25.0
2016-05-18 21:00:00.000039936,23.148,46.3,164.36499,3.7746686e-05,2.572,35.0
2016-05-19 00:00:00.000039936,23.148,46.3,164.36499,3.7992504e-05,3.6008,40.0
2016-05-19 03:00:00.000039936,24.6912,46.3,168.06898,3.7992504e-05,2.572,50.0
2016-05-19 06:00:00.000039936,25.720001,46.3,171.31,3.8238195e-05,2.0576,65.0
2016-05-19 09:00:00.000039936,25.720001,55.56,171.31,3.8483773e-05,3.0864,50.0
2016-05-19 12:00:00.000039936,25.720001,64.82,171.31,3.9219805e-05,4.1152,45.0
2016-05-19 15:00:00.000039936,24.6912,64.82,167.606,4.0444127e-05,4.6296,40.0
2016-05-19 18:00:00.000039936,23.148,64.82,162.04999,4.1665367e-05,5.144,40.0
2016-05-19 21:00:00.000039936,23.148,64.82,153.25299,4.288343e-05,6.1728,40.0
2016-05-20 00:00:00.000039936,23.148,64.82,143.53,4.409823e-05,8.2304,45.0
2016-05-20 03:00:00.000039936,24.6912,64.82,157.883,4.5551555e-05,8.2304,45.0
2016-05-20 06:00:00.000039936,25.720001,64.82,171.31,4.675884e-05,6.1728,50.0
2016-05-20 09:00:00.000039936,27.2632,64.82,171.31,4.7240763e-05,8.744801,60.0
2016-05-20 12:00:00.000039936,28.292,64.82,171.31,4.7722115e-05,9.2592,60.0
2016-05-20 15:00:00.000039936,28.292,61.116,174.08801,4.868306e-05,7.2016,55.0
2016-05-20 18:00:00.000039936,28.292,55.56,175.94,4.9880902e-05,7.716,60.0
2016-05-20 21:00:00.000039936,29.835201,51.856,186.58899,5.059779e-05,7.716,65.0
2016-05-21 00:00:00.000039936,30.864,46.3,196.77501,5.155148e-05,9.2592,60.0
2016-05-21 03:00:00.000039936,29.835201,51.856,199.55298,5.2977284e-05,9.7736,55.0
2016-05-21 06:00:00.000039936,28.292,55.56,201.405,5.4633376e-05,8.2304,40.0
2016-05-21 09:00:00.000039936,24.6912,64.82,201.405,5.6750614e-05,7.2016,40.0
