Time,Vmax,Rmax_IBT,R34,fcor,u_trans,v_trans
2020-05-16 00:00:00.000039936,18.004,111.12,113.435,2.4572832e-05,3.0864,335.0
2020-05-16 03:00:00.000039936,19.5472,107.416,126.399,2.4823696e-05,3.0864,325.0
2020-05-16 06:00:00.000039936,20.576,101.86,138.90001,2.5074483e-05,2.0576,345.0
2020-05-16 09:00:00.000039936,23.148,98.156,145.845,2.5575835e-05,1.5432,15.0
2020-05-16 12:00:00.000039936,25.720001,92.6,152.79001,2.6076874e-05,1.5432,5.0
2020-05-16 15:00:00.000039936,27.2632,79.636,151.864,2.6577594e-05,1.5432,350.0
2020-05-16 18:00:00.000039936,28.292,64.82,150.47499,2.707799e-05,1.5432,0.0
2020-05-16 21:00:00.000039936,29.835201,61.116,160.661,2.7328068e-05,1.5432,0.0
2020-05-17 00:00:00.000039936,30.864,55.56,168.995,2.7827968e-05,1.0288,0.0
2020-05-17 03:00:00.000039936,33.436,51.856,184.274,2.8327528e-05,1.5432,15.0
2020-05-17 06:00:00.000039936,36.008,46.3,199.09,2.882674e-05,1.5432,5.0
2020-05-17 09:00:00.000039936,38.58,42.596,220.388,2.9325609e-05,2.572,5.0
2020-05-17 12:00:00.000039936,41.152,37.04,240.76,2.9824112e-05,4.6296,15.0
2020-05-17 15:00:00.000039936,51.440002,33.336,250.01999,3.0571195e-05,3.0864,15.0
2020-05-17 18:00:00.000039936,61.728,27.78,259.28,3.156599e-05,2.0576,15.0
2020-05-17 21:00:00.000039936,64.3,24.076,259.74298,3.231108e-05,3.6008,0.0
2020-05-18 00:00:00.000039936,66.872,18.52,259.28,3.305528e-05,2.572,330.0
2020-05-18 03:00:00.000039936,69.444,18.52,256.039,3.330315e-05,1.5432,330.0
2020-05-18 06:00:00.000039936,72.016,18.52,252.335,3.3798577e-05,2.0576,360.0
2020-05-18 09:00:00.000039936,73.559204,18.52,262.984,3.454095e-05,3.6008,15.0
2020-05-18 12:00:00.000039936,74.588,18.52,273.16998,3.5529305e-05,4.1152,15.0
2020-05-18 15:00:00.000039936,73.559204,18.52,287.523,3.626943e-05,4.1152,15.0
2020-05-18 18:00:00.000039936,72.016,18.52,300.94998,3.7254722e-05,3.6008,15.0
2020-05-18 21:00:00.000039936,68.4152,20.372,312.062,3.7992504e-05,3.6008,15.0
2020-05-19 00:00:00.000039936,64.3,22.223999,321.78497,3.897458e-05,4.6296,15.0
2020-05-19 03:00:00.000039936,60.6992,20.372,311.599,4.0199502e-05,5.144,10.0
2020-05-19 06:00:00.000039936,56.584,18.52,300.95,4.142137e-05,5.144,5.0
2020-05-19 09:00:00.000039936,55.5552,18.52,291.69,4.239659e-05,4.6296,5.0
2020-05-19 12:00:00.000039936,54.012,18.52,282.43,4.3369746e-05,5.144,5.0
2020-05-19 15:00:00.000039936,54.012,18.52,273.633,4.458322e-05,5.144,10.0
2020-05-19 18:00:00.000039936,54.012,18.52,263.91,4.5793287e-05,4.1152,10.0
2020-05-19 21:00:00.000039936,52.9832,18.52,255.11298,4.675884e-05,4.6296,20.0
2020-05-20 00:00:00.000039936,51.440002,18.52,245.39,4.796257e-05,6.1728,20.0
2020-05-20 03:00:00.000039936,50.4112,18.52,231.037,4.9402213e-05,7.716,15.0
2020-05-20 06:00:00.000039936,48.868,18.52,215.295,5.1074945e-05,8.2304,15.0
2020-05-20 09:00:00.000039936,48.868,18.52,198.164,5.2977284e-05,8.2304,15.0
