Time,Vmax,Rmax_IBT,R34,fcor,u_trans,v_trans
2018-05-17 00:00:00.000039936,20.576,55.56,83.34,3.330315e-05,2.572,270.0
2018-05-17 03:00:00.000039936,22.1192,55.56,88.895996,3.330315e-05,2.572,260.0
2018-05-17 06:00:00.000039936,23.148,55.56,92.600006,3.330315e-05,2.572,255.0
2018-05-17 09:00:00.000039936,24.6912,51.856,95.378006,3.305528e-05,2.572,260.0
2018-05-17 12:00:00.000039936,25.720001,46.3,97.229996,3.280731e-05,4.1152,255.0
2018-05-17 15:00:00.000039936,25.720001,46.3,96.304,3.206281e-05,4.6296,245.0
2018-05-17 18:00:00.000039936,25.720001,46.3,94.915,3.131743e-05,4.6296,240.0
2018-05-17 21:00:00.000039936,25.720001,46.3,111.583,3.0571195e-05,4.6296,240.0
2018-05-18 00:00:00.000039936,25.720001,46.3,127.325,3.0073232e-05,4.1152,240.0
2018-05-18 03:00:00.000039936,27.2632,46.3,128.714,2.9824112e-05,3.0864,240.0
2018-05-18 06:00:00.000039936,28.292,46.3,129.64,2.9574905e-05,3.0864,245.0
2018-05-18 09:00:00.000039936,29.835201,42.596,118.528,2.9325609e-05,2.572,235.0
2018-05-18 12:00:00.000039936,30.864,37.04,106.49,2.9076216e-05,2.572,225.0
2018-05-18 15:00:00.000039936,32.4072,37.04,95.37799,2.882674e-05,2.572,230.0
2018-05-18 18:00:00.000039936,33.436,37.04,83.34,2.8327528e-05,2.0576,235.0
2018-05-18 21:00:00.000039936,32.4072,37.04,90.748,2.7827968e-05,2.0576,235.0
2018-05-19 00:00:00.000039936,30.864,37.04,97.229996,2.7578055e-05,3.0864,240.0
2018-05-19 03:00:00.000039936,29.835201,37.04,95.378006,2.707799e-05,3.0864,240.0
2018-05-19 06:00:00.000039936,28.292,37.04,92.59999,2.6827835e-05,2.572,235.0
