Time,Vmax,Rmax_IBT,R34,fcor,u_trans,v_trans
2015-06-07 18:00:00.000039936,20.576,74.08,120.380005,4.3126656e-05,4.1152,345.0
2015-06-07 21:00:00.000039936,20.576,74.08,120.380005,4.385554e-05,5.6584,320.0
2015-06-08 00:00:00.000039936,20.576,74.08,120.380005,4.4825505e-05,5.6584,310.0
2015-06-08 03:00:00.000039936,22.1192,74.08,118.528,4.506766e-05,3.0864,300.0
2015-06-08 06:00:00.000039936,23.148,74.08,115.75,4.5309676e-05,3.6008,315.0
2015-06-08 09:00:00.000039936,23.148,74.08,115.75,4.6034886e-05,4.6296,320.0
2015-06-08 12:00:00.000039936,23.148,74.08,115.75,4.6999867e-05,3.6008,315.0
2015-06-08 15:00:00.000039936,24.6912,70.376,132.418,4.7722115e-05,4.6296,310.0
2015-06-08 18:00:00.000039936,25.720001,64.82,148.16,4.844305e-05,5.144,315.0
2015-06-08 21:00:00.000039936,25.720001,64.82,148.16,4.9402213e-05,5.144,325.0
2015-06-09 00:00:00.000039936,25.720001,64.82,148.16,5.035898e-05,4.1152,315.0
2015-06-09 03:00:00.000039936,25.720001,61.116,148.16,5.083645e-05,3.6008,300.0
2015-06-09 06:00:00.000039936,25.720001,55.56,148.16,5.131329e-05,5.144,295.0
2015-06-09 09:00:00.000039936,25.720001,55.56,148.16,5.178951e-05,5.6584,295.0
2015-06-09 12:00:00.000039936,25.720001,55.56,148.16,5.2027382e-05,5.144,295.0
2015-06-09 15:00:00.000039936,27.2632,55.56,148.16,5.22651e-05,3.0864,285.0
2015-06-09 18:00:00.000039936,28.292,55.56,148.16,5.22651e-05,2.572,280.0
2015-06-09 21:00:00.000039936,28.292,55.56,148.16,5.22651e-05,3.0864,275.0
2015-06-10 00:00:00.000039936,28.292,55.56,148.16,5.22651e-05,2.572,265.0
2015-06-10 03:00:00.000039936,28.292,55.56,137.974,5.22651e-05,2.0576,265.0
2015-06-10 06:00:00.000039936,28.292,55.56,127.325005,5.2027382e-05,2.0576,255.0
2015-06-10 09:00:00.000039936,27.2632,51.856,127.325005,5.2027382e-05,1.5432,250.0
2015-06-10 12:00:00.000039936,25.720001,46.3,127.325005,5.178951e-05,1.5432,220.0
2015-06-10 15:00:00.000039936,24.6912,55.56,127.325005,5.155148e-05,1.5432,210.0
2015-06-10 18:00:00.000039936,23.148,64.82,127.325005,5.131329e-05,0.5144,75.0
2015-06-10 21:00:00.000039936,23.148,64.82,127.325005,5.155148e-05,1.0288,285.0
2015-06-11 00:00:00.000039936,23.148,64.82,127.325005,5.178951e-05,2.0576,270.0
2015-06-11 03:00:00.000039936,23.148,64.82,131.029,5.178951e-05,1.5432,270.0
2015-06-11 06:00:00.000039936,23.148,64.82,134.27,5.178951e-05,2.0576,270.0
2015-06-11 09:00:00.000039936,22.1192,61.116,131.492,5.178951e-05,2.0576,270.0
2015-06-11 12:00:00.000039936,20.576,55.56,127.325,5.178951e-05,2.0576,270.0
2015-06-11 15:00:00.000039936,19.5472,64.82,127.325,5.178951e-05,1.0288,270.0
2015-06-11 18:00:00.000039936,18.004,74.08,127.325,5.178951e-05,0.5144,270.0
2015-06-11 21:00:00.000039936,18.004,74.08,127.325,5.178951e-05,0.5144,270.0
