Time,Vmax,Rmax_IBT,R34,fcor,u_trans,v_trans
2009-04-15 18:00:00.000039936,20.576,46.3,55.56,4.093299e-05,2.572,355.0
2009-04-15 21:00:00.000039936,22.1192,46.3,69.913,4.142137e-05,3.0864,335.0
2009-04-16 00:00:00.000039936,23.148,46.3,83.34,4.2152973e-05,4.1152,350.0
2009-04-16 03:00:00.000039936,23.148,46.3,83.34,4.3126656e-05,4.6296,10.0
2009-04-16 06:00:00.000039936,23.148,46.3,83.34,4.409823e-05,4.6296,10.0
2009-04-16 09:00:00.000039936,24.6912,46.3,82.414,4.506766e-05,5.144,25.0
2009-04-16 12:00:00.000039936,25.720001,46.3,81.025,4.6034886e-05,4.1152,35.0
2009-04-16 15:00:00.000039936,25.720001,46.3,90.284996,4.675884e-05,5.144,30.0
2009-04-16 18:00:00.000039936,25.720001,46.3,99.545006,4.7722115e-05,7.2016,35.0
2009-04-16 21:00:00.000039936,25.720001,46.3,105.101006,4.868306e-05,6.6872,45.0
2009-04-17 00:00:00.000039936,25.720001,46.3,108.80499,4.9880902e-05,6.1728,55.0
2009-04-17 03:00:00.000039936,25.720001,46.3,108.80499,5.083645e-05,6.1728,60.0
2009-04-17 06:00:00.000039936,25.720001,46.3,108.80499,5.178951e-05,7.2016,55.0
2009-04-17 09:00:00.000039936,24.6912,46.3,108.80499,5.250265e-05,6.6872,65.0
2009-04-17 12:00:00.000039936,23.148,46.3,108.80499,5.321436e-05,7.716,70.0
2009-04-17 15:00:00.000039936,23.148,46.3,108.80499,5.392461e-05,7.2016,70.0
