Time,Vmax,Rmax_IBT,R34,fcor,u_trans,v_trans
2008-04-27 18:00:00.000039936,23.148,74.08,83.34,3.156599e-05,4.6296,320.0
2008-04-27 21:00:00.000039936,25.720001,55.56,107.416,3.1814445e-05,2.572,325.0
2008-04-28 00:00:00.000039936,28.292,37.04,129.64,3.231108e-05,1.0288,0.0
2008-04-28 03:00:00.000039936,30.864,37.04,138.9,3.280731e-05,1.0288,0.0
2008-04-28 06:00:00.000039936,33.436,37.04,148.16,3.305528e-05,0.5144,275.0
2008-04-28 09:00:00.000039936,34.979202,37.04,148.16,3.280731e-05,1.0288,235.0
2008-04-28 12:00:00.000039936,36.008,37.04,148.16,3.2559245e-05,0.5144,280.0
2008-04-28 15:00:00.000039936,37.5512,37.04,146.308,3.280731e-05,1.0288,0.0
2008-04-28 18:00:00.000039936,38.58,37.04,143.53,3.330315e-05,1.0288,35.0
2008-04-28 21:00:00.000039936,38.58,33.336,152.79001,3.3550914e-05,1.0288,70.0
2008-04-29 00:00:00.000039936,38.58,27.78,162.04999,3.3550914e-05,1.0288,30.0
2008-04-29 03:00:00.000039936,38.58,27.78,162.04999,3.330315e-05,1.0288,30.0
2008-04-29 06:00:00.000039936,38.58,27.78,162.04999,3.305528e-05,0.5144,75.0
2008-04-29 09:00:00.000039936,37.5512,33.336,154.179,3.330315e-05,2.572,25.0
2008-04-29 12:00:00.000039936,36.008,37.04,145.845,3.404614e-05,2.572,25.0
2008-04-29 15:00:00.000039936,36.008,37.04,142.14099,3.47882e-05,1.5432,40.0
2008-04-29 18:00:00.000039936,36.008,37.04,136.585,3.5282377e-05,2.0576,55.0
2008-04-29 21:00:00.000039936,36.008,37.04,142.604,3.577612e-05,2.0576,55.0
2008-04-30 00:00:00.000039936,36.008,37.04,148.15999,3.626943e-05,2.572,35.0
2008-04-30 03:00:00.000039936,33.436,37.04,155.568,3.67623e-05,3.0864,45.0
2008-04-30 06:00:00.000039936,30.864,37.04,162.04999,3.700857e-05,2.572,70.0
2008-04-30 09:00:00.000039936,32.4072,37.04,163.439,3.7254722e-05,2.572,75.0
2008-04-30 12:00:00.000039936,33.436,37.04,164.36499,3.7746686e-05,3.6008,55.0
2008-04-30 15:00:00.000039936,33.436,33.336,164.828,3.7992504e-05,3.6008,55.0
2008-04-30 18:00:00.000039936,33.436,27.78,164.36499,3.8483773e-05,2.0576,70.0
2008-04-30 21:00:00.000039936,33.436,27.78,170.847,3.872924e-05,3.6008,55.0
2008-05-01 00:00:00.000039936,33.436,27.78,175.94,3.9219805e-05,6.1728,70.0
2008-05-01 03:00:00.000039936,34.979202,27.78,175.94,3.9709896e-05,6.1728,70.0
2008-05-01 06:00:00.000039936,36.008,27.78,175.94,3.995476e-05,4.6296,70.0
2008-05-01 09:00:00.000039936,43.724,27.78,181.49602,3.995476e-05,4.6296,90.0
2008-05-01 12:00:00.000039936,51.440002,27.78,185.2,3.995476e-05,4.6296,90.0
2008-05-01 15:00:00.000039936,51.440002,24.076,194.46,3.9709896e-05,5.144,95.0
2008-05-01 18:00:00.000039936,51.440002,18.52,203.72,3.9709896e-05,5.144,90.0
2008-05-01 21:00:00.000039936,54.012,18.52,208.813,3.9709896e-05,5.144,90.0
2008-05-02 00:00:00.000039936,56.584,18.52,212.98,3.9709896e-05,4.6296,90.0
2008-05-02 03:00:00.000039936,58.1272,18.52,218.073,3.9709896e-05,4.6296,85.0
2008-05-02 06:00:00.000039936,59.156002,18.52,222.23999,3.995476e-05,5.144,85.0
2008-05-02 09:00:00.000039936,59.156002,24.076,220.388,3.995476e-05,4.6296,85.0
