Time,Vmax,Rmax_IBT,R34,fcor,u_trans,v_trans
2019-04-27 00:00:00.000039936,18.004,55.56,113.435,1.1696372e-05,3.6008,0.0
2019-04-27 03:00:00.000039936,20.576,55.56,130.103,1.2203745e-05,3.0864,0.0
2019-04-27 06:00:00.000039936,23.148,55.56,145.845,1.2964522e-05,3.0864,355.0
2019-04-27 09:00:00.000039936,23.148,55.56,156.03099,1.4231685e-05,4.6296,345.0
2019-04-27 12:00:00.000039936,23.148,55.56,164.365,1.5497764e-05,5.144,335.0
2019-04-27 15:00:00.000039936,23.148,55.56,145.845,1.6256854e-05,5.144,310.0
2019-04-27 18:00:00.000039936,23.148,55.56,127.325,1.6762664e-05,4.6296,305.0
2019-04-27 21:00:00.000039936,23.148,55.56,135.659,1.7268272e-05,3.0864,325.0
2019-04-28 00:00:00.000039936,23.148,55.56,143.53,1.7520999e-05,2.0576,350.0
2019-04-28 03:00:00.000039936,23.148,55.56,142.604,1.8026287e-05,1.5432,345.0
2019-04-28 06:00:00.000039936,23.148,55.56,141.215,1.8531358e-05,2.572,335.0
2019-04-28 09:00:00.000039936,23.148,55.56,143.99301,1.9036203e-05,4.1152,325.0
2019-04-28 12:00:00.000039936,23.148,55.56,145.845,1.9540814e-05,3.0864,320.0
2019-04-28 15:00:00.000039936,23.148,55.56,137.048,1.9793031e-05,1.5432,330.0
2019-04-28 18:00:00.000039936,23.148,55.56,127.325,2.0297284e-05,1.5432,345.0
2019-04-28 21:00:00.000039936,23.148,55.56,131.02899,2.1053198e-05,2.0576,345.0
2019-04-29 00:00:00.000039936,23.148,55.56,134.27,2.1808535e-05,2.572,340.0
2019-04-29 03:00:00.000039936,24.6912,55.56,136.122,2.2814716e-05,3.6008,345.0
2019-04-29 06:00:00.000039936,25.720001,55.56,136.58499,2.3819783e-05,5.144,350.0
2019-04-29 09:00:00.000039936,28.292,55.56,164.828,2.5074483e-05,4.6296,355.0
2019-04-29 12:00:00.000039936,30.864,55.56,192.145,2.6076874e-05,4.1152,350.0
2019-04-29 15:00:00.000039936,33.436,55.56,188.904,2.707799e-05,4.1152,335.0
2019-04-29 18:00:00.000039936,36.008,55.56,185.2,2.7827968e-05,4.1152,335.0
2019-04-29 21:00:00.000039936,40.1232,33.336,181.496,2.882674e-05,4.6296,345.0
2019-04-30 00:00:00.000039936,43.724,9.26,175.93999,3.0073232e-05,6.1728,340.0
2019-04-30 03:00:00.000039936,45.2672,9.26,185.663,3.131743e-05,6.1728,320.0
2019-04-30 06:00:00.000039936,46.296,9.26,194.46,3.231108e-05,5.6584,310.0
2019-04-30 09:00:00.000039936,47.8392,16.668,185.663,3.280731e-05,5.6584,300.0
2019-04-30 12:00:00.000039936,48.868,22.223999,175.94,3.330315e-05,4.1152,295.0
2019-04-30 15:00:00.000039936,51.440002,22.223999,183.34799,3.3550914e-05,2.572,305.0
2019-04-30 18:00:00.000039936,54.012,22.223999,189.83,3.404614e-05,2.0576,310.0
2019-04-30 21:00:00.000039936,54.012,22.223999,198.627,3.454095e-05,2.572,320.0
2019-05-01 00:00:00.000039936,54.012,22.223999,206.035,3.5035337e-05,2.572,335.0
2019-05-01 03:00:00.000039936,54.012,22.223999,200.479,3.5282377e-05,1.5432,350.0
2019-05-01 06:00:00.000039936,54.012,22.223999,194.46,3.577612e-05,2.572,15.0
2019-05-01 09:00:00.000039936,54.012,16.668,194.46,3.651592e-05,3.6008,10.0
2019-05-01 12:00:00.000039936,54.012,9.26,194.46,3.7254722e-05,3.0864,5.0
2019-05-01 15:00:00.000039936,54.012,9.26,218.073,3.7746686e-05,2.0576,5.0
2019-05-01 18:00:00.000039936,54.012,9.26,240.76,3.8238195e-05,2.572,20.0
2019-05-01 21:00:00.000039936,55.5552,9.26,242.612,3.897458e-05,3.6008,25.0
2019-05-02 00:00:00.000039936,56.584,9.26,243.07498,3.9709896e-05,4.1152,25.0
2019-05-02 03:00:00.000039936,59.156002,9.26,248.63101,4.093299e-05,4.6296,15.0
2019-05-02 06:00:00.000039936,61.728,9.26,252.33499,4.2152973e-05,4.6296,10.0
2019-05-02 09:00:00.000039936,69.444,16.668,258.817,4.3126656e-05,4.1152,0.0
2019-05-02 12:00:00.000039936,77.16,22.223999,263.91,4.409823e-05,3.6008,5.0
2019-05-02 15:00:00.000039936,76.1312,22.223999,271.318,4.4825505e-05,3.6008,15.0
2019-05-02 18:00:00.000039936,74.588,22.223999,277.8,4.5793287e-05,4.1152,25.0
2019-05-02 21:00:00.000039936,72.016,22.223999,269.003,4.675884e-05,5.144,30.0
2019-05-03 00:00:00.000039936,69.444,22.223999,259.28,4.7722115e-05,5.6584,25.0
2019-05-03 03:00:00.000039936,64.3,20.372,243.538,4.892293e-05,6.1728,20.0
