Time,Vmax,Rmax_IBT,R34,fcor,u_trans,v_trans
2012-10-29 18:00:00.000039936,20.576,74.08,92.6,2.130504e-05,1.0288,90.0
2012-10-29 21:00:00.000039936,20.576,74.08,92.6,2.130504e-05,1.5432,70.0
2012-10-30 00:00:00.000039936,20.576,74.08,92.6,2.1808535e-05,1.0288,25.0
2012-10-30 03:00:00.000039936,22.1192,74.08,92.6,2.231176e-05,1.5432,340.0
2012-10-30 06:00:00.000039936,23.148,74.08,92.6,2.306609e-05,3.0864,350.0
2012-10-30 09:00:00.000039936,23.148,70.376,92.6,2.4070872e-05,3.6008,355.0
2012-10-30 12:00:00.000039936,23.148,64.82,92.6,2.5074483e-05,2.572,355.0
2012-10-30 15:00:00.000039936,24.6912,64.82,116.213,2.6327272e-05,3.6008,350.0
2012-10-30 18:00:00.000039936,25.720001,64.82,138.9,2.7328068e-05,3.6008,335.0
2012-10-30 21:00:00.000039936,25.720001,64.82,133.344,2.807779e-05,4.6296,305.0
2012-10-31 00:00:00.000039936,25.720001,64.82,127.325,2.857718e-05,6.6872,305.0
2012-10-31 03:00:00.000039936,25.720001,46.3,128.71399,2.9325609e-05,5.6584,315.0
2012-10-31 06:00:00.000039936,25.720001,27.78,129.64,3.0073232e-05,6.6872,325.0
2012-10-31 09:00:00.000039936,25.720001,33.336,129.64,3.1068776e-05,7.716,310.0
