Time,Vmax,Rmax_IBT,R34,fcor,u_trans,v_trans
2003-11-13 00:00:00.000040448,28.292,55.56,185.2,1.5750842e-05,2.572,270.0
2003-11-13 03:00:00.000040448,29.835201,55.56,194.46,1.5750842e-05,1.5432,270.0
2003-11-13 06:00:00.000040448,30.864,55.56,203.72,1.5750842e-05,2.572,250.0
2003-11-13 09:00:00.000040448,32.4072,55.56,208.35,1.5497764e-05,3.0864,240.0
2003-11-13 12:00:00.000040448,33.436,55.56,212.98001,1.5497764e-05,3.6008,260.0
2003-11-13 15:00:00.000040448,34.979202,51.856,212.98001,1.5497764e-05,2.572,270.0
2003-11-13 18:00:00.000040448,36.008,46.3,212.98001,1.5497764e-05,2.0576,265.0
2003-11-13 21:00:00.000040448,37.5512,37.04,212.98001,1.524464e-05,3.6008,260.0
2003-11-14 00:00:00.000040448,38.58,27.78,212.98001,1.4991469e-05,3.0864,260.0
2003-11-14 03:00:00.000040448,40.1232,27.78,212.98001,1.4738254e-05,4.1152,245.0
2003-11-14 06:00:00.000040448,41.152,27.78,212.98001,1.4484991e-05,4.1152,255.0
2003-11-14 09:00:00.000040448,37.5512,33.336,212.98001,1.4484991e-05,2.572,290.0
2003-11-14 12:00:00.000040448,33.436,37.04,212.98001,1.4738254e-05,2.0576,295.0
2003-11-14 15:00:00.000040448,29.835201,37.04,199.09,1.4738254e-05,2.0576,285.0
2003-11-14 18:00:00.000040448,25.720001,37.04,185.2,1.4991469e-05,1.5432,290.0
2003-11-14 21:00:00.000040448,23.148,37.04,185.2,1.524464e-05,1.0288,295.0
