Time,Vmax,Rmax_IBT,R34,fcor,u_trans,v_trans
2023-06-06 06:00:00.000039936,26.2344,64.82,75.932,3.0073232e-05,2.572,355.0
2023-06-06 09:00:00.000039936,27.2632,40.744,67.135,3.0571195e-05,2.0576,0.0
2023-06-06 12:00:00.000039936,27.7776,16.668,57.875,3.1068776e-05,1.5432,25.0
2023-06-06 15:00:00.000039936,31.8928,20.372,92.137,3.131743e-05,1.0288,65.0
2023-06-06 18:00:00.000039936,36.008,22.223999,125.473,3.131743e-05,1.0288,70.0
2023-06-06 21:00:00.000039936,37.0368,22.223999,125.473,3.131743e-05,0.5144,45.0
2023-06-07 00:00:00.000039936,38.0656,22.223999,125.473,3.156599e-05,1.0288,25.0
2023-06-07 03:00:00.000039936,39.6088,22.223999,118.528,3.206281e-05,2.0576,15.0
2023-06-07 06:00:00.000039936,41.152,22.223999,111.12,3.2559245e-05,3.0864,10.0
2023-06-07 09:00:00.000039936,42.1808,27.78,111.12,3.3550914e-05,3.6008,0.0
2023-06-07 12:00:00.000039936,43.209602,31.484,111.12,3.4293596e-05,3.0864,330.0
2023-06-07 15:00:00.000039936,43.209602,31.484,111.12,3.47882e-05,2.572,290.0
2023-06-07 18:00:00.000039936,43.209602,31.484,111.12,3.47882e-05,0.5144,255.0
2023-06-07 21:00:00.000039936,42.1808,31.484,123.158005,3.454095e-05,1.5432,110.0
2023-06-08 00:00:00.000039936,41.152,31.484,135.196,3.454095e-05,1.5432,40.0
2023-06-08 03:00:00.000039936,39.6088,31.484,135.196,3.5035337e-05,2.572,350.0
2023-06-08 06:00:00.000039936,38.0656,31.484,135.196,3.577612e-05,2.0576,340.0
2023-06-08 09:00:00.000039936,38.0656,31.484,135.196,3.6022833e-05,1.0288,335.0
2023-06-08 12:00:00.000039936,38.0656,31.484,135.196,3.626943e-05,0.5144,25.0
2023-06-08 15:00:00.000039936,38.0656,24.076,129.64,3.626943e-05,1.0288,90.0
2023-06-08 18:00:00.000039936,38.0656,16.668,122.695,3.626943e-05,1.5432,75.0
2023-06-08 21:00:00.000039936,35.4936,16.668,122.695,3.651592e-05,2.0576,65.0
2023-06-09 00:00:00.000039936,32.9216,16.668,122.695,3.67623e-05,3.0864,60.0
2023-06-09 03:00:00.000039936,32.9216,16.668,122.695,3.7254722e-05,3.6008,55.0
2023-06-09 06:00:00.000039936,32.9216,16.668,122.695,3.7746686e-05,3.0864,40.0
2023-06-09 09:00:00.000039936,31.8928,20.372,128.25099,3.8238195e-05,2.572,10.0
2023-06-09 12:00:00.000039936,30.864,22.223999,133.344,3.897458e-05,3.0864,5.0
2023-06-09 15:00:00.000039936,31.8928,22.223999,157.88301,3.995476e-05,3.6008,10.0
2023-06-09 18:00:00.000039936,32.9216,22.223999,181.496,4.0688625e-05,3.0864,5.0
2023-06-09 21:00:00.000039936,34.4648,22.223999,181.496,4.142137e-05,2.572,0.0
2023-06-10 00:00:00.000039936,36.008,22.223999,181.496,4.1909232e-05,2.572,0.0
2023-06-10 03:00:00.000039936,39.6088,22.223999,181.496,4.2640077e-05,2.572,0.0
2023-06-10 06:00:00.000039936,43.209602,22.223999,181.496,4.3126656e-05,1.5432,0.0
2023-06-10 09:00:00.000039936,44.7528,22.223999,181.496,4.3369746e-05,0.5144,0.0
2023-06-10 12:00:00.000039936,45.7816,22.223999,181.496,4.3369746e-05,0.5144,55.0
2023-06-10 15:00:00.000039936,49.8968,22.223999,181.496,4.3369746e-05,0.5144,45.0
2023-06-10 18:00:00.000039936,54.012,22.223999,181.496,4.3612705e-05,1.5432,5.0
2023-06-10 21:00:00.000039936,52.4688,22.223999,181.496,4.409823e-05,2.572,0.0
2023-06-11 00:00:00.000039936,50.925602,22.223999,181.496,4.4825505e-05,3.0864,10.0
2023-06-11 03:00:00.000039936,52.4688,22.223999,179.64401,4.5551555e-05,2.572,20.0
2023-06-11 06:00:00.000039936,54.012,22.223999,177.792,4.6034886e-05,2.0576,20.0
2023-06-11 09:00:00.000039936,54.012,22.223999,177.792,4.651767e-05,1.5432,15.0
2023-06-11 12:00:00.000039936,54.012,22.223999,177.792,4.675884e-05,1.5432,5.0
2023-06-11 15:00:00.000039936,49.8968,22.223999,203.72,4.7240763e-05,2.0576,0.0
2023-06-11 18:00:00.000039936,45.7816,22.223999,229.185,4.7722115e-05,2.0576,355.0
2023-06-11 21:00:00.000039936,44.7528,27.78,229.185,4.8202877e-05,1.5432,345.0
2023-06-12 00:00:00.000039936,43.209602,31.484,229.185,4.844305e-05,2.0576,325.0
2023-06-12 03:00:00.000039936,43.209602,31.484,229.185,4.892293e-05,2.0576,315.0
2023-06-12 06:00:00.000039936,43.209602,31.484,229.185,4.916265e-05,1.5432,320.0
2023-06-12 09:00:00.000039936,43.209602,31.484,229.185,4.9402213e-05,1.0288,335.0
2023-06-12 12:00:00.000039936,43.209602,31.484,229.185,4.9641636e-05,1.0288,355.0
2023-06-12 15:00:00.000039936,43.209602,31.484,229.185,4.9880902e-05,1.0288,10.0
2023-06-12 18:00:00.000039936,43.209602,31.484,229.185,5.012002e-05,2.0576,350.0
2023-06-12 21:00:00.000039936,44.7528,31.484,238.445,5.083645e-05,3.0864,345.0
2023-06-13 00:00:00.000039936,45.7816,31.484,245.853,5.155148e-05,3.0864,330.0
2023-06-13 03:00:00.000039936,45.7816,37.04,245.853,5.2027382e-05,2.572,315.0
2023-06-13 06:00:00.000039936,45.7816,40.744,245.853,5.250265e-05,2.572,305.0
2023-06-13 09:00:00.000039936,45.7816,40.744,245.853,5.2740055e-05,1.5432,305.0
2023-06-13 12:00:00.000039936,45.7816,40.744,245.853,5.2977284e-05,1.5432,15.0
2023-06-13 15:00:00.000039936,43.724,44.447998,237.056,5.345127e-05,2.0576,45.0
2023-06-13 18:00:00.000039936,41.152,48.152,227.33301,5.3688025e-05,1.0288,335.0
2023-06-13 21:00:00.000039936,43.724,44.447998,227.33301,5.3688025e-05,2.572,270.0
2023-06-14 00:00:00.000039936,45.7816,40.744,227.33301,5.3688025e-05,1.5432,245.0
2023-06-14 03:00:00.000039936,44.7528,37.04,201.405,5.345127e-05,0.5144,135.0
2023-06-14 06:00:00.000039936,43.209602,31.484,175.01399,5.345127e-05,2.0576,55.0
2023-06-14 09:00:00.000039936,39.6088,31.484,175.01399,5.392461e-05,3.0864,35.0
2023-06-14 12:00:00.000039936,36.008,31.484,175.01399,5.4633376e-05,2.0576,25.0
2023-06-14 15:00:00.000039936,34.4648,40.744,175.01399,5.4869302e-05,1.0288,10.0
2023-06-14 18:00:00.000039936,32.9216,48.152,175.01399,5.510506e-05,1.5432,0.0
2023-06-14 21:00:00.000039936,31.8928,48.152,168.069,5.5576067e-05,2.0576,10.0
2023-06-15 00:00:00.000039936,30.864,48.152,160.661,5.6046403e-05,1.5432,40.0
2023-06-15 03:00:00.000039936,30.864,51.856,160.661,5.6281307e-05,2.0576,75.0
2023-06-15 06:00:00.000039936,30.864,55.56,160.661,5.6281307e-05,3.0864,80.0
2023-06-15 09:00:00.000039936,29.3208,55.56,160.661,5.6516048e-05,4.1152,75.0
