Time,Vmax,Rmax_IBT,R34,fcor,u_trans,v_trans
2022-05-07 00:00:00.000039936,18.004,92.6,55.560005,2.3317392e-05,3.6008,305.0
2022-05-07 03:00:00.000039936,19.5472,79.636,61.116005,2.3568628e-05,1.5432,305.0
2022-05-07 06:00:00.000039936,20.576,64.82,64.82,2.3819783e-05,3.6008,315.0
2022-05-07 09:00:00.000039936,23.148,51.856,92.137,2.4572832e-05,5.6584,315.0
2022-05-07 12:00:00.000039936,25.720001,37.04,118.065,2.53252e-05,4.6296,315.0
2022-05-07 15:00:00.000039936,25.720001,27.78,126.399,2.5826394e-05,3.6008,315.0
2022-05-07 18:00:00.000039936,25.720001,18.52,134.27,2.6577594e-05,4.1152,310.0
2022-05-07 21:00:00.000039936,28.292,24.076,143.99301,2.7328068e-05,4.6296,310.0
2022-05-08 00:00:00.000039936,30.864,27.78,152.79001,2.807779e-05,4.6296,310.0
2022-05-08 03:00:00.000039936,32.4072,27.78,158.80899,2.9076216e-05,4.6296,315.0
2022-05-08 06:00:00.000039936,33.436,27.78,164.36499,3.0073232e-05,4.6296,315.0
2022-05-08 09:00:00.000039936,32.4072,27.78,188.904,3.1068776e-05,4.1152,315.0
2022-05-08 12:00:00.000039936,30.864,27.78,212.98,3.1814445e-05,4.6296,320.0
2022-05-08 15:00:00.000039936,30.864,27.78,216.684,3.2559245e-05,4.6296,320.0
2022-05-08 18:00:00.000039936,30.864,27.78,219.925,3.305528e-05,5.144,315.0
2022-05-08 21:00:00.000039936,30.864,37.04,217.61002,3.3798577e-05,5.6584,310.0
2022-05-09 00:00:00.000039936,30.864,46.3,215.295,3.454095e-05,4.6296,310.0
2022-05-09 03:00:00.000039936,29.835201,46.3,202.331,3.5035337e-05,4.1152,310.0
2022-05-09 06:00:00.000039936,28.292,46.3,187.515,3.5282377e-05,3.6008,305.0
2022-05-09 09:00:00.000039936,28.292,46.3,188.44101,3.577612e-05,3.6008,295.0
2022-05-09 12:00:00.000039936,28.292,46.3,187.515,3.6022833e-05,3.0864,295.0
2022-05-09 15:00:00.000039936,29.835201,46.3,192.608,3.626943e-05,3.0864,290.0
2022-05-09 18:00:00.000039936,30.864,46.3,196.77501,3.651592e-05,3.0864,290.0
2022-05-09 21:00:00.000039936,32.4072,51.856,201.86801,3.67623e-05,3.0864,290.0
2022-05-10 00:00:00.000039936,33.436,55.56,206.035,3.700857e-05,3.6008,285.0
2022-05-10 03:00:00.000039936,33.436,46.3,208.813,3.700857e-05,4.1152,280.0
2022-05-10 06:00:00.000039936,33.436,37.04,210.665,3.7254722e-05,3.6008,285.0
2022-05-10 09:00:00.000039936,30.864,37.04,185.66301,3.7500762e-05,3.6008,290.0
2022-05-10 12:00:00.000039936,28.292,37.04,159.735,3.7746686e-05,3.6008,285.0
2022-05-10 15:00:00.000039936,25.720001,37.04,136.12201,3.7992504e-05,3.6008,290.0
2022-05-10 18:00:00.000039936,23.148,37.04,111.12,3.8238195e-05,2.572,300.0
2022-05-10 21:00:00.000039936,22.1192,37.04,98.619,3.8483773e-05,1.5432,315.0
2022-05-11 00:00:00.000039936,20.576,37.04,85.655,3.897458e-05,1.5432,315.0
2022-05-11 03:00:00.000039936,20.576,37.04,77.784,3.9219805e-05,1.0288,310.0
2022-05-11 06:00:00.000039936,20.576,37.04,69.45,3.9464914e-05,1.0288,300.0
2022-05-11 09:00:00.000039936,19.5472,37.04,58.337997,3.9709896e-05,1.5432,295.0
