Time,Vmax,Rmax_IBT,R34,fcor,u_trans,v_trans
2019-06-10 12:00:00.000039936,23.148,92.6,78.71,3.3550914e-05,3.6008,345.0
2019-06-10 15:00:00.000039936,23.148,74.08,101.397,3.4293596e-05,3.0864,345.0
2019-06-10 18:00:00.000039936,23.148,55.56,122.69501,3.5035337e-05,3.0864,0.0
2019-06-10 21:00:00.000039936,24.6912,46.3,150.938,3.577612e-05,3.6008,10.0
2019-06-11 00:00:00.000039936,25.720001,37.04,178.25499,3.651592e-05,3.6008,10.0
2019-06-11 03:00:00.000039936,27.2632,42.596,153.25299,3.7254722e-05,3.0864,5.0
2019-06-11 06:00:00.000039936,28.292,46.3,127.325,3.8238195e-05,3.6008,0.0
2019-06-11 09:00:00.000039936,32.4072,37.04,131.029,3.9219805e-05,4.6296,0.0
2019-06-11 12:00:00.000039936,36.008,27.78,134.27,4.0199502e-05,4.6296,355.0
2019-06-11 15:00:00.000039936,38.58,27.78,143.993,4.142137e-05,5.144,350.0
2019-06-11 18:00:00.000039936,41.152,27.78,152.79,4.239659e-05,4.1152,345.0
2019-06-11 21:00:00.000039936,45.2672,27.78,164.828,4.3369746e-05,4.1152,340.0
2019-06-12 00:00:00.000039936,48.868,27.78,175.94,4.409823e-05,3.6008,335.0
2019-06-12 03:00:00.000039936,48.868,24.076,204.183,4.506766e-05,4.1152,340.0
2019-06-12 06:00:00.000039936,48.868,18.52,231.5,4.6034886e-05,4.1152,340.0
2019-06-12 09:00:00.000039936,47.8392,18.52,233.35199,4.675884e-05,3.6008,350.0
2019-06-12 12:00:00.000039936,46.296,18.52,233.815,4.748151e-05,3.6008,350.0
2019-06-12 15:00:00.000039936,45.2672,27.78,215.758,4.8202877e-05,3.0864,345.0
2019-06-12 18:00:00.000039936,43.724,37.04,196.775,4.892293e-05,2.572,345.0
2019-06-12 21:00:00.000039936,43.724,37.04,191.682,4.9402213e-05,2.572,345.0
2019-06-13 00:00:00.000039936,43.724,37.04,185.2,4.9880902e-05,2.572,340.0
2019-06-13 03:00:00.000039936,46.296,24.076,187.978,5.059779e-05,2.0576,330.0
2019-06-13 06:00:00.000039936,48.868,9.26,189.82999,5.1074945e-05,2.0576,325.0
2019-06-13 09:00:00.000039936,50.4112,11.1119995,189.367,5.155148e-05,2.572,320.0
2019-06-13 12:00:00.000039936,51.440002,12.964,187.51498,5.178951e-05,1.5432,305.0
2019-06-13 15:00:00.000039936,51.440002,11.1119995,187.978,5.2027382e-05,1.0288,285.0
2019-06-13 18:00:00.000039936,51.440002,9.26,187.51501,5.2027382e-05,1.0288,285.0
2019-06-13 21:00:00.000039936,50.4112,9.26,188.90399,5.22651e-05,1.5432,290.0
2019-06-14 00:00:00.000039936,48.868,9.26,189.83,5.22651e-05,1.0288,280.0
2019-06-14 03:00:00.000039936,47.8392,14.816,193.53401,5.22651e-05,1.0288,255.0
2019-06-14 06:00:00.000039936,46.296,18.52,196.77501,5.2027382e-05,1.0288,230.0
2019-06-14 09:00:00.000039936,42.6952,27.78,192.608,5.178951e-05,1.0288,225.0
2019-06-14 12:00:00.000039936,38.58,37.04,187.515,5.178951e-05,1.0288,245.0
2019-06-14 15:00:00.000039936,38.58,51.856,195.849,5.178951e-05,1.5432,260.0
2019-06-14 18:00:00.000039936,38.58,64.82,203.72,5.155148e-05,2.0576,260.0
2019-06-14 21:00:00.000039936,40.1232,61.116,217.14699,5.131329e-05,2.0576,255.0
2019-06-15 00:00:00.000039936,41.152,55.56,229.185,5.131329e-05,1.5432,250.0
2019-06-15 03:00:00.000039936,41.152,51.856,214.832,5.1074945e-05,3.0864,265.0
2019-06-15 06:00:00.000039936,41.152,46.3,199.09,5.1074945e-05,3.0864,270.0
2019-06-15 09:00:00.000039936,40.1232,42.596,199.09,5.1074945e-05,2.572,275.0
2019-06-15 12:00:00.000039936,38.58,37.04,199.09,5.131329e-05,2.0576,280.0
2019-06-15 15:00:00.000039936,37.5512,33.336,207.42398,5.131329e-05,2.0576,275.0
2019-06-15 18:00:00.000039936,36.008,27.78,215.29501,5.155148e-05,2.0576,280.0
2019-06-15 21:00:00.000039936,34.979202,33.336,217.147,5.178951e-05,2.572,275.0
2019-06-16 00:00:00.000039936,33.436,37.04,217.61002,5.178951e-05,2.572,275.0
2019-06-16 03:00:00.000039936,32.4072,51.856,226.407,5.178951e-05,1.5432,280.0
2019-06-16 06:00:00.000039936,30.864,64.82,233.815,5.155148e-05,0.5144,250.0
2019-06-16 09:00:00.000039936,29.835201,64.82,207.887,5.131329e-05,0.5144,135.0
2019-06-16 12:00:00.000039936,28.292,64.82,180.56999,5.1074945e-05,2.572,80.0
