Time,Vmax,Rmax_IBT,R34,fcor,u_trans,v_trans
2014-06-10 06:00:00.000039936,20.576,74.08,92.6,3.9464914e-05,3.0864,315.0
2014-06-10 09:00:00.000039936,22.1192,70.376,92.6,3.995476e-05,3.0864,305.0
2014-06-10 12:00:00.000039936,23.148,64.82,92.6,4.0444127e-05,3.6008,310.0
2014-06-10 15:00:00.000039936,24.6912,70.376,98.156,4.093299e-05,3.0864,310.0
2014-06-10 18:00:00.000039936,25.720001,74.08,101.86,4.1177245e-05,2.0576,295.0
2014-06-10 21:00:00.000039936,27.2632,55.56,101.86,4.142137e-05,2.0576,285.0
2014-06-11 00:00:00.000039936,28.292,37.04,101.86,4.1665367e-05,2.572,305.0
2014-06-11 03:00:00.000039936,28.292,37.04,106.490005,4.2152973e-05,3.0864,310.0
2014-06-11 06:00:00.000039936,28.292,37.04,111.119995,4.2640077e-05,3.0864,310.0
2014-06-11 09:00:00.000039936,28.292,37.04,116.676,4.3369746e-05,3.6008,315.0
2014-06-11 12:00:00.000039936,28.292,37.04,120.380005,4.385554e-05,3.0864,310.0
2014-06-11 15:00:00.000039936,28.292,37.04,120.380005,4.409823e-05,2.572,295.0
2014-06-11 18:00:00.000039936,28.292,37.04,120.380005,4.4340795e-05,2.0576,285.0
2014-06-11 21:00:00.000039936,28.292,37.04,111.119995,4.458322e-05,3.0864,300.0
2014-06-12 00:00:00.000039936,28.292,37.04,101.86,4.506766e-05,3.6008,300.0
2014-06-12 03:00:00.000039936,25.720001,37.04,121.769,4.5309676e-05,3.0864,295.0
2014-06-12 06:00:00.000039936,23.148,37.04,141.215,4.5551555e-05,3.0864,295.0
2014-06-12 09:00:00.000039936,22.1192,37.04,141.215,4.6034886e-05,3.0864,305.0
2014-06-12 12:00:00.000039936,20.576,37.04,141.215,4.651767e-05,3.0864,325.0
2014-06-12 15:00:00.000039936,19.5472,37.04,141.215,4.7240763e-05,4.1152,0.0
