Time,Vmax,Rmax_IBT,R34,fcor,u_trans,v_trans
2017-05-28 00:00:00.000039936,18.004,83.34,87.97,3.6022833e-05,4.1152,40.0
2017-05-28 03:00:00.000039936,18.004,83.34,85.655,3.700857e-05,5.6584,40.0
2017-05-28 06:00:00.000039936,18.004,83.34,83.340004,3.8238195e-05,5.144,35.0
2017-05-28 09:00:00.000039936,19.5472,79.636,100.007996,3.897458e-05,3.6008,30.0
2017-05-28 12:00:00.000039936,20.576,74.08,115.75,3.9709896e-05,3.0864,25.0
2017-05-28 15:00:00.000039936,22.1192,74.08,115.75,4.0199502e-05,3.0864,25.0
2017-05-28 18:00:00.000039936,23.148,74.08,115.75,4.093299e-05,3.0864,15.0
2017-05-28 21:00:00.000039936,24.6912,79.636,134.733,4.1665367e-05,3.6008,10.0
2017-05-29 00:00:00.000039936,25.720001,83.34,152.79001,4.2640077e-05,3.6008,10.0
2017-05-29 03:00:00.000039936,27.2632,79.636,201.405,4.3369746e-05,4.1152,15.0
2017-05-29 06:00:00.000039936,28.292,74.08,250.01999,4.4340795e-05,5.144,15.0
2017-05-29 09:00:00.000039936,29.835201,74.08,250.01999,4.5551555e-05,4.6296,10.0
2017-05-29 12:00:00.000039936,30.864,74.08,250.01999,4.675884e-05,4.1152,5.0
2017-05-29 15:00:00.000039936,33.436,64.82,250.01999,4.796257e-05,6.1728,0.0
2017-05-29 18:00:00.000039936,36.008,55.56,250.01999,4.916265e-05,6.6872,5.0
2017-05-29 21:00:00.000039936,38.58,51.856,231.5,5.035898e-05,6.1728,10.0
2017-05-30 00:00:00.000039936,41.152,46.3,212.98,5.2027382e-05,8.744801,10.0
