Time,Vmax,Rmax_IBT,R34,fcor,u_trans,v_trans
2006-04-25 12:00:00.000039936,23.148,55.56,78.71,2.53252e-05,2.0576,335.0
2006-04-25 15:00:00.000039936,23.148,55.56,78.71,2.5826394e-05,1.0288,30.0
2006-04-25 18:00:00.000039936,23.148,55.56,78.71,2.6076874e-05,1.0288,75.0
2006-04-25 21:00:00.000039936,23.148,55.56,86.118,2.6076874e-05,1.5432,0.0
2006-04-26 00:00:00.000039936,23.148,55.56,92.6,2.6076874e-05,2.0576,360.0
2006-04-26 03:00:00.000039936,23.148,55.56,92.6,2.6827835e-05,3.6008,15.0
2006-04-26 06:00:00.000039936,23.148,55.56,92.6,2.807779e-05,4.1152,25.0
2006-04-26 09:00:00.000039936,23.148,55.56,97.23,2.9076216e-05,4.1152,35.0
2006-04-26 12:00:00.000039936,23.148,55.56,101.86,3.0073232e-05,4.6296,30.0
2006-04-26 15:00:00.000039936,23.148,55.56,104.175,3.0571195e-05,2.0576,15.0
2006-04-26 18:00:00.000039936,23.148,55.56,106.49,3.0820032e-05,1.0288,270.0
2006-04-26 21:00:00.000039936,25.720001,42.596,113.897995,3.0571195e-05,1.0288,260.0
2006-04-27 00:00:00.000039936,28.292,27.78,120.380005,3.0571195e-05,2.0576,340.0
2006-04-27 03:00:00.000039936,30.864,27.78,143.53,3.1068776e-05,2.572,5.0
2006-04-27 06:00:00.000039936,33.436,27.78,166.68,3.1814445e-05,1.5432,45.0
2006-04-27 09:00:00.000039936,34.979202,27.78,162.513,3.206281e-05,2.572,35.0
2006-04-27 12:00:00.000039936,36.008,27.78,157.42,3.2559245e-05,2.572,30.0
2006-04-27 15:00:00.000039936,38.58,27.78,167.60599,3.330315e-05,2.0576,40.0
2006-04-27 18:00:00.000039936,41.152,27.78,175.93999,3.404614e-05,3.6008,25.0
2006-04-27 21:00:00.000039936,43.724,27.78,179.64401,3.47882e-05,5.144,35.0
2006-04-28 00:00:00.000039936,46.296,27.78,182.88501,3.577612e-05,6.1728,40.0
2006-04-28 03:00:00.000039936,52.9832,24.076,186.589,3.651592e-05,5.6584,40.0
2006-04-28 06:00:00.000039936,59.156002,18.52,189.83,3.7500762e-05,5.144,40.0
2006-04-28 09:00:00.000039936,60.6992,14.816,199.55301,3.8238195e-05,4.1152,40.0
2006-04-28 12:00:00.000039936,61.728,9.26,208.35,3.9219805e-05,5.144,40.0
2006-04-28 15:00:00.000039936,61.728,24.076,190.293,4.0199502e-05,4.1152,40.0
2006-04-28 18:00:00.000039936,61.728,37.04,171.31,4.093299e-05,4.1152,40.0
2006-04-28 21:00:00.000039936,58.1272,37.04,162.04999,4.1665367e-05,3.6008,40.0
2006-04-29 00:00:00.000039936,54.012,37.04,152.79,4.239659e-05,3.6008,40.0
2006-04-29 03:00:00.000039936,50.4112,37.04,152.79,4.3126656e-05,5.6584,40.0
