Time,Vmax,Rmax_IBT,R34,fcor,u_trans,v_trans
2013-10-09 06:00:00.000039936,20.576,83.34,97.229996,3.3798577e-05,4.1152,295.0
2013-10-09 09:00:00.000039936,22.1192,83.34,97.229996,3.404614e-05,3.0864,310.0
2013-10-09 12:00:00.000039936,23.148,83.34,97.229996,3.454095e-05,1.5432,310.0
2013-10-09 15:00:00.000039936,25.720001,83.34,103.24899,3.47882e-05,3.0864,310.0
2013-10-09 18:00:00.000039936,28.292,83.34,108.805,3.5282377e-05,3.0864,310.0
2013-10-09 21:00:00.000039936,30.864,61.116,118.065,3.577612e-05,3.6008,315.0
2013-10-10 00:00:00.000039936,33.436,37.04,127.325,3.651592e-05,4.6296,305.0
2013-10-10 03:00:00.000039936,40.1232,33.336,132.881,3.7254722e-05,4.6296,305.0
2013-10-10 06:00:00.000039936,46.296,27.78,136.58499,3.7746686e-05,3.6008,315.0
2013-10-10 09:00:00.000039936,51.440002,25.928,136.58499,3.8238195e-05,3.6008,310.0
2013-10-10 12:00:00.000039936,56.584,22.223999,136.58499,3.872924e-05,3.6008,305.0
2013-10-10 15:00:00.000039936,61.728,22.223999,145.38199,3.897458e-05,3.0864,280.0
2013-10-10 18:00:00.000039936,66.872,22.223999,152.79001,3.9219805e-05,4.6296,275.0
2013-10-10 21:00:00.000039936,68.4152,22.223999,157.883,3.9219805e-05,4.6296,290.0
2013-10-11 00:00:00.000039936,69.444,22.223999,162.04999,3.9464914e-05,3.0864,305.0
2013-10-11 03:00:00.000039936,69.444,22.223999,162.04999,3.995476e-05,2.0576,315.0
2013-10-11 06:00:00.000039936,69.444,22.223999,162.04999,4.0444127e-05,3.6008,320.0
2013-10-11 09:00:00.000039936,70.9872,20.372,162.04999,4.1177245e-05,4.1152,315.0
2013-10-11 12:00:00.000039936,72.016,18.52,162.04999,4.1909232e-05,4.1152,295.0
2013-10-11 15:00:00.000039936,72.016,18.52,169.45801,4.2152973e-05,3.6008,285.0
2013-10-11 18:00:00.000039936,72.016,18.52,175.94,4.2152973e-05,3.0864,295.0
2013-10-11 21:00:00.000039936,72.016,18.52,194.45999,4.288343e-05,4.1152,315.0
2013-10-12 00:00:00.000039936,72.016,18.52,212.98001,4.3612705e-05,4.6296,315.0
2013-10-12 03:00:00.000039936,70.9872,24.076,212.98001,4.4340795e-05,4.6296,310.0
2013-10-12 06:00:00.000039936,69.444,27.78,212.98001,4.506766e-05,4.6296,320.0
2013-10-12 09:00:00.000039936,66.872,24.076,209.73901,4.5793287e-05,4.1152,320.0
2013-10-12 12:00:00.000039936,64.3,18.52,206.03502,4.675884e-05,3.6008,335.0
2013-10-12 15:00:00.000039936,58.1272,18.52,206.03502,4.7722115e-05,4.6296,335.0
