Time,Vmax,Rmax_IBT,R34,fcor,u_trans,v_trans
2021-05-23 18:00:00.000039936,18.004,111.12,206.03499,3.872924e-05,1.0288,30.0
2021-05-23 21:00:00.000039936,18.004,120.38,229.64798,3.9219805e-05,2.0576,45.0
2021-05-24 00:00:00.000039936,18.004,129.64,252.33499,4.0199502e-05,2.572,10.0
2021-05-24 03:00:00.000039936,18.004,129.64,257.42798,4.1177245e-05,2.572,350.0
2021-05-24 06:00:00.000039936,18.004,129.64,261.595,4.2152973e-05,2.572,345.0
2021-05-24 09:00:00.000039936,19.5472,116.676,267.61398,4.2640077e-05,3.0864,335.0
2021-05-24 12:00:00.000039936,20.576,101.86,273.16998,4.3126656e-05,3.0864,325.0
2021-05-24 15:00:00.000039936,23.148,98.156,265.299,4.3612705e-05,3.0864,320.0
2021-05-24 18:00:00.000039936,25.720001,92.6,256.965,4.409823e-05,3.0864,320.0
2021-05-24 21:00:00.000039936,27.2632,74.08,256.502,4.4825505e-05,3.0864,325.0
2021-05-25 00:00:00.000039936,28.292,55.56,254.65001,4.5551555e-05,3.6008,325.0
2021-05-25 03:00:00.000039936,28.292,55.56,278.263,4.651767e-05,4.1152,330.0
2021-05-25 06:00:00.000039936,28.292,55.56,300.94998,4.7240763e-05,3.6008,345.0
2021-05-25 09:00:00.000039936,30.864,51.856,291.22702,4.796257e-05,3.6008,355.0
2021-05-25 12:00:00.000039936,33.436,46.3,280.115,4.868306e-05,4.1152,340.0
2021-05-25 15:00:00.000039936,33.436,33.336,274.55902,4.9880902e-05,4.1152,335.0
2021-05-25 18:00:00.000039936,33.436,18.52,268.54,5.083645e-05,2.572,335.0
2021-05-25 21:00:00.000039936,32.4072,18.52,236.593,5.083645e-05,2.0576,325.0
2021-05-26 00:00:00.000039936,30.864,18.52,203.72,5.083645e-05,4.1152,330.0
2021-05-26 03:00:00.000039936,29.835201,33.336,164.365,5.22651e-05,5.6584,325.0
