Time,Vmax,Rmax_IBT,R34,fcor,u_trans,v_trans
2010-05-20 00:00:00.000039936,20.576,55.56,76.395004,2.9574905e-05,1.0288,330.0
2010-05-20 03:00:00.000039936,20.576,55.56,76.395004,3.0073232e-05,1.0288,330.0
2010-05-20 06:00:00.000039936,20.576,55.56,76.395004,3.0322259e-05,2.0576,345.0
2010-05-20 09:00:00.000039936,22.1192,55.56,77.784,3.0571195e-05,3.6008,330.0
2010-05-20 12:00:00.000039936,23.148,55.56,78.71,3.0820032e-05,3.6008,305.0
2010-05-20 15:00:00.000039936,23.148,55.56,78.71,3.1068776e-05,3.0864,280.0
2010-05-20 18:00:00.000039936,23.148,55.56,78.71,3.131743e-05,1.5432,280.0
2010-05-20 21:00:00.000039936,23.148,61.116,85.19199,3.156599e-05,0.5144,315.0
2010-05-21 00:00:00.000039936,23.148,64.82,90.284996,3.1814445e-05,0.5144,305.0
2010-05-21 03:00:00.000039936,25.720001,64.82,104.638,3.206281e-05,1.0288,290.0
2010-05-21 06:00:00.000039936,28.292,64.82,118.064995,3.206281e-05,0.5144,325.0
2010-05-21 09:00:00.000039936,28.292,64.82,118.064995,3.231108e-05,0.5144,50.0
2010-05-21 12:00:00.000039936,28.292,64.82,118.064995,3.231108e-05,0.0,145.0
2010-05-21 15:00:00.000039936,27.2632,64.82,114.36101,3.206281e-05,0.5144,205.0
2010-05-21 18:00:00.000039936,25.720001,64.82,108.80499,3.1814445e-05,2.0576,260.0
2010-05-21 21:00:00.000039936,24.6912,64.82,104.638,3.1814445e-05,3.0864,270.0
2010-05-22 00:00:00.000039936,23.148,64.82,99.545,3.1814445e-05,2.0576,270.0
2010-05-22 03:00:00.000039936,22.1192,64.82,98.619,3.1814445e-05,0.5144,270.0
2010-05-22 06:00:00.000039936,20.576,64.82,97.229996,3.1814445e-05,1.5432,270.0
2010-05-22 09:00:00.000039936,19.5472,64.82,97.229996,3.1814445e-05,1.5432,270.0
