Time,Vmax,Rmax_IBT,R34,fcor,u_trans,v_trans
2014-10-08 06:00:00.000039936,20.576,64.82,64.82,3.1814445e-05,6.1728,290.0
2014-10-08 09:00:00.000039936,22.1192,64.82,90.748,3.231108e-05,6.6872,285.0
2014-10-08 12:00:00.000039936,23.148,64.82,115.75,3.280731e-05,5.6584,290.0
2014-10-08 15:00:00.000039936,24.6912,55.56,115.75,3.330315e-05,4.1152,295.0
2014-10-08 18:00:00.000039936,25.720001,46.3,115.75,3.3550914e-05,4.1152,295.0
2014-10-08 21:00:00.000039936,27.2632,46.3,115.75,3.3798577e-05,4.6296,295.0
2014-10-09 00:00:00.000039936,28.292,46.3,115.75,3.404614e-05,3.0864,295.0
2014-10-09 03:00:00.000039936,29.835201,51.856,127.787994,3.4293596e-05,2.572,295.0
2014-10-09 06:00:00.000039936,30.864,55.56,138.9,3.454095e-05,2.572,300.0
2014-10-09 09:00:00.000039936,30.864,55.56,138.9,3.47882e-05,2.572,305.0
2014-10-09 12:00:00.000039936,30.864,55.56,138.9,3.5282377e-05,2.572,295.0
2014-10-09 15:00:00.000039936,30.864,55.56,138.9,3.5529305e-05,2.572,290.0
2014-10-09 18:00:00.000039936,30.864,55.56,138.9,3.6022833e-05,2.572,305.0
2014-10-09 21:00:00.000039936,32.4072,55.56,138.9,3.651592e-05,2.572,315.0
2014-10-10 00:00:00.000039936,33.436,55.56,138.9,3.700857e-05,3.0864,310.0
2014-10-10 03:00:00.000039936,33.436,55.56,151.864,3.7254722e-05,3.0864,305.0
2014-10-10 06:00:00.000039936,33.436,55.56,164.365,3.7746686e-05,2.572,310.0
2014-10-10 09:00:00.000039936,36.008,51.856,162.04999,3.8238195e-05,2.572,320.0
2014-10-10 12:00:00.000039936,38.58,46.3,159.73499,3.872924e-05,3.0864,315.0
2014-10-10 15:00:00.000039936,41.152,42.596,177.329,3.9219805e-05,3.0864,300.0
2014-10-10 18:00:00.000039936,43.724,37.04,194.46,3.9464914e-05,2.572,295.0
2014-10-10 21:00:00.000039936,46.296,37.04,195.849,3.9464914e-05,3.0864,295.0
2014-10-11 00:00:00.000039936,48.868,37.04,196.775,3.9709896e-05,3.0864,295.0
2014-10-11 03:00:00.000039936,51.440002,27.78,209.739,4.0199502e-05,3.0864,295.0
2014-10-11 06:00:00.000039936,54.012,18.52,222.23999,4.0444127e-05,2.0576,290.0
2014-10-11 09:00:00.000039936,56.584,24.076,231.5,4.0444127e-05,1.5432,290.0
2014-10-11 12:00:00.000039936,59.156002,27.78,240.76001,4.0688625e-05,1.5432,310.0
2014-10-11 15:00:00.000039936,59.156002,24.076,240.76001,4.1177245e-05,2.0576,330.0
2014-10-11 18:00:00.000039936,59.156002,18.52,240.76001,4.1909232e-05,3.0864,320.0
2014-10-11 21:00:00.000039936,59.156002,18.52,240.76001,4.239659e-05,4.1152,320.0
2014-10-12 00:00:00.000039936,59.156002,18.52,240.76001,4.288343e-05,4.1152,315.0
2014-10-12 03:00:00.000039936,59.156002,24.076,231.96301,4.3612705e-05,4.1152,300.0
2014-10-12 06:00:00.000039936,59.156002,27.78,222.23999,4.409823e-05,4.1152,300.0
