Time,Vmax,Rmax_IBT,R34,fcor,u_trans,v_trans
2010-06-01 06:00:00.000039936,28.292,64.82,99.545006,4.093299e-05,3.6008,320.0
2010-06-01 09:00:00.000039936,29.835201,55.56,105.101,4.1665367e-05,3.6008,320.0
2010-06-01 12:00:00.000039936,30.864,46.3,108.80501,4.2152973e-05,3.6008,310.0
2010-06-01 15:00:00.000039936,34.979202,46.3,112.972,4.2640077e-05,3.6008,305.0
2010-06-01 18:00:00.000039936,38.58,46.3,115.75,4.288343e-05,3.6008,305.0
2010-06-01 21:00:00.000039936,42.6952,37.04,115.75,4.3126656e-05,3.6008,305.0
2010-06-02 00:00:00.000039936,46.296,27.78,115.75,4.3612705e-05,4.6296,300.0
2010-06-02 03:00:00.000039936,52.9832,27.78,123.158,4.409823e-05,2.572,295.0
2010-06-02 06:00:00.000039936,59.156002,27.78,129.64,4.458322e-05,3.6008,315.0
2010-06-02 09:00:00.000039936,61.728,27.78,138.90001,4.506766e-05,3.6008,315.0
2010-06-02 12:00:00.000039936,64.3,27.78,148.16,4.5551555e-05,3.0864,315.0
2010-06-02 15:00:00.000039936,63.271202,27.78,164.36499,4.5793287e-05,2.572,315.0
2010-06-02 18:00:00.000039936,61.728,27.78,180.57,4.6034886e-05,0.5144,300.0
2010-06-02 21:00:00.000039936,61.728,27.78,180.57,4.6034886e-05,1.5432,280.0
2010-06-03 00:00:00.000039936,61.728,27.78,180.57,4.627635e-05,1.5432,305.0
2010-06-03 03:00:00.000039936,60.6992,27.78,184.737,4.675884e-05,3.0864,0.0
2010-06-03 06:00:00.000039936,59.156002,27.78,187.515,4.7722115e-05,4.6296,360.0
2010-06-03 09:00:00.000039936,58.1272,27.78,178.255,4.868306e-05,5.144,355.0
2010-06-03 12:00:00.000039936,56.584,27.78,168.995,4.9880902e-05,3.6008,350.0
2010-06-03 15:00:00.000039936,55.5552,27.78,177.329,5.083645e-05,3.6008,350.0
2010-06-03 18:00:00.000039936,54.012,27.78,185.2,5.178951e-05,4.6296,355.0
2010-06-03 21:00:00.000039936,50.4112,27.78,185.2,5.250265e-05,4.6296,355.0
