Time,Vmax,Rmax_IBT,R34,fcor,u_trans,v_trans
2013-11-09 06:00:00.000039936,18.004,55.56,101.86,2.0297284e-05,2.0576,270.0
2013-11-09 09:00:00.000039936,18.004,55.56,100.934,2.0297284e-05,3.0864,270.0
2013-11-09 12:00:00.000039936,18.004,55.56,99.545,2.0297284e-05,2.572,270.0
2013-11-09 15:00:00.000039936,18.004,55.56,99.545,2.0297284e-05,0.5144,270.0
2013-11-09 18:00:00.000039936,18.004,55.56,99.545,2.0297284e-05,0.5144,270.0
2013-11-09 21:00:00.000039936,18.004,55.56,99.545,2.0297284e-05,0.5144,270.0
2013-11-10 00:00:00.000039936,18.004,55.56,99.545,2.0297284e-05,1.0288,270.0
2013-11-10 03:00:00.000039936,19.5472,55.56,99.545,2.0297284e-05,2.0576,270.0
2013-11-10 06:00:00.000039936,20.576,55.56,99.545,2.0297284e-05,2.572,275.0
2013-11-10 09:00:00.000039936,19.5472,51.856,99.545,2.0549318e-05,1.0288,305.0
2013-11-10 12:00:00.000039936,18.004,46.3,99.545,2.0801292e-05,1.5432,290.0
2013-11-10 15:00:00.000039936,18.004,51.856,99.545,2.0801292e-05,3.0864,280.0
2013-11-10 18:00:00.000039936,18.004,55.56,99.545,2.1053198e-05,3.0864,285.0
2013-11-10 21:00:00.000039936,18.004,61.116,99.545,2.130504e-05,3.0864,295.0
