Time,Vmax,Rmax_IBT,R34,fcor,u_trans,v_trans
2021-09-25 00:00:00.000039936,18.004,37.04,46.300003,4.5551555e-05,3.6008,265.0
2021-09-25 03:00:00.000039936,18.004,37.04,49.078003,4.5551555e-05,4.1152,270.0
2021-09-25 06:00:00.000039936,18.004,37.04,50.93,4.5551555e-05,3.6008,270.0
2021-09-25 09:00:00.000039936,19.5472,37.04,53.708,4.5551555e-05,2.0576,265.0
2021-09-25 12:00:00.000039936,20.576,37.04,55.559998,4.5551555e-05,1.5432,265.0
2021-09-25 15:00:00.000039936,20.576,37.04,59.264,4.5551555e-05,1.5432,270.0
2021-09-25 18:00:00.000039936,20.576,37.04,62.504997,4.5551555e-05,3.0864,270.0
2021-09-25 21:00:00.000039936,19.5472,42.596,66.209,4.5551555e-05,4.6296,275.0
2021-09-26 00:00:00.000039936,18.004,46.3,69.45,4.5793287e-05,5.6584,275.0
2021-09-26 03:00:00.000039936,18.004,46.3,75.006,4.6034886e-05,6.1728,275.0
2021-09-26 06:00:00.000039936,18.004,46.3,78.71,4.627635e-05,6.1728,270.0
2021-09-26 09:00:00.000039936,19.5472,46.3,75.006,4.627635e-05,7.2016,270.0
2021-09-26 12:00:00.000039936,20.576,46.3,69.45,4.6034886e-05,7.2016,265.0
