Time,Vmax,Rmax_IBT,R34,fcor,u_trans,v_trans
2019-09-22 18:00:00.000039936,18.004,55.56,83.34,5.083645e-05,5.144,265.0
2019-09-22 21:00:00.000039936,22.1192,46.3,84.729,5.059779e-05,5.144,265.0
2019-09-23 00:00:00.000039936,25.720001,37.04,85.655,5.035898e-05,5.144,265.0
2019-09-23 03:00:00.000039936,27.2632,37.04,89.82201,5.035898e-05,5.6584,265.0
2019-09-23 06:00:00.000039936,28.292,37.04,92.59999,5.035898e-05,6.6872,265.0
2019-09-23 09:00:00.000039936,32.4072,33.336,87.044,5.035898e-05,6.1728,270.0
2019-09-23 12:00:00.000039936,36.008,27.78,81.024994,5.035898e-05,6.1728,270.0
2019-09-23 15:00:00.000039936,38.58,24.076,79.173004,5.035898e-05,6.1728,270.0
2019-09-23 18:00:00.000039936,41.152,18.52,76.395004,5.035898e-05,6.6872,270.0
2019-09-23 21:00:00.000039936,43.724,20.372,75.468994,5.035898e-05,6.6872,265.0
2019-09-24 00:00:00.000039936,46.296,22.223999,74.08,5.012002e-05,6.1728,265.0
2019-09-24 03:00:00.000039936,46.296,20.372,80.099,5.012002e-05,6.6872,265.0
2019-09-24 06:00:00.000039936,46.296,18.52,85.655,4.9880902e-05,6.6872,260.0
2019-09-24 09:00:00.000039936,42.6952,14.816,83.80299,4.9641636e-05,6.1728,260.0
2019-09-24 12:00:00.000039936,38.58,9.26,81.024994,4.9402213e-05,6.1728,260.0
