Time,Vmax,Rmax_IBT,R34,fcor,u_trans,v_trans
2020-11-23 18:00:00.000039936,18.004,83.34,62.505,2.5074483e-05,1.0288,265.0
2020-11-23 21:00:00.000039936,18.004,79.636,62.505,2.4823696e-05,1.5432,250.0
2020-11-24 00:00:00.000039936,18.004,74.08,62.505,2.4572832e-05,1.0288,235.0
2020-11-24 03:00:00.000039936,19.5472,64.82,75.468994,2.432189e-05,1.5432,260.0
2020-11-24 06:00:00.000039936,20.576,55.56,87.97,2.432189e-05,1.5432,280.0
2020-11-24 09:00:00.000039936,22.1192,46.3,95.841,2.4572832e-05,1.5432,315.0
2020-11-24 12:00:00.000039936,23.148,37.04,101.86,2.5074483e-05,1.5432,315.0
2020-11-24 15:00:00.000039936,24.6912,27.78,122.231995,2.53252e-05,1.5432,315.0
2020-11-24 18:00:00.000039936,25.720001,18.52,141.215,2.5826394e-05,2.0576,325.0
2020-11-24 21:00:00.000039936,28.292,18.52,174.08801,2.6327272e-05,2.572,320.0
2020-11-25 00:00:00.000039936,30.864,18.52,206.035,2.707799e-05,4.1152,310.0
2020-11-25 03:00:00.000039936,30.864,18.52,179.644,2.7827968e-05,4.6296,300.0
2020-11-25 06:00:00.000039936,30.864,18.52,152.79001,2.8327528e-05,4.1152,305.0
2020-11-25 09:00:00.000039936,33.436,18.52,144.919,2.882674e-05,3.0864,310.0
2020-11-25 12:00:00.000039936,36.008,18.52,136.585,2.9325609e-05,3.6008,315.0
2020-11-25 15:00:00.000039936,33.436,18.52,129.64,2.9824112e-05,4.1152,315.0
2020-11-25 18:00:00.000039936,30.864,18.52,122.69499,3.0571195e-05,3.6008,315.0
2020-11-25 21:00:00.000039936,28.292,18.52,114.824005,3.1068776e-05,3.0864,315.0
