Time,Vmax,Rmax_IBT,R34,fcor,u_trans,v_trans
2015-10-28 12:00:00.000039936,23.148,74.08,83.34,3.231108e-05,2.572,355.0
2015-10-28 15:00:00.000039936,23.148,74.08,83.34,3.280731e-05,2.0576,340.0
2015-10-28 18:00:00.000039936,23.148,74.08,136.58499,3.305528e-05,2.572,320.0
2015-10-28 21:00:00.000039936,23.148,74.08,101.86,3.330315e-05,3.0864,320.0
2015-10-29 00:00:00.000039936,25.720001,46.3,62.505005,3.3798577e-05,2.572,325.0
2015-10-29 03:00:00.000039936,27.2632,42.596,80.562,3.4293596e-05,3.0864,300.0
2015-10-29 06:00:00.000039936,28.292,37.04,97.229996,3.47882e-05,3.6008,295.0
2015-10-29 09:00:00.000039936,30.864,37.04,104.638,3.5282377e-05,3.0864,300.0
2015-10-29 12:00:00.000039936,33.436,37.04,111.119995,3.577612e-05,3.6008,290.0
2015-10-29 15:00:00.000039936,37.5512,33.336,111.119995,3.577612e-05,3.6008,280.0
2015-10-29 18:00:00.000039936,41.152,27.78,111.119995,3.577612e-05,3.0864,270.0
2015-10-29 21:00:00.000039936,46.296,18.52,140.752,3.577612e-05,3.0864,270.0
2015-10-30 00:00:00.000039936,51.440002,9.26,168.995,3.577612e-05,3.6008,270.0
2015-10-30 03:00:00.000039936,59.156002,14.816,187.978,3.577612e-05,3.6008,265.0
2015-10-30 06:00:00.000039936,66.872,18.52,206.035,3.5529305e-05,3.0864,260.0
2015-10-30 09:00:00.000039936,65.8432,18.52,206.035,3.5282377e-05,2.572,255.0
2015-10-30 12:00:00.000039936,64.3,18.52,206.035,3.5282377e-05,2.572,250.0
2015-10-30 15:00:00.000039936,63.271202,18.52,206.035,3.5035337e-05,2.572,250.0
2015-10-30 18:00:00.000039936,61.728,18.52,206.035,3.5035337e-05,2.572,260.0
2015-10-30 21:00:00.000039936,60.6992,16.668,206.035,3.47882e-05,3.0864,265.0
2015-10-31 00:00:00.000039936,59.156002,12.964,206.035,3.47882e-05,3.6008,265.0
2015-10-31 03:00:00.000039936,58.1272,16.668,176.403,3.47882e-05,4.1152,265.0
2015-10-31 06:00:00.000039936,56.584,18.52,145.845,3.47882e-05,4.1152,270.0
2015-10-31 09:00:00.000039936,56.584,18.52,141.678,3.47882e-05,4.1152,270.0
2015-10-31 12:00:00.000039936,56.584,18.52,136.58499,3.47882e-05,4.1152,270.0
2015-10-31 15:00:00.000039936,56.584,16.668,151.401,3.47882e-05,3.6008,265.0
2015-10-31 18:00:00.000039936,56.584,12.964,164.365,3.454095e-05,3.6008,260.0
2015-10-31 21:00:00.000039936,58.1272,12.964,164.365,3.454095e-05,4.1152,265.0
2015-11-01 00:00:00.000039936,59.156002,12.964,164.365,3.4293596e-05,3.6008,260.0
2015-11-01 03:00:00.000039936,59.156002,12.964,176.403,3.404614e-05,3.6008,260.0
2015-11-01 06:00:00.000039936,59.156002,12.964,187.515,3.404614e-05,4.6296,270.0
2015-11-01 09:00:00.000039936,60.6992,12.964,176.403,3.404614e-05,5.144,270.0
2015-11-01 12:00:00.000039936,61.728,12.964,164.365,3.404614e-05,5.144,270.0
2015-11-01 15:00:00.000039936,61.728,20.372,164.365,3.404614e-05,5.144,260.0
2015-11-01 18:00:00.000039936,61.728,27.78,164.365,3.3798577e-05,5.6584,255.0
2015-11-01 21:00:00.000039936,59.156002,29.632,164.365,3.3550914e-05,5.6584,260.0
2015-11-02 00:00:00.000039936,56.584,31.484,164.365,3.330315e-05,4.6296,265.0
2015-11-02 03:00:00.000039936,55.5552,31.484,164.365,3.330315e-05,4.6296,275.0
2015-11-02 06:00:00.000039936,54.012,31.484,164.365,3.3550914e-05,5.6584,275.0
2015-11-02 09:00:00.000039936,52.9832,27.78,164.365,3.3550914e-05,5.144,275.0
2015-11-02 12:00:00.000039936,51.440002,22.223999,164.365,3.3798577e-05,5.144,280.0
2015-11-02 15:00:00.000039936,48.868,25.928,171.773,3.404614e-05,5.144,290.0
2015-11-02 18:00:00.000039936,46.296,27.78,178.255,3.454095e-05,4.1152,295.0
2015-11-02 21:00:00.000039936,42.6952,37.04,190.293,3.5035337e-05,4.1152,290.0
2015-11-03 00:00:00.000039936,38.58,46.3,201.40501,3.5282377e-05,4.6296,285.0
