Time,Vmax,Rmax_IBT,R34,fcor,u_trans,v_trans
2013-11-19 12:00:00.000039936,20.576,74.08,69.45,3.7746686e-05,2.0576,285.0
2013-11-19 15:00:00.000039936,20.576,61.116,69.45,3.7500762e-05,2.572,265.0
2013-11-19 18:00:00.000039936,20.576,46.3,69.45,3.7500762e-05,3.0864,270.0
2013-11-19 21:00:00.000039936,23.148,46.3,69.45,3.7746686e-05,2.0576,285.0
2013-11-20 00:00:00.000039936,25.720001,46.3,69.45,3.7992504e-05,1.0288,305.0
2013-11-20 03:00:00.000039936,25.720001,46.3,90.748,3.8238195e-05,1.0288,345.0
2013-11-20 06:00:00.000039936,25.720001,46.3,111.119995,3.8483773e-05,1.0288,345.0
2013-11-20 09:00:00.000039936,27.2632,46.3,111.119995,3.872924e-05,1.0288,330.0
2013-11-20 12:00:00.000039936,28.292,46.3,111.119995,3.897458e-05,1.0288,315.0
2013-11-20 15:00:00.000039936,29.835201,46.3,110.194,3.9219805e-05,1.0288,295.0
2013-11-20 18:00:00.000039936,30.864,46.3,108.80499,3.9219805e-05,1.5432,300.0
2013-11-20 21:00:00.000039936,32.4072,46.3,108.80499,3.9219805e-05,1.0288,310.0
2013-11-21 00:00:00.000039936,33.436,46.3,108.80499,3.9464914e-05,1.5432,315.0
2013-11-21 03:00:00.000039936,34.979202,42.596,117.60199,3.9709896e-05,1.5432,315.0
2013-11-21 06:00:00.000039936,36.008,37.04,125.009995,3.995476e-05,2.0576,305.0
2013-11-21 09:00:00.000039936,34.979202,37.04,115.75,4.0199502e-05,2.0576,300.0
2013-11-21 12:00:00.000039936,33.436,37.04,106.49,4.0444127e-05,2.0576,285.0
2013-11-21 15:00:00.000039936,33.436,37.04,106.49,4.0444127e-05,1.5432,280.0
2013-11-21 18:00:00.000039936,33.436,37.04,106.49,4.0444127e-05,2.0576,275.0
2013-11-21 21:00:00.000039936,32.4072,37.04,106.49,4.0444127e-05,3.0864,270.0
2013-11-22 00:00:00.000039936,30.864,37.04,106.49,4.0444127e-05,2.572,275.0
2013-11-22 03:00:00.000039936,29.835201,37.04,106.49,4.0688625e-05,2.572,275.0
2013-11-22 06:00:00.000039936,28.292,37.04,106.49,4.0688625e-05,2.572,255.0
