Time,Vmax,Rmax_IBT,R34,fcor,u_trans,v_trans
2002-11-23 18:00:00.000040448,23.148,92.6,148.16,3.1068776e-05,3.0864,25.0
2002-11-23 21:00:00.000040448,23.148,92.6,138.9,3.231108e-05,4.1152,15.0
2002-11-24 00:00:00.000040448,23.148,92.6,129.64001,3.3550914e-05,3.6008,355.0
2002-11-24 03:00:00.000040448,22.1192,92.6,129.64001,3.47882e-05,3.6008,355.0
2002-11-24 06:00:00.000040448,20.576,92.6,129.64001,3.5529305e-05,4.1152,355.0
2002-11-24 09:00:00.000040448,19.5472,92.6,129.64001,3.6022833e-05,4.6296,10.0
2002-11-24 12:00:00.000040448,18.004,92.6,129.64001,3.626943e-05,3.0864,20.0
2002-11-24 15:00:00.000040448,18.004,92.6,129.64001,3.651592e-05,0.5144,345.0
2002-11-24 18:00:00.000040448,18.004,92.6,129.64001,3.67623e-05,1.0288,350.0
2002-11-24 21:00:00.000040448,18.004,92.6,129.64001,3.700857e-05,2.0576,355.0
2002-11-25 00:00:00.000040448,18.004,92.6,129.64001,3.7254722e-05,1.5432,340.0
2002-11-25 03:00:00.000040448,18.004,92.6,129.64001,3.7746686e-05,1.0288,325.0
2002-11-25 06:00:00.000040448,18.004,92.6,129.64001,3.7992504e-05,1.0288,315.0
2002-11-25 09:00:00.000040448,18.004,92.6,129.64001,3.8238195e-05,0.5144,325.0
