Time,Vmax,Rmax_IBT,R34,fcor,u_trans,v_trans
2019-10-24 18:00:00.000039936,18.004,74.08,155.10501,3.872924e-05,1.5432,65.0
2019-10-24 21:00:00.000039936,20.576,64.82,160.661,3.897458e-05,1.5432,50.0
2019-10-25 00:00:00.000039936,23.148,55.56,164.36499,3.9219805e-05,1.5432,45.0
2019-10-25 03:00:00.000039936,24.6912,61.116,172.69899,3.9464914e-05,1.5432,45.0
2019-10-25 06:00:00.000039936,25.720001,64.82,180.56999,3.995476e-05,1.5432,30.0
2019-10-25 09:00:00.000039936,27.2632,51.856,183.348,4.0199502e-05,1.5432,0.0
2019-10-25 12:00:00.000039936,28.292,37.04,185.20001,4.0688625e-05,1.0288,335.0
2019-10-25 15:00:00.000039936,30.864,37.04,182.422,4.1177245e-05,2.0576,300.0
2019-10-25 18:00:00.000039936,33.436,37.04,178.255,4.142137e-05,3.0864,290.0
2019-10-25 21:00:00.000039936,34.979202,37.04,168.069,4.1665367e-05,3.6008,280.0
2019-10-26 00:00:00.000039936,36.008,37.04,157.42001,4.1665367e-05,3.6008,275.0
2019-10-26 03:00:00.000039936,38.58,37.04,161.124,4.1665367e-05,3.6008,275.0
2019-10-26 06:00:00.000039936,41.152,37.04,164.365,4.1665367e-05,3.6008,270.0
2019-10-26 09:00:00.000039936,45.2672,37.04,175.47699,4.1665367e-05,3.0864,280.0
2019-10-26 12:00:00.000039936,48.868,37.04,185.20001,4.1909232e-05,3.0864,280.0
2019-10-26 15:00:00.000039936,55.5552,27.78,199.55301,4.1909232e-05,2.572,280.0
2019-10-26 18:00:00.000039936,61.728,18.52,212.98,4.2152973e-05,3.0864,285.0
2019-10-26 21:00:00.000039936,65.8432,18.52,203.25699,4.239659e-05,3.6008,285.0
2019-10-27 00:00:00.000039936,69.444,18.52,192.145,4.2640077e-05,3.6008,290.0
2019-10-27 03:00:00.000039936,69.444,20.372,207.887,4.288343e-05,4.1152,290.0
2019-10-27 06:00:00.000039936,69.444,22.223999,222.24,4.3369746e-05,3.6008,290.0
2019-10-27 09:00:00.000039936,68.4152,25.928,230.574,4.3612705e-05,3.0864,295.0
2019-10-27 12:00:00.000039936,66.872,27.78,238.445,4.385554e-05,3.0864,290.0
2019-10-27 15:00:00.000039936,65.8432,27.78,235.66699,4.4340795e-05,3.0864,305.0
2019-10-27 18:00:00.000039936,64.3,27.78,231.5,4.4825505e-05,4.1152,300.0
2019-10-27 21:00:00.000039936,65.8432,27.78,223.629,4.5309676e-05,4.1152,290.0
2019-10-28 00:00:00.000039936,66.872,27.78,215.29501,4.5551555e-05,3.6008,285.0
2019-10-28 03:00:00.000039936,66.872,29.632,214.832,4.5793287e-05,3.6008,285.0
2019-10-28 06:00:00.000039936,66.872,31.484,212.98001,4.5793287e-05,2.572,290.0
2019-10-28 09:00:00.000039936,65.8432,31.484,225.01799,4.6034886e-05,2.0576,300.0
2019-10-28 12:00:00.000039936,64.3,31.484,236.13,4.627635e-05,2.572,305.0
2019-10-28 15:00:00.000039936,63.271202,31.484,236.13,4.651767e-05,2.572,310.0
2019-10-28 18:00:00.000039936,61.728,31.484,236.13,4.6999867e-05,2.0576,305.0
2019-10-28 21:00:00.000039936,60.6992,29.632,229.648,4.748151e-05,2.572,310.0
2019-10-29 00:00:00.000039936,59.156002,27.78,222.24,4.7722115e-05,2.572,310.0
2019-10-29 03:00:00.000039936,58.1272,27.78,219.462,4.8202877e-05,2.0576,315.0
2019-10-29 06:00:00.000039936,56.584,27.78,215.295,4.844305e-05,2.0576,310.0
2019-10-29 09:00:00.000039936,54.012,27.78,215.295,4.868306e-05,1.0288,310.0
2019-10-29 12:00:00.000039936,51.440002,27.78,215.295,4.892293e-05,1.0288,295.0
2019-10-29 15:00:00.000039936,50.4112,42.596,192.608,4.892293e-05,1.5432,280.0
2019-10-29 18:00:00.000039936,48.868,55.56,168.995,4.892293e-05,1.5432,275.0
2019-10-29 21:00:00.000039936,46.296,33.336,187.978,4.892293e-05,2.572,265.0
2019-10-30 00:00:00.000039936,43.724,9.26,206.035,4.868306e-05,2.572,255.0
2019-10-30 03:00:00.000039936,40.1232,51.856,208.35,4.844305e-05,2.572,240.0
2019-10-30 06:00:00.000039936,36.008,92.6,210.665,4.796257e-05,2.572,230.0
2019-10-30 09:00:00.000039936,33.436,88.895996,197.238,4.748151e-05,2.572,225.0
2019-10-30 12:00:00.000039936,30.864,83.34,182.885,4.7240763e-05,3.0864,240.0
2019-10-30 15:00:00.000039936,28.292,83.34,173.162,4.6999867e-05,3.0864,245.0
2019-10-30 18:00:00.000039936,25.720001,83.34,162.04999,4.675884e-05,3.0864,235.0
2019-10-30 21:00:00.000039936,23.148,107.416,156.49399,4.627635e-05,3.0864,225.0
2019-10-31 00:00:00.000039936,20.576,129.64,150.47499,4.5551555e-05,3.6008,220.0
2019-10-31 03:00:00.000039936,19.5472,135.196,151.401,4.4825505e-05,3.6008,210.0
2019-10-31 06:00:00.000039936,18.004,138.9,150.475,4.4340795e-05,2.572,200.0
2019-10-31 09:00:00.000039936,18.004,116.676,151.86401,4.385554e-05,1.5432,205.0
