Time,Vmax,Rmax_IBT,R34,fcor,u_trans,v_trans
2016-11-29 18:00:00.000039936,18.004,46.3,50.93,1.9793031e-05,5.6584,305.0
2016-11-29 21:00:00.000039936,19.5472,51.856,60.653,2.0549318e-05,5.6584,305.0
2016-11-30 00:00:00.000039936,20.576,55.56,69.45,2.1556822e-05,6.6872,310.0
2016-11-30 03:00:00.000039936,22.1192,42.596,74.543,2.2814716e-05,6.6872,310.0
2016-11-30 06:00:00.000039936,23.148,27.78,78.71,2.3819783e-05,7.2016,315.0
2016-11-30 09:00:00.000039936,23.148,27.78,78.71,2.432189e-05,6.1728,310.0
2016-11-30 12:00:00.000039936,23.148,27.78,78.71,2.4823696e-05,4.6296,300.0
2016-11-30 15:00:00.000039936,23.148,33.336,104.638,2.53252e-05,5.144,295.0
2016-11-30 18:00:00.000039936,23.148,37.04,129.64,2.5826394e-05,6.1728,285.0
2016-11-30 21:00:00.000039936,22.1192,46.3,125.47299,2.6076874e-05,5.144,275.0
2016-12-01 00:00:00.000039936,20.576,55.56,120.38,2.6076874e-05,2.572,275.0
2016-12-01 03:00:00.000039936,20.576,55.56,120.38,2.6076874e-05,3.6008,280.0
2016-12-01 06:00:00.000039936,20.576,55.56,120.38,2.6327272e-05,4.6296,290.0
2016-12-01 09:00:00.000039936,19.5472,55.56,106.490005,2.6827835e-05,3.6008,290.0
