Time,Vmax,Rmax_IBT,R34,fcor,u_trans,v_trans
2014-10-26 00:00:00.000039936,20.576,111.12,120.38,3.5529305e-05,2.0576,35.0
2014-10-26 03:00:00.000039936,22.1192,92.6,120.38,3.577612e-05,0.5144,0.0
2014-10-26 06:00:00.000039936,23.148,74.08,120.38,3.577612e-05,0.5144,0.0
2014-10-26 09:00:00.000039936,25.720001,51.856,132.418,3.577612e-05,0.5144,0.0
2014-10-26 12:00:00.000039936,28.292,27.78,143.53,3.6022833e-05,1.0288,350.0
2014-10-26 15:00:00.000039936,28.292,33.336,150.93799,3.626943e-05,1.0288,345.0
2014-10-26 18:00:00.000039936,28.292,37.04,157.42,3.651592e-05,1.0288,345.0
2014-10-26 21:00:00.000039936,30.864,37.04,157.42,3.67623e-05,1.5432,355.0
2014-10-27 00:00:00.000039936,33.436,37.04,157.42,3.700857e-05,1.5432,340.0
2014-10-27 03:00:00.000039936,34.979202,27.78,167.606,3.7254722e-05,1.0288,305.0
2014-10-27 06:00:00.000039936,36.008,18.52,175.94,3.7254722e-05,0.5144,300.0
2014-10-27 09:00:00.000039936,38.58,18.52,175.94,3.7500762e-05,1.0288,330.0
2014-10-27 12:00:00.000039936,41.152,18.52,175.94,3.7746686e-05,1.0288,330.0
2014-10-27 15:00:00.000039936,43.724,18.52,183.34799,3.7746686e-05,1.0288,335.0
2014-10-27 18:00:00.000039936,46.296,18.52,189.83,3.7992504e-05,2.572,325.0
2014-10-27 21:00:00.000039936,47.8392,18.52,189.83,3.8483773e-05,2.572,325.0
2014-10-28 00:00:00.000039936,48.868,18.52,189.83,3.897458e-05,2.0576,335.0
2014-10-28 03:00:00.000039936,50.4112,18.52,192.608,3.9464914e-05,2.0576,345.0
2014-10-28 06:00:00.000039936,51.440002,18.52,194.46,4.0199502e-05,3.0864,0.0
2014-10-28 09:00:00.000039936,55.5552,18.52,194.46,4.1177245e-05,4.1152,10.0
2014-10-28 12:00:00.000039936,59.156002,18.52,194.46,4.2152973e-05,4.6296,5.0
2014-10-28 15:00:00.000039936,59.156002,18.52,187.978,4.3369746e-05,4.6296,355.0
2014-10-28 18:00:00.000039936,59.156002,18.52,180.57,4.4340795e-05,3.6008,355.0
2014-10-28 21:00:00.000039936,56.584,16.668,171.31,4.4825505e-05,2.572,10.0
2014-10-29 00:00:00.000039936,54.012,12.964,162.04999,4.506766e-05,3.0864,15.0
2014-10-29 03:00:00.000039936,51.440002,16.668,160.198,4.5551555e-05,3.0864,10.0
2014-10-29 06:00:00.000039936,48.868,18.52,157.41998,4.627635e-05,2.0576,20.0
2014-10-29 09:00:00.000039936,45.2672,27.78,157.41998,4.675884e-05,2.0576,45.0
2014-10-29 12:00:00.000039936,41.152,37.04,157.41998,4.6999867e-05,3.0864,55.0
2014-10-29 15:00:00.000039936,38.58,42.596,157.41998,4.7240763e-05,3.6008,70.0
2014-10-29 18:00:00.000039936,36.008,46.3,157.41998,4.7722115e-05,3.0864,70.0
2014-10-29 21:00:00.000039936,33.436,51.856,171.773,4.8202877e-05,3.6008,65.0
2014-10-30 00:00:00.000039936,30.864,55.56,185.2,4.892293e-05,4.1152,60.0
2014-10-30 03:00:00.000039936,28.292,64.82,173.625,4.9402213e-05,4.1152,50.0
2014-10-30 06:00:00.000039936,25.720001,74.08,162.05,4.9641636e-05,2.572,55.0
2014-10-30 09:00:00.000039936,24.6912,74.08,152.79,4.9641636e-05,2.0576,60.0
2014-10-30 12:00:00.000039936,23.148,74.08,143.53,4.9880902e-05,2.0576,40.0
2014-10-30 15:00:00.000039936,20.576,74.08,143.53,5.035898e-05,1.5432,40.0
