Time,Vmax,Rmax_IBT,R34,fcor,u_trans,v_trans
2006-09-21 12:00:00.000039936,18.004,74.08,92.6,4.916265e-05,0.5144,335.0
2006-09-21 15:00:00.000039936,19.5472,61.116,92.6,4.9402213e-05,0.5144,0.0
2006-09-21 18:00:00.000039936,20.576,46.3,92.6,4.9641636e-05,0.5144,20.0
2006-09-21 21:00:00.000039936,22.1192,46.3,83.34,4.9880902e-05,1.5432,5.0
2006-09-22 00:00:00.000039936,23.148,46.3,74.08,4.9880902e-05,1.5432,10.0
2006-09-22 03:00:00.000039936,23.148,46.3,74.08,5.012002e-05,0.5144,15.0
2006-09-22 06:00:00.000039936,23.148,46.3,74.08,5.035898e-05,0.5144,25.0
2006-09-22 09:00:00.000039936,24.6912,37.04,79.636,5.059779e-05,2.0576,45.0
2006-09-22 12:00:00.000039936,25.720001,27.78,83.34,5.059779e-05,2.0576,45.0
2006-09-22 15:00:00.000039936,25.720001,27.78,92.6,5.083645e-05,0.5144,65.0
2006-09-22 18:00:00.000039936,25.720001,27.78,101.86,5.083645e-05,0.5144,70.0
2006-09-22 21:00:00.000039936,25.720001,27.78,103.24899,5.083645e-05,2.0576,50.0
2006-09-23 00:00:00.000039936,25.720001,27.78,104.175,5.083645e-05,2.0576,45.0
2006-09-23 03:00:00.000039936,27.2632,27.78,114.824,5.1074945e-05,0.5144,65.0
2006-09-23 06:00:00.000039936,28.292,27.78,125.009995,5.1074945e-05,0.5144,110.0
2006-09-23 09:00:00.000039936,25.720001,27.78,125.009995,5.083645e-05,0.5144,165.0
2006-09-23 12:00:00.000039936,23.148,27.78,125.009995,5.059779e-05,0.5144,0.0
2006-09-23 15:00:00.000039936,20.576,33.336,119.917,5.059779e-05,0.5144,225.0
