Time,Vmax,Rmax_IBT,R34,fcor,u_trans,v_trans
2015-11-05 18:00:00.000039936,20.576,64.82,78.71,3.454095e-05,3.6008,255.0
2015-11-05 21:00:00.000039936,20.576,64.82,78.71,3.4293596e-05,4.1152,255.0
2015-11-06 00:00:00.000039936,20.576,64.82,78.71,3.404614e-05,3.6008,250.0
2015-11-06 03:00:00.000039936,22.1192,64.82,85.655,3.3798577e-05,3.6008,240.0
2015-11-06 06:00:00.000039936,23.148,64.82,92.59999,3.3550914e-05,3.6008,245.0
2015-11-06 09:00:00.000039936,23.148,64.82,93.063,3.330315e-05,4.1152,255.0
2015-11-06 12:00:00.000039936,23.148,64.82,92.59999,3.305528e-05,3.6008,250.0
2015-11-06 15:00:00.000039936,23.148,64.82,76.858,3.280731e-05,2.572,255.0
2015-11-06 18:00:00.000039936,23.148,64.82,60.190002,3.2559245e-05,2.572,255.0
2015-11-06 21:00:00.000039936,25.720001,51.856,72.228,3.231108e-05,3.0864,260.0
2015-11-07 00:00:00.000039936,28.292,37.04,83.34,3.231108e-05,3.6008,265.0
2015-11-07 03:00:00.000039936,30.864,24.076,77.784,3.206281e-05,4.1152,265.0
2015-11-07 06:00:00.000039936,33.436,9.26,71.765,3.206281e-05,4.1152,265.0
2015-11-07 09:00:00.000039936,37.5512,9.26,82.877,3.206281e-05,4.6296,275.0
2015-11-07 12:00:00.000039936,41.152,9.26,92.59999,3.231108e-05,4.6296,270.0
2015-11-07 15:00:00.000039936,43.724,18.52,86.118,3.231108e-05,5.144,270.0
2015-11-07 18:00:00.000039936,46.296,27.78,78.71,3.231108e-05,5.6584,270.0
2015-11-07 21:00:00.000039936,50.4112,20.372,79.173004,3.231108e-05,6.1728,270.0
2015-11-08 00:00:00.000039936,54.012,12.964,78.71,3.206281e-05,6.1728,265.0
2015-11-08 03:00:00.000039936,55.5552,16.668,78.71,3.1814445e-05,6.1728,270.0
2015-11-08 06:00:00.000039936,56.584,18.52,78.71,3.1814445e-05,6.6872,270.0
2015-11-08 09:00:00.000039936,52.9832,18.52,93.526,3.1814445e-05,7.2016,270.0
2015-11-08 12:00:00.000039936,48.868,18.52,106.490005,3.1814445e-05,6.6872,270.0
2015-11-08 15:00:00.000039936,45.2672,24.076,106.490005,3.156599e-05,6.1728,260.0
2015-11-08 18:00:00.000039936,41.152,27.78,106.490005,3.131743e-05,6.6872,260.0
2015-11-08 21:00:00.000039936,38.58,27.78,106.490005,3.1068776e-05,6.6872,260.0
2015-11-09 00:00:00.000039936,36.008,27.78,106.490005,3.0820032e-05,6.6872,265.0
2015-11-09 03:00:00.000039936,33.436,27.78,106.02701,3.0820032e-05,6.6872,270.0
2015-11-09 06:00:00.000039936,30.864,27.78,104.175,3.0820032e-05,6.6872,275.0
2015-11-09 09:00:00.000039936,28.292,27.78,103.24899,3.1068776e-05,6.1728,280.0
2015-11-09 12:00:00.000039936,25.720001,27.78,101.86,3.131743e-05,4.6296,280.0
2015-11-09 15:00:00.000039936,23.148,33.336,101.86,3.156599e-05,3.6008,285.0
2015-11-09 18:00:00.000039936,20.576,37.04,101.86,3.1814445e-05,3.6008,285.0
