Time,Vmax,Rmax_IBT,R34,fcor,u_trans,v_trans
2016-12-07 15:00:00.000039936,18.004,46.3,25.002,2.707799e-05,3.0864,0.0
2016-12-07 18:00:00.000039936,20.576,37.04,50.93,2.7328068e-05,2.0576,0.0
2016-12-07 21:00:00.000039936,22.1192,42.596,81.488,2.7578055e-05,1.5432,0.0
2016-12-08 00:00:00.000039936,23.148,46.3,111.119995,2.7827968e-05,2.0576,0.0
2016-12-08 03:00:00.000039936,23.148,46.3,141.678,2.807779e-05,1.5432,0.0
2016-12-08 06:00:00.000039936,23.148,46.3,171.31,2.8327528e-05,0.5144,325.0
2016-12-08 09:00:00.000039936,23.148,46.3,164.828,2.8327528e-05,0.5144,315.0
2016-12-08 12:00:00.000039936,23.148,46.3,157.42,2.8327528e-05,1.0288,315.0
2016-12-08 15:00:00.000039936,23.148,51.856,157.42,2.8327528e-05,1.0288,305.0
2016-12-08 18:00:00.000039936,23.148,55.56,157.42,2.857718e-05,1.5432,320.0
2016-12-08 21:00:00.000039936,23.148,55.56,157.42,2.882674e-05,2.0576,305.0
2016-12-09 00:00:00.000039936,23.148,55.56,157.42,2.9076216e-05,1.5432,305.0
2016-12-09 03:00:00.000039936,23.148,64.82,141.215,2.9325609e-05,1.5432,310.0
2016-12-09 06:00:00.000039936,23.148,74.08,125.01,2.9824112e-05,1.5432,305.0
2016-12-09 09:00:00.000039936,24.6912,74.08,145.845,3.0073232e-05,2.572,295.0
2016-12-09 12:00:00.000039936,25.720001,74.08,166.68,3.0571195e-05,3.0864,285.0
2016-12-09 15:00:00.000039936,27.2632,70.376,166.68,3.1068776e-05,3.6008,285.0
2016-12-09 18:00:00.000039936,28.292,64.82,166.68,3.131743e-05,5.144,285.0
2016-12-09 21:00:00.000039936,28.292,64.82,166.68,3.156599e-05,5.6584,285.0
2016-12-10 00:00:00.000039936,28.292,64.82,166.68,3.1814445e-05,5.144,280.0
2016-12-10 03:00:00.000039936,29.835201,64.82,165.754,3.206281e-05,5.144,285.0
2016-12-10 06:00:00.000039936,30.864,64.82,164.365,3.231108e-05,5.6584,285.0
2016-12-10 09:00:00.000039936,32.4072,55.56,160.198,3.231108e-05,4.6296,275.0
2016-12-10 12:00:00.000039936,33.436,46.3,155.105,3.231108e-05,4.6296,275.0
2016-12-10 15:00:00.000039936,34.979202,46.3,155.105,3.231108e-05,5.144,275.0
2016-12-10 18:00:00.000039936,36.008,46.3,155.105,3.231108e-05,4.1152,270.0
2016-12-10 21:00:00.000039936,37.5512,46.3,155.105,3.231108e-05,2.572,270.0
2016-12-11 00:00:00.000039936,38.58,46.3,155.105,3.231108e-05,3.6008,265.0
2016-12-11 03:00:00.000039936,38.58,42.596,156.494,3.2559245e-05,5.144,270.0
2016-12-11 06:00:00.000039936,38.58,37.04,157.42,3.280731e-05,4.6296,275.0
2016-12-11 09:00:00.000039936,38.58,42.596,157.42,3.305528e-05,3.6008,285.0
2016-12-11 12:00:00.000039936,38.58,46.3,157.42,3.305528e-05,4.1152,280.0
2016-12-11 15:00:00.000039936,40.1232,46.3,157.42,3.305528e-05,4.1152,265.0
2016-12-11 18:00:00.000039936,41.152,46.3,157.42,3.305528e-05,3.6008,265.0
2016-12-11 21:00:00.000039936,43.724,46.3,157.42,3.305528e-05,3.0864,280.0
2016-12-12 00:00:00.000039936,41.152,46.3,171.31,3.330315e-05,3.6008,275.0
2016-12-12 03:00:00.000039936,41.152,42.596,155.568,3.330315e-05,4.6296,270.0
2016-12-12 06:00:00.000039936,41.152,37.04,138.9,3.330315e-05,4.6296,265.0
2016-12-12 09:00:00.000039936,37.5512,46.3,138.9,3.330315e-05,4.6296,265.0
