Time,Vmax,Rmax_IBT,R34,fcor,u_trans,v_trans
2009-12-11 18:00:00.000039936,23.148,74.08,83.34,2.432189e-05,2.572,340.0
2009-12-11 21:00:00.000039936,23.148,74.08,83.34,2.4572832e-05,3.0864,340.0
2009-12-12 00:00:00.000039936,23.148,74.08,83.34,2.4823696e-05,2.0576,330.0
2009-12-12 03:00:00.000039936,23.148,74.08,90.748,2.5074483e-05,1.0288,285.0
2009-12-12 06:00:00.000039936,23.148,74.08,97.229996,2.5074483e-05,2.572,265.0
2009-12-12 09:00:00.000039936,23.148,74.08,97.229996,2.4823696e-05,3.6008,260.0
2009-12-12 12:00:00.000039936,23.148,74.08,97.229996,2.4572832e-05,2.572,250.0
2009-12-12 15:00:00.000039936,23.148,74.08,97.229996,2.4070872e-05,2.572,200.0
2009-12-12 18:00:00.000039936,23.148,74.08,97.229996,2.3568628e-05,2.572,205.0
2009-12-12 21:00:00.000039936,22.1192,74.08,97.229996,2.3317392e-05,2.0576,255.0
2009-12-13 00:00:00.000039936,20.576,74.08,97.229996,2.306609e-05,1.0288,265.0
2009-12-13 03:00:00.000039936,19.5472,74.08,97.229996,2.2814716e-05,1.5432,205.0
2009-12-13 06:00:00.000039936,18.004,74.08,97.229996,2.2814716e-05,2.0576,205.0
2009-12-13 09:00:00.000039936,18.004,74.08,97.229996,2.2563274e-05,1.0288,255.0
2009-12-13 12:00:00.000039936,18.004,74.08,97.229996,2.2563274e-05,1.5432,275.0
2009-12-13 15:00:00.000039936,18.004,74.08,97.229996,2.2563274e-05,2.572,270.0
