Time,Vmax,Rmax_IBT,R34,fcor,u_trans,v_trans
2023-10-20 12:00:00.000039936,18.004,111.12,161.124,2.3568628e-05,3.6008,335.0
2023-10-20 15:00:00.000039936,19.0328,92.6,161.124,2.432189e-05,3.6008,315.0
2023-10-20 18:00:00.000039936,20.0616,72.228,161.124,2.4823696e-05,5.144,280.0
2023-10-20 21:00:00.000039936,23.148,57.412,153.716,2.4823696e-05,6.6872,270.0
2023-10-21 00:00:00.000039936,26.2344,40.744,144.919,2.4823696e-05,5.6584,280.0
2023-10-21 03:00:00.000039936,27.2632,40.744,144.919,2.53252e-05,4.6296,295.0
2023-10-21 06:00:00.000039936,27.7776,40.744,144.919,2.5826394e-05,5.144,300.0
2023-10-21 09:00:00.000039936,30.3496,24.076,120.38,2.6327272e-05,5.6584,295.0
2023-10-21 12:00:00.000039936,32.9216,7.408,94.915,2.707799e-05,5.6584,305.0
2023-10-21 15:00:00.000039936,38.0656,7.408,94.915,2.7827968e-05,5.144,310.0
2023-10-21 18:00:00.000039936,43.724,7.408,94.915,2.857718e-05,5.144,310.0
2023-10-21 21:00:00.000039936,48.868,7.408,100.934,2.9325609e-05,5.144,310.0
2023-10-22 00:00:00.000039936,54.012,7.408,106.953,3.0322259e-05,5.144,310.0
2023-10-22 03:00:00.000039936,54.012,9.26,106.953,3.131743e-05,5.6584,310.0
2023-10-22 06:00:00.000039936,54.012,9.26,106.953,3.206281e-05,5.144,310.0
2023-10-22 09:00:00.000039936,52.4688,9.26,106.953,3.280731e-05,4.6296,310.0
2023-10-22 12:00:00.000039936,50.925602,7.408,106.953,3.3550914e-05,4.1152,315.0
2023-10-22 15:00:00.000039936,53.4976,12.964,112.509,3.4293596e-05,3.0864,320.0
2023-10-22 18:00:00.000039936,56.0696,18.52,117.13899,3.47882e-05,3.0864,320.0
2023-10-22 21:00:00.000039936,51.9544,20.372,117.13899,3.5282377e-05,3.6008,315.0
2023-10-23 00:00:00.000039936,47.8392,22.223999,117.13899,3.6022833e-05,4.1152,320.0
2023-10-23 03:00:00.000039936,45.7816,22.223999,117.13899,3.700857e-05,4.6296,325.0
2023-10-23 06:00:00.000039936,43.209602,22.223999,117.13899,3.7746686e-05,3.6008,320.0
2023-10-23 09:00:00.000039936,40.6376,22.223999,110.657,3.8238195e-05,2.572,310.0
2023-10-23 12:00:00.000039936,38.0656,22.223999,102.785995,3.8483773e-05,2.0576,310.0
2023-10-23 15:00:00.000039936,35.4936,27.78,105.101,3.872924e-05,1.5432,315.0
2023-10-23 18:00:00.000039936,32.9216,31.484,106.953,3.897458e-05,1.5432,300.0
