Time,Vmax,Rmax_IBT,R34,fcor,u_trans,v_trans
2019-10-30 06:00:00.000039936,18.004,55.56,87.97,2.1556822e-05,5.144,320.0
2019-10-30 09:00:00.000039936,20.576,55.56,87.97,2.2814716e-05,6.1728,325.0
2019-10-30 12:00:00.000039936,23.148,55.56,87.97,2.4070872e-05,6.1728,325.0
2019-10-30 15:00:00.000039936,23.148,55.56,96.304,2.53252e-05,6.6872,325.0
2019-10-30 18:00:00.000039936,23.148,55.56,104.175,2.6327272e-05,5.6584,330.0
2019-10-30 21:00:00.000039936,23.148,46.3,118.528,2.7328068e-05,4.1152,350.0
2019-10-31 00:00:00.000039936,23.148,37.04,131.95499,2.8327528e-05,4.6296,350.0
2019-10-31 03:00:00.000039936,24.6912,46.3,131.02899,2.9574905e-05,5.144,350.0
2019-10-31 06:00:00.000039936,25.720001,55.56,129.64,3.0820032e-05,4.6296,0.0
2019-10-31 09:00:00.000039936,27.2632,55.56,126.862,3.206281e-05,5.144,350.0
2019-10-31 12:00:00.000039936,28.292,55.56,122.69499,3.330315e-05,5.6584,330.0
2019-10-31 15:00:00.000039936,27.2632,46.3,126.398994,3.454095e-05,5.6584,325.0
2019-10-31 18:00:00.000039936,25.720001,37.04,129.64,3.5529305e-05,4.6296,315.0
2019-10-31 21:00:00.000039936,24.6912,46.3,130.566,3.626943e-05,5.144,315.0
2019-11-01 00:00:00.000039936,23.148,55.56,129.64,3.67623e-05,6.1728,305.0
2019-11-01 03:00:00.000039936,23.148,51.856,104.638,3.7500762e-05,6.1728,295.0
2019-11-01 06:00:00.000039936,23.148,46.3,78.71,3.7992504e-05,5.144,300.0
2019-11-01 09:00:00.000039936,23.148,46.3,80.562004,3.8483773e-05,4.1152,295.0
2019-11-01 12:00:00.000039936,23.148,46.3,81.025,3.872924e-05,3.6008,295.0
2019-11-01 15:00:00.000039936,23.148,46.3,80.099,3.9219805e-05,3.0864,305.0
2019-11-01 18:00:00.000039936,23.148,46.3,78.71,3.9709896e-05,3.0864,310.0
2019-11-01 21:00:00.000039936,24.6912,37.04,78.71,3.995476e-05,3.0864,300.0
2019-11-02 00:00:00.000039936,25.720001,27.78,78.71,4.0199502e-05,3.0864,300.0
2019-11-02 03:00:00.000039936,27.2632,27.78,92.600006,4.093299e-05,3.0864,315.0
2019-11-02 06:00:00.000039936,28.292,27.78,106.490005,4.1665367e-05,3.6008,315.0
2019-11-02 09:00:00.000039936,28.292,27.78,105.563995,4.2152973e-05,3.6008,310.0
2019-11-02 12:00:00.000039936,28.292,27.78,104.175,4.2640077e-05,3.0864,300.0
2019-11-02 15:00:00.000039936,29.835201,27.78,103.712,4.288343e-05,3.0864,290.0
2019-11-02 18:00:00.000039936,30.864,27.78,101.86001,4.3126656e-05,2.572,305.0
2019-11-02 21:00:00.000039936,32.4072,27.78,97.693,4.3369746e-05,2.572,305.0
2019-11-03 00:00:00.000039936,33.436,27.78,92.6,4.3612705e-05,2.0576,285.0
2019-11-03 03:00:00.000039936,34.979202,24.076,97.693,4.3612705e-05,2.0576,275.0
2019-11-03 06:00:00.000039936,36.008,18.52,101.86,4.385554e-05,2.572,280.0
2019-11-03 09:00:00.000039936,38.58,14.816,104.638,4.409823e-05,2.572,285.0
2019-11-03 12:00:00.000039936,41.152,9.26,106.490005,4.4340795e-05,2.0576,300.0
2019-11-03 15:00:00.000039936,45.2672,9.26,112.972,4.458322e-05,2.0576,300.0
2019-11-03 18:00:00.000039936,48.868,9.26,118.065,4.4825505e-05,2.572,290.0
2019-11-03 21:00:00.000039936,50.4112,9.26,116.213,4.506766e-05,2.572,295.0
2019-11-04 00:00:00.000039936,51.440002,9.26,113.435,4.5309676e-05,2.572,305.0
2019-11-04 03:00:00.000039936,51.440002,9.26,106.953,4.5793287e-05,3.6008,315.0
2019-11-04 06:00:00.000039936,51.440002,9.26,99.545,4.627635e-05,2.572,320.0
2019-11-04 09:00:00.000039936,52.9832,9.26,99.545,4.675884e-05,2.0576,330.0
2019-11-04 12:00:00.000039936,54.012,9.26,99.545,4.7240763e-05,3.0864,325.0
2019-11-04 15:00:00.000039936,54.012,9.26,138.437,4.7722115e-05,3.0864,315.0
2019-11-04 18:00:00.000039936,54.012,9.26,175.93999,4.8202877e-05,2.0576,305.0
2019-11-04 21:00:00.000039936,52.9832,9.26,152.327,4.844305e-05,1.5432,315.0
2019-11-05 00:00:00.000039936,51.440002,9.26,127.325,4.844305e-05,1.0288,340.0
2019-11-05 03:00:00.000039936,48.868,14.816,130.10301,4.868306e-05,1.0288,25.0
2019-11-05 06:00:00.000039936,46.296,18.52,131.95499,4.892293e-05,1.5432,60.0
2019-11-05 09:00:00.000039936,45.2672,18.52,124.547005,4.916265e-05,2.0576,80.0
2019-11-05 12:00:00.000039936,43.724,18.52,115.75,4.916265e-05,2.572,90.0
2019-11-05 15:00:00.000039936,40.1232,18.52,105.564,4.916265e-05,4.1152,90.0
2019-11-05 18:00:00.000039936,36.008,18.52,94.91501,4.916265e-05,4.6296,90.0
2019-11-05 21:00:00.000039936,32.4072,18.52,100.934,4.916265e-05,4.1152,90.0
2019-11-06 00:00:00.000039936,28.292,18.52,106.49,4.916265e-05,3.6008,90.0
2019-11-06 03:00:00.000039936,25.720001,24.076,106.49,4.916265e-05,3.6008,100.0
2019-11-06 06:00:00.000039936,23.148,27.78,106.49,4.892293e-05,4.1152,100.0
2019-11-06 09:00:00.000039936,22.1192,27.78,107.879,4.892293e-05,5.6584,95.0
2019-11-06 12:00:00.000039936,20.576,27.78,108.80499,4.868306e-05,5.6584,90.0
