Time,Vmax,Rmax_IBT,R34,fcor,u_trans,v_trans
2018-10-07 18:00:00.000039936,18.004,37.04,231.5,2.9824112e-05,4.6296,270.0
2018-10-07 21:00:00.000039936,19.5472,46.3,222.23999,2.9824112e-05,4.6296,275.0
2018-10-08 00:00:00.000039936,20.576,55.56,212.98001,2.9824112e-05,4.1152,275.0
2018-10-08 03:00:00.000039936,22.1192,55.56,220.388,2.9824112e-05,3.0864,280.0
2018-10-08 06:00:00.000039936,23.148,55.56,226.87001,3.0073232e-05,2.572,290.0
2018-10-08 09:00:00.000039936,24.6912,61.116,231.037,3.0322259e-05,3.0864,290.0
2018-10-08 12:00:00.000039936,25.720001,64.82,233.815,3.0820032e-05,2.572,290.0
2018-10-08 15:00:00.000039936,27.2632,64.82,240.76001,3.1068776e-05,2.572,295.0
2018-10-08 18:00:00.000039936,28.292,64.82,247.70499,3.131743e-05,2.572,295.0
2018-10-08 21:00:00.000039936,28.292,64.82,238.90799,3.1814445e-05,2.0576,305.0
2018-10-09 00:00:00.000039936,28.292,64.82,229.185,3.206281e-05,1.5432,320.0
2018-10-09 03:00:00.000039936,29.835201,61.116,225.01799,3.231108e-05,1.0288,325.0
2018-10-09 06:00:00.000039936,30.864,55.56,219.925,3.2559245e-05,1.0288,325.0
2018-10-09 09:00:00.000039936,30.864,79.636,228.722,3.280731e-05,2.0576,305.0
2018-10-09 12:00:00.000039936,30.864,101.86,236.13,3.305528e-05,2.572,305.0
2018-10-09 15:00:00.000039936,32.4072,88.895996,233.35199,3.3798577e-05,3.0864,310.0
2018-10-09 18:00:00.000039936,33.436,74.08,229.185,3.454095e-05,3.0864,305.0
2018-10-09 21:00:00.000039936,34.979202,64.82,231.037,3.47882e-05,3.0864,315.0
2018-10-10 00:00:00.000039936,36.008,55.56,231.5,3.5035337e-05,2.0576,325.0
2018-10-10 03:00:00.000039936,37.5512,55.56,241.223,3.5282377e-05,1.5432,315.0
2018-10-10 06:00:00.000039936,38.58,55.56,250.01999,3.577612e-05,2.0576,310.0
2018-10-10 09:00:00.000039936,41.152,55.56,237.982,3.6022833e-05,2.0576,300.0
2018-10-10 12:00:00.000039936,43.724,55.56,224.555,3.626943e-05,1.5432,290.0
2018-10-10 15:00:00.000039936,43.724,38.892,227.333,3.626943e-05,1.0288,295.0
2018-10-10 18:00:00.000039936,43.724,22.223999,229.185,3.626943e-05,0.5144,285.0
2018-10-10 21:00:00.000039936,41.152,22.223999,230.574,3.626943e-05,1.0288,280.0
2018-10-11 00:00:00.000039936,38.58,22.223999,231.5,3.626943e-05,1.5432,260.0
2018-10-11 03:00:00.000039936,37.5512,29.632,219.92499,3.626943e-05,1.5432,245.0
2018-10-11 06:00:00.000039936,36.008,37.04,208.34999,3.626943e-05,1.0288,280.0
2018-10-11 09:00:00.000039936,33.436,37.04,209.739,3.626943e-05,0.5144,295.0
2018-10-11 12:00:00.000039936,30.864,37.04,210.665,3.651592e-05,0.5144,305.0
2018-10-11 15:00:00.000039936,28.292,37.04,207.88701,3.67623e-05,0.5144,315.0
2018-10-11 18:00:00.000039936,25.720001,37.04,203.72,3.67623e-05,1.0288,315.0
2018-10-11 21:00:00.000039936,24.6912,37.04,196.31201,3.67623e-05,0.5144,295.0
2018-10-12 00:00:00.000039936,23.148,37.04,187.515,3.67623e-05,1.0288,270.0
2018-10-12 03:00:00.000039936,22.1192,64.82,177.79199,3.67623e-05,1.0288,270.0
2018-10-12 06:00:00.000039936,20.576,92.6,166.68001,3.67623e-05,1.5432,270.0
2018-10-12 09:00:00.000039936,20.576,92.6,169.45801,3.67623e-05,1.5432,270.0
2018-10-12 12:00:00.000039936,20.576,92.6,171.31,3.67623e-05,2.0576,275.0
2018-10-12 15:00:00.000039936,20.576,92.6,161.12401,3.67623e-05,2.572,280.0
2018-10-12 18:00:00.000039936,20.576,92.6,150.475,3.700857e-05,3.0864,280.0
2018-10-12 21:00:00.000039936,20.576,92.6,143.993,3.700857e-05,3.0864,270.0
2018-10-13 00:00:00.000039936,20.576,92.6,136.58499,3.700857e-05,3.0864,270.0
2018-10-13 03:00:00.000039936,20.576,83.34,148.62299,3.700857e-05,3.0864,280.0
2018-10-13 06:00:00.000039936,20.576,74.08,159.735,3.7254722e-05,3.6008,280.0
2018-10-13 09:00:00.000039936,20.576,74.08,163.439,3.7254722e-05,3.6008,275.0
2018-10-13 12:00:00.000039936,20.576,74.08,166.68,3.7500762e-05,4.1152,275.0
2018-10-13 15:00:00.000039936,20.576,74.08,158.34601,3.7746686e-05,4.1152,280.0
2018-10-13 18:00:00.000039936,20.576,74.08,148.16,3.7992504e-05,4.1152,290.0
2018-10-13 21:00:00.000039936,19.5472,74.08,130.103,3.8483773e-05,4.6296,290.0
2018-10-14 00:00:00.000039936,18.004,74.08,111.119995,3.897458e-05,4.6296,300.0
2018-10-14 03:00:00.000039936,18.004,64.82,116.213,3.9219805e-05,4.1152,305.0
