Time,Vmax,Rmax_IBT,R34,fcor,u_trans,v_trans
2005-11-28 18:00:00.000039936,23.148,46.3,101.86,2.807779e-05,2.572,300.0
2005-11-28 21:00:00.000039936,23.148,42.596,101.86,2.857718e-05,3.6008,290.0
2005-11-29 00:00:00.000039936,23.148,37.04,101.86,2.9325609e-05,4.6296,290.0
2005-11-29 03:00:00.000039936,23.148,42.596,109.268,3.0322259e-05,6.1728,300.0
2005-11-29 06:00:00.000039936,23.148,46.3,115.75,3.1068776e-05,7.716,300.0
2005-11-29 09:00:00.000039936,23.148,46.3,115.75,3.156599e-05,7.716,295.0
2005-11-29 12:00:00.000039936,23.148,46.3,115.75,3.1814445e-05,4.1152,285.0
2005-11-29 15:00:00.000039936,23.148,46.3,115.75,3.156599e-05,1.5432,250.0
2005-11-29 18:00:00.000039936,23.148,46.3,115.75,3.131743e-05,1.0288,265.0
2005-11-29 21:00:00.000039936,22.1192,46.3,115.75,3.156599e-05,1.0288,295.0
2005-11-30 00:00:00.000039936,20.576,46.3,115.75,3.1814445e-05,1.0288,320.0
2005-11-30 03:00:00.000039936,20.576,51.856,118.528,3.231108e-05,2.0576,350.0
2005-11-30 06:00:00.000039936,20.576,55.56,120.380005,3.2559245e-05,1.5432,10.0
2005-11-30 09:00:00.000039936,20.576,55.56,120.380005,3.231108e-05,0.5144,135.0
2005-11-30 12:00:00.000039936,20.576,55.56,120.380005,3.206281e-05,0.5144,215.0
2005-11-30 15:00:00.000039936,22.1192,55.56,120.380005,3.206281e-05,1.0288,270.0
2005-11-30 18:00:00.000039936,23.148,55.56,120.380005,3.206281e-05,1.0288,305.0
2005-11-30 21:00:00.000039936,23.148,55.56,120.380005,3.2559245e-05,1.0288,340.0
2005-12-01 00:00:00.000039936,23.148,55.56,120.380005,3.280731e-05,0.5144,305.0
2005-12-01 03:00:00.000039936,23.148,55.56,125.009995,3.280731e-05,2.0576,265.0
2005-12-01 06:00:00.000039936,23.148,55.56,129.64,3.2559245e-05,2.0576,260.0
2005-12-01 09:00:00.000039936,20.576,55.56,129.64,3.2559245e-05,1.0288,250.0
2005-12-01 12:00:00.000039936,18.004,55.56,129.64,3.231108e-05,1.0288,245.0
2005-12-01 15:00:00.000039936,18.004,55.56,129.64,3.206281e-05,2.0576,290.0
2005-12-01 18:00:00.000039936,18.004,55.56,129.64,3.1814445e-05,2.0576,285.0
2005-12-01 21:00:00.000039936,18.004,55.56,129.64,3.156599e-05,2.572,245.0
