Time,Vmax,Rmax_IBT,R34,fcor,u_trans,v_trans
2018-10-09 00:00:00.000039936,18.004,129.64,212.98001,3.67623e-05,1.5432,295.0
2018-10-09 03:00:00.000039936,19.5472,111.12,164.36499,3.700857e-05,1.5432,295.0
2018-10-09 06:00:00.000039936,20.576,92.6,115.75,3.7254722e-05,1.5432,315.0
2018-10-09 09:00:00.000039936,22.1192,92.6,164.828,3.7500762e-05,2.0576,325.0
2018-10-09 12:00:00.000039936,23.148,92.6,212.98,3.7992504e-05,2.572,330.0
2018-10-09 15:00:00.000039936,24.6912,83.34,191.219,3.8483773e-05,2.572,325.0
2018-10-09 18:00:00.000039936,25.720001,74.08,168.99501,3.9219805e-05,3.0864,325.0
2018-10-09 21:00:00.000039936,29.835201,74.08,181.033,3.9709896e-05,3.0864,330.0
2018-10-10 00:00:00.000039936,33.436,74.08,192.145,4.0444127e-05,4.1152,345.0
2018-10-10 03:00:00.000039936,36.008,64.82,196.312,4.142137e-05,5.144,340.0
2018-10-10 06:00:00.000039936,38.58,55.56,199.09,4.239659e-05,4.6296,335.0
2018-10-10 09:00:00.000039936,42.6952,42.596,226.407,4.3369746e-05,3.6008,330.0
2018-10-10 12:00:00.000039936,46.296,27.78,252.33499,4.409823e-05,3.0864,330.0
2018-10-10 15:00:00.000039936,50.4112,27.78,235.66699,4.506766e-05,4.1152,335.0
2018-10-10 18:00:00.000039936,54.012,27.78,217.61,4.5793287e-05,4.6296,325.0
2018-10-10 21:00:00.000039936,52.9832,33.336,222.703,4.627635e-05,4.1152,310.0
