Time,Vmax,Rmax_IBT,R34,fcor,u_trans,v_trans
2011-12-26 03:00:00.000039936,18.004,64.82,34.262,2.6076874e-05,2.572,355.0
2011-12-26 06:00:00.000039936,20.576,64.82,69.45,2.6827835e-05,3.6008,355.0
2011-12-26 09:00:00.000039936,23.148,64.82,69.45,2.7578055e-05,3.0864,350.0
2011-12-26 12:00:00.000039936,25.720001,64.82,69.45,2.8327528e-05,2.572,345.0
2011-12-26 15:00:00.000039936,25.720001,64.82,97.69299,2.882674e-05,2.572,335.0
2011-12-26 18:00:00.000039936,25.720001,64.82,125.009995,2.9325609e-05,1.5432,325.0
2011-12-26 21:00:00.000039936,25.720001,61.116,126.399,2.9824112e-05,2.0576,340.0
2011-12-27 00:00:00.000039936,25.720001,55.56,127.325,3.0073232e-05,3.6008,330.0
2011-12-27 03:00:00.000039936,25.720001,55.56,129.177,3.0322259e-05,2.572,310.0
2011-12-27 06:00:00.000039936,25.720001,55.56,129.64,3.0571195e-05,2.0576,300.0
2011-12-27 09:00:00.000039936,27.2632,55.56,129.64,3.0820032e-05,3.0864,305.0
2011-12-27 12:00:00.000039936,28.292,55.56,129.64,3.1068776e-05,2.572,290.0
2011-12-27 15:00:00.000039936,29.835201,64.82,129.64,3.0820032e-05,3.0864,260.0
2011-12-27 18:00:00.000039936,30.864,74.08,129.64,3.0571195e-05,3.0864,255.0
2011-12-27 21:00:00.000039936,32.4072,74.08,129.64,3.0322259e-05,2.572,260.0
2011-12-28 00:00:00.000039936,33.436,74.08,129.64,3.0073232e-05,2.572,265.0
2011-12-28 03:00:00.000039936,34.979202,64.82,157.42,3.0073232e-05,2.572,275.0
2011-12-28 06:00:00.000039936,36.008,55.56,185.19998,3.0322259e-05,2.572,280.0
2011-12-28 09:00:00.000039936,37.5512,46.3,185.19998,3.0571195e-05,2.572,280.0
2011-12-28 12:00:00.000039936,38.58,37.04,185.19998,3.0820032e-05,4.1152,270.0
2011-12-28 15:00:00.000039936,38.58,37.04,188.90399,3.0571195e-05,3.0864,260.0
2011-12-28 18:00:00.000039936,38.58,37.04,192.14499,3.0322259e-05,3.0864,260.0
2011-12-28 21:00:00.000039936,41.152,42.596,192.14499,3.0073232e-05,4.1152,260.0
2011-12-29 00:00:00.000039936,43.724,46.3,192.14499,3.0073232e-05,4.6296,250.0
2011-12-29 03:00:00.000039936,45.2672,46.3,192.14499,3.0073232e-05,4.1152,260.0
2011-12-29 06:00:00.000039936,46.296,46.3,192.14499,3.0073232e-05,4.1152,270.0
2011-12-29 09:00:00.000039936,43.724,46.3,191.219,3.0073232e-05,3.6008,270.0
2011-12-29 12:00:00.000039936,41.152,46.3,189.82999,3.0073232e-05,3.6008,270.0
2011-12-29 15:00:00.000039936,40.1232,46.3,137.048,3.0073232e-05,3.6008,260.0
2011-12-29 18:00:00.000039936,38.58,46.3,83.34,2.9824112e-05,3.6008,255.0
2011-12-29 21:00:00.000039936,36.008,42.596,87.507,2.9574905e-05,3.6008,260.0
2011-12-30 00:00:00.000039936,33.436,37.04,90.284996,2.9574905e-05,4.1152,255.0
