Time,Vmax,Rmax_IBT,R34,fcor,u_trans,v_trans
2013-12-06 06:00:00.000039936,18.004,64.82,74.08,2.4572832e-05,1.0288,35.0
2013-12-06 09:00:00.000039936,19.5472,64.82,81.488,2.4572832e-05,1.0288,25.0
2013-12-06 12:00:00.000039936,20.576,64.82,87.97,2.4823696e-05,1.0288,20.0
2013-12-06 15:00:00.000039936,22.1192,70.376,100.007996,2.5074483e-05,1.0288,15.0
2013-12-06 18:00:00.000039936,23.148,74.08,111.12,2.53252e-05,1.0288,30.0
2013-12-06 21:00:00.000039936,24.6912,74.08,111.12,2.5575835e-05,1.0288,45.0
2013-12-07 00:00:00.000039936,25.720001,74.08,111.12,2.5826394e-05,1.0288,50.0
2013-12-07 03:00:00.000039936,27.2632,64.82,115.75,2.6076874e-05,1.0288,35.0
2013-12-07 06:00:00.000039936,28.292,55.56,120.38,2.6327272e-05,1.5432,30.0
2013-12-07 09:00:00.000039936,28.292,55.56,120.38,2.6827835e-05,2.0576,25.0
2013-12-07 12:00:00.000039936,28.292,55.56,120.38,2.7328068e-05,2.0576,25.0
2013-12-07 15:00:00.000039936,29.835201,46.3,139.82599,2.7827968e-05,2.0576,15.0
2013-12-07 18:00:00.000039936,30.864,37.04,157.42,2.857718e-05,2.572,5.0
2013-12-07 21:00:00.000039936,32.4072,37.04,162.976,2.9325609e-05,3.0864,5.0
2013-12-08 00:00:00.000039936,33.436,37.04,166.68,3.0073232e-05,2.572,5.0
2013-12-08 03:00:00.000039936,33.436,37.04,166.68,3.0820032e-05,2.572,15.0
2013-12-08 06:00:00.000039936,33.436,37.04,166.68,3.131743e-05,3.0864,10.0
2013-12-08 09:00:00.000039936,33.436,37.04,166.68,3.1814445e-05,3.0864,0.0
2013-12-08 12:00:00.000039936,33.436,37.04,166.68,3.2559245e-05,3.0864,355.0
2013-12-08 15:00:00.000039936,33.436,37.04,166.68,3.330315e-05,2.572,355.0
2013-12-08 18:00:00.000039936,33.436,37.04,166.68,3.3798577e-05,2.572,355.0
2013-12-08 21:00:00.000039936,32.4072,37.04,166.68,3.454095e-05,2.572,0.0
2013-12-09 00:00:00.000039936,30.864,37.04,166.68,3.5035337e-05,2.0576,0.0
2013-12-09 03:00:00.000039936,30.864,37.04,171.31,3.5529305e-05,2.572,5.0
2013-12-09 06:00:00.000039936,30.864,37.04,175.93999,3.6022833e-05,2.0576,10.0
2013-12-09 09:00:00.000039936,32.4072,33.336,169.45801,3.651592e-05,1.5432,15.0
2013-12-09 12:00:00.000039936,33.436,27.78,162.04999,3.67623e-05,1.5432,15.0
2013-12-09 15:00:00.000039936,33.436,27.78,162.04999,3.700857e-05,1.0288,25.0
2013-12-09 18:00:00.000039936,33.436,27.78,162.04999,3.7254722e-05,1.0288,30.0
2013-12-09 21:00:00.000039936,34.979202,27.78,162.04999,3.7500762e-05,1.0288,35.0
2013-12-10 00:00:00.000039936,36.008,27.78,162.04999,3.7746686e-05,2.572,40.0
2013-12-10 03:00:00.000039936,40.1232,27.78,162.04999,3.8238195e-05,2.572,30.0
2013-12-10 06:00:00.000039936,43.724,27.78,162.04999,3.872924e-05,1.5432,350.0
2013-12-10 09:00:00.000039936,42.6952,27.78,162.04999,3.872924e-05,2.0576,255.0
2013-12-10 12:00:00.000039936,41.152,27.78,162.04999,3.8238195e-05,3.6008,225.0
2013-12-10 15:00:00.000039936,37.5512,27.78,153.716,3.7992504e-05,3.0864,225.0
2013-12-10 18:00:00.000039936,33.436,27.78,143.53,3.7500762e-05,2.572,215.0
2013-12-10 21:00:00.000039936,29.835201,27.78,139.363,3.700857e-05,3.6008,220.0
2013-12-11 00:00:00.000039936,25.720001,27.78,134.26999,3.651592e-05,4.1152,225.0
2013-12-11 03:00:00.000039936,24.6912,33.336,134.26999,3.577612e-05,4.1152,220.0
2013-12-11 06:00:00.000039936,23.148,37.04,134.26999,3.5035337e-05,3.6008,215.0
2013-12-11 09:00:00.000039936,23.148,37.04,134.26999,3.454095e-05,3.0864,215.0
2013-12-11 12:00:00.000039936,23.148,37.04,134.26999,3.3798577e-05,3.0864,220.0
