Time,Vmax,Rmax_IBT,R34,fcor,u_trans,v_trans
2007-11-11 12:00:00.000039936,23.148,46.3,55.56,2.5826394e-05,1.0288,275.0
2007-11-11 15:00:00.000039936,24.6912,46.3,78.247,2.5826394e-05,2.572,300.0
2007-11-11 18:00:00.000039936,25.720001,46.3,99.545,2.6076874e-05,3.0864,300.0
2007-11-11 21:00:00.000039936,28.292,46.3,103.712006,2.6076874e-05,1.5432,280.0
2007-11-12 00:00:00.000039936,30.864,46.3,106.490005,2.6327272e-05,2.572,280.0
2007-11-12 03:00:00.000039936,33.436,46.3,115.75,2.6577594e-05,4.1152,300.0
2007-11-12 06:00:00.000039936,36.008,46.3,125.009995,2.707799e-05,3.0864,320.0
2007-11-12 09:00:00.000039936,38.58,42.596,139.363,2.7578055e-05,3.0864,325.0
2007-11-12 12:00:00.000039936,41.152,37.04,152.79001,2.807779e-05,3.0864,325.0
2007-11-12 15:00:00.000039936,47.8392,33.336,170.384,2.882674e-05,1.5432,340.0
2007-11-12 18:00:00.000039936,54.012,27.78,187.515,2.9325609e-05,1.0288,345.0
2007-11-12 21:00:00.000039936,55.5552,27.78,190.293,2.9824112e-05,2.572,325.0
2007-11-13 00:00:00.000039936,56.584,27.78,192.14499,3.0322259e-05,3.0864,330.0
2007-11-13 03:00:00.000039936,58.1272,24.076,193.534,3.0820032e-05,1.5432,345.0
2007-11-13 06:00:00.000039936,59.156002,18.52,194.45999,3.156599e-05,4.1152,355.0
2007-11-13 09:00:00.000039936,59.156002,18.52,194.45999,3.206281e-05,4.1152,355.0
2007-11-13 12:00:00.000039936,59.156002,18.52,194.45999,3.280731e-05,1.5432,345.0
2007-11-13 15:00:00.000039936,59.156002,18.52,207.424,3.3550914e-05,3.0864,355.0
2007-11-13 18:00:00.000039936,59.156002,18.52,219.925,3.454095e-05,4.1152,355.0
2007-11-13 21:00:00.000039936,59.156002,18.52,221.314,3.5282377e-05,4.1152,355.0
2007-11-14 00:00:00.000039936,59.156002,18.52,222.23999,3.6022833e-05,3.0864,355.0
2007-11-14 03:00:00.000039936,60.6992,33.336,226.407,3.67623e-05,3.0864,355.0
2007-11-14 06:00:00.000039936,61.728,46.3,229.185,3.7746686e-05,4.6296,355.0
2007-11-14 09:00:00.000039936,64.3,37.04,236.59299,3.872924e-05,5.144,340.0
2007-11-14 12:00:00.000039936,66.872,27.78,243.075,3.9709896e-05,3.6008,335.0
2007-11-14 15:00:00.000039936,69.444,33.336,235.66699,4.0688625e-05,3.6008,0.0
2007-11-14 18:00:00.000039936,72.016,37.04,226.87,4.1665367e-05,5.144,0.0
2007-11-14 21:00:00.000039936,72.016,33.336,242.14899,4.288343e-05,5.6584,0.0
2007-11-15 00:00:00.000039936,72.016,27.78,256.965,4.458322e-05,6.1728,0.0
2007-11-15 03:00:00.000039936,72.016,27.78,251.87201,4.651767e-05,9.2592,0.0
2007-11-15 06:00:00.000039936,72.016,27.78,245.39,4.844305e-05,9.2592,0.0
2007-11-15 09:00:00.000039936,69.444,24.076,241.686,5.035898e-05,8.2304,5.0
2007-11-15 12:00:00.000039936,66.872,18.52,236.13,5.22651e-05,8.2304,15.0
2007-11-15 15:00:00.000039936,59.156002,37.04,236.13,5.4161024e-05,9.7736,35.0
