Time,Vmax,Rmax_IBT,R34,fcor,u_trans,v_trans
2022-12-06 18:00:00.000039936,20.576,92.6,252.335,2.1556822e-05,2.0576,285.0
2022-12-06 21:00:00.000039936,22.1192,88.895996,236.59299,2.1556822e-05,2.572,285.0
2022-12-07 00:00:00.000039936,23.148,83.34,219.925,2.1808535e-05,3.6008,285.0
2022-12-07 03:00:00.000039936,23.148,83.34,219.925,2.206018e-05,3.0864,285.0
2022-12-07 06:00:00.000039936,23.148,83.34,219.925,2.231176e-05,2.572,285.0
2022-12-07 09:00:00.000039936,23.148,83.34,218.99901,2.2563274e-05,3.0864,290.0
2022-12-07 12:00:00.000039936,23.148,83.34,217.61002,2.2814716e-05,2.572,295.0
2022-12-07 15:00:00.000039936,23.148,83.34,231.5,2.306609e-05,2.572,300.0
2022-12-07 18:00:00.000039936,23.148,83.34,245.39,2.3317392e-05,2.0576,300.0
2022-12-07 21:00:00.000039936,25.720001,83.34,245.85301,2.3568628e-05,2.0576,295.0
2022-12-08 00:00:00.000039936,28.292,83.34,245.38998,2.3819783e-05,3.0864,295.0
2022-12-08 03:00:00.000039936,28.292,83.34,247.242,2.432189e-05,4.1152,295.0
2022-12-08 06:00:00.000039936,28.292,83.34,247.705,2.4823696e-05,4.1152,295.0
2022-12-08 09:00:00.000039936,28.292,83.34,239.371,2.53252e-05,4.1152,300.0
2022-12-08 12:00:00.000039936,28.292,83.34,229.185,2.5826394e-05,4.6296,305.0
2022-12-08 15:00:00.000039936,28.292,79.636,227.33301,2.6327272e-05,4.1152,305.0
2022-12-08 18:00:00.000039936,28.292,74.08,224.55501,2.6827835e-05,3.0864,300.0
2022-12-08 21:00:00.000039936,28.292,74.08,222.703,2.707799e-05,3.0864,310.0
2022-12-09 00:00:00.000039936,28.292,74.08,219.925,2.7578055e-05,2.572,315.0
2022-12-09 03:00:00.000039936,27.2632,74.08,204.18301,2.807779e-05,3.0864,325.0
2022-12-09 06:00:00.000039936,25.720001,74.08,187.515,2.882674e-05,3.6008,325.0
2022-12-09 09:00:00.000039936,24.6912,74.08,168.069,2.9574905e-05,3.6008,325.0
2022-12-09 12:00:00.000039936,23.148,74.08,148.16,3.0322259e-05,3.6008,320.0
2022-12-09 15:00:00.000039936,20.576,70.376,125.009995,3.1068776e-05,4.1152,315.0
