Time,Vmax,Rmax_IBT,R34,fcor,u_trans,v_trans
2019-12-04 12:00:00.000039936,20.576,111.12,134.26999,2.0549318e-05,3.0864,350.0
2019-12-04 15:00:00.000039936,20.576,111.12,131.955,2.1053198e-05,4.1152,355.0
2019-12-04 18:00:00.000039936,20.576,111.12,129.64,2.1808535e-05,4.6296,350.0
2019-12-04 21:00:00.000039936,20.576,111.12,137.974,2.2814716e-05,4.1152,340.0
2019-12-05 00:00:00.000039936,20.576,111.12,145.845,2.3819783e-05,2.572,310.0
2019-12-05 03:00:00.000039936,20.576,101.86,145.845,2.3819783e-05,2.572,280.0
2019-12-05 06:00:00.000039936,20.576,92.6,145.845,2.3568628e-05,4.6296,270.0
2019-12-05 09:00:00.000039936,20.576,92.6,143.993,2.3317392e-05,5.6584,265.0
2019-12-05 12:00:00.000039936,20.576,92.6,141.215,2.2814716e-05,4.1152,255.0
2019-12-05 15:00:00.000039936,19.5472,92.6,141.215,2.206018e-05,4.1152,235.0
2019-12-05 18:00:00.000039936,18.004,92.6,141.215,2.130504e-05,4.6296,235.0
2019-12-05 21:00:00.000039936,18.004,88.895996,131.029,2.0801292e-05,5.144,240.0
2019-12-06 00:00:00.000039936,18.004,83.34,120.380005,2.0549318e-05,4.6296,240.0
2019-12-06 03:00:00.000039936,18.004,74.08,104.638,2.0297284e-05,3.6008,240.0
2019-12-06 06:00:00.000039936,18.004,64.82,87.97,2.0045187e-05,3.0864,245.0
2019-12-06 09:00:00.000039936,20.576,64.82,87.97,1.9793031e-05,3.0864,260.0
2019-12-06 12:00:00.000039936,23.148,64.82,87.97,1.9793031e-05,4.6296,265.0
2019-12-06 15:00:00.000039936,23.148,64.82,75.469,2.0045187e-05,5.6584,265.0
