Time,Vmax,Rmax_IBT,R34,fcor,u_trans,v_trans
2005-12-18 00:00:00.000039936,23.148,74.08,92.6,2.6327272e-05,4.1152,360.0
2005-12-18 03:00:00.000039936,23.148,61.116,94.91499,2.6827835e-05,2.572,0.0
2005-12-18 06:00:00.000039936,23.148,46.3,97.229996,2.7328068e-05,2.572,330.0
2005-12-18 09:00:00.000039936,23.148,46.3,97.229996,2.7578055e-05,2.0576,325.0
2005-12-18 12:00:00.000039936,23.148,46.3,97.229996,2.7827968e-05,0.5144,10.0
2005-12-18 15:00:00.000039936,23.148,46.3,99.545,2.807779e-05,1.5432,0.0
2005-12-18 18:00:00.000039936,23.148,46.3,101.86,2.807779e-05,1.5432,0.0
2005-12-18 21:00:00.000039936,23.148,46.3,101.86,2.807779e-05,0.5144,25.0
2005-12-19 00:00:00.000039936,23.148,46.3,101.86,2.8327528e-05,0.5144,40.0
2005-12-19 03:00:00.000039936,23.148,46.3,102.323,2.857718e-05,0.5144,65.0
2005-12-19 06:00:00.000039936,23.148,46.3,101.86,2.857718e-05,0.5144,105.0
2005-12-19 09:00:00.000039936,23.148,46.3,101.86,2.8327528e-05,0.5144,135.0
2005-12-19 12:00:00.000039936,23.148,46.3,101.86,2.807779e-05,1.0288,35.0
2005-12-19 15:00:00.000039936,23.148,46.3,101.86,2.807779e-05,1.5432,30.0
2005-12-19 18:00:00.000039936,23.148,46.3,101.86,2.807779e-05,0.5144,75.0
2005-12-19 21:00:00.000039936,22.1192,46.3,91.673996,2.807779e-05,1.5432,80.0
2005-12-20 00:00:00.000039936,20.576,46.3,81.025,2.8327528e-05,3.0864,85.0
2005-12-20 03:00:00.000039936,20.576,46.3,82.414,2.857718e-05,3.0864,80.0
2005-12-20 06:00:00.000039936,20.576,46.3,83.34,2.882674e-05,3.6008,55.0
2005-12-20 09:00:00.000039936,19.5472,46.3,83.34,2.9325609e-05,2.572,40.0
2005-12-20 12:00:00.000039936,18.004,46.3,83.34,2.9574905e-05,1.0288,40.0
2005-12-20 15:00:00.000039936,18.004,46.3,83.34,2.9824112e-05,0.5144,65.0
2005-12-20 18:00:00.000039936,18.004,46.3,83.34,2.9824112e-05,0.5144,105.0
2005-12-20 21:00:00.000039936,18.004,46.3,83.34,2.9574905e-05,0.5144,135.0
