Time,Vmax,Rmax_IBT,R34,fcor,u_trans,v_trans
2023-12-03 00:00:00.000039936,18.004,88.895996,72.691,2.9076216e-05,1.5432,45.0
2023-12-03 03:00:00.000039936,18.004,88.895996,72.691,2.9325609e-05,2.0576,35.0
2023-12-03 06:00:00.000039936,18.004,88.895996,72.691,2.9824112e-05,2.572,5.0
2023-12-03 09:00:00.000039936,19.0328,85.192,96.304,3.0571195e-05,3.0864,340.0
2023-12-03 12:00:00.000039936,20.0616,79.636,118.991,3.131743e-05,3.6008,320.0
2023-12-03 15:00:00.000039936,21.604801,79.636,118.991,3.206281e-05,4.1152,305.0
2023-12-03 18:00:00.000039936,23.148,79.636,118.991,3.2559245e-05,4.6296,310.0
2023-12-03 21:00:00.000039936,25.720001,79.636,118.991,3.330315e-05,4.1152,315.0
2023-12-04 00:00:00.000039936,27.7776,79.636,118.991,3.404614e-05,2.0576,305.0
2023-12-04 03:00:00.000039936,27.7776,68.524,118.991,3.404614e-05,0.5144,225.0
2023-12-04 06:00:00.000039936,27.7776,55.56,118.991,3.3798577e-05,1.0288,305.0
2023-12-04 09:00:00.000039936,29.3208,48.152,148.16,3.4293596e-05,2.572,325.0
2023-12-04 12:00:00.000039936,30.864,40.744,176.866,3.47882e-05,3.6008,310.0
2023-12-04 15:00:00.000039936,30.864,40.744,148.16,3.5529305e-05,4.1152,305.0
