Time,Vmax,Rmax_IBT,R34,fcor,u_trans,v_trans
2018-12-15 06:00:00.000039936,18.004,111.12,222.24002,2.4572832e-05,3.6008,330.0
2018-12-15 09:00:00.000039936,19.5472,107.416,239.83398,2.5074483e-05,3.6008,330.0
2018-12-15 12:00:00.000039936,20.576,101.86,256.965,2.5575835e-05,4.1152,330.0
2018-12-15 15:00:00.000039936,22.1192,98.156,245.853,2.6076874e-05,3.6008,330.0
2018-12-15 18:00:00.000039936,23.148,92.6,233.815,2.6827835e-05,3.0864,335.0
2018-12-15 21:00:00.000039936,23.148,83.34,199.55301,2.7827968e-05,3.0864,335.0
2018-12-16 00:00:00.000039936,23.148,74.08,164.365,2.882674e-05,4.1152,340.0
2018-12-16 03:00:00.000039936,24.6912,74.08,173.16199,2.9824112e-05,5.144,335.0
2018-12-16 06:00:00.000039936,25.720001,74.08,180.57,3.1068776e-05,4.1152,320.0
2018-12-16 09:00:00.000039936,27.2632,70.376,196.312,3.2559245e-05,7.2016,325.0
2018-12-16 12:00:00.000039936,28.292,64.82,210.665,3.3798577e-05,7.716,330.0
2018-12-16 15:00:00.000039936,28.292,61.116,212.517,3.47882e-05,4.1152,330.0
2018-12-16 18:00:00.000039936,28.292,55.56,212.98,3.5529305e-05,4.1152,335.0
2018-12-16 21:00:00.000039936,27.2632,55.56,195.849,3.626943e-05,5.144,345.0
2018-12-17 00:00:00.000039936,25.720001,55.56,178.255,3.7254722e-05,5.6584,355.0
2018-12-17 03:00:00.000039936,23.148,55.56,152.327,3.8483773e-05,5.144,355.0
2018-12-17 06:00:00.000039936,20.576,55.56,125.009995,3.9709896e-05,5.144,0.0
