Time,Vmax,Rmax_IBT,R34,fcor,u_trans,v_trans
2016-07-16 18:00:00.000039936,20.576,111.12,129.64,2.53252e-05,6.1728,240.0
2016-07-16 21:00:00.000039936,20.576,111.12,129.64,2.6076874e-05,6.1728,240.0
2016-07-17 00:00:00.000039936,20.576,111.12,129.64,2.707799e-05,6.6872,235.0
2016-07-17 03:00:00.000039936,22.1192,101.86,146.308,2.807779e-05,7.2016,235.0
2016-07-17 06:00:00.000039936,23.148,92.6,162.04999,2.9076216e-05,7.2016,240.0
2016-07-17 09:00:00.000039936,23.148,79.636,168.069,2.9824112e-05,7.716,250.0
2016-07-17 12:00:00.000039936,23.148,64.82,173.625,3.0322259e-05,7.716,250.0
2016-07-17 15:00:00.000039936,23.148,64.82,173.625,3.0820032e-05,7.716,250.0
2016-07-17 18:00:00.000039936,23.148,64.82,173.625,3.156599e-05,7.2016,250.0
2016-07-17 21:00:00.000039936,24.6912,64.82,173.625,3.206281e-05,6.6872,250.0
2016-07-18 00:00:00.000039936,25.720001,64.82,173.625,3.280731e-05,6.6872,250.0
2016-07-18 03:00:00.000039936,25.720001,55.56,173.625,3.330315e-05,6.6872,245.0
2016-07-18 06:00:00.000039936,25.720001,46.3,173.625,3.404614e-05,6.6872,240.0
2016-07-18 09:00:00.000039936,27.2632,42.596,175.94,3.5035337e-05,6.6872,240.0
2016-07-18 12:00:00.000039936,28.292,37.04,178.255,3.577612e-05,6.1728,245.0
2016-07-18 15:00:00.000039936,27.2632,37.04,178.255,3.651592e-05,6.1728,250.0
2016-07-18 18:00:00.000039936,25.720001,37.04,178.255,3.67623e-05,6.6872,260.0
2016-07-18 21:00:00.000039936,24.6912,37.04,156.494,3.67623e-05,7.2016,270.0
2016-07-19 00:00:00.000039936,23.148,37.04,134.26999,3.67623e-05,7.2016,270.0
2016-07-19 03:00:00.000039936,22.1192,37.04,134.26999,3.67623e-05,6.6872,270.0
2016-07-19 06:00:00.000039936,20.576,37.04,134.26999,3.67623e-05,5.144,270.0
2016-07-19 09:00:00.000039936,19.5472,37.04,134.26999,3.67623e-05,4.1152,270.0
