Time,Vmax,Rmax_IBT,R34,fcor,u_trans,v_trans
2009-11-14 03:00:00.000039936,18.004,74.08,55.56,3.1068776e-05,3.6008,200.0
2009-11-14 06:00:00.000039936,20.576,74.08,111.12,3.1814445e-05,2.572,205.0
2009-11-14 09:00:00.000039936,23.148,74.08,107.416,3.206281e-05,1.5432,220.0
2009-11-14 12:00:00.000039936,25.720001,74.08,101.86,3.231108e-05,1.0288,225.0
2009-11-14 15:00:00.000039936,28.292,70.376,106.02701,3.2559245e-05,0.5144,225.0
2009-11-14 18:00:00.000039936,30.864,64.82,108.805,3.2559245e-05,0.5144,230.0
2009-11-14 21:00:00.000039936,38.58,46.3,120.38,3.2559245e-05,0.5144,245.0
2009-11-15 00:00:00.000039936,46.296,27.78,131.955,3.280731e-05,1.0288,250.0
2009-11-15 03:00:00.000039936,48.868,33.336,131.955,3.280731e-05,1.5432,250.0
2009-11-15 06:00:00.000039936,51.440002,37.04,131.955,3.305528e-05,1.5432,245.0
2009-11-15 09:00:00.000039936,52.9832,37.04,131.955,3.330315e-05,2.0576,245.0
2009-11-15 12:00:00.000039936,54.012,37.04,131.955,3.3550914e-05,2.0576,260.0
2009-11-15 15:00:00.000039936,54.012,33.336,141.215,3.3550914e-05,2.0576,265.0
2009-11-15 18:00:00.000039936,54.012,27.78,150.475,3.3550914e-05,2.0576,250.0
2009-11-15 21:00:00.000039936,54.012,27.78,163.90201,3.3798577e-05,2.0576,225.0
2009-11-16 00:00:00.000039936,54.012,27.78,175.94,3.4293596e-05,2.572,215.0
2009-11-16 03:00:00.000039936,54.012,27.78,167.14299,3.47882e-05,3.0864,210.0
2009-11-16 06:00:00.000039936,54.012,27.78,157.42,3.5282377e-05,4.1152,215.0
2009-11-16 09:00:00.000039936,54.012,24.076,137.04799,3.626943e-05,4.6296,215.0
2009-11-16 12:00:00.000039936,54.012,18.52,115.75,3.7254722e-05,5.144,215.0
2009-11-16 15:00:00.000039936,54.012,18.52,115.75,3.8238195e-05,5.144,215.0
2009-11-16 18:00:00.000039936,54.012,18.52,115.75,3.9219805e-05,4.6296,210.0
2009-11-16 21:00:00.000039936,54.012,18.52,125.01,4.0199502e-05,4.6296,205.0
2009-11-17 00:00:00.000039936,54.012,18.52,134.27,4.1177245e-05,4.6296,205.0
2009-11-17 03:00:00.000039936,50.4112,24.076,156.957,4.2152973e-05,5.144,200.0
2009-11-17 06:00:00.000039936,46.296,27.78,178.25499,4.3369746e-05,5.6584,200.0
2009-11-17 09:00:00.000039936,42.6952,27.78,186.589,4.4825505e-05,6.1728,195.0
2009-11-17 12:00:00.000039936,38.58,27.78,194.46,4.627635e-05,6.1728,180.0
2009-11-17 15:00:00.000039936,36.008,27.78,194.46,4.7722115e-05,6.6872,170.0
2009-11-17 18:00:00.000039936,33.436,27.78,194.46,4.916265e-05,6.1728,185.0
2009-11-17 21:00:00.000039936,30.864,27.78,185.2,5.059779e-05,6.1728,200.0
2009-11-18 00:00:00.000039936,28.292,27.78,175.94,5.178951e-05,5.144,200.0
2009-11-18 03:00:00.000039936,24.6912,33.336,155.56801,5.2740055e-05,4.6296,175.0
2009-11-18 06:00:00.000039936,20.576,37.04,134.27,5.392461e-05,5.144,160.0
