Time,Vmax,Rmax_IBT,R34,fcor,u_trans,v_trans
2014-11-16 15:00:00.000039936,18.004,74.08,27.78,2.1556822e-05,1.5432,155.0
2014-11-16 18:00:00.000039936,20.576,55.56,55.56,2.206018e-05,2.0576,145.0
2014-11-16 21:00:00.000039936,23.148,55.56,60.190002,2.2563274e-05,2.0576,135.0
2014-11-17 00:00:00.000039936,25.720001,55.56,64.82,2.2814716e-05,2.0576,120.0
2014-11-17 03:00:00.000039936,28.292,37.04,75.469,2.306609e-05,2.572,110.0
2014-11-17 06:00:00.000039936,30.864,18.52,85.655,2.3317392e-05,3.0864,105.0
2014-11-17 09:00:00.000039936,32.4072,24.076,105.564,2.3568628e-05,3.6008,105.0
2014-11-17 12:00:00.000039936,33.436,27.78,125.009995,2.3819783e-05,3.6008,105.0
2014-11-17 15:00:00.000039936,33.436,33.336,128.714,2.4070872e-05,3.6008,110.0
2014-11-17 18:00:00.000039936,33.436,37.04,131.955,2.432189e-05,4.1152,125.0
2014-11-17 21:00:00.000039936,34.979202,37.04,131.955,2.5074483e-05,4.6296,135.0
2014-11-18 00:00:00.000039936,36.008,37.04,131.955,2.5826394e-05,4.1152,135.0
2014-11-18 03:00:00.000039936,34.979202,37.04,131.955,2.6577594e-05,3.6008,135.0
2014-11-18 06:00:00.000039936,33.436,37.04,131.955,2.707799e-05,3.0864,140.0
2014-11-18 09:00:00.000039936,32.4072,37.04,131.955,2.7827968e-05,3.0864,145.0
2014-11-18 12:00:00.000039936,30.864,37.04,131.955,2.8327528e-05,2.572,145.0
2014-11-18 15:00:00.000039936,29.835201,37.04,122.695,2.882674e-05,2.572,150.0
2014-11-18 18:00:00.000039936,28.292,37.04,113.435,2.9325609e-05,2.572,150.0
2014-11-18 21:00:00.000039936,28.292,37.04,113.435,2.9824112e-05,3.0864,155.0
2014-11-19 00:00:00.000039936,28.292,37.04,113.435,3.0571195e-05,2.572,170.0
2014-11-19 03:00:00.000039936,28.292,37.04,113.435,3.131743e-05,2.572,190.0
2014-11-19 06:00:00.000039936,28.292,37.04,113.435,3.1814445e-05,2.572,200.0
2014-11-19 09:00:00.000039936,25.720001,46.3,113.435,3.231108e-05,2.0576,205.0
2014-11-19 12:00:00.000039936,23.148,55.56,113.435,3.280731e-05,2.0576,215.0
2014-11-19 15:00:00.000039936,20.576,55.56,113.435,3.330315e-05,2.0576,225.0
