Time,Vmax,Rmax_IBT,R34,fcor,u_trans,v_trans
2017-11-29 12:00:00.000039936,18.004,83.34,138.9,2.1556822e-05,4.6296,105.0
2017-11-29 15:00:00.000039936,18.004,111.12,157.42,2.206018e-05,4.6296,100.0
2017-11-29 18:00:00.000039936,18.004,138.9,175.94,2.231176e-05,6.1728,100.0
2017-11-29 21:00:00.000039936,19.5472,138.9,189.82999,2.2563274e-05,7.2016,100.0
2017-11-30 00:00:00.000039936,20.576,138.9,203.72,2.2814716e-05,7.2016,100.0
2017-11-30 03:00:00.000039936,20.576,138.9,199.09,2.2814716e-05,6.6872,100.0
2017-11-30 06:00:00.000039936,20.576,138.9,194.45999,2.306609e-05,5.6584,100.0
2017-11-30 09:00:00.000039936,22.1192,111.12,185.2,2.3317392e-05,5.144,100.0
2017-11-30 12:00:00.000039936,23.148,83.34,175.94,2.3568628e-05,5.144,105.0
2017-11-30 15:00:00.000039936,23.148,70.376,173.625,2.3819783e-05,5.6584,105.0
2017-11-30 18:00:00.000039936,23.148,55.56,171.31,2.4070872e-05,5.144,105.0
2017-11-30 21:00:00.000039936,25.720001,61.116,168.995,2.432189e-05,4.6296,100.0
2017-12-01 00:00:00.000039936,28.292,64.82,166.68,2.4572832e-05,3.6008,110.0
2017-12-01 03:00:00.000039936,27.2632,64.82,159.735,2.4823696e-05,3.0864,130.0
2017-12-01 06:00:00.000039936,25.720001,64.82,152.79001,2.53252e-05,3.0864,130.0
2017-12-01 09:00:00.000039936,25.720001,64.82,145.845,2.5826394e-05,3.0864,125.0
2017-12-01 12:00:00.000039936,25.720001,64.82,138.9,2.6327272e-05,2.572,125.0
2017-12-01 15:00:00.000039936,25.720001,51.856,131.95499,2.6577594e-05,2.0576,125.0
2017-12-01 18:00:00.000039936,25.720001,37.04,125.009995,2.6827835e-05,1.5432,110.0
2017-12-01 21:00:00.000039936,24.6912,37.04,118.065,2.707799e-05,1.5432,100.0
2017-12-02 00:00:00.000039936,23.148,37.04,111.119995,2.7328068e-05,1.5432,105.0
2017-12-02 03:00:00.000039936,22.1192,42.596,106.49,2.7328068e-05,2.0576,115.0
2017-12-02 06:00:00.000039936,20.576,46.3,101.86,2.7578055e-05,3.0864,115.0
2017-12-02 09:00:00.000039936,20.576,46.3,99.545,2.7827968e-05,3.6008,120.0
2017-12-02 12:00:00.000039936,20.576,46.3,97.229996,2.8327528e-05,3.0864,130.0
2017-12-02 15:00:00.000039936,19.5472,46.3,94.915,2.9076216e-05,2.572,150.0
2017-12-02 18:00:00.000039936,18.004,46.3,92.6,2.9824112e-05,3.6008,155.0
2017-12-02 21:00:00.000039936,18.004,46.3,90.285,3.0571195e-05,4.6296,160.0
2017-12-03 00:00:00.000039936,18.004,46.3,87.97,3.156599e-05,5.6584,175.0
2017-12-03 03:00:00.000039936,18.004,46.3,76.395004,3.305528e-05,6.6872,185.0
2017-12-03 06:00:00.000039936,18.004,46.3,64.82001,3.47882e-05,6.6872,185.0
2017-12-03 09:00:00.000039936,18.004,46.3,53.245,3.626943e-05,5.6584,190.0
