Time,Vmax,Rmax_IBT,R34,fcor,u_trans,v_trans
2020-11-14 00:00:00.000039936,25.720001,74.08,120.380005,1.9540814e-05,8.744801,230.0
2020-11-14 03:00:00.000039936,25.720001,70.376,129.177,2.0801292e-05,8.2304,230.0
2020-11-14 06:00:00.000039936,25.720001,64.82,136.585,2.206018e-05,7.716,230.0
2020-11-14 09:00:00.000039936,27.2632,55.56,136.585,2.3317392e-05,7.716,230.0
2020-11-14 12:00:00.000039936,28.292,46.3,136.585,2.4572832e-05,8.2304,235.0
2020-11-14 15:00:00.000039936,28.292,46.3,140.289,2.5826394e-05,8.2304,240.0
2020-11-14 18:00:00.000039936,28.292,46.3,143.53,2.6827835e-05,7.2016,235.0
2020-11-14 21:00:00.000039936,28.292,42.596,152.79,2.7827968e-05,6.1728,225.0
2020-11-15 00:00:00.000039936,28.292,37.04,162.04999,2.882674e-05,6.6872,215.0
2020-11-15 03:00:00.000039936,28.292,37.04,165.754,3.0322259e-05,7.716,210.0
2020-11-15 06:00:00.000039936,28.292,37.04,168.995,3.206281e-05,6.6872,210.0
2020-11-15 09:00:00.000039936,29.835201,37.04,170.384,3.330315e-05,5.6584,210.0
2020-11-15 12:00:00.000039936,30.864,37.04,171.31,3.454095e-05,5.6584,210.0
2020-11-15 15:00:00.000039936,33.436,37.04,169.45801,3.5529305e-05,5.6584,210.0
2020-11-15 18:00:00.000039936,36.008,37.04,166.68001,3.651592e-05,5.144,205.0
2020-11-15 21:00:00.000039936,37.5512,37.04,156.957,3.7500762e-05,4.6296,200.0
2020-11-16 00:00:00.000039936,38.58,37.04,145.845,3.8483773e-05,4.1152,205.0
2020-11-16 03:00:00.000039936,38.58,37.04,139.363,3.9219805e-05,3.6008,210.0
2020-11-16 06:00:00.000039936,38.58,37.04,131.955,3.995476e-05,3.0864,215.0
2020-11-16 09:00:00.000039936,34.979202,37.04,124.084,4.0444127e-05,2.572,215.0
2020-11-16 12:00:00.000039936,30.864,37.04,115.75,4.093299e-05,2.0576,215.0
2020-11-16 15:00:00.000039936,27.2632,42.596,105.563995,4.1177245e-05,1.0288,215.0
