Time,Vmax,Rmax_IBT,R34,fcor,u_trans,v_trans
2023-10-21 18:00:00.000039936,18.004,55.56,96.304,2.3819783e-05,3.6008,210.0
2023-10-21 21:00:00.000039936,19.0328,51.856,100.934006,2.4572832e-05,3.0864,200.0
2023-10-22 00:00:00.000039936,20.0616,48.152,104.638,2.53252e-05,3.6008,170.0
2023-10-22 03:00:00.000039936,23.148,48.152,132.88101,2.6076874e-05,4.6296,145.0
2023-10-22 06:00:00.000039936,26.2344,48.152,161.124,2.707799e-05,5.6584,130.0
2023-10-22 09:00:00.000039936,27.2632,33.336,130.56601,2.7827968e-05,6.1728,125.0
2023-10-22 12:00:00.000039936,27.7776,16.668,98.618996,2.882674e-05,5.144,145.0
2023-10-22 15:00:00.000039936,30.3496,16.668,98.618996,3.0073232e-05,4.6296,175.0
2023-10-22 18:00:00.000039936,32.9216,16.668,98.618996,3.1068776e-05,3.0864,165.0
2023-10-22 21:00:00.000039936,35.4936,16.668,98.618996,3.131743e-05,2.0576,125.0
2023-10-23 00:00:00.000039936,38.0656,16.668,98.618996,3.156599e-05,2.572,155.0
2023-10-23 03:00:00.000039936,43.209602,18.52,107.879,3.231108e-05,3.6008,170.0
2023-10-23 06:00:00.000039936,47.8392,18.52,115.287,3.330315e-05,3.0864,155.0
2023-10-23 09:00:00.000039936,53.4976,25.928,115.287,3.3798577e-05,2.0576,135.0
2023-10-23 12:00:00.000039936,59.156002,31.484,115.287,3.404614e-05,2.0576,185.0
2023-10-23 15:00:00.000039936,59.156002,31.484,152.79001,3.454095e-05,3.0864,220.0
2023-10-23 18:00:00.000039936,59.156002,31.484,188.904,3.5282377e-05,3.0864,220.0
2023-10-23 21:00:00.000039936,60.1848,31.484,175.47699,3.577612e-05,3.0864,210.0
2023-10-24 00:00:00.000039936,61.2136,31.484,161.124,3.651592e-05,3.0864,205.0
2023-10-24 03:00:00.000039936,60.1848,31.484,144.45601,3.7254722e-05,3.6008,205.0
2023-10-24 06:00:00.000039936,59.156002,31.484,126.862,3.7992504e-05,3.6008,210.0
2023-10-24 09:00:00.000039936,59.156002,24.076,125.01,3.872924e-05,3.0864,220.0
2023-10-24 12:00:00.000039936,59.156002,16.668,122.695,3.9219805e-05,3.0864,235.0
2023-10-24 15:00:00.000039936,56.584,16.668,122.695,3.9464914e-05,2.572,245.0
2023-10-24 18:00:00.000039936,54.012,16.668,122.695,3.9709896e-05,3.0864,245.0
2023-10-24 21:00:00.000039936,50.925602,16.668,122.695,3.995476e-05,3.0864,230.0
2023-10-25 00:00:00.000039936,47.8392,16.668,122.695,4.0688625e-05,4.1152,205.0
2023-10-25 03:00:00.000039936,43.209602,16.668,122.695,4.1909232e-05,5.144,200.0
2023-10-25 06:00:00.000039936,38.0656,16.668,122.695,4.288343e-05,3.6008,220.0
2023-10-25 09:00:00.000039936,32.9216,16.668,122.695,4.3126656e-05,3.0864,260.0
2023-10-25 12:00:00.000039936,27.7776,16.668,122.695,4.3126656e-05,2.572,265.0
2023-10-25 15:00:00.000039936,27.2632,16.668,122.695,4.3126656e-05,2.0576,255.0
2023-10-25 18:00:00.000039936,26.2344,16.668,122.695,4.3369746e-05,2.0576,250.0
