Time,Vmax,Rmax_IBT,R34,fcor,u_trans,v_trans
2019-11-24 06:00:00.000039936,23.148,92.6,92.6,2.5826394e-05,2.572,140.0
2019-11-24 09:00:00.000039936,24.6912,92.6,97.229996,2.6327272e-05,3.0864,150.0
2019-11-24 12:00:00.000039936,25.720001,92.6,101.85999,2.707799e-05,3.0864,155.0
2019-11-24 15:00:00.000039936,27.2632,92.6,120.843,2.7578055e-05,2.572,160.0
2019-11-24 18:00:00.000039936,28.292,92.6,138.9,2.8327528e-05,3.0864,155.0
2019-11-24 21:00:00.000039936,32.4072,55.56,147.234,2.9076216e-05,3.6008,145.0
2019-11-25 00:00:00.000039936,36.008,18.52,155.105,2.9824112e-05,3.6008,140.0
2019-11-25 03:00:00.000039936,34.979202,18.52,150.93799,3.0322259e-05,3.0864,135.0
2019-11-25 06:00:00.000039936,33.436,18.52,145.845,3.0820032e-05,3.0864,150.0
2019-11-25 09:00:00.000039936,33.436,24.076,143.993,3.156599e-05,3.0864,170.0
2019-11-25 12:00:00.000039936,33.436,27.78,141.21501,3.231108e-05,3.0864,180.0
2019-11-25 15:00:00.000039936,32.4072,27.78,138.437,3.305528e-05,3.0864,190.0
2019-11-25 18:00:00.000039936,30.864,27.78,134.27,3.3798577e-05,2.572,205.0
2019-11-25 21:00:00.000039936,28.292,37.04,109.268,3.4293596e-05,2.0576,225.0
2019-11-26 00:00:00.000039936,25.720001,46.3,83.34,3.454095e-05,2.0576,225.0
2019-11-26 03:00:00.000039936,23.148,46.3,82.414,3.47882e-05,2.0576,215.0
2019-11-26 06:00:00.000039936,20.576,46.3,81.024994,3.5282377e-05,2.572,205.0
