Time,Vmax,Rmax_IBT,R34,fcor,u_trans,v_trans
2006-10-21 21:00:00.000039936,19.5472,64.82,51.393,2.707799e-05,1.5432,205.0
2006-10-22 00:00:00.000039936,23.148,55.56,104.175,2.7328068e-05,2.0576,220.0
2006-10-22 03:00:00.000039936,23.148,51.856,104.175,2.7578055e-05,2.0576,230.0
2006-10-22 06:00:00.000039936,23.148,46.3,104.175,2.7578055e-05,1.0288,255.0
2006-10-22 09:00:00.000039936,25.720001,46.3,109.731,2.7827968e-05,0.5144,0.0
2006-10-22 12:00:00.000039936,28.292,46.3,113.435,2.807779e-05,1.0288,100.0
2006-10-22 15:00:00.000039936,30.864,42.596,124.084,2.8327528e-05,2.0576,125.0
2006-10-22 18:00:00.000039936,33.436,37.04,134.26999,2.857718e-05,2.572,135.0
2006-10-22 21:00:00.000039936,37.5512,27.78,152.79001,2.882674e-05,2.572,145.0
2006-10-23 00:00:00.000039936,41.152,18.52,171.31,2.9325609e-05,2.572,155.0
2006-10-23 03:00:00.000039936,41.152,18.52,171.31,2.9824112e-05,2.572,160.0
2006-10-23 06:00:00.000039936,41.152,18.52,171.31,3.0322259e-05,2.572,155.0
2006-10-23 09:00:00.000039936,42.6952,18.52,189.83,3.1068776e-05,2.0576,150.0
2006-10-23 12:00:00.000039936,43.724,18.52,208.35,3.156599e-05,2.0576,145.0
2006-10-23 15:00:00.000039936,45.2672,18.52,208.35,3.206281e-05,2.0576,140.0
2006-10-23 18:00:00.000039936,46.296,18.52,208.35,3.231108e-05,2.572,135.0
2006-10-23 21:00:00.000039936,52.9832,18.52,208.81299,3.280731e-05,3.0864,135.0
2006-10-24 00:00:00.000039936,59.156002,18.52,208.35,3.330315e-05,3.6008,135.0
2006-10-24 03:00:00.000039936,59.156002,18.52,199.55301,3.3798577e-05,4.1152,135.0
2006-10-24 06:00:00.000039936,59.156002,18.52,189.83,3.454095e-05,4.6296,135.0
2006-10-24 09:00:00.000039936,56.584,18.52,189.83,3.5282377e-05,4.6296,140.0
2006-10-24 12:00:00.000039936,54.012,18.52,189.83,3.626943e-05,5.144,140.0
2006-10-24 15:00:00.000039936,48.868,18.52,189.83,3.7254722e-05,5.144,135.0
2006-10-24 18:00:00.000039936,43.724,18.52,189.83,3.7992504e-05,4.1152,135.0
2006-10-24 21:00:00.000039936,40.1232,18.52,173.62498,3.8483773e-05,3.0864,130.0
2006-10-25 00:00:00.000039936,36.008,18.52,157.42,3.897458e-05,2.572,130.0
2006-10-25 03:00:00.000039936,33.436,24.076,150.012,3.9464914e-05,1.5432,140.0
2006-10-25 06:00:00.000039936,30.864,27.78,141.215,3.9464914e-05,1.0288,235.0
2006-10-25 09:00:00.000039936,27.2632,27.78,141.215,3.897458e-05,2.572,275.0
2006-10-25 12:00:00.000039936,23.148,27.78,141.215,3.8483773e-05,3.0864,300.0
2006-10-25 15:00:00.000039936,22.1192,33.336,134.27,3.7992504e-05,3.6008,325.0
