Time,Vmax,Rmax_IBT,R34,fcor,u_trans,v_trans
2012-10-12 18:00:00.000039936,20.576,74.08,71.765,2.130504e-05,3.6008,225.0
2012-10-12 21:00:00.000039936,22.1192,79.636,74.543,2.206018e-05,4.1152,230.0
2012-10-13 00:00:00.000039936,23.148,83.34,76.395,2.2814716e-05,5.144,235.0
2012-10-13 03:00:00.000039936,24.6912,83.34,76.395,2.3568628e-05,5.144,235.0
2012-10-13 06:00:00.000039936,25.720001,83.34,76.395,2.4070872e-05,4.6296,240.0
2012-10-13 09:00:00.000039936,29.835201,61.116,88.895996,2.4823696e-05,4.6296,240.0
2012-10-13 12:00:00.000039936,33.436,37.04,99.545,2.53252e-05,4.6296,240.0
2012-10-13 15:00:00.000039936,37.5512,37.04,117.602005,2.6076874e-05,4.6296,240.0
2012-10-13 18:00:00.000039936,41.152,37.04,134.27,2.6577594e-05,4.6296,245.0
2012-10-13 21:00:00.000039936,42.6952,37.04,134.27,2.707799e-05,4.1152,250.0
2012-10-14 00:00:00.000039936,43.724,37.04,134.27,2.7328068e-05,3.6008,255.0
2012-10-14 03:00:00.000039936,46.296,37.04,134.27,2.7578055e-05,3.6008,255.0
2012-10-14 06:00:00.000039936,48.868,37.04,134.27,2.7827968e-05,3.0864,240.0
2012-10-14 09:00:00.000039936,51.440002,37.04,151.864,2.8327528e-05,3.0864,225.0
2012-10-14 12:00:00.000039936,54.012,37.04,168.995,2.882674e-05,3.6008,220.0
2012-10-14 15:00:00.000039936,56.584,42.596,209.276,2.9325609e-05,3.6008,220.0
2012-10-14 18:00:00.000039936,59.156002,46.3,247.705,3.0073232e-05,3.0864,220.0
2012-10-14 21:00:00.000039936,59.156002,46.3,247.705,3.0820032e-05,3.0864,230.0
2012-10-15 00:00:00.000039936,59.156002,46.3,247.705,3.131743e-05,3.6008,230.0
2012-10-15 03:00:00.000039936,59.156002,46.3,247.705,3.1814445e-05,4.1152,230.0
2012-10-15 06:00:00.000039936,59.156002,46.3,247.705,3.231108e-05,4.1152,230.0
2012-10-15 09:00:00.000039936,55.5552,46.3,251.40901,3.305528e-05,3.6008,235.0
2012-10-15 12:00:00.000039936,51.440002,46.3,254.65,3.3798577e-05,3.6008,250.0
2012-10-15 15:00:00.000039936,48.868,46.3,254.65,3.404614e-05,4.1152,260.0
2012-10-15 18:00:00.000039936,46.296,46.3,254.65,3.404614e-05,4.6296,260.0
2012-10-15 21:00:00.000039936,42.6952,46.3,238.445,3.4293596e-05,4.6296,255.0
2012-10-16 00:00:00.000039936,38.58,46.3,222.23999,3.454095e-05,4.6296,255.0
2012-10-16 03:00:00.000039936,34.979202,46.3,217.60999,3.47882e-05,4.6296,255.0
2012-10-16 06:00:00.000039936,30.864,46.3,212.98001,3.5035337e-05,4.6296,255.0
2012-10-16 09:00:00.000039936,30.864,46.3,212.98001,3.5282377e-05,4.6296,255.0
2012-10-16 12:00:00.000039936,30.864,46.3,212.98001,3.577612e-05,5.144,250.0
2012-10-16 15:00:00.000039936,29.835201,51.856,212.98001,3.626943e-05,5.6584,250.0
2012-10-16 18:00:00.000039936,28.292,55.56,212.98001,3.67623e-05,5.144,245.0
2012-10-16 21:00:00.000039936,25.720001,46.3,212.98001,3.7254722e-05,4.6296,245.0
2012-10-17 00:00:00.000039936,23.148,37.04,212.98001,3.7746686e-05,4.6296,240.0
2012-10-17 03:00:00.000039936,22.1192,37.04,212.98001,3.8238195e-05,4.6296,245.0
2012-10-17 06:00:00.000039936,20.576,37.04,212.98001,3.872924e-05,5.144,250.0
2012-10-17 09:00:00.000039936,19.5472,37.04,212.98001,3.9219805e-05,5.6584,255.0
2012-10-17 12:00:00.000039936,18.004,37.04,212.98001,3.9464914e-05,4.6296,260.0
2012-10-17 15:00:00.000039936,18.004,37.04,212.98001,3.9709896e-05,4.1152,265.0
