Time,Vmax,Rmax_IBT,R34,fcor,u_trans,v_trans
2006-11-22 00:00:00.000039936,23.148,74.08,101.86,3.0571195e-05,1.0288,135.0
2006-11-22 03:00:00.000039936,23.148,74.08,101.86,3.0820032e-05,1.0288,145.0
2006-11-22 06:00:00.000039936,23.148,74.08,101.86,3.1068776e-05,1.0288,145.0
2006-11-22 09:00:00.000039936,23.148,74.08,101.86,3.131743e-05,1.0288,150.0
2006-11-22 12:00:00.000039936,23.148,74.08,101.86,3.156599e-05,1.0288,150.0
2006-11-22 15:00:00.000039936,24.6912,70.376,101.86,3.1814445e-05,1.0288,150.0
2006-11-22 18:00:00.000039936,25.720001,64.82,101.86,3.206281e-05,1.0288,145.0
2006-11-22 21:00:00.000039936,27.2632,55.56,110.657,3.231108e-05,1.0288,145.0
2006-11-23 00:00:00.000039936,28.292,46.3,118.065,3.2559245e-05,1.5432,155.0
2006-11-23 03:00:00.000039936,28.292,46.3,118.065,3.280731e-05,1.5432,165.0
2006-11-23 06:00:00.000039936,28.292,46.3,118.065,3.330315e-05,1.5432,165.0
2006-11-23 09:00:00.000039936,30.864,42.596,124.084,3.3798577e-05,2.0576,165.0
2006-11-23 12:00:00.000039936,33.436,37.04,129.64,3.4293596e-05,2.0576,160.0
2006-11-23 15:00:00.000039936,34.979202,37.04,130.103,3.47882e-05,2.0576,165.0
2006-11-23 18:00:00.000039936,36.008,37.04,129.64,3.5282377e-05,1.5432,190.0
2006-11-23 21:00:00.000039936,33.436,37.04,129.177,3.5529305e-05,1.5432,230.0
2006-11-24 00:00:00.000039936,30.864,37.04,127.325,3.5529305e-05,2.0576,260.0
2006-11-24 03:00:00.000039936,28.292,37.04,127.325,3.5529305e-05,2.572,280.0
2006-11-24 06:00:00.000039936,25.720001,37.04,127.325,3.5282377e-05,3.6008,305.0
