Time,Vmax,Rmax_IBT,R34,fcor,u_trans,v_trans
2019-12-05 06:00:00.000039936,20.576,46.3,74.08,1.7015493e-05,2.572,255.0
2019-12-05 09:00:00.000039936,22.1192,46.3,85.192,1.7268272e-05,3.0864,245.0
2019-12-05 12:00:00.000039936,23.148,46.3,94.91499,1.7520999e-05,3.0864,240.0
2019-12-05 15:00:00.000039936,25.720001,46.3,104.638,1.777367e-05,3.6008,235.0
2019-12-05 18:00:00.000039936,28.292,46.3,113.435005,1.8278848e-05,3.0864,240.0
2019-12-05 21:00:00.000039936,29.835201,42.596,118.528,1.8531358e-05,3.0864,245.0
2019-12-06 00:00:00.000039936,30.864,37.04,122.69499,1.9036203e-05,3.0864,225.0
2019-12-06 03:00:00.000039936,30.864,33.336,117.602,1.9793031e-05,3.0864,210.0
2019-12-06 06:00:00.000039936,30.864,27.78,111.119995,2.0549318e-05,3.6008,210.0
2019-12-06 09:00:00.000039936,30.864,27.78,109.268,2.130504e-05,3.0864,220.0
2019-12-06 12:00:00.000039936,30.864,27.78,106.49,2.1808535e-05,3.0864,225.0
2019-12-06 15:00:00.000039936,32.4072,27.78,107.879,2.231176e-05,2.572,230.0
2019-12-06 18:00:00.000039936,33.436,27.78,108.80499,2.2563274e-05,2.0576,230.0
2019-12-06 21:00:00.000039936,36.008,27.78,111.58299,2.2814716e-05,2.572,230.0
2019-12-07 00:00:00.000039936,38.58,27.78,113.435,2.3317392e-05,2.572,230.0
2019-12-07 03:00:00.000039936,42.6952,27.78,115.287,2.3819783e-05,2.572,220.0
2019-12-07 06:00:00.000039936,46.296,27.78,115.75,2.432189e-05,3.0864,200.0
2019-12-07 09:00:00.000039936,50.4112,18.52,107.879,2.53252e-05,3.6008,190.0
2019-12-07 12:00:00.000039936,54.012,9.26,99.545006,2.6327272e-05,3.6008,195.0
2019-12-07 15:00:00.000039936,52.9832,14.816,94.915,2.6827835e-05,3.6008,205.0
2019-12-07 18:00:00.000039936,51.440002,18.52,90.285,2.7328068e-05,3.6008,210.0
2019-12-07 21:00:00.000039936,50.4112,18.52,90.748,2.807779e-05,3.0864,210.0
2019-12-08 00:00:00.000039936,48.868,18.52,90.284996,2.882674e-05,3.0864,210.0
2019-12-08 03:00:00.000039936,47.8392,18.52,91.674,2.9574905e-05,2.572,210.0
2019-12-08 06:00:00.000039936,46.296,18.52,92.6,3.0073232e-05,2.572,195.0
2019-12-08 09:00:00.000039936,45.2672,18.52,95.378,3.0571195e-05,3.0864,185.0
2019-12-08 12:00:00.000039936,43.724,18.52,97.23,3.131743e-05,3.0864,185.0
2019-12-08 15:00:00.000039936,43.724,24.076,100.007996,3.206281e-05,3.6008,195.0
2019-12-08 18:00:00.000039936,43.724,27.78,101.86,3.280731e-05,3.6008,200.0
2019-12-08 21:00:00.000039936,45.2672,33.336,104.638,3.3798577e-05,4.1152,200.0
2019-12-09 00:00:00.000039936,46.296,37.04,106.49,3.47882e-05,4.6296,200.0
2019-12-09 03:00:00.000039936,46.296,37.04,108.341995,3.577612e-05,5.144,200.0
2019-12-09 06:00:00.000039936,46.296,37.04,108.805,3.700857e-05,5.6584,200.0
2019-12-09 09:00:00.000039936,46.296,27.78,114.361,3.8238195e-05,5.6584,205.0
2019-12-09 12:00:00.000039936,46.296,18.52,118.065,3.9464914e-05,5.144,205.0
