Time,Vmax,Rmax_IBT,R34,fcor,u_trans,v_trans
2020-12-07 06:00:00.000039936,18.004,64.82,67.134995,3.67623e-05,5.6584,250.0
2020-12-07 09:00:00.000039936,20.576,61.116,81.488,3.7254722e-05,5.144,235.0
2020-12-07 12:00:00.000039936,23.148,55.56,94.91499,3.7992504e-05,5.144,245.0
2020-12-07 15:00:00.000039936,23.148,51.856,103.24899,3.8483773e-05,5.6584,250.0
2020-12-07 18:00:00.000039936,23.148,46.3,111.12,3.897458e-05,5.6584,245.0
2020-12-07 21:00:00.000039936,25.720001,42.596,114.824005,3.9709896e-05,5.6584,235.0
2020-12-08 00:00:00.000039936,28.292,37.04,118.064995,4.0444127e-05,5.6584,225.0
2020-12-08 03:00:00.000039936,28.292,37.04,113.897995,4.142137e-05,6.1728,220.0
2020-12-08 06:00:00.000039936,28.292,37.04,108.80499,4.2640077e-05,5.6584,225.0
2020-12-08 09:00:00.000039936,29.835201,37.04,107.879,4.3612705e-05,5.144,225.0
2020-12-08 12:00:00.000039936,30.864,37.04,106.490005,4.4340795e-05,5.6584,230.0
2020-12-08 15:00:00.000039936,30.864,37.04,102.323,4.5309676e-05,5.6584,220.0
2020-12-08 18:00:00.000039936,30.864,37.04,97.23,4.627635e-05,5.6584,205.0
2020-12-08 21:00:00.000039936,30.864,33.336,98.618996,4.7722115e-05,6.1728,185.0
2020-12-09 00:00:00.000039936,30.864,27.78,99.545,4.892293e-05,5.144,185.0
2020-12-09 03:00:00.000039936,28.292,33.336,101.397,4.9880902e-05,3.6008,190.0
2020-12-09 06:00:00.000039936,25.720001,37.04,101.86,5.059779e-05,2.572,195.0
2020-12-09 09:00:00.000039936,24.6912,37.04,100.934,5.1074945e-05,2.0576,200.0
2020-12-09 12:00:00.000039936,23.148,37.04,99.545,5.155148e-05,1.5432,210.0
2020-12-09 15:00:00.000039936,20.576,37.04,99.545,5.178951e-05,1.0288,210.0
2020-12-09 18:00:00.000039936,18.004,37.04,99.545,5.2027382e-05,0.5144,200.0
2020-12-09 21:00:00.000039936,18.004,37.04,98.618996,5.2027382e-05,0.5144,0.0
2020-12-10 00:00:00.000039936,18.004,37.04,97.229996,5.22651e-05,1.0288,195.0
2020-12-10 03:00:00.000039936,18.004,51.856,97.229996,5.250265e-05,1.5432,200.0
2020-12-10 06:00:00.000039936,18.004,64.82,97.229996,5.2977284e-05,1.5432,210.0
2020-12-10 09:00:00.000039936,18.004,70.376,102.323,5.321436e-05,1.5432,215.0
2020-12-10 12:00:00.000039936,18.004,74.08,106.49,5.345127e-05,1.5432,210.0
2020-12-10 15:00:00.000039936,18.004,74.08,109.730995,5.3688025e-05,1.0288,205.0
