Time,Vmax,Rmax_IBT,R34,fcor,u_trans,v_trans
2010-10-31 00:00:00.000039936,20.576,46.3,46.3,2.130504e-05,2.0576,135.0
2010-10-31 01:47:00.000059392,20.576,46.3,55.56,2.1556822e-05,2.572,135.0
2010-10-31 03:00:00.000039936,20.576,46.3,62.968002,2.1556822e-05,2.572,135.0
2010-10-31 06:00:00.000039936,20.576,46.3,78.71,2.206018e-05,2.572,135.0
2010-10-31 07:52:00.000041984,20.576,46.3,78.71,2.231176e-05,2.572,135.0
2010-10-31 09:00:00.000039936,20.576,46.3,78.71,2.231176e-05,2.0576,135.0
2010-10-31 11:55:00.000058368,20.576,46.3,78.71,2.2814716e-05,2.0576,135.0
2010-10-31 12:00:00.000039936,20.576,46.3,78.71,2.2814716e-05,2.0576,135.0
2010-10-31 15:00:00.000039936,22.1192,46.3,81.488,2.3317392e-05,2.572,130.0
2010-10-31 18:00:00.000039936,23.148,46.3,83.34,2.3819783e-05,2.572,125.0
2010-10-31 19:05:00.000049152,23.6624,46.3,83.34,2.4070872e-05,2.0576,170.0
2010-10-31 21:00:00.000039936,24.6912,46.3,83.34,2.432189e-05,3.6008,175.0
2010-11-01 00:00:00.000039936,25.720001,46.3,83.34,2.5074483e-05,5.144,135.0
2010-11-01 01:35:00.000062464,25.720001,44.447998,92.137,2.5575835e-05,7.2016,115.0
2010-11-01 03:00:00.000039936,25.720001,42.596,100.47099,2.5826394e-05,3.6008,155.0
2010-11-01 06:00:00.000039936,25.720001,37.04,115.75,2.6577594e-05,3.0864,170.0
2010-11-01 06:57:00.000037888,25.720001,38.892,115.75,2.6827835e-05,5.144,170.0
2010-11-01 07:21:00.000031744,25.720001,38.892,115.286995,2.6827835e-05,6.6872,170.0
2010-11-01 09:00:00.000039936,25.720001,42.596,114.824,2.7328068e-05,3.6008,155.0
2010-11-01 11:54:00.000061440,25.720001,46.3,113.435,2.807779e-05,2.0576,140.0
2010-11-01 12:00:00.000039936,25.720001,46.3,113.435,2.807779e-05,2.0576,165.0
2010-11-01 15:00:00.000039936,27.2632,46.3,114.824,2.882674e-05,2.572,170.0
2010-11-01 18:00:00.000039936,28.292,46.3,115.75,2.9574905e-05,2.0576,170.0
2010-11-01 21:00:00.000039936,28.292,46.3,121.306,3.0322259e-05,2.0576,0.0
2010-11-01 22:27:00.000051200,28.292,46.3,123.158,3.0571195e-05,2.0576,200.0
2010-11-02 00:00:00.000039936,28.292,46.3,125.01001,3.0820032e-05,2.572,205.0
2010-11-02 03:00:00.000039936,28.292,42.596,122.232,3.156599e-05,2.0576,200.0
2010-11-02 06:00:00.000039936,28.292,37.04,118.065,3.1814445e-05,2.0576,195.0
2010-11-02 06:01:00.000036864,28.292,37.04,118.065,3.1814445e-05,2.0576,200.0
2010-11-02 09:00:00.000039936,28.292,37.04,118.065,3.231108e-05,2.572,200.0
2010-11-02 12:00:00.000039936,28.292,37.04,118.065,3.305528e-05,2.572,195.0
2010-11-02 14:02:00.000046080,28.292,37.04,114.361,3.330315e-05,2.0576,0.0
2010-11-02 15:00:00.000039936,28.292,37.04,114.361,3.3550914e-05,3.0864,190.0
2010-11-02 18:00:00.000039936,28.292,37.04,108.805,3.404614e-05,3.0864,195.0
2010-11-02 20:52:00.000028672,27.2632,37.04,118.065,3.454095e-05,3.0864,200.0
2010-11-02 21:00:00.000039936,27.2632,37.04,118.065,3.454095e-05,2.572,215.0
2010-11-03 00:00:00.000039936,25.720001,37.04,127.325,3.5035337e-05,2.572,220.0
2010-11-03 01:13:00.000060416,25.720001,37.04,127.325005,3.5282377e-05,3.0864,220.0
2010-11-03 03:00:00.000039936,25.720001,37.04,127.788,3.5529305e-05,2.572,210.0
2010-11-03 06:00:00.000039936,25.720001,37.04,127.325,3.6022833e-05,2.572,205.0
2010-11-03 07:08:00.000038912,25.2056,37.04,125.47301,3.626943e-05,3.0864,215.0
2010-11-03 09:00:00.000039936,24.6912,37.04,123.620995,3.67623e-05,3.6008,240.0
2010-11-03 12:00:00.000039936,23.148,37.04,118.064995,3.7500762e-05,4.1152,245.0
2010-11-03 13:49:00.000053248,22.1192,37.04,120.842995,3.7746686e-05,4.1152,245.0
2010-11-03 15:00:00.000039936,22.1192,37.04,122.231995,3.7992504e-05,3.0864,245.0
2010-11-03 18:00:00.000039936,20.576,37.04,125.009995,3.8238195e-05,3.0864,245.0
2010-11-03 19:59:00.000057344,19.5472,37.04,125.009995,3.8483773e-05,3.0864,245.0
2010-11-03 21:00:00.000039936,19.5472,37.04,125.009995,3.8483773e-05,3.6008,260.0
2010-11-03 23:10:00.000058368,18.5184,37.04,125.009995,3.8483773e-05,3.6008,265.0
2010-11-04 00:00:00.000039936,18.004,37.04,125.009995,3.8483773e-05,3.6008,270.0
