Time,Vmax,Rmax_IBT,R34,fcor,u_trans,v_trans
2016-12-19 18:00:00.000039936,18.004,55.56,50.93,3.9219805e-05,4.6296,310.0
2016-12-19 21:00:00.000039936,18.004,55.56,59.264,3.8238195e-05,4.1152,340.0
2016-12-20 00:00:00.000039936,18.004,55.56,67.134995,3.7254722e-05,4.1152,20.0
2016-12-20 03:00:00.000039936,18.004,55.56,74.08,3.626943e-05,4.1152,60.0
2016-12-20 06:00:00.000039936,18.004,55.56,81.025,3.626943e-05,2.572,90.0
2016-12-20 09:00:00.000039936,19.5472,55.56,92.59999,3.651592e-05,1.0288,150.0
2016-12-20 12:00:00.000039936,20.576,55.56,104.175,3.67623e-05,0.5144,210.0
2016-12-20 15:00:00.000039936,20.576,55.56,117.602,3.67623e-05,0.5144,255.0
2016-12-20 18:00:00.000039936,20.576,55.56,129.64,3.67623e-05,0.5144,245.0
2016-12-20 21:00:00.000039936,22.1192,51.856,142.14099,3.67623e-05,0.5144,230.0
2016-12-21 00:00:00.000039936,23.148,46.3,152.79001,3.67623e-05,0.5144,25.0
2016-12-21 03:00:00.000039936,23.148,46.3,153.25299,3.651592e-05,1.5432,30.0
2016-12-21 06:00:00.000039936,23.148,46.3,152.79001,3.6022833e-05,2.0576,30.0
2016-12-21 09:00:00.000039936,24.6912,46.3,152.79001,3.577612e-05,1.5432,40.0
2016-12-21 12:00:00.000039936,25.720001,46.3,152.79001,3.5529305e-05,1.0288,105.0
2016-12-21 15:00:00.000039936,24.6912,42.596,157.883,3.577612e-05,1.5432,160.0
2016-12-21 18:00:00.000039936,23.148,37.04,162.05,3.6022833e-05,1.0288,170.0
2016-12-21 21:00:00.000039936,23.148,37.04,162.05,3.626943e-05,0.0,320.0
2016-12-22 00:00:00.000039936,23.148,37.04,162.05,3.626943e-05,1.0288,335.0
2016-12-22 03:00:00.000039936,23.148,51.856,162.05,3.6022833e-05,1.0288,340.0
2016-12-22 06:00:00.000039936,23.148,64.82,162.05,3.6022833e-05,0.0,80.0
2016-12-22 09:00:00.000039936,22.1192,64.82,162.05,3.6022833e-05,1.0288,140.0
2016-12-22 12:00:00.000039936,20.576,64.82,162.05,3.626943e-05,1.0288,110.0
2016-12-22 15:00:00.000039936,20.576,64.82,143.067,3.626943e-05,1.0288,70.0
2016-12-22 18:00:00.000039936,20.576,64.82,122.695,3.6022833e-05,2.572,80.0
2016-12-22 21:00:00.000039936,19.5472,64.82,122.695,3.577612e-05,3.6008,90.0
2016-12-23 00:00:00.000039936,18.004,64.82,122.695,3.577612e-05,4.1152,105.0
2016-12-23 03:00:00.000039936,18.004,74.08,117.13901,3.626943e-05,4.6296,115.0
2016-12-23 06:00:00.000039936,18.004,83.34,111.119995,3.67623e-05,3.6008,115.0
2016-12-23 09:00:00.000039936,18.004,83.34,111.119995,3.700857e-05,2.572,100.0
