Time,Vmax,Rmax_IBT,R34,fcor,u_trans,v_trans
2001-10-27 06:00:00.000040448,18.004,64.82,111.12,1.9540814e-05,3.6008,275.0
2001-10-27 09:00:00.000040448,19.5472,64.82,111.12,1.9288536e-05,3.6008,270.0
2001-10-27 12:00:00.000040448,20.576,64.82,111.12,1.9288536e-05,3.0864,265.0
2001-10-27 15:00:00.000040448,23.148,55.56,125.009995,1.9288536e-05,3.0864,260.0
2001-10-27 18:00:00.000040448,25.720001,46.3,138.9,1.9540814e-05,3.0864,260.0
2001-10-27 21:00:00.000040448,27.2632,55.56,145.845,1.9793031e-05,3.0864,255.0
2001-10-28 00:00:00.000040448,28.292,64.82,152.79001,2.0045187e-05,3.6008,250.0
2001-10-28 03:00:00.000040448,28.292,55.56,152.79,2.0297284e-05,4.1152,250.0
2001-10-28 06:00:00.000040448,28.292,46.3,152.79,2.0549318e-05,4.1152,255.0
2001-10-28 09:00:00.000040448,28.292,51.856,192.608,2.0549318e-05,4.1152,260.0
2001-10-28 12:00:00.000040448,28.292,55.56,231.5,2.0801292e-05,4.6296,260.0
2001-10-28 15:00:00.000040448,28.292,55.56,231.963,2.1053198e-05,5.144,255.0
2001-10-28 18:00:00.000040448,28.292,55.56,231.50002,2.130504e-05,5.6584,255.0
2001-10-28 21:00:00.000040448,28.292,55.56,229.185,2.1556822e-05,5.6584,255.0
2001-10-29 00:00:00.000040448,28.292,55.56,226.87,2.1808535e-05,5.6584,255.0
2001-10-29 03:00:00.000040448,28.292,55.56,180.107,2.206018e-05,5.6584,260.0
2001-10-29 06:00:00.000040448,28.292,55.56,131.955,2.231176e-05,5.144,265.0
2001-10-29 09:00:00.000040448,28.292,46.3,133.344,2.2563274e-05,4.6296,270.0
2001-10-29 12:00:00.000040448,28.292,37.04,134.27,2.2563274e-05,4.6296,285.0
2001-10-29 15:00:00.000040448,25.720001,37.04,134.27,2.2563274e-05,4.6296,295.0
2001-10-29 18:00:00.000040448,23.148,37.04,134.27,2.206018e-05,4.6296,310.0
2001-10-29 21:00:00.000040448,23.148,37.04,134.27,2.130504e-05,4.1152,325.0
2001-10-30 00:00:00.000040448,23.148,37.04,134.27,2.0549318e-05,3.0864,335.0
2001-10-30 03:00:00.000040448,23.148,37.04,134.27,2.0045187e-05,2.0576,340.0
2001-10-30 06:00:00.000040448,23.148,37.04,134.27,1.9793031e-05,1.5432,345.0
2001-10-30 09:00:00.000040448,23.148,37.04,134.27,1.9288536e-05,1.0288,340.0
