Time,Vmax,Rmax_IBT,R34,fcor,u_trans,v_trans
2008-11-19 12:00:00.000039936,23.148,64.82,78.71,3.0073232e-05,8.744801,125.0
2008-11-19 15:00:00.000039936,25.720001,64.82,73.617004,3.1068776e-05,7.716,125.0
2008-11-19 18:00:00.000039936,28.292,64.82,67.135,3.206281e-05,6.6872,125.0
2008-11-19 19:02:00.000059392,28.8064,57.412,69.45,3.2559245e-05,7.2016,130.0
2008-11-19 21:00:00.000039936,29.835201,42.596,73.154,3.330315e-05,7.716,130.0
2008-11-19 22:47:00.000059392,30.3496,27.78,76.395,3.404614e-05,8.2304,130.0
2008-11-20 00:00:00.000039936,30.864,18.52,78.71,3.454095e-05,8.744801,125.0
2008-11-20 00:54:00.000048128,30.3496,20.372,80.562,3.47882e-05,8.744801,130.0
2008-11-20 03:00:00.000039936,29.835201,24.076,85.192,3.577612e-05,7.716,130.0
2008-11-20 06:00:00.000039936,28.292,27.78,90.285,3.67623e-05,7.2016,125.0
2008-11-20 06:27:00.000064512,28.292,27.78,90.285,3.700857e-05,7.2016,130.0
2008-11-20 07:16:00.000050176,27.7776,27.78,90.748,3.7254722e-05,7.2016,120.0
2008-11-20 09:00:00.000039936,27.2632,27.78,91.67401,3.7746686e-05,7.2016,110.0
2008-11-20 10:57:00.000064512,26.2344,27.78,92.13701,3.8238195e-05,7.2016,110.0
2008-11-20 11:20:00.000062464,26.2344,27.78,92.13701,3.8483773e-05,6.1728,115.0
2008-11-20 12:00:00.000039936,25.720001,27.78,92.600006,3.8483773e-05,5.6584,105.0
2008-11-20 15:00:00.000039936,22.1192,27.78,92.600006,3.8483773e-05,5.144,100.0
