Time,Vmax,Rmax_IBT,R34,fcor,u_trans,v_trans
2023-11-13 00:00:00.000039936,18.004,103.712,162.976,2.53252e-05,7.2016,140.0
2023-11-13 03:00:00.000039936,20.576,92.6,173.162,2.6577594e-05,7.716,140.0
2023-11-13 06:00:00.000039936,23.148,79.636,182.88501,2.807779e-05,9.2592,135.0
2023-11-13 09:00:00.000039936,25.720001,79.636,182.88501,2.9824112e-05,10.288,135.0
2023-11-13 12:00:00.000039936,27.7776,79.636,182.88501,3.156599e-05,8.2304,135.0
2023-11-13 15:00:00.000039936,29.3208,79.636,182.88501,3.280731e-05,6.6872,140.0
2023-11-13 18:00:00.000039936,30.864,79.636,182.88501,3.404614e-05,6.6872,145.0
2023-11-13 21:00:00.000039936,31.8928,51.856,182.88501,3.5529305e-05,7.2016,150.0
2023-11-14 00:00:00.000039936,32.9216,22.223999,182.88501,3.700857e-05,7.2016,160.0
2023-11-14 03:00:00.000039936,31.8928,22.223999,185.2,3.872924e-05,7.716,165.0
2023-11-14 06:00:00.000039936,30.864,22.223999,187.052,4.0444127e-05,6.6872,165.0
2023-11-14 09:00:00.000039936,31.8928,22.223999,184.737,4.1665367e-05,6.1728,155.0
2023-11-14 12:00:00.000039936,32.9216,22.223999,181.033,4.3126656e-05,7.716,150.0
2023-11-14 15:00:00.000039936,32.9216,31.484,184.274,4.4825505e-05,9.2592,150.0
2023-11-14 18:00:00.000039936,32.9216,40.744,187.052,4.675884e-05,10.288,140.0
2023-11-14 21:00:00.000039936,35.4936,31.484,186.58899,4.868306e-05,10.802401,140.0
2023-11-15 00:00:00.000039936,38.0656,22.223999,185.2,5.059779e-05,8.744801,150.0
2023-11-15 03:00:00.000039936,37.0368,27.78,195.38599,5.22651e-05,7.2016,165.0
2023-11-15 06:00:00.000039936,36.008,31.484,205.10901,5.3688025e-05,5.6584,170.0
2023-11-15 09:00:00.000039936,34.4648,51.856,212.98,5.4869302e-05,5.144,165.0
2023-11-15 12:00:00.000039936,32.9216,72.228,219.925,5.6046403e-05,6.1728,160.0
2023-11-15 15:00:00.000039936,30.3496,72.228,214.832,5.7453286e-05,6.6872,155.0
2023-11-15 18:00:00.000039936,27.7776,72.228,209.276,5.8853857e-05,7.2016,150.0
2023-11-15 21:00:00.000039936,27.2632,72.228,209.739,6.0247978e-05,7.2016,145.0
