Time,Vmax,Rmax_IBT,R34,fcor,u_trans,v_trans
2019-12-04 18:00:00.000039936,18.004,64.82,50.93,1.8531358e-05,4.1152,210.0
2019-12-04 21:00:00.000039936,19.5472,61.116,56.023003,1.9540814e-05,4.6296,210.0
2019-12-05 00:00:00.000039936,20.576,55.56,60.190002,2.0549318e-05,4.1152,220.0
2019-12-05 03:00:00.000039936,24.6912,46.3,67.598,2.130504e-05,4.1152,225.0
2019-12-05 06:00:00.000039936,28.292,37.04,74.08,2.206018e-05,4.1152,225.0
2019-12-05 09:00:00.000039936,32.4072,27.78,75.932,2.2814716e-05,4.1152,220.0
2019-12-05 12:00:00.000039936,36.008,18.52,76.395004,2.3568628e-05,4.1152,210.0
2019-12-05 15:00:00.000039936,48.868,14.816,75.469,2.4572832e-05,4.1152,205.0
2019-12-05 18:00:00.000039936,61.728,9.26,74.08,2.53252e-05,3.0864,205.0
2019-12-05 21:00:00.000039936,69.444,9.26,104.174995,2.5826394e-05,2.0576,205.0
2019-12-06 00:00:00.000039936,72.016,12.964,125.009995,2.6327272e-05,2.0576,190.0
2019-12-06 03:00:00.000039936,66.872,11.1119995,112.508995,2.6827835e-05,2.0576,170.0
2019-12-06 06:00:00.000039936,61.728,9.26,99.545,2.7578055e-05,2.0576,170.0
2019-12-06 09:00:00.000039936,56.584,9.26,94.452,2.807779e-05,2.0576,170.0
2019-12-06 12:00:00.000039936,51.440002,9.26,87.96999,2.857718e-05,2.0576,155.0
2019-12-06 15:00:00.000039936,47.8392,9.26,81.488,2.882674e-05,2.572,140.0
2019-12-06 18:00:00.000039936,43.724,9.26,74.08,2.9076216e-05,2.572,140.0
2019-12-06 21:00:00.000039936,41.152,9.26,72.690994,2.9574905e-05,3.0864,145.0
2019-12-07 00:00:00.000039936,38.58,9.26,69.450005,3.0322259e-05,2.0576,140.0
2019-12-07 03:00:00.000039936,34.979202,14.816,65.746,3.0571195e-05,1.0288,145.0
2019-12-07 06:00:00.000039936,30.864,18.52,60.190002,3.1068776e-05,1.5432,175.0
2019-12-07 09:00:00.000039936,27.2632,18.52,57.412003,3.1814445e-05,2.572,200.0
2019-12-07 12:00:00.000039936,23.148,18.52,53.245003,3.280731e-05,3.6008,235.0
