Time,Vmax,Rmax_IBT,R34,fcor,u_trans,v_trans
2012-12-07 00:00:00.000039936,20.576,64.82,74.08,3.404614e-05,3.0864,220.0
2012-12-07 03:00:00.000039936,22.1192,64.82,95.378,3.454095e-05,2.572,230.0
2012-12-07 06:00:00.000039936,23.148,64.82,115.75,3.5035337e-05,2.0576,245.0
2012-12-07 09:00:00.000039936,24.6912,61.116,115.75,3.5282377e-05,2.0576,255.0
2012-12-07 12:00:00.000039936,25.720001,55.56,115.75,3.5282377e-05,2.0576,265.0
2012-12-07 15:00:00.000039936,28.292,51.856,125.47301,3.5282377e-05,1.5432,270.0
2012-12-07 18:00:00.000039936,30.864,46.3,134.27,3.5282377e-05,1.0288,270.0
2012-12-07 21:00:00.000039936,36.008,42.596,140.752,3.5282377e-05,0.5144,245.0
2012-12-08 00:00:00.000039936,41.152,37.04,145.845,3.5282377e-05,1.0288,210.0
2012-12-08 03:00:00.000039936,43.724,33.336,150.012,3.5529305e-05,1.5432,210.0
2012-12-08 06:00:00.000039936,46.296,27.78,152.79,3.6022833e-05,1.5432,230.0
2012-12-08 09:00:00.000039936,48.868,33.336,160.198,3.626943e-05,2.0576,245.0
2012-12-08 12:00:00.000039936,51.440002,37.04,166.68,3.651592e-05,1.5432,255.0
2012-12-08 15:00:00.000039936,55.5552,33.336,166.68,3.651592e-05,1.5432,245.0
2012-12-08 18:00:00.000039936,59.156002,27.78,166.68,3.651592e-05,1.5432,210.0
2012-12-08 21:00:00.000039936,59.156002,33.336,185.2,3.700857e-05,2.0576,195.0
2012-12-09 00:00:00.000039936,59.156002,37.04,203.72,3.7746686e-05,1.5432,205.0
2012-12-09 03:00:00.000039936,58.1272,37.04,226.87,3.7992504e-05,1.0288,225.0
2012-12-09 06:00:00.000039936,56.584,37.04,250.02,3.7992504e-05,1.0288,190.0
2012-12-09 09:00:00.000039936,55.5552,33.336,259.28,3.8238195e-05,1.5432,175.0
2012-12-09 12:00:00.000039936,54.012,27.78,268.53998,3.872924e-05,2.0576,175.0
2012-12-09 15:00:00.000039936,56.584,33.336,268.53998,3.9219805e-05,2.0576,0.0
2012-12-09 18:00:00.000039936,59.156002,37.04,268.53998,3.9709896e-05,2.0576,0.0
2012-12-09 21:00:00.000039936,59.156002,37.04,254.65,4.0199502e-05,2.572,0.0
2012-12-10 00:00:00.000039936,59.156002,37.04,240.76001,4.093299e-05,3.0864,190.0
2012-12-10 03:00:00.000039936,59.156002,37.04,240.76001,4.1665367e-05,3.6008,195.0
2012-12-10 06:00:00.000039936,59.156002,37.04,240.76001,4.239659e-05,3.0864,200.0
2012-12-10 09:00:00.000039936,58.1272,37.04,243.538,4.3126656e-05,2.572,200.0
2012-12-10 12:00:00.000039936,56.584,37.04,245.39,4.385554e-05,3.0864,205.0
2012-12-10 15:00:00.000039936,55.5552,33.336,245.39,4.458322e-05,3.0864,205.0
2012-12-10 18:00:00.000039936,54.012,27.78,245.39,4.5309676e-05,3.6008,205.0
2012-12-10 21:00:00.000039936,50.4112,24.076,245.39,4.6034886e-05,4.1152,205.0
2012-12-11 00:00:00.000039936,46.296,18.52,245.39,4.6999867e-05,4.1152,205.0
2012-12-11 03:00:00.000039936,43.724,24.076,245.39,4.7722115e-05,3.6008,200.0
2012-12-11 06:00:00.000039936,41.152,27.78,245.39,4.868306e-05,3.6008,195.0
2012-12-11 09:00:00.000039936,37.5512,33.336,245.39,4.9402213e-05,4.1152,185.0
2012-12-11 12:00:00.000039936,33.436,37.04,245.39,5.035898e-05,4.6296,180.0
2012-12-11 15:00:00.000039936,32.4072,37.04,245.39,5.131329e-05,5.144,175.0
2012-12-11 18:00:00.000039936,30.864,37.04,245.39,5.22651e-05,5.144,180.0
2012-12-11 21:00:00.000039936,28.292,46.3,228.72198,5.345127e-05,5.144,180.0
2012-12-12 00:00:00.000039936,25.720001,55.56,210.665,5.4633376e-05,6.1728,170.0
2012-12-12 03:00:00.000039936,24.6912,55.56,212.98,5.6281307e-05,7.716,165.0
2012-12-12 06:00:00.000039936,23.148,55.56,215.295,5.7920843e-05,8.2304,165.0
2012-12-12 09:00:00.000039936,22.1192,61.116,198.164,5.9784e-05,8.2304,165.0
2012-12-12 12:00:00.000039936,20.576,64.82,180.57,6.1635496e-05,7.716,160.0
2012-12-12 15:00:00.000039936,20.576,64.82,191.219,6.324571e-05,7.2016,155.0
2012-12-12 18:00:00.000039936,20.576,64.82,201.405,6.4846485e-05,7.2016,150.0
