Time,Vmax,Rmax_IBT,R34,fcor,u_trans,v_trans
2013-12-17 06:00:00.000039936,20.576,64.82,46.3,3.9464914e-05,1.0288,230.0
2013-12-17 09:00:00.000039936,22.1192,51.856,46.3,3.9464914e-05,2.0576,235.0
2013-12-17 12:00:00.000039936,23.148,37.04,46.3,3.9709896e-05,2.0576,245.0
2013-12-17 15:00:00.000039936,24.6912,42.596,60.190002,3.995476e-05,2.0576,255.0
2013-12-17 18:00:00.000039936,25.720001,46.3,74.08,3.995476e-05,1.5432,260.0
2013-12-17 21:00:00.000039936,29.835201,37.04,92.6,3.995476e-05,1.0288,260.0
2013-12-18 00:00:00.000039936,33.436,27.78,111.12,4.0199502e-05,1.5432,265.0
2013-12-18 03:00:00.000039936,36.008,27.78,111.12,4.0199502e-05,1.5432,260.0
2013-12-18 06:00:00.000039936,38.58,27.78,111.12,4.0444127e-05,1.5432,235.0
2013-12-18 09:00:00.000039936,42.6952,27.78,127.788,4.0688625e-05,2.572,220.0
2013-12-18 12:00:00.000039936,46.296,27.78,143.53,4.093299e-05,3.0864,230.0
2013-12-18 15:00:00.000039936,48.868,27.78,146.308,4.142137e-05,3.6008,240.0
2013-12-18 18:00:00.000039936,51.440002,27.78,148.16,4.2152973e-05,4.1152,245.0
2013-12-18 21:00:00.000039936,55.5552,27.78,179.181,4.239659e-05,4.1152,250.0
2013-12-19 00:00:00.000039936,59.156002,27.78,208.35,4.2640077e-05,4.1152,255.0
2013-12-19 03:00:00.000039936,59.156002,29.632,194.46,4.288343e-05,4.1152,250.0
2013-12-19 06:00:00.000039936,59.156002,31.484,180.56999,4.3369746e-05,4.1152,240.0
2013-12-19 09:00:00.000039936,58.1272,29.632,180.56999,4.409823e-05,4.6296,230.0
2013-12-19 12:00:00.000039936,56.584,27.78,180.56999,4.458322e-05,4.6296,245.0
2013-12-19 15:00:00.000039936,56.584,25.928,182.885,4.4825505e-05,4.6296,260.0
2013-12-19 18:00:00.000039936,56.584,22.223999,185.2,4.506766e-05,4.1152,260.0
2013-12-19 21:00:00.000039936,58.1272,22.223999,185.2,4.5309676e-05,3.6008,260.0
2013-12-20 00:00:00.000039936,59.156002,22.223999,185.2,4.5551555e-05,3.0864,260.0
2013-12-20 03:00:00.000039936,59.156002,29.632,185.2,4.5551555e-05,3.0864,250.0
2013-12-20 06:00:00.000039936,59.156002,37.04,185.2,4.5793287e-05,3.0864,240.0
2013-12-20 09:00:00.000039936,59.156002,35.188,185.2,4.627635e-05,3.6008,235.0
2013-12-20 12:00:00.000039936,59.156002,31.484,185.2,4.675884e-05,3.0864,225.0
2013-12-20 15:00:00.000039936,59.156002,31.484,185.2,4.7240763e-05,2.572,220.0
2013-12-20 18:00:00.000039936,59.156002,31.484,185.2,4.7722115e-05,3.0864,210.0
2013-12-20 21:00:00.000039936,61.728,29.632,185.2,4.844305e-05,3.0864,200.0
2013-12-21 00:00:00.000039936,64.3,27.78,185.2,4.916265e-05,2.572,185.0
2013-12-21 03:00:00.000039936,65.8432,33.336,199.09001,4.9641636e-05,2.572,165.0
2013-12-21 06:00:00.000039936,66.872,37.04,212.98001,5.012002e-05,3.0864,150.0
2013-12-21 09:00:00.000039936,66.872,33.336,222.23999,5.083645e-05,4.1152,140.0
2013-12-21 12:00:00.000039936,66.872,27.78,231.5,5.155148e-05,4.1152,135.0
2013-12-21 15:00:00.000039936,65.8432,27.78,231.5,5.22651e-05,4.1152,125.0
2013-12-21 18:00:00.000039936,64.3,27.78,231.5,5.2740055e-05,4.6296,130.0
2013-12-21 21:00:00.000039936,61.728,33.336,222.23999,5.345127e-05,4.6296,130.0
2013-12-22 00:00:00.000039936,59.156002,37.04,212.98001,5.392461e-05,4.1152,130.0
2013-12-22 03:00:00.000039936,55.5552,37.04,212.98001,5.439729e-05,3.6008,125.0
2013-12-22 06:00:00.000039936,51.440002,37.04,212.98001,5.4869302e-05,3.6008,125.0
2013-12-22 09:00:00.000039936,42.6952,37.04,212.98001,5.5340646e-05,3.6008,120.0
2013-12-22 12:00:00.000039936,33.436,37.04,212.98001,5.581132e-05,2.572,115.0
2013-12-22 15:00:00.000039936,30.864,37.04,194.45999,5.6046403e-05,1.5432,110.0
2013-12-22 18:00:00.000039936,28.292,37.04,175.94,5.6281307e-05,1.5432,120.0
2013-12-22 21:00:00.000039936,27.2632,51.856,171.31,5.6516048e-05,1.5432,130.0
2013-12-23 00:00:00.000039936,25.720001,64.82,166.68,5.6750614e-05,1.5432,125.0
2013-12-23 03:00:00.000039936,23.148,74.08,138.9,5.6750614e-05,1.5432,100.0
2013-12-23 06:00:00.000039936,20.576,83.34,111.12,5.6750614e-05,2.0576,85.0
