Time,Vmax,Rmax_IBT,R34,fcor,u_trans,v_trans
2021-12-12 06:00:00.000039936,25.720001,27.78,62.505,3.700857e-05,5.144,145.0
2021-12-12 09:00:00.000039936,27.2632,27.78,66.209,3.8238195e-05,4.6296,150.0
2021-12-12 12:00:00.000039936,28.292,27.78,69.45,3.9219805e-05,5.144,150.0
2021-12-12 15:00:00.000039936,30.864,27.78,80.562,4.0199502e-05,5.6584,145.0
2021-12-12 18:00:00.000039936,33.436,27.78,90.285,4.1177245e-05,6.1728,140.0
2021-12-12 21:00:00.000039936,34.979202,27.78,91.674,4.239659e-05,6.6872,135.0
2021-12-13 00:00:00.000039936,36.008,27.78,92.6,4.3612705e-05,7.2016,125.0
2021-12-13 03:00:00.000039936,33.436,27.78,103.24901,4.458322e-05,8.2304,120.0
2021-12-13 06:00:00.000039936,30.864,27.78,113.435,4.5551555e-05,8.2304,130.0
2021-12-13 09:00:00.000039936,29.835201,27.78,106.952995,4.675884e-05,7.2016,135.0
2021-12-13 12:00:00.000039936,28.292,27.78,99.545,4.796257e-05,8.2304,130.0
2021-12-13 15:00:00.000039936,28.292,27.78,113.897995,4.916265e-05,9.2592,120.0
2021-12-13 18:00:00.000039936,28.292,27.78,127.325,5.012002e-05,8.744801,125.0
