Time,Vmax,Rmax_IBT,R34,fcor,u_trans,v_trans
2015-11-21 00:00:00.000039936,20.576,74.08,157.41998,2.53252e-05,1.5432,215.0
2015-11-21 03:00:00.000039936,22.1192,74.08,157.41998,2.5575835e-05,1.5432,195.0
2015-11-21 06:00:00.000039936,23.148,74.08,157.41998,2.6076874e-05,2.0576,190.0
2015-11-21 09:00:00.000039936,23.148,74.08,163.439,2.6577594e-05,2.0576,190.0
2015-11-21 12:00:00.000039936,23.148,74.08,168.995,2.707799e-05,2.0576,0.0
2015-11-21 15:00:00.000039936,24.6912,74.08,168.995,2.7578055e-05,2.0576,170.0
2015-11-21 18:00:00.000039936,25.720001,74.08,168.995,2.807779e-05,2.0576,170.0
2015-11-21 21:00:00.000039936,25.720001,74.08,168.995,2.857718e-05,2.0576,165.0
2015-11-22 00:00:00.000039936,25.720001,74.08,168.995,2.9076216e-05,2.572,160.0
2015-11-22 03:00:00.000039936,25.720001,74.08,168.995,2.9574905e-05,2.572,160.0
2015-11-22 06:00:00.000039936,25.720001,74.08,168.995,3.0322259e-05,3.0864,160.0
2015-11-22 09:00:00.000039936,27.2632,64.82,168.995,3.131743e-05,4.1152,155.0
2015-11-22 12:00:00.000039936,28.292,55.56,168.995,3.231108e-05,5.144,150.0
2015-11-22 15:00:00.000039936,28.292,55.56,168.995,3.330315e-05,5.6584,145.0
2015-11-22 18:00:00.000039936,28.292,55.56,168.995,3.404614e-05,5.6584,135.0
2015-11-22 21:00:00.000039936,29.835201,55.56,168.995,3.47882e-05,5.6584,125.0
2015-11-23 00:00:00.000039936,30.864,55.56,168.995,3.577612e-05,6.6872,120.0
2015-11-23 03:00:00.000039936,30.864,55.56,153.25299,3.67623e-05,7.716,125.0
2015-11-23 06:00:00.000039936,30.864,55.56,136.58499,3.7992504e-05,9.7736,130.0
2015-11-23 09:00:00.000039936,29.835201,55.56,136.58499,3.995476e-05,11.3168,135.0
2015-11-23 12:00:00.000039936,28.292,55.56,136.58499,4.1909232e-05,10.288,140.0
2015-11-23 15:00:00.000039936,27.2632,55.56,136.58499,4.3369746e-05,8.744801,140.0
2015-11-23 18:00:00.000039936,25.720001,55.56,136.58499,4.4825505e-05,7.716,140.0
2015-11-23 21:00:00.000039936,25.720001,55.56,156.49399,4.627635e-05,7.716,140.0
2015-11-24 00:00:00.000039936,25.720001,55.56,175.94,4.7722115e-05,9.2592,140.0
2015-11-24 03:00:00.000039936,24.6912,55.56,175.94,4.9641636e-05,10.802401,140.0
2015-11-24 06:00:00.000039936,23.148,55.56,175.94,5.178951e-05,11.8312,145.0
2015-11-24 09:00:00.000039936,22.1192,64.82,175.94,5.4161024e-05,11.3168,150.0
2015-11-24 12:00:00.000039936,20.576,74.08,175.94,5.6046403e-05,8.2304,165.0
2015-11-24 15:00:00.000039936,19.5472,74.08,175.94,5.721923e-05,5.144,185.0
