Time,Vmax,Rmax_IBT,R34,fcor,u_trans,v_trans
2018-01-02 18:00:00.000039936,18.004,101.86,138.9,3.872924e-05,2.572,295.0
2018-01-02 21:00:00.000039936,19.5472,92.6,148.15999,3.8483773e-05,2.0576,300.0
2018-01-03 00:00:00.000039936,20.576,83.34,157.42,3.8238195e-05,0.5144,350.0
2018-01-03 03:00:00.000039936,22.1192,83.34,157.42,3.8238195e-05,1.5432,115.0
2018-01-03 06:00:00.000039936,23.148,83.34,157.42,3.872924e-05,2.572,150.0
2018-01-03 09:00:00.000039936,23.148,83.34,164.36499,3.9464914e-05,3.6008,170.0
2018-01-03 12:00:00.000039936,23.148,83.34,171.31,4.0199502e-05,4.1152,0.0
2018-01-03 15:00:00.000039936,23.148,83.34,173.625,4.1177245e-05,4.1152,190.0
2018-01-03 18:00:00.000039936,23.148,83.34,175.94,4.2152973e-05,3.6008,205.0
2018-01-03 21:00:00.000039936,23.148,79.636,182.88501,4.288343e-05,3.6008,220.0
2018-01-04 00:00:00.000039936,23.148,74.08,189.82999,4.3369746e-05,2.572,235.0
2018-01-04 03:00:00.000039936,24.6912,74.08,192.145,4.3612705e-05,2.0576,265.0
2018-01-04 06:00:00.000039936,25.720001,74.08,194.46,4.3612705e-05,2.572,275.0
2018-01-04 09:00:00.000039936,27.2632,70.376,194.46,4.3612705e-05,3.0864,280.0
2018-01-04 12:00:00.000039936,28.292,64.82,194.46,4.3369746e-05,3.0864,285.0
2018-01-04 15:00:00.000039936,30.864,64.82,201.405,4.3126656e-05,2.572,290.0
2018-01-04 18:00:00.000039936,33.436,64.82,208.35,4.288343e-05,2.0576,275.0
2018-01-04 21:00:00.000039936,36.008,61.116,210.66501,4.288343e-05,2.0576,245.0
2018-01-05 00:00:00.000039936,38.58,55.56,212.98001,4.3369746e-05,3.0864,225.0
2018-01-05 03:00:00.000039936,43.724,38.892,215.29501,4.385554e-05,4.1152,225.0
2018-01-05 06:00:00.000039936,48.868,22.223999,217.60999,4.458322e-05,4.1152,235.0
2018-01-05 09:00:00.000039936,45.2672,16.668,217.60999,4.506766e-05,4.1152,245.0
