Time,Vmax,Rmax_IBT,R34,fcor,u_trans,v_trans
2009-12-07 06:00:00.000039936,20.576,46.3,57.875,2.2563274e-05,6.1728,260.0
2009-12-07 09:00:00.000039936,22.1192,46.3,67.135,2.2814716e-05,5.6584,255.0
2009-12-07 12:00:00.000039936,23.148,46.3,76.395004,2.306609e-05,5.6584,250.0
2009-12-07 15:00:00.000039936,25.720001,33.336,84.729004,2.3819783e-05,5.6584,240.0
2009-12-07 18:00:00.000039936,28.292,18.52,92.6,2.4572832e-05,6.1728,235.0
2009-12-07 21:00:00.000039936,30.864,18.52,92.6,2.5575835e-05,6.6872,235.0
2009-12-08 00:00:00.000039936,33.436,18.52,92.6,2.6327272e-05,5.6584,240.0
2009-12-08 03:00:00.000039936,42.6952,24.076,102.323,2.6827835e-05,5.144,250.0
2009-12-08 06:00:00.000039936,51.440002,27.78,111.119995,2.7328068e-05,4.6296,250.0
2009-12-08 09:00:00.000039936,55.5552,27.78,111.119995,2.7827968e-05,4.1152,250.0
2009-12-08 12:00:00.000039936,59.156002,27.78,111.119995,2.807779e-05,4.1152,250.0
2009-12-08 15:00:00.000039936,59.156002,33.336,111.119995,2.857718e-05,4.1152,250.0
2009-12-08 18:00:00.000039936,59.156002,37.04,111.119995,2.882674e-05,4.1152,250.0
2009-12-08 21:00:00.000039936,56.584,37.04,149.549,2.882674e-05,4.1152,255.0
2009-12-09 00:00:00.000039936,54.012,37.04,187.515,2.9076216e-05,4.1152,255.0
2009-12-09 03:00:00.000039936,52.9832,37.04,187.515,2.9325609e-05,4.1152,255.0
2009-12-09 06:00:00.000039936,51.440002,37.04,187.515,2.9824112e-05,4.6296,255.0
2009-12-09 09:00:00.000039936,48.868,37.04,187.052,3.0322259e-05,4.6296,250.0
2009-12-09 12:00:00.000039936,46.296,37.04,185.2,3.0820032e-05,4.6296,240.0
2009-12-09 15:00:00.000039936,46.296,37.04,186.58899,3.156599e-05,4.6296,235.0
2009-12-09 18:00:00.000039936,46.296,37.04,187.515,3.206281e-05,4.1152,235.0
2009-12-09 21:00:00.000039936,43.724,37.04,187.515,3.2559245e-05,3.6008,235.0
2009-12-10 00:00:00.000039936,41.152,37.04,187.515,3.305528e-05,3.6008,235.0
2009-12-10 03:00:00.000039936,36.008,33.336,185.663,3.330315e-05,3.0864,235.0
2009-12-10 06:00:00.000039936,30.864,27.78,182.88501,3.3798577e-05,3.6008,230.0
2009-12-10 09:00:00.000039936,28.292,46.3,162.513,3.454095e-05,4.1152,230.0
2009-12-10 12:00:00.000039936,25.720001,64.82,141.215,3.5035337e-05,4.1152,235.0
2009-12-10 15:00:00.000039936,25.720001,64.82,141.215,3.5282377e-05,3.6008,250.0
2009-12-10 18:00:00.000039936,25.720001,64.82,141.215,3.5282377e-05,3.6008,265.0
2009-12-10 21:00:00.000039936,24.6912,70.376,132.418,3.5282377e-05,3.6008,280.0
2009-12-11 00:00:00.000039936,23.148,74.08,122.69499,3.5282377e-05,4.1152,285.0
2009-12-11 03:00:00.000039936,20.576,70.376,122.69499,3.5035337e-05,4.1152,285.0
