Time,Vmax,Rmax_IBT,R34,fcor,u_trans,v_trans
2006-11-29 12:00:00.000039936,18.004,64.82,76.395004,2.7328068e-05,2.0576,200.0
2006-11-29 15:00:00.000039936,19.5472,64.82,81.951004,2.7827968e-05,2.0576,175.0
2006-11-29 18:00:00.000039936,20.576,64.82,85.655,2.8327528e-05,2.0576,165.0
2006-11-29 21:00:00.000039936,20.576,61.116,85.655,2.882674e-05,2.0576,165.0
2006-11-30 00:00:00.000039936,20.576,55.56,85.655,2.9325609e-05,2.0576,165.0
2006-11-30 03:00:00.000039936,22.1192,46.3,87.044,2.9824112e-05,2.572,165.0
2006-11-30 06:00:00.000039936,23.148,37.04,87.96999,3.0571195e-05,3.0864,165.0
2006-11-30 09:00:00.000039936,23.148,37.04,90.74799,3.131743e-05,3.6008,165.0
2006-11-30 12:00:00.000039936,23.148,37.04,92.6,3.231108e-05,4.1152,165.0
2006-11-30 15:00:00.000039936,23.148,37.04,88.895996,3.330315e-05,3.6008,165.0
2006-11-30 18:00:00.000039936,23.148,37.04,83.34,3.404614e-05,3.6008,170.0
2006-11-30 21:00:00.000039936,23.148,37.04,83.34,3.47882e-05,3.0864,170.0
2006-12-01 00:00:00.000039936,23.148,37.04,83.34,3.5529305e-05,3.0864,170.0
2006-12-01 03:00:00.000039936,23.148,42.596,88.895996,3.626943e-05,3.0864,170.0
2006-12-01 06:00:00.000039936,23.148,46.3,92.6,3.700857e-05,3.6008,170.0
2006-12-01 09:00:00.000039936,23.148,46.3,92.6,3.7746686e-05,3.6008,175.0
2006-12-01 12:00:00.000039936,23.148,46.3,92.6,3.8483773e-05,3.0864,175.0
2006-12-01 15:00:00.000039936,22.1192,46.3,88.895996,3.9219805e-05,2.572,180.0
2006-12-01 18:00:00.000039936,20.576,46.3,83.34,3.995476e-05,2.0576,175.0
