Time,Vmax,Rmax_IBT,R34,fcor,u_trans,v_trans
2018-11-06 06:00:00.000039936,18.004,92.6,106.49,2.3317392e-05,5.6584,245.0
2018-11-06 09:00:00.000039936,19.5472,92.6,108.341995,2.3568628e-05,5.144,255.0
2018-11-06 12:00:00.000039936,20.576,92.6,108.805,2.4070872e-05,5.144,255.0
2018-11-06 15:00:00.000039936,23.148,92.6,106.953,2.4572832e-05,4.6296,250.0
2018-11-06 18:00:00.000039936,25.720001,92.6,104.175,2.4823696e-05,4.1152,255.0
2018-11-06 21:00:00.000039936,27.2632,88.895996,103.24901,2.5074483e-05,4.1152,255.0
2018-11-07 00:00:00.000039936,28.292,83.34,101.86,2.53252e-05,4.1152,255.0
2018-11-07 03:00:00.000039936,32.4072,61.116,117.602005,2.5575835e-05,4.1152,250.0
2018-11-07 06:00:00.000039936,36.008,37.04,131.955,2.5826394e-05,4.1152,255.0
2018-11-07 09:00:00.000039936,37.5512,24.076,121.769,2.6076874e-05,4.1152,260.0
2018-11-07 12:00:00.000039936,38.58,9.26,111.12,2.6327272e-05,4.1152,250.0
2018-11-07 15:00:00.000039936,41.152,9.26,113.897995,2.6827835e-05,4.6296,245.0
2018-11-07 18:00:00.000039936,43.724,9.26,115.74999,2.7328068e-05,4.6296,240.0
2018-11-07 21:00:00.000039936,47.8392,9.26,116.213005,2.7827968e-05,4.1152,240.0
2018-11-08 00:00:00.000039936,51.440002,9.26,115.75,2.8327528e-05,3.6008,240.0
2018-11-08 03:00:00.000039936,59.156002,9.26,115.75,2.882674e-05,3.6008,240.0
2018-11-08 06:00:00.000039936,56.584,27.78,120.38,2.9325609e-05,3.6008,230.0
2018-11-08 09:00:00.000039936,54.012,25.928,144.919,2.9824112e-05,3.0864,225.0
2018-11-08 12:00:00.000039936,51.440002,22.223999,168.995,3.0322259e-05,2.572,225.0
2018-11-08 15:00:00.000039936,48.868,22.223999,164.828,3.0571195e-05,2.0576,225.0
2018-11-08 18:00:00.000039936,46.296,22.223999,159.73499,3.1068776e-05,2.0576,220.0
2018-11-08 21:00:00.000039936,43.724,29.632,157.883,3.156599e-05,2.0576,215.0
2018-11-09 00:00:00.000039936,41.152,37.04,155.10498,3.206281e-05,1.5432,195.0
2018-11-09 03:00:00.000039936,40.1232,37.04,144.456,3.231108e-05,1.5432,180.0
2018-11-09 06:00:00.000039936,38.58,37.04,131.955,3.2559245e-05,1.5432,0.0
2018-11-09 09:00:00.000039936,36.008,42.596,150.01201,3.280731e-05,1.5432,195.0
2018-11-09 12:00:00.000039936,33.436,46.3,166.68,3.305528e-05,1.0288,0.0
2018-11-09 15:00:00.000039936,33.436,37.04,164.828,3.330315e-05,0.5144,0.0
2018-11-09 18:00:00.000039936,33.436,27.78,162.04999,3.330315e-05,0.0,0.0
2018-11-09 21:00:00.000039936,32.4072,33.336,146.30798,3.330315e-05,0.5144,335.0
2018-11-10 00:00:00.000039936,30.864,37.04,129.64,3.305528e-05,1.0288,340.0
2018-11-10 03:00:00.000039936,28.292,42.596,124.547,3.280731e-05,1.5432,345.0
2018-11-10 06:00:00.000039936,25.720001,46.3,118.065,3.2559245e-05,1.0288,340.0
2018-11-10 09:00:00.000039936,25.720001,42.596,110.657,3.231108e-05,0.5144,335.0
2018-11-10 12:00:00.000039936,25.720001,37.04,101.85999,3.231108e-05,0.5144,290.0
2018-11-10 15:00:00.000039936,25.720001,37.04,107.879,3.206281e-05,0.5144,270.0
2018-11-10 18:00:00.000039936,25.720001,37.04,113.435,3.206281e-05,1.0288,280.0
2018-11-10 21:00:00.000039936,24.6912,37.04,118.528,3.1814445e-05,1.5432,290.0
2018-11-11 00:00:00.000039936,23.148,37.04,122.69499,3.1814445e-05,1.0288,285.0
2018-11-11 03:00:00.000039936,22.1192,42.596,110.194,3.1814445e-05,0.5144,270.0
2018-11-11 06:00:00.000039936,20.576,46.3,97.229996,3.1814445e-05,0.5144,280.0
2018-11-11 09:00:00.000039936,19.5472,46.3,87.507,3.1814445e-05,0.5144,310.0
