Time,Vmax,Rmax_IBT,R34,fcor,u_trans,v_trans
2003-12-07 18:00:00.000040448,18.004,74.08,157.42,3.4293596e-05,4.6296,255.0
2003-12-07 21:00:00.000040448,19.5472,74.08,157.42,3.454095e-05,4.6296,260.0
2003-12-08 00:00:00.000040448,20.576,74.08,157.42,3.454095e-05,4.6296,275.0
2003-12-08 03:00:00.000040448,22.1192,74.08,157.42,3.4293596e-05,4.6296,285.0
2003-12-08 06:00:00.000040448,23.148,74.08,157.42,3.404614e-05,4.6296,280.0
2003-12-08 09:00:00.000040448,23.148,74.08,157.42,3.3798577e-05,4.6296,280.0
2003-12-08 12:00:00.000040448,23.148,74.08,157.42,3.3798577e-05,4.1152,275.0
2003-12-08 15:00:00.000040448,23.148,64.82,138.9,3.3550914e-05,4.1152,275.0
2003-12-08 18:00:00.000040448,23.148,55.56,120.38,3.3550914e-05,4.1152,280.0
2003-12-08 21:00:00.000040448,23.148,55.56,120.38,3.330315e-05,4.6296,280.0
2003-12-09 00:00:00.000040448,23.148,55.56,120.38,3.330315e-05,4.6296,275.0
2003-12-09 03:00:00.000040448,23.148,51.856,134.26999,3.330315e-05,4.6296,275.0
2003-12-09 06:00:00.000040448,23.148,46.3,148.16,3.330315e-05,4.1152,270.0
2003-12-09 09:00:00.000040448,22.1192,46.3,148.16,3.330315e-05,3.6008,265.0
2003-12-09 12:00:00.000040448,20.576,46.3,148.16,3.330315e-05,3.6008,265.0
2003-12-09 15:00:00.000040448,19.5472,46.3,129.64,3.330315e-05,4.6296,265.0
