Time,Vmax,Rmax_IBT,R34,fcor,u_trans,v_trans
2005-11-19 15:00:00.000039936,18.004,70.376,31.484,1.8531358e-05,1.5432,0.0
2005-11-19 18:00:00.000039936,20.576,64.82,64.82,1.8783807e-05,1.5432,0.0
2005-11-19 21:00:00.000039936,22.1192,61.116,64.82,1.9036203e-05,1.5432,180.0
2005-11-20 00:00:00.000039936,23.148,55.56,64.82,1.9540814e-05,1.5432,195.0
2005-11-20 03:00:00.000039936,24.6912,55.56,64.82,2.0045187e-05,2.0576,205.0
2005-11-20 06:00:00.000039936,25.720001,55.56,64.82,2.0549318e-05,2.0576,205.0
2005-11-20 09:00:00.000039936,25.720001,55.56,64.82,2.1053198e-05,2.0576,210.0
2005-11-20 12:00:00.000039936,25.720001,55.56,64.82,2.130504e-05,2.0576,215.0
2005-11-20 15:00:00.000039936,27.2632,42.596,88.895996,2.1556822e-05,2.572,220.0
2005-11-20 18:00:00.000039936,28.292,27.78,111.12,2.206018e-05,2.572,230.0
2005-11-20 21:00:00.000039936,30.864,27.78,125.936,2.231176e-05,2.572,235.0
2005-11-21 00:00:00.000039936,33.436,27.78,138.9,2.2814716e-05,3.0864,235.0
2005-11-21 03:00:00.000039936,36.008,24.076,138.9,2.306609e-05,3.0864,230.0
2005-11-21 06:00:00.000039936,38.58,18.52,138.9,2.3568628e-05,3.6008,220.0
2005-11-21 09:00:00.000039936,38.58,18.52,138.9,2.4070872e-05,3.6008,220.0
2005-11-21 12:00:00.000039936,38.58,18.52,138.9,2.4823696e-05,3.6008,220.0
2005-11-21 15:00:00.000039936,40.1232,18.52,138.437,2.53252e-05,3.6008,225.0
2005-11-21 18:00:00.000039936,41.152,18.52,136.585,2.6076874e-05,3.0864,220.0
2005-11-21 21:00:00.000039936,41.152,18.52,151.864,2.6827835e-05,3.0864,215.0
2005-11-22 00:00:00.000039936,41.152,18.52,166.68001,2.7578055e-05,3.0864,210.0
2005-11-22 03:00:00.000039936,41.152,14.816,171.773,2.8327528e-05,3.6008,205.0
2005-11-22 06:00:00.000039936,41.152,9.26,175.94,2.9076216e-05,3.0864,215.0
2005-11-22 09:00:00.000039936,43.724,9.26,190.756,2.9574905e-05,2.572,220.0
2005-11-22 12:00:00.000039936,46.296,9.26,203.72,3.0073232e-05,2.0576,215.0
2005-11-22 15:00:00.000039936,50.4112,14.816,212.98,3.0571195e-05,1.5432,200.0
2005-11-22 18:00:00.000039936,54.012,18.52,222.24,3.0820032e-05,2.0576,195.0
2005-11-22 21:00:00.000039936,56.584,18.52,222.24,3.131743e-05,2.0576,195.0
2005-11-23 00:00:00.000039936,59.156002,18.52,222.24,3.156599e-05,1.5432,185.0
2005-11-23 03:00:00.000039936,59.156002,18.52,222.24,3.1814445e-05,1.5432,0.0
2005-11-23 06:00:00.000039936,59.156002,18.52,222.24,3.231108e-05,2.0576,0.0
2005-11-23 09:00:00.000039936,56.584,18.52,212.98,3.280731e-05,2.572,185.0
2005-11-23 12:00:00.000039936,54.012,18.52,203.72,3.3550914e-05,3.0864,190.0
2005-11-23 15:00:00.000039936,54.012,18.52,180.57,3.4293596e-05,2.572,200.0
2005-11-23 18:00:00.000039936,54.012,18.52,157.42,3.47882e-05,2.0576,200.0
2005-11-23 21:00:00.000039936,54.012,18.52,154.17899,3.5282377e-05,2.0576,195.0
2005-11-24 00:00:00.000039936,54.012,18.52,150.47499,3.577612e-05,2.0576,190.0
2005-11-24 03:00:00.000039936,54.012,18.52,150.938,3.626943e-05,2.0576,200.0
2005-11-24 06:00:00.000039936,54.012,18.52,150.475,3.67623e-05,1.5432,215.0
2005-11-24 09:00:00.000039936,52.9832,18.52,145.382,3.700857e-05,1.0288,245.0
2005-11-24 12:00:00.000039936,51.440002,18.52,138.9,3.7254722e-05,1.0288,260.0
2005-11-24 15:00:00.000039936,51.440002,18.52,142.14099,3.7254722e-05,1.5432,270.0
2005-11-24 18:00:00.000039936,51.440002,18.52,143.53,3.7254722e-05,1.5432,290.0
2005-11-24 21:00:00.000039936,48.868,18.52,139.82599,3.700857e-05,2.0576,300.0
2005-11-25 00:00:00.000039936,46.296,18.52,134.26999,3.651592e-05,2.0576,295.0
2005-11-25 03:00:00.000039936,40.1232,18.52,134.26999,3.626943e-05,2.0576,285.0
2005-11-25 06:00:00.000039936,33.436,18.52,134.26999,3.626943e-05,2.0576,285.0
2005-11-25 09:00:00.000039936,33.436,18.52,134.26999,3.626943e-05,2.0576,285.0
2005-11-25 12:00:00.000039936,33.436,18.52,134.26999,3.6022833e-05,2.0576,290.0
2005-11-25 15:00:00.000039936,30.864,18.52,120.380005,3.577612e-05,2.572,295.0
2005-11-25 18:00:00.000039936,28.292,18.52,106.49,3.5529305e-05,2.572,285.0
2005-11-25 21:00:00.000039936,25.720001,18.52,106.49,3.5282377e-05,3.0864,280.0
