Time,Vmax,Rmax_IBT,R34,fcor,u_trans,v_trans
2010-12-01 12:00:00.000039936,23.148,74.08,81.024994,3.8238195e-05,3.0864,145.0
2010-12-01 15:00:00.000039936,23.148,74.08,81.024994,3.897458e-05,2.572,135.0
2010-12-01 18:00:00.000039936,23.148,74.08,81.024994,3.9464914e-05,3.0864,135.0
2010-12-01 21:00:00.000039936,27.2632,83.34,87.506996,3.995476e-05,3.6008,130.0
2010-12-02 00:00:00.000039936,30.864,92.6,92.6,4.0444127e-05,4.1152,130.0
2010-12-02 03:00:00.000039936,32.4072,61.116,101.397,4.093299e-05,4.6296,125.0
2010-12-02 06:00:00.000039936,33.436,27.78,108.80499,4.1665367e-05,5.144,120.0
2010-12-02 09:00:00.000039936,36.008,27.78,118.528,4.2152973e-05,5.6584,115.0
2010-12-02 12:00:00.000039936,38.58,27.78,127.325,4.2640077e-05,5.6584,120.0
2010-12-02 15:00:00.000039936,40.1232,27.78,141.67801,4.3369746e-05,5.6584,125.0
2010-12-02 18:00:00.000039936,41.152,27.78,155.105,4.409823e-05,5.6584,125.0
2010-12-02 21:00:00.000039936,37.5512,27.78,164.36499,4.506766e-05,6.1728,130.0
2010-12-03 00:00:00.000039936,33.436,27.78,173.625,4.6034886e-05,6.1728,130.0
2010-12-03 03:00:00.000039936,29.835201,27.78,149.549,4.6999867e-05,6.1728,125.0
2010-12-03 06:00:00.000039936,25.720001,27.78,125.009995,4.796257e-05,7.2016,125.0
2010-12-03 09:00:00.000039936,24.6912,33.336,115.75,4.892293e-05,7.716,130.0
