Time,Vmax,Rmax_IBT,R34,fcor,u_trans,v_trans
2018-01-05 18:00:00.000039936,18.004,120.38,152.79001,3.0820032e-05,5.6584,255.0
2018-01-05 21:00:00.000039936,19.5472,101.86,164.365,3.1068776e-05,5.144,260.0
2018-01-06 00:00:00.000039936,20.576,83.34,175.94,3.131743e-05,4.6296,265.0
2018-01-06 03:00:00.000039936,22.1192,83.34,182.88501,3.131743e-05,4.6296,265.0
2018-01-06 06:00:00.000039936,23.148,83.34,189.82999,3.131743e-05,4.1152,260.0
2018-01-06 09:00:00.000039936,24.6912,83.34,194.45999,3.156599e-05,3.6008,255.0
2018-01-06 12:00:00.000039936,25.720001,83.34,199.09,3.206281e-05,6.6872,260.0
2018-01-06 15:00:00.000039936,27.2632,79.636,210.66501,3.231108e-05,9.2592,265.0
2018-01-06 18:00:00.000039936,28.292,74.08,222.23999,3.2559245e-05,8.2304,255.0
2018-01-06 21:00:00.000039936,29.835201,57.412,231.5,3.330315e-05,6.6872,245.0
2018-01-07 00:00:00.000039936,30.864,40.744,240.75998,3.404614e-05,6.6872,245.0
2018-01-07 03:00:00.000039936,33.436,38.892,247.70499,3.454095e-05,6.6872,250.0
2018-01-07 06:00:00.000039936,36.008,37.04,254.65,3.5282377e-05,6.6872,245.0
2018-01-07 09:00:00.000039936,37.5512,37.04,259.28,3.6022833e-05,7.2016,240.0
2018-01-07 12:00:00.000039936,38.58,37.04,263.91,3.700857e-05,8.744801,240.0
2018-01-07 15:00:00.000039936,42.6952,24.076,268.54,3.8238195e-05,9.7736,235.0
2018-01-07 18:00:00.000039936,46.296,9.26,273.17,3.9464914e-05,9.2592,235.0
2018-01-07 21:00:00.000039936,47.8392,16.668,277.80002,4.0688625e-05,8.744801,235.0
2018-01-08 00:00:00.000039936,48.868,22.223999,282.43002,4.1665367e-05,8.744801,240.0
2018-01-08 03:00:00.000039936,47.8392,22.223999,289.375,4.288343e-05,9.2592,245.0
2018-01-08 06:00:00.000039936,46.296,22.223999,296.31998,4.385554e-05,8.2304,240.0
2018-01-08 09:00:00.000039936,46.296,22.223999,303.26498,4.4825505e-05,7.716,235.0
2018-01-08 12:00:00.000039936,46.296,22.223999,310.21,4.5793287e-05,9.2592,235.0
2018-01-08 15:00:00.000039936,45.2672,22.223999,317.155,4.7240763e-05,10.288,235.0
2018-01-08 18:00:00.000039936,43.724,22.223999,324.1,4.844305e-05,8.744801,235.0
2018-01-08 21:00:00.000039936,42.6952,22.223999,328.73,4.916265e-05,7.716,240.0
2018-01-09 00:00:00.000039936,41.152,22.223999,333.36002,5.012002e-05,9.2592,240.0
2018-01-09 03:00:00.000039936,38.58,35.188,333.36002,5.155148e-05,10.288,235.0
2018-01-09 06:00:00.000039936,36.008,46.3,333.36,5.321436e-05,9.2592,235.0
2018-01-09 09:00:00.000039936,34.979202,51.856,331.04498,5.439729e-05,8.744801,230.0
2018-01-09 12:00:00.000039936,33.436,55.56,328.72998,5.5576067e-05,9.7736,230.0
2018-01-09 15:00:00.000039936,33.436,55.56,328.72998,5.698501e-05,11.3168,225.0
2018-01-09 18:00:00.000039936,33.436,55.56,328.72998,5.8853857e-05,10.802401,220.0
2018-01-09 21:00:00.000039936,30.864,55.56,307.89502,6.0711227e-05,10.288,215.0
2018-01-10 00:00:00.000039936,28.292,55.56,287.06,6.278661e-05,11.3168,205.0
2018-01-10 03:00:00.000039936,25.720001,61.116,273.17,6.530208e-05,12.3456,200.0
2018-01-10 06:00:00.000039936,23.148,64.82,259.28,6.7793495e-05,11.8312,195.0
2018-01-10 09:00:00.000039936,23.148,64.82,247.70502,7.003676e-05,11.8312,185.0
2018-01-10 12:00:00.000039936,23.148,64.82,236.13,7.270045e-05,14.917601,180.0
2018-01-10 15:00:00.000039936,23.148,64.82,203.72,7.641916e-05,18.004,175.0
2018-01-10 18:00:00.000039936,23.148,64.82,171.31,8.028322e-05,19.5472,155.0
2018-01-10 21:00:00.000039936,24.6912,64.82,171.31,8.34429e-05,22.1192,140.0
2018-01-11 00:00:00.000039936,25.720001,64.82,171.31,8.695463e-05,25.2056,140.0
2018-01-11 03:00:00.000039936,25.720001,64.82,168.995,9.1186645e-05,26.7488,140.0
