Time,Vmax,Rmax_IBT,R34,fcor,u_trans,v_trans
2014-12-25 18:00:00.000039936,23.148,74.08,57.875004,3.131743e-05,3.6008,260.0
2014-12-25 19:00:00.000066560,24.1768,74.08,57.875004,3.131743e-05,3.0864,280.0
2014-12-25 20:31:00.000063488,25.2056,74.08,57.875004,3.131743e-05,2.572,290.0
2014-12-25 21:00:00.000039936,25.720001,74.08,57.875004,3.131743e-05,2.0576,285.0
2014-12-26 00:00:00.000039936,28.292,74.08,57.875004,3.1068776e-05,2.0576,280.0
2014-12-26 03:00:00.000039936,32.4072,61.116,70.839,3.0820032e-05,2.0576,270.0
2014-12-26 06:00:00.000039936,36.008,46.3,83.34,3.0820032e-05,1.5432,260.0
2014-12-26 09:00:00.000039936,41.152,42.596,101.86,3.0820032e-05,1.0288,245.0
2014-12-26 12:00:00.000039936,46.296,37.04,120.380005,3.1068776e-05,1.0288,230.0
2014-12-26 13:53:00.000038912,48.868,37.04,130.566,3.131743e-05,1.5432,230.0
2014-12-26 15:00:00.000039936,50.4112,37.04,137.048,3.131743e-05,2.0576,235.0
2014-12-26 18:00:00.000039936,54.012,37.04,152.79001,3.1814445e-05,1.5432,230.0
2014-12-26 21:00:00.000039936,54.012,37.04,152.79001,3.206281e-05,1.5432,225.0
2014-12-27 00:00:00.000039936,54.012,37.04,152.79001,3.231108e-05,1.5432,225.0
2014-12-27 03:00:00.000039936,54.012,27.78,160.198,3.2559245e-05,1.5432,235.0
2014-12-27 06:00:00.000039936,54.012,18.52,166.68,3.280731e-05,1.5432,245.0
2014-12-27 07:01:00.000063488,53.4976,18.52,164.828,3.280731e-05,1.5432,255.0
2014-12-27 09:00:00.000039936,52.9832,18.52,162.976,3.305528e-05,1.5432,245.0
2014-12-27 12:00:00.000039936,51.440002,18.52,157.42,3.305528e-05,1.5432,245.0
2014-12-27 15:00:00.000039936,51.440002,27.78,157.42,3.305528e-05,1.5432,250.0
2014-12-27 18:00:00.000039936,51.440002,37.04,157.42,3.305528e-05,1.5432,245.0
2014-12-27 19:56:00.000027648,50.4112,37.04,157.42,3.305528e-05,1.5432,240.0
2014-12-27 21:00:00.000039936,50.4112,37.04,157.42,3.330315e-05,2.0576,230.0
2014-12-28 00:00:00.000039936,48.868,37.04,157.42,3.3550914e-05,2.0576,220.0
2014-12-28 03:00:00.000039936,47.8392,33.336,139.82599,3.3798577e-05,1.5432,205.0
2014-12-28 06:00:00.000039936,46.296,27.78,120.38,3.4293596e-05,1.5432,200.0
2014-12-28 09:00:00.000039936,43.724,27.78,120.38,3.47882e-05,1.0288,205.0
2014-12-28 12:00:00.000039936,41.152,27.78,120.38,3.5035337e-05,1.0288,210.0
2014-12-28 13:28:00.000047104,40.1232,27.78,120.38,3.5282377e-05,1.0288,225.0
2014-12-28 15:00:00.000039936,38.58,27.78,120.38,3.5282377e-05,2.0576,225.0
2014-12-28 18:00:00.000039936,36.008,27.78,120.38,3.5529305e-05,2.0576,220.0
2014-12-28 21:00:00.000039936,34.979202,33.336,123.158,3.577612e-05,2.0576,215.0
2014-12-28 22:18:00.000043008,33.9504,35.188,124.084,3.6022833e-05,2.0576,215.0
2014-12-29 00:00:00.000039936,33.436,37.04,125.01,3.626943e-05,2.0576,215.0
2014-12-29 03:00:00.000039936,33.436,37.04,123.158,3.651592e-05,2.0576,215.0
2014-12-29 06:00:00.000039936,33.436,37.04,120.38,3.700857e-05,2.0576,210.0
2014-12-29 09:00:00.000039936,33.436,37.04,120.38,3.7500762e-05,2.572,215.0
2014-12-29 10:54:00.000034816,33.436,37.04,120.38,3.7746686e-05,3.0864,220.0
2014-12-29 12:00:00.000039936,33.436,37.04,120.38,3.7992504e-05,3.6008,230.0
2014-12-29 13:15:00.000053248,34.979202,33.336,125.47301,3.8238195e-05,3.6008,225.0
2014-12-29 15:00:00.000039936,37.5512,27.78,133.344,3.872924e-05,4.6296,220.0
2014-12-29 18:00:00.000039936,41.152,18.52,145.845,3.9709896e-05,5.144,215.0
2014-12-29 21:00:00.000039936,47.8392,16.668,160.198,4.0688625e-05,4.6296,215.0
2014-12-30 00:00:00.000039936,54.012,12.964,173.625,4.142137e-05,4.1152,220.0
2014-12-30 02:32:00.000059392,54.012,12.964,173.625,4.1909232e-05,4.1152,225.0
2014-12-30 03:00:00.000039936,54.012,12.964,173.625,4.2152973e-05,4.1152,220.0
2014-12-30 06:00:00.000039936,54.012,12.964,173.625,4.288343e-05,4.1152,215.0
2014-12-30 09:00:00.000039936,52.9832,12.964,173.625,4.385554e-05,4.6296,210.0
2014-12-30 12:00:00.000039936,51.440002,12.964,173.625,4.4825505e-05,5.144,215.0
2014-12-30 15:00:00.000039936,46.296,20.372,173.625,4.5793287e-05,5.6584,225.0
2014-12-30 18:00:00.000039936,41.152,27.78,173.625,4.675884e-05,5.144,225.0
2014-12-30 21:00:00.000039936,37.5512,27.78,173.625,4.7722115e-05,4.6296,220.0
2014-12-31 00:00:00.000039936,33.436,27.78,173.625,4.844305e-05,4.6296,225.0
2014-12-31 03:00:00.000039936,33.436,27.78,173.625,4.892293e-05,5.144,230.0
2014-12-31 06:00:00.000039936,33.436,27.78,173.625,4.9641636e-05,6.1728,235.0
2014-12-31 09:00:00.000039936,28.292,27.78,173.625,5.035898e-05,6.1728,235.0
2014-12-31 12:00:00.000039936,23.148,27.78,173.625,5.131329e-05,6.6872,235.0
2014-12-31 15:00:00.000039936,20.576,51.856,173.625,5.22651e-05,6.1728,235.0
2014-12-31 18:00:00.000039936,18.004,74.08,173.625,5.321436e-05,6.1728,230.0
2014-12-31 21:00:00.000039936,18.004,74.08,173.625,5.392461e-05,6.1728,230.0
