Time,Vmax,Rmax_IBT,R34,fcor,u_trans,v_trans
2017-02-04 00:00:00.000039936,20.576,55.56,78.71001,3.9219805e-05,4.1152,170.0
2017-02-04 03:00:00.000039936,20.576,55.56,78.71001,4.0199502e-05,3.6008,190.0
2017-02-04 06:00:00.000039936,20.576,55.56,71.765,4.0688625e-05,3.0864,205.0
2017-02-04 09:00:00.000039936,22.1192,55.56,75.469,4.1177245e-05,2.572,205.0
2017-02-04 12:00:00.000039936,23.148,55.56,78.71,4.1665367e-05,2.0576,195.0
2017-02-04 15:00:00.000039936,23.148,46.3,81.488,4.2152973e-05,1.5432,180.0
2017-02-04 18:00:00.000039936,23.148,37.04,83.34,4.239659e-05,1.0288,160.0
2017-02-04 21:00:00.000039936,24.6912,37.04,88.433,4.2640077e-05,1.0288,145.0
2017-02-05 00:00:00.000039936,25.720001,37.04,92.6,4.288343e-05,1.5432,140.0
2017-02-05 03:00:00.000039936,25.720001,37.04,100.008,4.3126656e-05,1.5432,135.0
2017-02-05 06:00:00.000039936,25.720001,37.04,106.490005,4.3369746e-05,1.5432,130.0
2017-02-05 09:00:00.000039936,27.2632,37.04,118.528,4.3612705e-05,1.5432,120.0
2017-02-05 12:00:00.000039936,28.292,37.04,129.64,4.3612705e-05,2.0576,105.0
2017-02-05 15:00:00.000039936,29.835201,37.04,119.917,4.385554e-05,2.0576,95.0
2017-02-05 18:00:00.000039936,30.864,37.04,108.805,4.385554e-05,2.0576,100.0
2017-02-05 21:00:00.000039936,30.864,37.04,100.008,4.385554e-05,1.5432,115.0
2017-02-06 00:00:00.000039936,30.864,37.04,90.285,4.409823e-05,0.5144,210.0
2017-02-06 03:00:00.000039936,29.835201,37.04,90.285,4.409823e-05,2.0576,245.0
2017-02-06 06:00:00.000039936,28.292,37.04,90.285,4.4340795e-05,2.572,235.0
2017-02-06 09:00:00.000039936,28.292,37.04,90.285,4.4825505e-05,2.572,220.0
2017-02-06 12:00:00.000039936,25.720001,37.04,90.285,4.5309676e-05,2.0576,205.0
2017-02-06 15:00:00.000039936,25.720001,37.04,120.842995,4.5793287e-05,2.0576,210.0
2017-02-06 18:00:00.000039936,25.720001,37.04,150.47499,4.627635e-05,3.0864,220.0
2017-02-06 21:00:00.000039936,24.6912,37.04,150.47499,4.675884e-05,4.6296,230.0
2017-02-07 00:00:00.000039936,23.148,37.04,150.47499,4.748151e-05,4.6296,240.0
2017-02-07 03:00:00.000039936,23.148,37.04,137.974,4.796257e-05,5.144,250.0
2017-02-07 06:00:00.000039936,23.148,37.04,125.009995,4.844305e-05,4.6296,245.0
2017-02-07 09:00:00.000039936,23.148,46.3,125.009995,4.916265e-05,4.6296,230.0
2017-02-07 12:00:00.000039936,23.148,55.56,125.009995,4.9880902e-05,4.6296,225.0
2017-02-07 15:00:00.000039936,23.148,55.56,125.009995,5.059779e-05,4.6296,220.0
2017-02-07 18:00:00.000039936,23.148,55.56,125.009995,5.131329e-05,5.144,215.0
2017-02-07 21:00:00.000039936,23.148,55.56,125.009995,5.22651e-05,5.6584,215.0
2017-02-08 00:00:00.000039936,23.148,55.56,125.009995,5.321436e-05,5.144,220.0
2017-02-08 03:00:00.000039936,23.148,55.56,158.80899,5.4161024e-05,4.1152,225.0
2017-02-08 06:00:00.000039936,23.148,55.56,192.145,5.4869302e-05,2.572,215.0
2017-02-08 09:00:00.000039936,24.6912,55.56,185.66301,5.510506e-05,1.5432,180.0
2017-02-08 12:00:00.000039936,25.720001,55.56,178.255,5.5340646e-05,2.572,170.0
2017-02-08 15:00:00.000039936,27.2632,55.56,171.773,5.6046403e-05,3.6008,170.0
2017-02-08 18:00:00.000039936,28.292,55.56,164.36499,5.698501e-05,3.0864,160.0
2017-02-08 21:00:00.000039936,30.864,46.3,147.697,5.7453286e-05,2.572,145.0
2017-02-09 00:00:00.000039936,33.436,37.04,129.64,5.7920843e-05,2.572,135.0
2017-02-09 03:00:00.000039936,34.979202,37.04,129.64,5.83877e-05,2.572,130.0
2017-02-09 06:00:00.000039936,36.008,37.04,129.64,5.9086666e-05,3.6008,135.0
2017-02-09 09:00:00.000039936,34.979202,37.04,129.64,5.9784e-05,4.6296,135.0
2017-02-09 12:00:00.000039936,33.436,37.04,129.64,6.0479695e-05,5.144,135.0
2017-02-09 15:00:00.000039936,32.4072,37.04,142.60399,6.1173734e-05,5.144,135.0
2017-02-09 18:00:00.000039936,30.864,37.04,155.105,6.186609e-05,5.144,130.0
2017-02-09 21:00:00.000039936,30.864,37.04,155.105,6.278661e-05,5.6584,125.0
2017-02-10 00:00:00.000039936,30.864,37.04,155.105,6.370404e-05,7.716,125.0
2017-02-10 03:00:00.000039936,29.835201,37.04,155.105,6.4846485e-05,9.7736,125.0
2017-02-10 06:00:00.000039936,28.292,37.04,155.105,6.621089e-05,10.288,130.0
2017-02-10 09:00:00.000039936,28.292,37.04,171.77301,6.734234e-05,9.2592,125.0
2017-02-10 12:00:00.000039936,28.292,37.04,187.515,6.8468675e-05,8.744801,120.0
2017-02-10 15:00:00.000039936,27.2632,37.04,184.737,6.914198e-05,8.2304,115.0
2017-02-10 18:00:00.000039936,25.720001,37.04,180.57,6.981338e-05,7.716,110.0
2017-02-10 21:00:00.000039936,25.720001,37.04,181.95898,7.048288e-05,7.716,115.0
2017-02-11 00:00:00.000039936,25.720001,37.04,182.885,7.115043e-05,7.716,115.0
2017-02-11 03:00:00.000039936,25.720001,37.04,182.422,7.2037474e-05,7.716,115.0
2017-02-11 06:00:00.000039936,25.720001,37.04,180.56999,7.270045e-05,6.6872,115.0
2017-02-11 09:00:00.000039936,24.6912,46.3,180.56999,7.314133e-05,5.6584,110.0
2017-02-11 12:00:00.000039936,23.148,55.56,180.56999,7.3581316e-05,5.144,110.0
2017-02-11 15:00:00.000039936,22.1192,55.56,180.56999,7.380098e-05,5.144,110.0
2017-02-11 18:00:00.000039936,20.576,55.56,180.56999,7.423962e-05,4.6296,115.0
2017-02-11 21:00:00.000039936,19.5472,55.56,180.56999,7.4895885e-05,3.6008,130.0
