Time,Vmax,Rmax_IBT,R34,fcor,u_trans,v_trans
2007-11-18 09:00:00.000039936,18.004,64.82,51.393,2.0045187e-05,3.0864,160.0
2007-11-18 12:00:00.000039936,20.576,64.82,104.175,2.0801292e-05,2.572,150.0
2007-11-18 15:00:00.000039936,22.1192,64.82,101.397,2.1556822e-05,2.572,140.0
2007-11-18 18:00:00.000039936,23.148,64.82,97.23,2.206018e-05,2.572,135.0
2007-11-18 21:00:00.000039936,24.6912,64.82,93.526,2.2814716e-05,2.572,140.0
2007-11-19 00:00:00.000039936,25.720001,64.82,87.96999,2.3317392e-05,3.0864,155.0
2007-11-19 03:00:00.000039936,27.2632,55.56,96.304,2.3819783e-05,3.6008,170.0
2007-11-19 06:00:00.000039936,28.292,46.3,104.175,2.4572832e-05,3.0864,0.0
2007-11-19 09:00:00.000039936,29.835201,46.3,109.731,2.53252e-05,2.572,200.0
2007-11-19 12:00:00.000039936,30.864,46.3,113.435,2.5826394e-05,2.572,205.0
2007-11-19 15:00:00.000039936,30.864,46.3,113.435,2.6577594e-05,2.572,215.0
2007-11-19 18:00:00.000039936,30.864,46.3,113.435,2.707799e-05,3.0864,230.0
2007-11-19 21:00:00.000039936,32.4072,42.596,113.435,2.7328068e-05,4.1152,245.0
2007-11-20 00:00:00.000039936,33.436,37.04,113.435,2.7827968e-05,4.6296,240.0
2007-11-20 03:00:00.000039936,30.864,42.596,113.435,2.857718e-05,4.6296,240.0
2007-11-20 06:00:00.000039936,28.292,46.3,113.435,2.9325609e-05,5.144,245.0
2007-11-20 09:00:00.000039936,28.292,46.3,113.435,2.9574905e-05,5.144,250.0
2007-11-20 12:00:00.000039936,28.292,46.3,113.435,3.0073232e-05,5.6584,240.0
2007-11-20 15:00:00.000039936,28.292,46.3,113.435,3.1068776e-05,5.6584,235.0
2007-11-20 18:00:00.000039936,28.292,46.3,115.75,3.156599e-05,5.144,245.0
2007-11-20 21:00:00.000039936,27.2632,46.3,120.843,3.206281e-05,4.1152,250.0
2007-11-21 00:00:00.000039936,25.720001,46.3,125.009995,3.231108e-05,3.6008,255.0
2007-11-21 03:00:00.000039936,24.6912,46.3,129.64,3.2559245e-05,3.6008,255.0
2007-11-21 06:00:00.000039936,23.148,46.3,134.27,3.280731e-05,3.6008,255.0
2007-11-21 09:00:00.000039936,24.6912,46.3,104.638,3.305528e-05,3.6008,250.0
2007-11-21 12:00:00.000039936,25.720001,46.3,74.08,3.330315e-05,3.6008,240.0
2007-11-21 15:00:00.000039936,25.720001,46.3,74.08,3.3550914e-05,3.6008,230.0
2007-11-21 18:00:00.000039936,25.720001,46.3,74.08,3.404614e-05,3.0864,225.0
2007-11-21 21:00:00.000039936,27.2632,46.3,91.673996,3.454095e-05,2.0576,225.0
2007-11-22 00:00:00.000039936,28.292,46.3,108.80501,3.5035337e-05,1.5432,225.0
2007-11-22 03:00:00.000039936,28.292,51.856,113.897995,3.5282377e-05,1.0288,230.0
2007-11-22 06:00:00.000039936,28.292,55.56,118.065,3.5529305e-05,1.0288,260.0
2007-11-22 09:00:00.000039936,28.292,51.856,117.139,3.5529305e-05,1.0288,290.0
2007-11-22 12:00:00.000039936,28.292,46.3,115.75,3.5529305e-05,1.0288,280.0
2007-11-22 15:00:00.000039936,28.292,46.3,115.75,3.5529305e-05,1.0288,270.0
2007-11-22 18:00:00.000039936,28.292,46.3,115.75,3.5529305e-05,1.5432,285.0
2007-11-22 21:00:00.000039936,27.2632,46.3,115.75,3.5282377e-05,2.572,295.0
2007-11-23 00:00:00.000039936,25.720001,46.3,115.75,3.5035337e-05,2.572,290.0
2007-11-23 03:00:00.000039936,24.6912,46.3,121.306,3.47882e-05,3.0864,290.0
2007-11-23 06:00:00.000039936,23.148,46.3,125.009995,3.454095e-05,3.6008,295.0
2007-11-23 09:00:00.000039936,22.1192,51.856,115.75,3.404614e-05,3.6008,300.0
2007-11-23 12:00:00.000039936,20.576,55.56,106.490005,3.3550914e-05,3.6008,300.0
