Time,Vmax,Rmax_IBT,R34,fcor,u_trans,v_trans
2013-12-18 00:00:00.000039936,23.148,37.04,60.190002,2.6327272e-05,4.1152,225.0
2013-12-18 01:44:00.000030720,23.6624,38.892,67.598,2.6827835e-05,4.6296,235.0
2013-12-18 03:00:00.000039936,24.6912,42.596,75.006,2.707799e-05,6.1728,245.0
2013-12-18 04:07:00.000041984,24.6912,42.596,78.71,2.707799e-05,5.6584,240.0
2013-12-18 06:00:00.000039936,25.720001,46.3,87.97,2.7578055e-05,5.144,235.0
2013-12-18 09:00:00.000039936,28.292,46.3,87.97,2.8327528e-05,4.6296,235.0
2013-12-18 11:21:00.000059392,30.3496,46.3,87.97,2.882674e-05,4.6296,240.0
2013-12-18 12:00:00.000039936,30.864,46.3,87.97,2.9076216e-05,4.6296,250.0
2013-12-18 15:00:00.000039936,30.864,46.3,114.824,2.9574905e-05,4.6296,255.0
2013-12-18 18:00:00.000039936,30.864,46.3,141.215,2.9824112e-05,4.1152,255.0
2013-12-18 21:00:00.000039936,33.436,46.3,161.124,3.0073232e-05,4.1152,260.0
2013-12-18 21:03:00.000029696,33.436,46.3,161.124,3.0073232e-05,3.6008,250.0
2013-12-18 22:30:00.000039936,34.979202,46.3,171.31,3.0073232e-05,4.1152,250.0
2013-12-18 23:41:00.000027648,35.4936,46.3,177.79199,3.0073232e-05,4.6296,255.0
2013-12-19 00:00:00.000039936,36.008,46.3,180.56999,3.0073232e-05,3.6008,255.0
2013-12-19 03:00:00.000039936,38.58,46.3,196.775,3.0322259e-05,3.6008,255.0
2013-12-19 03:10:00.000045056,38.58,46.3,197.23799,3.0322259e-05,4.6296,250.0
2013-12-19 06:00:00.000039936,41.152,46.3,212.98,3.0571195e-05,4.6296,245.0
2013-12-19 09:00:00.000039936,45.2672,37.04,226.87001,3.1068776e-05,5.144,240.0
2013-12-19 11:08:00.000065536,47.8392,29.632,237.056,3.156599e-05,4.6296,240.0
2013-12-19 12:00:00.000039936,48.868,27.78,240.75998,3.1814445e-05,4.6296,250.0
2013-12-19 14:10:00.000058368,50.925602,27.78,250.94601,3.231108e-05,4.6296,250.0
2013-12-19 15:00:00.000039936,51.440002,27.78,254.65,3.231108e-05,5.144,255.0
2013-12-19 18:00:00.000039936,51.440002,22.223999,222.24,3.2559245e-05,4.6296,255.0
2013-12-19 20:48:00.000043008,52.4688,25.928,222.24,3.280731e-05,4.6296,250.0
2013-12-19 21:00:00.000039936,52.9832,27.78,222.24,3.280731e-05,4.1152,240.0
2013-12-20 00:00:00.000039936,54.012,31.484,222.24,3.330315e-05,4.6296,245.0
2013-12-20 03:00:00.000039936,59.156002,29.632,236.13,3.3550914e-05,5.6584,255.0
2013-12-20 06:00:00.000039936,64.3,27.78,250.01999,3.404614e-05,5.6584,255.0
2013-12-20 09:00:00.000039936,64.3,29.632,250.01999,3.4293596e-05,5.6584,255.0
2013-12-20 12:00:00.000039936,64.3,31.484,250.01999,3.47882e-05,5.6584,255.0
2013-12-20 15:00:00.000039936,65.8432,29.632,259.28,3.5035337e-05,5.6584,255.0
2013-12-20 18:00:00.000039936,66.872,27.78,268.54,3.5529305e-05,6.1728,255.0
2013-12-20 21:00:00.000039936,69.444,27.78,268.54,3.6022833e-05,7.2016,255.0
2013-12-21 00:00:00.000039936,72.016,27.78,268.53998,3.651592e-05,6.6872,255.0
2013-12-21 03:00:00.000039936,72.016,29.632,268.53998,3.700857e-05,6.6872,250.0
2013-12-21 06:00:00.000039936,72.016,31.484,268.53998,3.7500762e-05,7.2016,245.0
2013-12-21 09:00:00.000039936,70.9872,29.632,268.53998,3.8238195e-05,7.716,245.0
2013-12-21 12:00:00.000039936,69.444,27.78,268.53998,3.9219805e-05,7.716,240.0
2013-12-21 15:00:00.000039936,70.9872,33.336,268.53998,3.995476e-05,7.716,240.0
2013-12-21 18:00:00.000039936,72.016,37.04,268.53998,4.093299e-05,7.2016,240.0
2013-12-21 21:00:00.000039936,72.016,37.04,268.53998,4.1665367e-05,6.6872,235.0
2013-12-22 00:00:00.000039936,72.016,37.04,268.53998,4.2640077e-05,6.6872,235.0
2013-12-22 03:00:00.000039936,70.9872,33.336,268.53998,4.3612705e-05,6.6872,230.0
2013-12-22 06:00:00.000039936,69.444,27.78,268.53998,4.458322e-05,6.6872,215.0
2013-12-22 09:00:00.000039936,64.3,29.632,268.53998,4.6034886e-05,7.2016,205.0
2013-12-22 12:00:00.000039936,59.156002,31.484,268.53998,4.748151e-05,6.6872,205.0
2013-12-22 15:00:00.000039936,58.1272,29.632,251.409,4.892293e-05,6.6872,200.0
2013-12-22 18:00:00.000039936,56.584,27.78,233.815,5.035898e-05,6.6872,190.0
2013-12-22 21:00:00.000039936,56.584,29.632,224.555,5.2027382e-05,7.2016,185.0
2013-12-23 00:00:00.000039936,56.584,31.484,215.29501,5.3688025e-05,7.2016,180.0
2013-12-23 03:00:00.000039936,55.5552,35.188,215.29501,5.5340646e-05,7.716,175.0
2013-12-23 06:00:00.000039936,54.012,37.04,215.29501,5.698501e-05,8.744801,170.0
2013-12-23 09:00:00.000039936,50.4112,42.596,215.29501,5.9086666e-05,9.7736,170.0
2013-12-23 12:00:00.000039936,46.296,46.3,215.29501,6.14047e-05,10.802401,170.0
2013-12-23 15:00:00.000039936,42.6952,46.3,215.29501,6.393293e-05,11.3168,165.0
2013-12-23 18:00:00.000039936,38.58,46.3,215.29501,6.643758e-05,9.7736,165.0
2013-12-23 21:00:00.000039936,34.979202,46.3,215.758,6.8243826e-05,8.744801,160.0
2013-12-24 00:00:00.000039936,30.864,46.3,215.295,6.981338e-05,9.7736,150.0
2013-12-24 03:00:00.000039936,29.835201,61.116,215.295,7.159438e-05,11.3168,140.0
2013-12-24 06:00:00.000039936,28.292,74.08,215.295,7.336144e-05,12.3456,130.0
2013-12-24 09:00:00.000039936,23.148,92.6,202.794,7.4895885e-05,13.3744,120.0
2013-12-24 12:00:00.000039936,18.004,111.12,189.83,7.641916e-05,15.9464,115.0
2013-12-24 15:00:00.000039936,18.004,111.12,189.83,7.793102e-05,16.9752,110.0
