Time,Vmax,Rmax_IBT,R34,fcor,u_trans,v_trans
2015-11-28 00:00:00.000039936,20.576,64.82,111.119995,3.3550914e-05,4.1152,120.0
2015-11-28 03:00:00.000039936,20.576,64.82,111.58301,3.404614e-05,4.1152,120.0
2015-11-28 06:00:00.000039936,20.576,64.82,111.12,3.454095e-05,3.6008,120.0
2015-11-28 09:00:00.000039936,20.576,64.82,111.12,3.5035337e-05,2.572,125.0
2015-11-28 12:00:00.000039936,20.576,64.82,111.12,3.577612e-05,4.1152,125.0
2015-11-28 15:00:00.000039936,20.576,64.82,111.12,3.651592e-05,6.6872,130.0
2015-11-28 18:00:00.000039936,20.576,64.82,111.12,3.7500762e-05,8.2304,125.0
2015-11-28 21:00:00.000039936,20.576,64.82,111.12,3.8483773e-05,8.2304,125.0
2015-11-29 00:00:00.000039936,20.576,64.82,111.12,3.9464914e-05,6.1728,130.0
2015-11-29 03:00:00.000039936,20.576,64.82,111.12,4.0688625e-05,5.144,130.0
2015-11-29 06:00:00.000039936,20.576,64.82,111.12,4.1665367e-05,5.6584,125.0
2015-11-29 09:00:00.000039936,19.5472,64.82,114.824,4.2640077e-05,4.6296,130.0
2015-11-29 12:00:00.000039936,18.004,64.82,118.065,4.3369746e-05,2.572,135.0
2015-11-29 15:00:00.000039936,18.004,70.376,118.065,4.385554e-05,2.0576,130.0
