Time,Vmax,Rmax_IBT,R34,fcor,u_trans,v_trans
2012-12-12 00:00:00.000039936,23.148,46.3,64.82,3.577612e-05,5.6584,85.0
2012-12-12 03:00:00.000039936,23.148,46.3,64.82,3.5529305e-05,5.6584,85.0
2012-12-12 06:00:00.000039936,23.148,46.3,64.82,3.5529305e-05,4.1152,85.0
2012-12-12 09:00:00.000039936,28.292,46.3,72.690994,3.5282377e-05,2.572,80.0
2012-12-12 12:00:00.000039936,33.436,46.3,78.71,3.5282377e-05,3.0864,85.0
2012-12-12 15:00:00.000039936,33.436,37.04,90.748,3.5282377e-05,4.1152,90.0
2012-12-12 18:00:00.000039936,33.436,27.78,101.86,3.5282377e-05,3.6008,95.0
2012-12-12 21:00:00.000039936,36.008,27.78,103.24901,3.5529305e-05,2.572,95.0
2012-12-13 00:00:00.000039936,38.58,27.78,104.175,3.5529305e-05,2.0576,80.0
2012-12-13 03:00:00.000039936,40.1232,27.78,103.712006,3.5282377e-05,1.0288,50.0
2012-12-13 06:00:00.000039936,41.152,27.78,101.86,3.47882e-05,0.5144,10.0
2012-12-13 09:00:00.000039936,43.724,27.78,116.676,3.47882e-05,0.5144,315.0
2012-12-13 12:00:00.000039936,46.296,27.78,129.64,3.454095e-05,1.5432,335.0
2012-12-13 15:00:00.000039936,46.296,27.78,138.9,3.4293596e-05,2.0576,345.0
2012-12-13 18:00:00.000039936,46.296,27.78,148.16,3.3798577e-05,2.572,340.0
2012-12-13 21:00:00.000039936,48.868,27.78,167.60599,3.330315e-05,2.572,330.0
2012-12-14 00:00:00.000039936,51.440002,27.78,185.20001,3.280731e-05,2.572,310.0
2012-12-14 03:00:00.000039936,51.440002,27.78,185.20001,3.2559245e-05,3.0864,295.0
2012-12-14 06:00:00.000039936,51.440002,27.78,185.20001,3.231108e-05,3.0864,290.0
2012-12-14 09:00:00.000039936,51.440002,27.78,200.01599,3.206281e-05,3.0864,285.0
2012-12-14 12:00:00.000039936,51.440002,27.78,212.98001,3.1814445e-05,3.6008,285.0
2012-12-14 15:00:00.000039936,50.4112,27.78,212.98,3.156599e-05,3.6008,280.0
2012-12-14 18:00:00.000039936,48.868,27.78,212.98,3.131743e-05,4.1152,270.0
2012-12-14 21:00:00.000039936,47.8392,27.78,203.72,3.156599e-05,4.6296,255.0
2012-12-15 00:00:00.000039936,46.296,27.78,194.45999,3.1814445e-05,4.1152,250.0
2012-12-15 03:00:00.000039936,46.296,33.336,203.72,3.231108e-05,4.6296,245.0
2012-12-15 06:00:00.000039936,46.296,37.04,212.98001,3.280731e-05,7.2016,255.0
2012-12-15 09:00:00.000039936,46.296,37.04,212.98001,3.305528e-05,8.744801,255.0
2012-12-15 12:00:00.000039936,46.296,37.04,212.98001,3.3550914e-05,6.1728,255.0
2012-12-15 15:00:00.000039936,48.868,33.336,212.98001,3.404614e-05,3.0864,245.0
2012-12-15 18:00:00.000039936,51.440002,27.78,212.98001,3.454095e-05,3.0864,235.0
2012-12-15 21:00:00.000039936,52.9832,27.78,215.758,3.5035337e-05,4.1152,230.0
2012-12-16 00:00:00.000039936,54.012,27.78,217.60999,3.577612e-05,6.6872,240.0
2012-12-16 03:00:00.000039936,54.012,27.78,217.60999,3.651592e-05,8.2304,245.0
2012-12-16 06:00:00.000039936,54.012,27.78,217.60999,3.7500762e-05,7.716,235.0
2012-12-16 09:00:00.000039936,56.584,33.336,222.23999,3.8483773e-05,6.6872,225.0
2012-12-16 12:00:00.000039936,59.156002,37.04,226.87,3.9464914e-05,5.6584,230.0
2012-12-16 15:00:00.000039936,59.156002,33.336,225.944,4.0199502e-05,5.6584,235.0
2012-12-16 18:00:00.000039936,59.156002,27.78,224.555,4.093299e-05,5.6584,225.0
2012-12-16 21:00:00.000039936,61.728,27.78,230.111,4.1909232e-05,5.6584,220.0
2012-12-17 00:00:00.000039936,64.3,27.78,233.815,4.3126656e-05,5.144,220.0
2012-12-17 03:00:00.000039936,64.3,27.78,233.815,4.409823e-05,4.6296,210.0
2012-12-17 06:00:00.000039936,64.3,27.78,233.815,4.506766e-05,4.6296,195.0
2012-12-17 09:00:00.000039936,61.728,27.78,227.33301,4.627635e-05,5.144,180.0
2012-12-17 12:00:00.000039936,59.156002,27.78,219.925,4.748151e-05,4.1152,175.0
2012-12-17 15:00:00.000039936,54.012,27.78,227.33301,4.844305e-05,3.6008,175.0
2012-12-17 18:00:00.000039936,48.868,27.78,233.815,4.916265e-05,3.6008,170.0
2012-12-17 21:00:00.000039936,47.8392,27.78,230.111,4.9880902e-05,3.6008,165.0
2012-12-18 00:00:00.000039936,46.296,27.78,224.555,5.059779e-05,3.0864,170.0
2012-12-18 03:00:00.000039936,45.2672,27.78,231.5,5.131329e-05,2.572,180.0
2012-12-18 06:00:00.000039936,43.724,27.78,238.445,5.2027382e-05,3.0864,0.0
2012-12-18 09:00:00.000039936,42.6952,37.04,228.259,5.2740055e-05,3.6008,175.0
2012-12-18 12:00:00.000039936,41.152,46.3,217.61,5.345127e-05,3.6008,175.0
2012-12-18 15:00:00.000039936,37.5512,46.3,201.405,5.4161024e-05,3.6008,170.0
2012-12-18 18:00:00.000039936,33.436,46.3,185.19998,5.510506e-05,3.6008,165.0
2012-12-18 21:00:00.000039936,30.864,46.3,177.329,5.581132e-05,4.1152,155.0
2012-12-19 00:00:00.000039936,28.292,46.3,168.995,5.6516048e-05,3.0864,150.0
2012-12-19 03:00:00.000039936,24.6912,92.6,191.682,5.698501e-05,2.572,150.0
2012-12-19 06:00:00.000039936,20.576,138.9,212.98001,5.7453286e-05,3.0864,145.0
2012-12-19 09:00:00.000039936,19.5472,111.12,202.794,5.7920843e-05,3.6008,145.0
2012-12-19 12:00:00.000039936,18.004,83.34,192.14499,5.862087e-05,3.0864,155.0
2012-12-19 15:00:00.000039936,18.004,83.34,192.14499,5.9551734e-05,3.0864,170.0
2012-12-19 18:00:00.000039936,18.004,83.34,192.14499,6.0247978e-05,2.0576,175.0
2012-12-19 21:00:00.000039936,18.004,83.34,192.14499,6.0479695e-05,0.5144,0.0
