Time,Vmax,Rmax_IBT,R34,fcor,u_trans,v_trans
2019-12-26 06:00:00.000039936,18.004,83.34,143.53,3.330315e-05,8.744801,170.0
2019-12-26 09:00:00.000039936,20.576,88.895996,172.699,3.5035337e-05,8.744801,175.0
2019-12-26 12:00:00.000039936,23.148,92.6,201.405,3.651592e-05,7.2016,180.0
2019-12-26 15:00:00.000039936,24.6912,92.6,225.944,3.7992504e-05,5.6584,190.0
2019-12-26 18:00:00.000039936,25.720001,92.6,250.02,3.9219805e-05,5.6584,190.0
2019-12-26 21:00:00.000039936,27.2632,70.376,260.669,4.0688625e-05,5.144,185.0
2019-12-27 00:00:00.000039936,28.292,46.3,270.855,4.2152973e-05,5.6584,0.0
2019-12-27 03:00:00.000039936,29.835201,46.3,282.43,4.3612705e-05,5.6584,175.0
2019-12-27 06:00:00.000039936,30.864,46.3,294.00497,4.4825505e-05,5.6584,165.0
2019-12-27 09:00:00.000039936,32.4072,46.3,304.654,4.5793287e-05,5.144,155.0
2019-12-27 12:00:00.000039936,33.436,46.3,314.84,4.675884e-05,4.6296,145.0
2019-12-27 15:00:00.000039936,33.436,61.116,301.413,4.748151e-05,4.1152,135.0
2019-12-27 18:00:00.000039936,33.436,74.08,287.06,4.8202877e-05,4.1152,125.0
2019-12-27 21:00:00.000039936,34.979202,74.08,273.633,4.892293e-05,4.1152,125.0
2019-12-28 00:00:00.000039936,36.008,74.08,259.28,4.9641636e-05,3.0864,125.0
2019-12-28 03:00:00.000039936,36.008,74.08,262.05798,4.9880902e-05,2.0576,125.0
2019-12-28 06:00:00.000039936,36.008,74.08,263.91,5.012002e-05,2.0576,115.0
2019-12-28 09:00:00.000039936,37.5512,74.08,265.762,5.012002e-05,2.0576,105.0
2019-12-28 12:00:00.000039936,38.58,74.08,266.225,5.012002e-05,2.0576,100.0
2019-12-28 15:00:00.000039936,38.58,70.376,262.984,5.012002e-05,2.0576,95.0
2019-12-28 18:00:00.000039936,38.58,64.82,259.28,5.012002e-05,2.0576,100.0
2019-12-28 21:00:00.000039936,37.5512,64.82,255.11299,5.035898e-05,2.572,100.0
2019-12-29 00:00:00.000039936,36.008,64.82,250.01999,5.059779e-05,3.0864,105.0
2019-12-29 03:00:00.000039936,34.979202,64.82,259.743,5.083645e-05,3.0864,105.0
2019-12-29 06:00:00.000039936,33.436,64.82,268.53998,5.1074945e-05,3.0864,100.0
2019-12-29 09:00:00.000039936,33.436,64.82,278.263,5.1074945e-05,3.0864,100.0
2019-12-29 12:00:00.000039936,33.436,64.82,287.06,5.1074945e-05,3.0864,100.0
2019-12-29 15:00:00.000039936,32.4072,64.82,286.597,5.1074945e-05,2.572,100.0
2019-12-29 18:00:00.000039936,30.864,64.82,284.745,5.131329e-05,2.0576,105.0
2019-12-29 21:00:00.000039936,30.864,70.376,277.8,5.131329e-05,2.0576,110.0
2019-12-30 00:00:00.000039936,30.864,74.08,270.85498,5.155148e-05,3.6008,115.0
2019-12-30 03:00:00.000039936,29.835201,74.08,269.929,5.2027382e-05,4.6296,120.0
2019-12-30 06:00:00.000039936,28.292,74.08,268.53998,5.250265e-05,4.6296,115.0
2019-12-30 09:00:00.000039936,27.2632,74.08,266.22498,5.2740055e-05,4.1152,105.0
2019-12-30 12:00:00.000039936,25.720001,74.08,263.90997,5.2740055e-05,4.1152,100.0
2019-12-30 15:00:00.000039936,25.720001,74.08,262.984,5.2740055e-05,4.1152,90.0
2019-12-30 18:00:00.000039936,25.720001,74.08,261.595,5.2740055e-05,4.1152,80.0
2019-12-30 21:00:00.000039936,24.6912,74.08,250.02,5.250265e-05,4.6296,70.0
2019-12-31 00:00:00.000039936,23.148,74.08,238.44499,5.2027382e-05,5.6584,70.0
2019-12-31 03:00:00.000039936,22.1192,101.86,227.33301,5.155148e-05,6.6872,70.0
2019-12-31 06:00:00.000039936,20.576,129.64,215.295,5.1074945e-05,7.2016,75.0
2019-12-31 09:00:00.000039936,19.5472,92.6,209.739,5.083645e-05,7.2016,80.0
2019-12-31 12:00:00.000039936,18.004,55.56,203.72,5.083645e-05,6.6872,85.0
2019-12-31 15:00:00.000039936,18.004,92.6,205.10901,5.059779e-05,6.1728,90.0
2019-12-31 18:00:00.000039936,18.004,129.64,206.035,5.059779e-05,8.2304,90.0
2019-12-31 21:00:00.000039936,18.004,129.64,208.35,5.059779e-05,11.3168,95.0
2020-01-01 00:00:00.000039936,18.004,129.64,210.66501,5.083645e-05,11.3168,95.0
2020-01-01 03:00:00.000039936,19.5472,129.64,208.813,5.1074945e-05,11.3168,95.0
2020-01-01 06:00:00.000039936,20.576,129.64,206.03499,5.131329e-05,10.802401,95.0
2020-01-01 09:00:00.000039936,23.148,129.64,199.55301,5.155148e-05,10.802401,100.0
2020-01-01 12:00:00.000039936,25.720001,129.64,192.145,5.22651e-05,12.3456,110.0
2020-01-01 15:00:00.000039936,27.2632,107.416,199.09,5.345127e-05,13.8888,115.0
2020-01-01 18:00:00.000039936,28.292,83.34,206.035,5.4869302e-05,14.4032,115.0
2020-01-01 21:00:00.000039936,28.292,116.676,213.443,5.6281307e-05,14.4032,115.0
2020-01-02 00:00:00.000039936,28.292,148.16,219.925,5.768715e-05,13.8888,120.0
2020-01-02 03:00:00.000039936,27.2632,148.16,216.68399,5.9319285e-05,14.4032,125.0
2020-01-02 06:00:00.000039936,25.720001,148.16,212.98,6.14047e-05,16.9752,130.0
2020-01-02 09:00:00.000039936,24.6912,148.16,197.23799,6.416161e-05,19.0328,130.0
