Time,Vmax,Rmax_IBT,R34,fcor,u_trans,v_trans
2011-12-29 12:00:00.000039936,20.576,74.08,87.97,3.280731e-05,7.2016,265.0
2011-12-29 15:00:00.000039936,22.1192,70.376,95.378,3.305528e-05,7.2016,265.0
2011-12-29 18:00:00.000039936,23.148,64.82,101.86,3.305528e-05,7.716,265.0
2011-12-29 21:00:00.000039936,24.6912,64.82,101.86,3.305528e-05,7.716,270.0
2011-12-30 00:00:00.000039936,25.720001,64.82,101.86,3.330315e-05,7.2016,270.0
2011-12-30 03:00:00.000039936,27.2632,64.82,101.86,3.330315e-05,6.6872,270.0
2011-12-30 06:00:00.000039936,28.292,64.82,101.86,3.3550914e-05,6.1728,265.0
2011-12-30 09:00:00.000039936,29.835201,64.82,107.416,3.3798577e-05,5.6584,255.0
2011-12-30 12:00:00.000039936,30.864,64.82,111.119995,3.404614e-05,5.144,255.0
2011-12-30 15:00:00.000039936,32.4072,64.82,120.380005,3.4293596e-05,4.6296,250.0
2011-12-30 18:00:00.000039936,33.436,64.82,129.64,3.454095e-05,4.6296,245.0
2011-12-30 21:00:00.000039936,38.58,55.56,144.456,3.5282377e-05,4.1152,235.0
2011-12-31 00:00:00.000039936,43.724,46.3,157.42,3.6022833e-05,4.1152,225.0
2011-12-31 03:00:00.000039936,45.2672,42.596,174.088,3.67623e-05,4.1152,220.0
2011-12-31 06:00:00.000039936,46.296,37.04,189.83,3.7500762e-05,3.6008,225.0
2011-12-31 09:00:00.000039936,46.296,37.04,189.83,3.7992504e-05,3.6008,235.0
2011-12-31 12:00:00.000039936,46.296,37.04,189.83,3.8238195e-05,3.6008,225.0
2011-12-31 15:00:00.000039936,46.296,37.04,185.20001,3.897458e-05,4.1152,220.0
2011-12-31 18:00:00.000039936,46.296,37.04,180.57,3.9709896e-05,3.6008,210.0
2011-12-31 21:00:00.000039936,46.296,37.04,178.718,4.0688625e-05,3.6008,205.0
2012-01-01 00:00:00.000039936,46.296,37.04,175.94,4.1665367e-05,3.6008,205.0
2012-01-01 03:00:00.000039936,46.296,42.596,177.329,4.239659e-05,4.1152,200.0
2012-01-01 06:00:00.000039936,46.296,46.3,178.255,4.3126656e-05,3.6008,195.0
2012-01-01 09:00:00.000039936,46.296,46.3,182.88501,4.385554e-05,3.6008,190.0
2012-01-01 12:00:00.000039936,46.296,46.3,187.515,4.4825505e-05,4.1152,195.0
2012-01-01 15:00:00.000039936,46.296,46.3,205.109,4.5793287e-05,4.6296,200.0
2012-01-01 18:00:00.000039936,46.296,46.3,222.23999,4.675884e-05,4.1152,215.0
2012-01-01 21:00:00.000039936,45.2672,46.3,222.23999,4.748151e-05,3.6008,230.0
2012-01-02 00:00:00.000039936,43.724,46.3,222.23999,4.796257e-05,3.6008,220.0
2012-01-02 03:00:00.000039936,42.6952,46.3,222.23999,4.868306e-05,3.6008,200.0
2012-01-02 06:00:00.000039936,41.152,46.3,222.23999,4.9641636e-05,3.6008,195.0
2012-01-02 09:00:00.000039936,40.1232,46.3,203.72,5.035898e-05,3.0864,195.0
2012-01-02 12:00:00.000039936,38.58,46.3,185.2,5.1074945e-05,3.0864,195.0
2012-01-02 15:00:00.000039936,36.008,51.856,175.94,5.178951e-05,3.0864,200.0
2012-01-02 18:00:00.000039936,33.436,55.56,166.68,5.22651e-05,2.572,200.0
2012-01-02 21:00:00.000039936,32.4072,55.56,162.976,5.2740055e-05,2.0576,205.0
2012-01-03 00:00:00.000039936,30.864,55.56,157.42,5.2977284e-05,2.0576,210.0
2012-01-03 03:00:00.000039936,29.835201,55.56,166.217,5.321436e-05,1.5432,200.0
2012-01-03 06:00:00.000039936,28.292,55.56,173.625,5.3688025e-05,1.5432,155.0
2012-01-03 09:00:00.000039936,27.2632,55.56,173.625,5.4161024e-05,2.0576,135.0
2012-01-03 12:00:00.000039936,25.720001,55.56,173.625,5.439729e-05,1.0288,90.0
2012-01-03 15:00:00.000039936,24.6912,51.856,131.02899,5.4161024e-05,1.5432,20.0
2012-01-03 18:00:00.000039936,23.148,46.3,87.97,5.3688025e-05,1.0288,35.0
2012-01-03 21:00:00.000039936,20.576,46.3,87.97,5.3688025e-05,1.5432,90.0
