Time,Vmax,Rmax_IBT,R34,fcor,u_trans,v_trans
2008-12-17 12:00:00.000039936,20.576,37.04,50.93,2.707799e-05,1.5432,170.0
2008-12-17 15:00:00.000039936,22.1192,37.04,50.93,2.7328068e-05,1.5432,190.0
2008-12-17 18:00:00.000039936,23.148,37.04,50.93,2.7827968e-05,2.0576,185.0
2008-12-17 21:00:00.000039936,24.6912,37.04,75.006,2.857718e-05,3.0864,180.0
2008-12-18 00:00:00.000039936,25.720001,37.04,97.23,2.9574905e-05,3.6008,180.0
2008-12-18 03:00:00.000039936,25.720001,27.78,97.23,3.0571195e-05,3.6008,190.0
2008-12-18 06:00:00.000039936,28.292,18.52,97.23,3.131743e-05,3.0864,195.0
2008-12-18 09:00:00.000039936,28.292,18.52,97.23,3.1814445e-05,2.0576,205.0
2008-12-18 12:00:00.000039936,28.292,18.52,97.23,3.206281e-05,2.0576,215.0
2008-12-18 15:00:00.000039936,27.2632,37.04,100.007996,3.231108e-05,2.0576,225.0
2008-12-18 18:00:00.000039936,25.720001,55.56,101.86,3.280731e-05,2.572,235.0
2008-12-18 21:00:00.000039936,25.720001,55.56,103.249,3.330315e-05,3.0864,235.0
2008-12-19 00:00:00.000039936,25.720001,55.56,104.175,3.3798577e-05,3.0864,245.0
2008-12-19 03:00:00.000039936,24.6912,55.56,104.175,3.404614e-05,3.0864,250.0
2008-12-19 06:00:00.000039936,23.148,55.56,104.175,3.4293596e-05,2.572,250.0
2008-12-19 09:00:00.000039936,22.1192,55.56,104.175,3.4293596e-05,2.0576,250.0
2008-12-19 12:00:00.000039936,20.576,55.56,104.175,3.454095e-05,3.0864,245.0
2008-12-19 15:00:00.000039936,20.576,64.82,104.175,3.5035337e-05,4.1152,250.0
2008-12-19 18:00:00.000039936,20.576,74.08,104.175,3.5282377e-05,4.1152,255.0
2008-12-19 21:00:00.000039936,20.576,51.856,104.175,3.5282377e-05,3.6008,270.0
2008-12-20 00:00:00.000039936,20.576,27.78,104.175,3.5282377e-05,3.6008,280.0
2008-12-20 03:00:00.000039936,19.5472,27.78,104.175,3.5035337e-05,3.0864,280.0
2008-12-20 06:00:00.000039936,18.004,27.78,104.175,3.47882e-05,2.0576,265.0
2008-12-20 09:00:00.000039936,18.004,27.78,104.175,3.5035337e-05,1.5432,225.0
