Time,Vmax,Rmax_IBT,R34,fcor,u_trans,v_trans
2003-12-07 06:00:00.000040448,20.576,83.34,194.45999,1.9793031e-05,2.572,95.0
2003-12-07 09:00:00.000040448,23.148,79.636,194.45999,1.9793031e-05,2.572,90.0
2003-12-07 12:00:00.000040448,25.720001,74.08,194.45999,1.9793031e-05,2.572,90.0
2003-12-07 15:00:00.000040448,27.2632,70.376,231.5,1.9793031e-05,2.572,90.0
2003-12-07 18:00:00.000040448,28.292,64.82,268.53998,1.9793031e-05,2.572,90.0
2003-12-07 21:00:00.000040448,29.835201,55.56,273.16998,1.9793031e-05,2.572,95.0
2003-12-08 00:00:00.000040448,30.864,46.3,277.8,1.9793031e-05,2.572,105.0
2003-12-08 03:00:00.000040448,32.4072,46.3,277.8,2.0045187e-05,3.0864,120.0
2003-12-08 06:00:00.000040448,33.436,46.3,277.8,2.0549318e-05,3.6008,125.0
2003-12-08 09:00:00.000040448,33.436,46.3,268.54,2.130504e-05,4.1152,130.0
2003-12-08 12:00:00.000040448,33.436,46.3,259.28,2.206018e-05,4.1152,135.0
2003-12-08 15:00:00.000040448,34.979202,46.3,222.24,2.2814716e-05,3.6008,145.0
2003-12-08 18:00:00.000040448,36.008,46.3,185.2,2.3568628e-05,4.1152,160.0
2003-12-08 21:00:00.000040448,37.5512,37.04,185.2,2.4572832e-05,4.6296,175.0
2003-12-09 00:00:00.000040448,38.58,27.78,185.2,2.5826394e-05,5.144,175.0
2003-12-09 03:00:00.000040448,40.1232,27.78,196.775,2.707799e-05,4.6296,175.0
2003-12-09 06:00:00.000040448,41.152,27.78,208.34999,2.807779e-05,4.6296,175.0
2003-12-09 09:00:00.000040448,41.152,27.78,224.55501,2.9325609e-05,4.6296,0.0
2003-12-09 12:00:00.000040448,41.152,27.78,240.76001,3.0322259e-05,4.6296,180.0
2003-12-09 15:00:00.000040448,41.152,27.78,231.5,3.131743e-05,4.1152,185.0
2003-12-09 18:00:00.000040448,41.152,27.78,222.24,3.231108e-05,4.1152,0.0
2003-12-09 21:00:00.000040448,41.152,27.78,222.24,3.330315e-05,4.1152,185.0
2003-12-10 00:00:00.000040448,41.152,27.78,222.24,3.4293596e-05,3.6008,195.0
2003-12-10 03:00:00.000040448,40.1232,27.78,226.87001,3.5035337e-05,3.0864,205.0
2003-12-10 06:00:00.000040448,38.58,27.78,231.5,3.577612e-05,3.0864,215.0
2003-12-10 09:00:00.000040448,37.5512,27.78,222.23999,3.626943e-05,2.572,220.0
2003-12-10 12:00:00.000040448,36.008,27.78,212.98001,3.67623e-05,2.572,235.0
2003-12-10 15:00:00.000040448,34.979202,37.04,212.98001,3.700857e-05,2.572,250.0
2003-12-10 18:00:00.000040448,33.436,46.3,212.98001,3.7254722e-05,3.0864,260.0
2003-12-10 21:00:00.000040448,29.835201,51.856,210.665,3.7254722e-05,3.6008,265.0
2003-12-11 00:00:00.000040448,25.720001,55.56,208.35,3.7254722e-05,3.6008,270.0
2003-12-11 03:00:00.000040448,22.1192,64.82,208.35,3.7254722e-05,4.1152,270.0
2003-12-11 06:00:00.000040448,18.004,74.08,208.35,3.7254722e-05,4.1152,265.0
2003-12-11 09:00:00.000040448,18.004,74.08,208.35,3.7254722e-05,4.1152,265.0
