Time,Vmax,Rmax_IBT,R34,fcor,u_trans,v_trans
2015-12-10 12:00:00.000039936,18.004,83.34,108.80499,3.7254722e-05,3.0864,210.0
2015-12-10 15:00:00.000039936,18.004,79.636,112.972,3.7992504e-05,3.0864,210.0
2015-12-10 18:00:00.000039936,18.004,74.08,115.75,3.872924e-05,3.0864,210.0
2015-12-10 21:00:00.000039936,18.004,74.08,115.75,3.9219805e-05,3.0864,210.0
2015-12-11 00:00:00.000039936,18.004,74.08,115.75,3.995476e-05,3.0864,215.0
2015-12-11 03:00:00.000039936,18.004,74.08,115.75,4.0688625e-05,3.0864,220.0
2015-12-11 06:00:00.000039936,18.004,74.08,115.75,4.142137e-05,3.0864,225.0
2015-12-11 09:00:00.000039936,18.004,74.08,115.75,4.1909232e-05,3.0864,230.0
2015-12-11 12:00:00.000039936,18.004,74.08,115.75,4.239659e-05,3.0864,225.0
2015-12-11 15:00:00.000039936,18.004,74.08,115.75,4.288343e-05,3.0864,215.0
2015-12-11 18:00:00.000039936,18.004,74.08,115.75,4.3369746e-05,3.6008,205.0
2015-12-11 21:00:00.000039936,18.004,74.08,115.75,4.385554e-05,3.6008,190.0
2015-12-12 00:00:00.000039936,18.004,74.08,115.75,4.4825505e-05,4.1152,180.0
