Time,Vmax,Rmax_IBT,R34,fcor,u_trans,v_trans
2009-12-21 18:00:00.000039936,20.576,83.34,87.97,2.9076216e-05,4.1152,120.0
2009-12-21 21:00:00.000039936,22.1192,83.34,87.97,2.9574905e-05,4.1152,110.0
2009-12-22 00:00:00.000039936,23.148,83.34,87.97,2.9824112e-05,4.1152,115.0
2009-12-22 03:00:00.000039936,23.148,79.636,87.97,3.0322259e-05,4.6296,115.0
2009-12-22 06:00:00.000039936,23.148,74.08,87.97,3.0820032e-05,5.6584,120.0
2009-12-22 09:00:00.000039936,23.148,74.08,87.97,3.131743e-05,6.1728,125.0
2009-12-22 12:00:00.000039936,23.148,74.08,87.97,3.206281e-05,5.6584,125.0
2009-12-22 15:00:00.000039936,25.720001,51.856,93.526,3.280731e-05,4.6296,125.0
2009-12-22 18:00:00.000039936,28.292,27.78,97.229996,3.330315e-05,4.1152,120.0
2009-12-22 21:00:00.000039936,28.292,27.78,97.229996,3.3798577e-05,4.1152,110.0
2009-12-23 00:00:00.000039936,28.292,27.78,97.229996,3.4293596e-05,3.0864,115.0
2009-12-23 03:00:00.000039936,28.292,27.78,89.822,3.454095e-05,2.572,130.0
2009-12-23 06:00:00.000039936,28.292,27.78,81.025,3.5035337e-05,2.572,135.0
2009-12-23 09:00:00.000039936,27.2632,27.78,81.025,3.5529305e-05,2.572,135.0
2009-12-23 12:00:00.000039936,25.720001,27.78,81.025,3.6022833e-05,3.0864,130.0
2009-12-23 15:00:00.000039936,25.720001,27.78,81.025,3.651592e-05,3.6008,120.0
2009-12-23 18:00:00.000039936,25.720001,27.78,81.025,3.67623e-05,3.6008,115.0
2009-12-23 21:00:00.000039936,25.720001,27.78,81.025,3.700857e-05,3.0864,105.0
2009-12-24 00:00:00.000039936,25.720001,27.78,81.025,3.700857e-05,2.572,100.0
2009-12-24 03:00:00.000039936,25.720001,33.336,85.192,3.700857e-05,2.572,95.0
2009-12-24 06:00:00.000039936,25.720001,37.04,87.97,3.700857e-05,2.0576,90.0
2009-12-24 09:00:00.000039936,25.720001,42.596,109.268,3.700857e-05,2.0576,85.0
2009-12-24 12:00:00.000039936,25.720001,46.3,129.64001,3.67623e-05,1.5432,70.0
2009-12-24 15:00:00.000039936,24.6912,46.3,126.862,3.67623e-05,1.0288,45.0
2009-12-24 18:00:00.000039936,23.148,46.3,122.69499,3.651592e-05,1.0288,15.0
2009-12-24 21:00:00.000039936,22.1192,46.3,113.435005,3.626943e-05,1.5432,0.0
2009-12-25 00:00:00.000039936,20.576,46.3,104.174995,3.6022833e-05,2.0576,355.0
