Time,Vmax,Rmax_IBT,R34,fcor,u_trans,v_trans
2003-12-19 00:00:00.000040448,20.576,55.56,129.64,2.5074483e-05,1.5432,260.0
2003-12-19 03:00:00.000040448,22.1192,55.56,129.64,2.5074483e-05,1.5432,265.0
2003-12-19 06:00:00.000040448,23.148,55.56,129.64,2.5074483e-05,1.5432,265.0
2003-12-19 09:00:00.000040448,23.148,55.56,129.64,2.5074483e-05,2.0576,250.0
2003-12-19 12:00:00.000040448,23.148,55.56,129.64,2.53252e-05,2.0576,235.0
2003-12-19 15:00:00.000040448,24.6912,55.56,129.64,2.5575835e-05,2.0576,220.0
2003-12-19 18:00:00.000040448,25.720001,55.56,129.64,2.6076874e-05,2.572,205.0
2003-12-19 21:00:00.000040448,28.292,46.3,129.64,2.6577594e-05,2.572,200.0
2003-12-20 00:00:00.000040448,30.864,37.04,129.64,2.7328068e-05,2.572,195.0
2003-12-20 03:00:00.000040448,32.4072,37.04,129.64,2.7827968e-05,2.572,195.0
2003-12-20 06:00:00.000040448,33.436,37.04,129.64,2.857718e-05,2.572,200.0
2003-12-20 09:00:00.000040448,33.436,37.04,129.64,2.9076216e-05,2.572,205.0
2003-12-20 12:00:00.000040448,33.436,37.04,129.64,2.9824112e-05,3.0864,200.0
