Time,Vmax,Rmax_IBT,R34,fcor,u_trans,v_trans
2001-11-27 18:00:00.000040448,23.148,64.82,106.490005,2.206018e-05,2.572,230.0
2001-11-27 21:00:00.000040448,23.148,64.82,106.490005,2.231176e-05,2.572,220.0
2001-11-28 00:00:00.000040448,23.148,64.82,106.490005,2.2814716e-05,2.0576,225.0
2001-11-28 03:00:00.000040448,24.6912,64.82,106.490005,2.306609e-05,2.0576,220.0
2001-11-28 06:00:00.000040448,25.720001,64.82,106.490005,2.3568628e-05,3.0864,195.0
2001-11-28 09:00:00.000040448,27.2632,74.08,115.74999,2.4572832e-05,4.1152,185.0
2001-11-28 12:00:00.000040448,28.292,83.34,125.01,2.5575835e-05,3.6008,185.0
2001-11-28 15:00:00.000040448,28.292,83.34,141.678,2.6327272e-05,3.0864,190.0
2001-11-28 18:00:00.000040448,28.292,83.34,157.42,2.707799e-05,2.572,190.0
2001-11-28 21:00:00.000040448,28.292,83.34,157.42,2.7827968e-05,2.0576,185.0
2001-11-29 00:00:00.000040448,28.292,83.34,157.42,2.857718e-05,3.6008,190.0
2001-11-29 03:00:00.000040448,28.292,83.34,171.31,2.9574905e-05,5.144,190.0
2001-11-29 06:00:00.000040448,28.292,83.34,185.2,3.0820032e-05,6.1728,195.0
2001-11-29 09:00:00.000040448,27.2632,83.34,185.2,3.231108e-05,6.6872,200.0
2001-11-29 12:00:00.000040448,25.720001,83.34,185.2,3.3550914e-05,5.144,210.0
2001-11-29 15:00:00.000040448,24.6912,83.34,185.2,3.4293596e-05,4.6296,235.0
2001-11-29 18:00:00.000040448,23.148,83.34,185.2,3.47882e-05,5.144,245.0
2001-11-29 21:00:00.000040448,22.1192,83.34,182.88501,3.5282377e-05,5.144,250.0
2001-11-30 00:00:00.000040448,20.576,83.34,180.56999,3.577612e-05,5.144,255.0
2001-11-30 03:00:00.000040448,22.1192,61.116,135.659,3.6022833e-05,4.6296,255.0
2001-11-30 06:00:00.000040448,23.148,37.04,90.284996,3.626943e-05,4.6296,260.0
2001-11-30 09:00:00.000040448,23.148,37.04,90.284996,3.651592e-05,4.6296,265.0
2001-11-30 12:00:00.000040448,23.148,37.04,90.284996,3.651592e-05,4.1152,260.0
2001-11-30 15:00:00.000040448,25.720001,37.04,114.824005,3.651592e-05,4.1152,260.0
2001-11-30 18:00:00.000040448,28.292,37.04,138.9,3.67623e-05,4.1152,260.0
2001-11-30 21:00:00.000040448,28.292,37.04,138.9,3.67623e-05,3.6008,260.0
2001-12-01 00:00:00.000040448,28.292,37.04,138.9,3.700857e-05,3.0864,255.0
2001-12-01 03:00:00.000040448,28.292,37.04,138.9,3.7254722e-05,2.0576,250.0
2001-12-01 06:00:00.000040448,28.292,37.04,138.9,3.7500762e-05,1.5432,235.0
2001-12-01 09:00:00.000040448,29.835201,37.04,138.9,3.7746686e-05,1.5432,225.0
2001-12-01 12:00:00.000040448,30.864,37.04,138.9,3.8238195e-05,1.5432,220.0
2001-12-01 15:00:00.000040448,32.4072,37.04,157.42,3.8483773e-05,1.5432,205.0
2001-12-01 18:00:00.000040448,33.436,37.04,175.94,3.897458e-05,1.5432,195.0
2001-12-01 21:00:00.000040448,33.436,37.04,185.20001,3.9219805e-05,1.5432,190.0
2001-12-02 00:00:00.000040448,33.436,37.04,194.46,3.9709896e-05,2.0576,190.0
2001-12-02 03:00:00.000040448,33.436,37.04,194.46,4.0199502e-05,2.0576,180.0
2001-12-02 06:00:00.000040448,33.436,37.04,194.46,4.0688625e-05,2.0576,160.0
2001-12-02 09:00:00.000040448,33.436,37.04,194.46,4.1177245e-05,2.572,145.0
2001-12-02 12:00:00.000040448,33.436,37.04,194.46,4.1665367e-05,2.572,150.0
2001-12-02 15:00:00.000040448,36.008,37.04,212.98,4.2152973e-05,2.572,155.0
2001-12-02 18:00:00.000040448,38.58,37.04,231.5,4.2640077e-05,1.5432,155.0
2001-12-02 21:00:00.000040448,38.58,37.04,236.13,4.288343e-05,1.0288,145.0
2001-12-03 00:00:00.000040448,38.58,37.04,240.76001,4.3126656e-05,1.0288,135.0
2001-12-03 03:00:00.000040448,37.5512,37.04,240.76001,4.3369746e-05,1.5432,130.0
2001-12-03 06:00:00.000040448,36.008,37.04,240.76001,4.3612705e-05,1.5432,130.0
2001-12-03 09:00:00.000040448,34.979202,37.04,240.76001,4.385554e-05,1.5432,130.0
2001-12-03 12:00:00.000040448,33.436,37.04,240.76001,4.385554e-05,1.5432,135.0
2001-12-03 15:00:00.000040448,33.436,37.04,181.033,4.409823e-05,1.0288,145.0
2001-12-03 18:00:00.000040448,33.436,37.04,120.38,4.4340795e-05,1.0288,140.0
2001-12-03 21:00:00.000040448,30.864,42.596,153.253,4.458322e-05,1.0288,145.0
2001-12-04 00:00:00.000040448,28.292,46.3,185.2,4.4825505e-05,0.5144,170.0
2001-12-04 03:00:00.000040448,25.720001,46.3,185.2,4.506766e-05,0.5144,225.0
2001-12-04 06:00:00.000040448,23.148,46.3,185.2,4.506766e-05,1.0288,240.0
2001-12-04 09:00:00.000040448,22.1192,46.3,185.2,4.506766e-05,1.0288,245.0
