Time,Vmax,Rmax_IBT,R34,fcor,u_trans,v_trans
2002-12-23 18:00:00.000040448,20.576,74.08,152.79,2.9574905e-05,5.144,230.0
2002-12-23 21:00:00.000040448,22.1192,70.376,152.79,3.0322259e-05,5.144,230.0
2002-12-24 00:00:00.000040448,23.148,64.82,152.79,3.1068776e-05,5.144,240.0
2002-12-24 03:00:00.000040448,24.6912,61.116,152.79,3.156599e-05,5.144,245.0
2002-12-24 06:00:00.000040448,25.720001,55.56,152.79,3.231108e-05,5.144,235.0
2002-12-24 09:00:00.000040448,27.2632,55.56,152.79,3.305528e-05,4.6296,220.0
2002-12-24 12:00:00.000040448,28.292,55.56,152.79,3.404614e-05,4.6296,225.0
2002-12-24 15:00:00.000040448,30.864,46.3,175.94,3.47882e-05,4.6296,230.0
2002-12-24 18:00:00.000040448,33.436,37.04,199.09,3.5529305e-05,4.1152,230.0
2002-12-24 21:00:00.000040448,33.436,37.04,199.09,3.6022833e-05,3.6008,225.0
2002-12-25 00:00:00.000040448,33.436,37.04,199.09,3.651592e-05,3.0864,220.0
2002-12-25 03:00:00.000040448,34.979202,37.04,203.72,3.700857e-05,3.0864,220.0
2002-12-25 06:00:00.000040448,36.008,37.04,208.35,3.7746686e-05,3.6008,220.0
2002-12-25 09:00:00.000040448,37.5512,37.04,212.98001,3.8483773e-05,4.1152,225.0
2002-12-25 12:00:00.000040448,38.58,37.04,217.61,3.9219805e-05,4.1152,220.0
2002-12-25 15:00:00.000040448,37.5512,42.596,224.555,3.995476e-05,4.6296,220.0
2002-12-25 18:00:00.000040448,36.008,46.3,231.5,4.093299e-05,4.1152,220.0
2002-12-25 21:00:00.000040448,36.008,46.3,231.5,4.1665367e-05,3.6008,220.0
2002-12-26 00:00:00.000040448,36.008,46.3,231.5,4.239659e-05,4.1152,210.0
2002-12-26 03:00:00.000040448,36.008,46.3,231.5,4.3369746e-05,4.1152,200.0
2002-12-26 06:00:00.000040448,36.008,46.3,231.5,4.4340795e-05,4.1152,195.0
2002-12-26 09:00:00.000040448,38.58,46.3,231.5,4.5309676e-05,4.1152,200.0
2002-12-26 12:00:00.000040448,41.152,46.3,231.5,4.6034886e-05,3.6008,200.0
2002-12-26 15:00:00.000040448,43.724,46.3,236.13,4.675884e-05,3.6008,195.0
2002-12-26 18:00:00.000040448,46.296,46.3,240.76,4.7722115e-05,4.1152,190.0
2002-12-26 21:00:00.000040448,46.296,46.3,231.5,4.868306e-05,4.1152,185.0
2002-12-27 00:00:00.000040448,46.296,46.3,222.24,4.9641636e-05,4.1152,180.0
2002-12-27 03:00:00.000040448,46.296,46.3,222.24,5.059779e-05,4.1152,175.0
2002-12-27 06:00:00.000040448,46.296,46.3,222.24,5.155148e-05,4.1152,165.0
2002-12-27 09:00:00.000040448,46.296,46.3,222.24,5.250265e-05,4.6296,160.0
2002-12-27 12:00:00.000040448,46.296,46.3,222.24,5.345127e-05,4.6296,155.0
2002-12-27 15:00:00.000040448,45.2672,42.596,212.98001,5.439729e-05,4.6296,155.0
2002-12-27 18:00:00.000040448,43.724,37.04,203.71999,5.5340646e-05,4.6296,160.0
2002-12-27 21:00:00.000040448,42.6952,37.04,212.97998,5.6281307e-05,4.6296,165.0
2002-12-28 00:00:00.000040448,41.152,37.04,222.24,5.7453286e-05,4.6296,175.0
2002-12-28 03:00:00.000040448,40.1232,46.3,222.24,5.83877e-05,4.6296,175.0
2002-12-28 06:00:00.000040448,38.58,55.56,222.24,5.9551734e-05,4.6296,165.0
2002-12-28 09:00:00.000040448,37.5512,55.56,209.739,6.0711227e-05,5.144,155.0
2002-12-28 12:00:00.000040448,36.008,55.56,196.775,6.1635496e-05,5.6584,145.0
2002-12-28 15:00:00.000040448,32.4072,51.856,181.959,6.255676e-05,5.6584,135.0
