Time,Vmax,Rmax_IBT,R34,fcor,u_trans,v_trans
2022-01-09 12:00:00.000039936,20.576,46.3,83.340004,4.892293e-05,3.6008,140.0
2022-01-09 15:00:00.000039936,22.1192,37.04,83.340004,4.9641636e-05,2.0576,165.0
2022-01-09 18:00:00.000039936,23.148,27.78,83.340004,4.9880902e-05,2.0576,220.0
2022-01-09 21:00:00.000039936,22.1192,33.336,88.896,4.9880902e-05,3.0864,250.0
2022-01-10 00:00:00.000039936,20.576,37.04,92.59999,5.012002e-05,3.6008,240.0
2022-01-10 03:00:00.000039936,24.6912,37.04,165.291,5.059779e-05,4.1152,235.0
2022-01-10 06:00:00.000039936,28.292,37.04,236.13,5.1074945e-05,4.1152,240.0
2022-01-10 09:00:00.000039936,27.2632,37.04,239.834,5.131329e-05,4.1152,255.0
2022-01-10 12:00:00.000039936,25.720001,37.04,243.075,5.155148e-05,4.6296,265.0
2022-01-10 15:00:00.000039936,24.6912,61.116,208.34999,5.155148e-05,4.6296,270.0
2022-01-10 18:00:00.000039936,23.148,83.34,173.62498,5.155148e-05,3.0864,265.0
2022-01-10 21:00:00.000039936,23.148,74.08,174.08801,5.155148e-05,2.0576,245.0
2022-01-11 00:00:00.000039936,23.148,64.82,173.625,5.178951e-05,1.5432,235.0
2022-01-11 03:00:00.000039936,23.148,70.376,174.551,5.178951e-05,1.5432,225.0
2022-01-11 06:00:00.000039936,23.148,74.08,173.625,5.2027382e-05,1.5432,215.0
2022-01-11 09:00:00.000039936,24.6912,74.08,177.79199,5.22651e-05,1.5432,195.0
2022-01-11 12:00:00.000039936,25.720001,74.08,180.57,5.2740055e-05,2.0576,170.0
2022-01-11 15:00:00.000039936,27.2632,64.82,185.663,5.321436e-05,2.572,155.0
2022-01-11 18:00:00.000039936,28.292,55.56,189.82999,5.4161024e-05,4.1152,165.0
2022-01-11 21:00:00.000039936,29.835201,46.3,192.14499,5.5340646e-05,5.6584,170.0
2022-01-12 00:00:00.000039936,30.864,37.04,194.45999,5.6516048e-05,4.6296,170.0
2022-01-12 03:00:00.000039936,29.835201,37.04,195.849,5.721923e-05,3.6008,170.0
2022-01-12 06:00:00.000039936,28.292,37.04,196.775,5.7920843e-05,4.6296,155.0
2022-01-12 09:00:00.000039936,27.2632,74.08,201.86798,5.862087e-05,5.6584,145.0
2022-01-12 12:00:00.000039936,25.720001,111.12,206.035,5.9551734e-05,4.6296,145.0
2022-01-12 15:00:00.000039936,24.6912,120.38,213.90599,6.0479695e-05,3.6008,145.0
2022-01-12 18:00:00.000039936,23.148,129.64,219.92499,6.14047e-05,4.1152,140.0
2022-01-12 21:00:00.000039936,23.148,129.64,242.61198,6.2326726e-05,5.144,135.0
2022-01-13 00:00:00.000039936,23.148,129.64,263.91,6.3016254e-05,4.6296,140.0
2022-01-13 03:00:00.000039936,24.6912,129.64,293.542,6.370404e-05,4.1152,145.0
2022-01-13 06:00:00.000039936,25.720001,129.64,321.785,6.43901e-05,4.1152,150.0
2022-01-13 09:00:00.000039936,25.720001,125.936,324.1,6.507438e-05,3.6008,150.0
2022-01-13 12:00:00.000039936,25.720001,120.38,326.415,6.575688e-05,3.6008,150.0
2022-01-13 15:00:00.000039936,28.292,120.38,339.842,6.666408e-05,3.6008,145.0
2022-01-13 18:00:00.000039936,30.864,120.38,351.88,6.734234e-05,2.572,155.0
2022-01-13 21:00:00.000039936,28.292,135.196,346.32404,6.7793495e-05,2.0576,160.0
2022-01-14 00:00:00.000039936,25.720001,148.16,340.305,6.8243826e-05,2.0576,130.0
2022-01-14 03:00:00.000039936,24.6912,148.16,352.34302,6.8468675e-05,3.0864,110.0
2022-01-14 06:00:00.000039936,23.148,148.16,363.45502,6.8468675e-05,2.572,105.0
2022-01-14 09:00:00.000039936,23.148,148.16,383.364,6.8468675e-05,2.572,105.0
2022-01-14 12:00:00.000039936,23.148,148.16,402.80997,6.869332e-05,3.0864,105.0
2022-01-14 15:00:00.000039936,23.148,148.16,399.56897,6.8917754e-05,3.6008,105.0
