Time,Vmax,Rmax_IBT,R34,fcor,u_trans,v_trans
2006-12-18 06:00:00.000039936,20.576,83.34,74.08,2.7827968e-05,4.1152,260.0
2006-12-18 09:00:00.000039936,20.576,83.34,74.08,2.807779e-05,5.144,265.0
2006-12-18 12:00:00.000039936,20.576,83.34,74.08,2.807779e-05,5.6584,265.0
2006-12-18 15:00:00.000039936,24.6912,61.116,83.34,2.807779e-05,6.1728,270.0
2006-12-18 18:00:00.000039936,28.292,37.04,92.6,2.807779e-05,6.1728,280.0
2006-12-18 21:00:00.000039936,30.864,27.78,115.75,2.7827968e-05,6.1728,285.0
2006-12-19 00:00:00.000039936,33.436,18.52,138.9,2.7328068e-05,5.6584,285.0
2006-12-19 03:00:00.000039936,40.1232,24.076,157.42,2.6827835e-05,4.6296,285.0
2006-12-19 06:00:00.000039936,46.296,27.78,175.94,2.6577594e-05,4.6296,275.0
2006-12-19 09:00:00.000039936,52.9832,24.076,194.46,2.6577594e-05,4.6296,265.0
2006-12-19 12:00:00.000039936,59.156002,18.52,212.98001,2.6827835e-05,5.144,260.0
2006-12-19 15:00:00.000039936,64.3,18.52,217.147,2.6827835e-05,5.6584,265.0
2006-12-19 18:00:00.000039936,69.444,18.52,219.92499,2.707799e-05,6.6872,265.0
2006-12-19 21:00:00.000039936,69.444,18.52,219.92499,2.7328068e-05,6.6872,265.0
2006-12-20 00:00:00.000039936,69.444,18.52,219.92499,2.7328068e-05,6.1728,275.0
2006-12-20 03:00:00.000039936,68.4152,18.52,227.333,2.707799e-05,5.144,280.0
2006-12-20 06:00:00.000039936,66.872,18.52,233.815,2.6827835e-05,5.144,290.0
2006-12-20 09:00:00.000039936,64.3,18.52,239.371,2.6327272e-05,5.144,290.0
2006-12-20 12:00:00.000039936,61.728,18.52,243.075,2.5826394e-05,5.144,290.0
2006-12-20 15:00:00.000039936,60.6992,18.52,235.20401,2.53252e-05,5.144,290.0
2006-12-20 18:00:00.000039936,59.156002,18.52,226.87,2.5074483e-05,5.144,285.0
2006-12-20 21:00:00.000039936,56.584,18.52,219.462,2.4572832e-05,5.144,285.0
2006-12-21 00:00:00.000039936,54.012,18.52,210.665,2.432189e-05,4.6296,285.0
2006-12-21 03:00:00.000039936,56.584,18.52,210.665,2.4070872e-05,3.6008,285.0
2006-12-21 06:00:00.000039936,59.156002,18.52,210.665,2.4070872e-05,3.0864,265.0
2006-12-21 09:00:00.000039936,58.1272,18.52,209.739,2.432189e-05,3.0864,240.0
2006-12-21 12:00:00.000039936,56.584,18.52,208.35,2.4823696e-05,3.0864,230.0
2006-12-21 15:00:00.000039936,55.5552,24.076,205.10901,2.53252e-05,3.0864,225.0
2006-12-21 18:00:00.000039936,54.012,27.78,201.405,2.5826394e-05,2.572,230.0
2006-12-21 21:00:00.000039936,50.4112,24.076,200.479,2.6076874e-05,1.5432,240.0
2006-12-22 00:00:00.000039936,46.296,18.52,199.09,2.6327272e-05,1.5432,230.0
2006-12-22 03:00:00.000039936,42.6952,18.52,199.09,2.6577594e-05,1.5432,220.0
2006-12-22 06:00:00.000039936,38.58,18.52,199.09,2.6827835e-05,1.0288,210.0
2006-12-22 09:00:00.000039936,38.58,18.52,199.09,2.707799e-05,0.5144,195.0
2006-12-22 12:00:00.000039936,38.58,18.52,199.09,2.707799e-05,0.5144,205.0
2006-12-22 15:00:00.000039936,38.58,18.52,199.09,2.707799e-05,1.0288,215.0
2006-12-22 18:00:00.000039936,38.58,18.52,199.09,2.7328068e-05,1.0288,200.0
2006-12-22 21:00:00.000039936,38.58,18.52,199.09,2.7578055e-05,1.0288,190.0
2006-12-23 00:00:00.000039936,38.58,18.52,199.09,2.7827968e-05,2.0576,205.0
2006-12-23 03:00:00.000039936,38.58,24.076,192.608,2.8327528e-05,2.572,215.0
2006-12-23 06:00:00.000039936,38.58,27.78,185.2,2.9076216e-05,2.572,225.0
2006-12-23 09:00:00.000039936,42.6952,27.78,182.885,2.9325609e-05,2.0576,240.0
2006-12-23 12:00:00.000039936,46.296,27.78,180.57,2.9574905e-05,2.0576,255.0
2006-12-23 15:00:00.000039936,48.868,24.076,181.959,2.9574905e-05,2.0576,255.0
2006-12-23 18:00:00.000039936,51.440002,18.52,182.88501,2.9824112e-05,2.0576,230.0
2006-12-23 21:00:00.000039936,55.5552,18.52,181.959,3.0322259e-05,3.0864,210.0
2006-12-24 00:00:00.000039936,59.156002,18.52,180.57,3.1068776e-05,3.0864,220.0
2006-12-24 03:00:00.000039936,58.1272,18.52,167.143,3.156599e-05,3.6008,225.0
2006-12-24 06:00:00.000039936,56.584,18.52,152.79,3.206281e-05,3.6008,225.0
2006-12-24 09:00:00.000039936,56.584,24.076,149.086,3.2559245e-05,3.0864,215.0
2006-12-24 12:00:00.000039936,56.584,27.78,143.53,3.330315e-05,3.0864,210.0
2006-12-24 15:00:00.000039936,54.012,18.52,143.06699,3.3798577e-05,3.0864,210.0
2006-12-24 18:00:00.000039936,51.440002,9.26,141.215,3.454095e-05,3.0864,200.0
2006-12-24 21:00:00.000039936,50.4112,14.816,146.308,3.5282377e-05,3.6008,200.0
2006-12-25 00:00:00.000039936,48.868,18.52,150.475,3.626943e-05,3.6008,205.0
2006-12-25 03:00:00.000039936,45.2672,24.076,139.363,3.700857e-05,3.6008,210.0
2006-12-25 06:00:00.000039936,41.152,27.78,127.325,3.7500762e-05,3.6008,210.0
2006-12-25 09:00:00.000039936,38.58,33.336,118.065,3.7992504e-05,3.6008,210.0
2006-12-25 12:00:00.000039936,36.008,37.04,108.80499,3.872924e-05,4.1152,205.0
2006-12-25 15:00:00.000039936,30.864,42.596,105.101,3.9709896e-05,4.6296,200.0
