Time,Vmax,Rmax_IBT,R34,fcor,u_trans,v_trans
2017-02-13 06:00:00.000039936,20.576,46.3,57.875,5.2977284e-05,0.5144,15.0
2017-02-13 09:00:00.000039936,20.576,37.04,57.875,5.2977284e-05,1.0288,195.0
2017-02-13 12:00:00.000039936,20.576,27.78,57.875,5.321436e-05,1.5432,215.0
2017-02-13 15:00:00.000039936,22.1192,27.78,69.450005,5.345127e-05,1.5432,235.0
2017-02-13 18:00:00.000039936,23.148,27.78,81.025,5.3688025e-05,1.5432,230.0
2017-02-13 21:00:00.000039936,24.6912,33.336,92.6,5.392461e-05,1.5432,215.0
2017-02-14 00:00:00.000039936,25.720001,37.04,104.175,5.4161024e-05,1.5432,220.0
2017-02-14 03:00:00.000039936,27.2632,37.04,124.084,5.439729e-05,1.5432,225.0
2017-02-14 06:00:00.000039936,28.292,37.04,143.53,5.4633376e-05,1.5432,230.0
2017-02-14 09:00:00.000039936,29.835201,37.04,154.179,5.4869302e-05,1.5432,235.0
2017-02-14 12:00:00.000039936,30.864,37.04,164.365,5.510506e-05,2.0576,240.0
2017-02-14 15:00:00.000039936,30.864,37.04,164.365,5.5576067e-05,2.572,240.0
2017-02-14 18:00:00.000039936,30.864,37.04,164.365,5.581132e-05,2.572,245.0
2017-02-14 21:00:00.000039936,32.4072,37.04,165.754,5.6046403e-05,2.572,250.0
2017-02-15 00:00:00.000039936,33.436,37.04,166.68,5.6281307e-05,3.0864,245.0
2017-02-15 03:00:00.000039936,34.979202,37.04,166.68,5.6516048e-05,3.0864,240.0
2017-02-15 06:00:00.000039936,36.008,37.04,166.68,5.698501e-05,4.1152,235.0
2017-02-15 09:00:00.000039936,40.1232,27.78,178.71799,5.768715e-05,4.6296,235.0
2017-02-15 12:00:00.000039936,43.724,18.52,189.83002,5.8154368e-05,5.144,255.0
2017-02-15 15:00:00.000039936,41.152,24.076,189.83002,5.8154368e-05,5.6584,275.0
