Time,Vmax,Rmax_IBT,R34,fcor,u_trans,v_trans
2007-12-05 06:00:00.000039936,25.720001,83.34,101.86,3.131743e-05,4.6296,245.0
2007-12-05 09:00:00.000039936,27.2632,79.636,112.972,3.1814445e-05,4.6296,235.0
2007-12-05 12:00:00.000039936,28.292,74.08,122.69499,3.280731e-05,5.144,215.0
2007-12-05 15:00:00.000039936,28.292,64.82,114.824005,3.404614e-05,6.1728,200.0
2007-12-05 18:00:00.000039936,28.292,55.56,106.490005,3.5282377e-05,5.144,200.0
2007-12-05 21:00:00.000039936,28.292,55.56,106.490005,3.626943e-05,4.1152,195.0
2007-12-06 00:00:00.000039936,28.292,55.56,106.490005,3.7254722e-05,3.6008,0.0
2007-12-06 03:00:00.000039936,30.864,51.856,111.58301,3.7992504e-05,3.0864,165.0
2007-12-06 06:00:00.000039936,33.436,46.3,115.75,3.8483773e-05,2.0576,150.0
2007-12-06 09:00:00.000039936,37.5512,33.336,115.75,3.872924e-05,1.5432,120.0
2007-12-06 12:00:00.000039936,41.152,18.52,115.75,3.872924e-05,2.572,105.0
2007-12-06 15:00:00.000039936,46.296,18.52,131.02899,3.897458e-05,3.0864,100.0
2007-12-06 18:00:00.000039936,51.440002,18.52,145.845,3.897458e-05,4.1152,95.0
2007-12-06 21:00:00.000039936,54.012,18.52,155.10501,3.897458e-05,4.6296,90.0
2007-12-07 00:00:00.000039936,56.584,18.52,164.36499,3.897458e-05,4.1152,90.0
2007-12-07 03:00:00.000039936,56.584,18.52,163.439,3.897458e-05,3.6008,90.0
2007-12-07 06:00:00.000039936,56.584,18.52,162.04999,3.897458e-05,4.6296,90.0
2007-12-07 09:00:00.000039936,56.584,24.076,162.04999,3.897458e-05,5.6584,95.0
2007-12-07 12:00:00.000039936,56.584,27.78,162.04999,3.9219805e-05,5.144,100.0
2007-12-07 15:00:00.000039936,54.012,33.336,156.957,3.9464914e-05,4.6296,110.0
2007-12-07 18:00:00.000039936,51.440002,37.04,150.475,3.995476e-05,4.6296,115.0
2007-12-07 21:00:00.000039936,48.868,42.596,147.69699,4.0444127e-05,4.6296,120.0
2007-12-08 00:00:00.000039936,46.296,46.3,143.53,4.093299e-05,4.1152,125.0
2007-12-08 03:00:00.000039936,42.6952,46.3,159.272,4.1665367e-05,3.6008,140.0
2007-12-08 06:00:00.000039936,38.58,46.3,173.625,4.239659e-05,3.0864,150.0
2007-12-08 09:00:00.000039936,36.008,46.3,145.845,4.288343e-05,3.0864,160.0
2007-12-08 12:00:00.000039936,33.436,46.3,118.064995,4.3369746e-05,2.0576,170.0
2007-12-08 15:00:00.000039936,32.4072,51.856,123.621,4.385554e-05,1.5432,0.0
2007-12-08 18:00:00.000039936,30.864,55.56,127.325,4.4340795e-05,2.0576,190.0
2007-12-08 21:00:00.000039936,28.292,55.56,127.787994,4.4825505e-05,2.572,190.0
