Time,Vmax,Rmax_IBT,R34,fcor,u_trans,v_trans
2020-12-12 18:00:00.000039936,18.004,120.38,143.53,3.6022833e-05,3.6008,175.0
2020-12-12 21:00:00.000039936,19.5472,107.416,141.215,3.700857e-05,4.6296,195.0
2020-12-13 00:00:00.000039936,20.576,92.6,138.9,3.7992504e-05,3.6008,220.0
2020-12-13 03:00:00.000039936,22.1192,92.6,134.733,3.8238195e-05,2.572,255.0
2020-12-13 06:00:00.000039936,23.148,92.6,129.64,3.8483773e-05,2.0576,250.0
2020-12-13 09:00:00.000039936,23.148,70.376,124.084,3.872924e-05,1.5432,215.0
2020-12-13 12:00:00.000039936,23.148,46.3,118.065,3.897458e-05,1.5432,210.0
2020-12-13 15:00:00.000039936,25.720001,51.856,122.231995,3.9219805e-05,2.0576,220.0
2020-12-13 18:00:00.000039936,28.292,55.56,125.01,3.9464914e-05,2.0576,235.0
2020-12-13 21:00:00.000039936,29.835201,55.56,129.177,3.9709896e-05,2.0576,255.0
2020-12-14 00:00:00.000039936,30.864,55.56,131.95499,3.9709896e-05,1.5432,290.0
2020-12-14 03:00:00.000039936,30.864,46.3,141.678,3.9709896e-05,1.5432,340.0
2020-12-14 06:00:00.000039936,30.864,37.04,150.47499,3.9464914e-05,1.0288,355.0
2020-12-14 09:00:00.000039936,32.4072,37.04,150.012,3.9219805e-05,1.0288,10.0
2020-12-14 12:00:00.000039936,33.436,37.04,148.16,3.897458e-05,1.5432,25.0
2020-12-14 15:00:00.000039936,37.5512,37.04,147.69699,3.872924e-05,2.0576,35.0
2020-12-14 18:00:00.000039936,41.152,37.04,145.84499,3.8238195e-05,2.0576,50.0
2020-12-14 21:00:00.000039936,42.6952,29.632,160.198,3.7992504e-05,2.0576,65.0
2020-12-15 00:00:00.000039936,43.724,22.223999,173.625,3.7746686e-05,2.0576,75.0
2020-12-15 03:00:00.000039936,50.4112,22.223999,181.033,3.7500762e-05,1.5432,80.0
2020-12-15 06:00:00.000039936,56.584,22.223999,187.515,3.7500762e-05,1.5432,80.0
2020-12-15 09:00:00.000039936,59.156002,22.223999,190.293,3.7500762e-05,1.5432,70.0
2020-12-15 12:00:00.000039936,61.728,22.223999,192.145,3.7254722e-05,2.0576,75.0
2020-12-15 15:00:00.000039936,65.8432,25.928,194.46,3.700857e-05,2.572,80.0
2020-12-15 18:00:00.000039936,69.444,27.78,196.77501,3.700857e-05,3.0864,75.0
2020-12-15 21:00:00.000039936,70.9872,33.336,208.813,3.700857e-05,3.0864,80.0
2020-12-16 00:00:00.000039936,72.016,37.04,219.92499,3.700857e-05,3.0864,100.0
2020-12-16 03:00:00.000039936,70.9872,33.336,226.407,3.7254722e-05,3.6008,115.0
2020-12-16 06:00:00.000039936,69.444,27.78,231.5,3.7746686e-05,3.6008,115.0
2020-12-16 09:00:00.000039936,70.9872,27.78,232.889,3.7992504e-05,3.6008,110.0
2020-12-16 12:00:00.000039936,72.016,27.78,233.815,3.8238195e-05,4.6296,110.0
2020-12-16 15:00:00.000039936,70.9872,27.78,231.5,3.872924e-05,6.1728,110.0
2020-12-16 18:00:00.000039936,69.444,27.78,229.185,3.9219805e-05,5.6584,110.0
2020-12-16 21:00:00.000039936,66.872,25.928,230.574,3.9709896e-05,5.6584,115.0
2020-12-17 00:00:00.000039936,64.3,22.223999,231.5,4.0199502e-05,5.6584,115.0
2020-12-17 03:00:00.000039936,61.728,16.668,234.278,4.0688625e-05,5.6584,120.0
2020-12-17 06:00:00.000039936,59.156002,9.26,236.13,4.142137e-05,5.6584,115.0
