Time,Vmax,Rmax_IBT,R34,fcor,u_trans,v_trans
2013-12-28 18:00:00.000039936,23.148,92.6,175.94,4.093299e-05,4.1152,215.0
2013-12-28 20:22:00.000055296,25.2056,92.6,185.2,4.142137e-05,3.6008,215.0
2013-12-28 21:00:00.000039936,25.720001,92.6,187.515,4.142137e-05,3.6008,220.0
2013-12-28 21:23:00.000038912,26.2344,92.6,188.904,4.142137e-05,2.0576,220.0
2013-12-29 00:00:00.000039936,28.292,92.6,199.09,4.1909232e-05,3.0864,215.0
2013-12-29 03:00:00.000039936,29.835201,92.6,199.09,4.239659e-05,4.1152,215.0
2013-12-29 04:22:00.000028672,30.3496,92.6,199.09,4.288343e-05,3.0864,215.0
2013-12-29 06:00:00.000039936,30.864,92.6,199.09,4.3126656e-05,3.0864,210.0
2013-12-29 07:00:00.000066560,31.3784,88.895996,203.257,4.3369746e-05,3.0864,210.0
2013-12-29 08:57:00.000051200,31.8928,83.34,212.98,4.385554e-05,3.0864,220.0
2013-12-29 09:00:00.000039936,32.4072,83.34,212.98,4.385554e-05,5.144,210.0
2013-12-29 09:58:00.000033792,32.4072,79.636,217.147,4.409823e-05,3.6008,210.0
2013-12-29 12:00:00.000039936,33.436,74.08,226.87,4.458322e-05,2.572,205.0
2013-12-29 15:00:00.000039936,33.436,64.82,226.87,4.5309676e-05,3.6008,200.0
2013-12-29 18:00:00.000039936,33.436,55.56,226.87,4.6034886e-05,3.6008,205.0
2013-12-29 21:00:00.000039936,37.5512,55.56,226.87,4.651767e-05,3.0864,230.0
2013-12-29 22:05:00.000049152,38.58,55.56,226.87,4.675884e-05,3.6008,235.0
2013-12-30 00:00:00.000039936,41.152,55.56,226.87,4.6999867e-05,3.0864,220.0
2013-12-30 03:00:00.000039936,42.6952,55.56,226.87,4.7722115e-05,4.1152,210.0
2013-12-30 06:00:00.000039936,43.724,55.56,226.87,4.868306e-05,4.6296,205.0
2013-12-30 09:00:00.000039936,47.8392,44.447998,226.87,4.9641636e-05,5.144,210.0
2013-12-30 12:00:00.000039936,51.440002,31.484,226.87,5.083645e-05,5.144,215.0
2013-12-30 15:00:00.000039936,47.8392,29.632,226.87,5.155148e-05,4.6296,220.0
