Time,Vmax,Rmax_IBT,R34,fcor,u_trans,v_trans
2015-01-11 12:00:00.000039936,28.292,55.56,74.08,4.2152973e-05,2.572,170.0
2015-01-11 15:00:00.000039936,30.864,44.447998,104.638,4.2640077e-05,2.0576,165.0
2015-01-11 18:00:00.000039936,33.436,31.484,134.27,4.3126656e-05,1.5432,160.0
2015-01-11 21:00:00.000039936,38.58,35.188,134.27,4.3126656e-05,1.0288,120.0
2015-01-12 00:00:00.000039936,43.724,37.04,134.27,4.3126656e-05,2.0576,85.0
2015-01-12 03:00:00.000039936,47.8392,33.336,152.79,4.3126656e-05,3.6008,80.0
2015-01-12 06:00:00.000039936,51.440002,27.78,171.31001,4.3126656e-05,4.1152,95.0
2015-01-12 09:00:00.000039936,51.440002,27.78,171.31001,4.3369746e-05,4.1152,115.0
2015-01-12 12:00:00.000039936,59.156002,18.52,254.65,4.385554e-05,3.0864,120.0
2015-01-12 15:00:00.000039936,63.271202,20.372,257.428,4.409823e-05,1.5432,115.0
2015-01-12 18:00:00.000039936,66.872,22.223999,259.28,4.409823e-05,1.5432,85.0
2015-01-12 21:00:00.000039936,69.444,22.223999,259.28,4.409823e-05,2.0576,75.0
2015-01-13 00:00:00.000039936,72.016,22.223999,259.28,4.385554e-05,2.0576,65.0
2015-01-13 03:00:00.000039936,69.444,22.223999,230.11101,4.3612705e-05,2.0576,60.0
2015-01-13 06:00:00.000039936,66.872,22.223999,199.09001,4.3369746e-05,1.5432,60.0
2015-01-13 09:00:00.000039936,64.3,20.372,194.923,4.3126656e-05,1.5432,65.0
2015-01-13 12:00:00.000039936,61.728,18.52,189.83002,4.3126656e-05,1.0288,85.0
2015-01-13 15:00:00.000039936,59.156002,18.52,189.83002,4.3126656e-05,1.0288,100.0
2015-01-13 18:00:00.000039936,56.584,18.52,189.83002,4.3126656e-05,1.0288,100.0
2015-01-13 21:00:00.000039936,55.5552,18.52,189.83002,4.3126656e-05,1.0288,90.0
2015-01-14 00:00:00.000039936,54.012,18.52,189.83002,4.3126656e-05,1.5432,80.0
2015-01-14 03:00:00.000039936,50.4112,18.52,191.68199,4.3126656e-05,1.5432,80.0
2015-01-14 06:00:00.000039936,46.296,18.52,192.145,4.3126656e-05,2.0576,90.0
2015-01-14 09:00:00.000039936,46.296,18.52,185.66301,4.3126656e-05,2.0576,105.0
2015-01-14 12:00:00.000039936,46.296,18.52,178.25499,4.3369746e-05,2.572,110.0
2015-01-14 15:00:00.000039936,46.296,20.372,186.58899,4.3612705e-05,3.0864,110.0
2015-01-14 18:00:00.000039936,46.296,22.223999,194.45999,4.385554e-05,2.572,110.0
2015-01-14 21:00:00.000039936,50.4112,29.632,212.98001,4.409823e-05,2.572,115.0
2015-01-15 00:00:00.000039936,54.012,37.04,231.5,4.4340795e-05,2.572,115.0
2015-01-15 03:00:00.000039936,56.584,42.596,231.5,4.458322e-05,3.0864,110.0
2015-01-15 06:00:00.000039936,59.156002,46.3,231.5,4.4825505e-05,3.6008,100.0
2015-01-15 09:00:00.000039936,59.156002,46.3,231.5,4.4825505e-05,4.6296,95.0
2015-01-15 12:00:00.000039936,59.156002,46.3,231.5,4.506766e-05,5.6584,95.0
2015-01-15 15:00:00.000039936,59.156002,42.596,240.76001,4.5309676e-05,6.1728,105.0
2015-01-15 18:00:00.000039936,59.156002,37.04,250.01999,4.5793287e-05,6.6872,115.0
2015-01-15 21:00:00.000039936,60.6992,33.336,250.01999,4.651767e-05,7.716,125.0
2015-01-16 00:00:00.000039936,61.728,27.78,250.01999,4.7722115e-05,8.2304,130.0
2015-01-16 03:00:00.000039936,64.3,33.336,268.53998,4.892293e-05,8.744801,130.0
2015-01-16 06:00:00.000039936,66.872,37.04,287.06,5.035898e-05,8.2304,145.0
2015-01-16 09:00:00.000039936,65.8432,37.04,287.06,5.2027382e-05,8.2304,150.0
2015-01-16 12:00:00.000039936,64.3,37.04,287.06,5.3688025e-05,7.2016,150.0
2015-01-16 15:00:00.000039936,61.728,44.447998,287.06,5.4869302e-05,6.1728,145.0
2015-01-16 18:00:00.000039936,59.156002,50.004,287.06,5.581132e-05,5.144,140.0
2015-01-16 21:00:00.000039936,58.1272,46.3,287.06,5.6750614e-05,5.144,135.0
2015-01-17 00:00:00.000039936,56.584,40.744,287.06,5.768715e-05,5.144,130.0
2015-01-17 03:00:00.000039936,52.9832,46.3,311.599,5.83877e-05,5.6584,125.0
2015-01-17 06:00:00.000039936,48.868,50.004,335.675,5.9086666e-05,5.6584,115.0
2015-01-17 09:00:00.000039936,48.868,40.744,331.04498,5.9551734e-05,5.6584,110.0
2015-01-17 12:00:00.000039936,48.868,31.484,326.415,6.0016075e-05,6.6872,105.0
2015-01-17 15:00:00.000039936,43.724,31.484,316.229,6.0479695e-05,8.2304,105.0
2015-01-17 18:00:00.000039936,38.58,31.484,305.58,6.0942573e-05,8.744801,95.0
2015-01-17 21:00:00.000039936,34.979202,31.484,305.58,6.0942573e-05,9.7736,95.0
2015-01-18 00:00:00.000039936,30.864,31.484,305.58,6.1173734e-05,10.802401,100.0
2015-01-18 03:00:00.000039936,29.835201,31.484,272.244,6.186609e-05,11.8312,100.0
2015-01-18 06:00:00.000039936,28.292,31.484,238.44499,6.255676e-05,14.4032,100.0
2015-01-18 09:00:00.000039936,27.2632,31.484,214.36899,6.3016254e-05,17.489601,100.0
