Time,Vmax,Rmax_IBT,R34,fcor,u_trans,v_trans
2019-12-29 06:00:00.000039936,18.004,138.9,189.83,4.6034886e-05,6.1728,200.0
2019-12-29 09:00:00.000039936,19.5472,120.38,173.625,4.7240763e-05,5.6584,195.0
2019-12-29 12:00:00.000039936,20.576,101.86,157.42,4.844305e-05,5.6584,210.0
2019-12-29 15:00:00.000039936,20.576,88.895996,147.69699,4.9641636e-05,5.6584,220.0
2019-12-29 18:00:00.000039936,20.576,74.08,136.585,5.035898e-05,4.1152,225.0
2019-12-29 21:00:00.000039936,22.1192,70.376,123.158005,5.083645e-05,2.0576,230.0
2019-12-30 00:00:00.000039936,23.148,64.82,108.80499,5.1074945e-05,2.0576,255.0
2019-12-30 03:00:00.000039936,24.6912,64.82,98.156,5.1074945e-05,2.572,265.0
2019-12-30 06:00:00.000039936,25.720001,64.82,85.655,5.1074945e-05,1.5432,245.0
2019-12-30 09:00:00.000039936,27.2632,46.3,102.323,5.131329e-05,1.5432,200.0
2019-12-30 12:00:00.000039936,28.292,27.78,118.065,5.155148e-05,1.0288,200.0
2019-12-30 15:00:00.000039936,28.292,27.78,125.009995,5.178951e-05,1.0288,225.0
2019-12-30 18:00:00.000039936,28.292,27.78,131.955,5.2027382e-05,1.5432,235.0
2019-12-30 21:00:00.000039936,30.864,27.78,136.585,5.22651e-05,1.5432,200.0
2019-12-31 00:00:00.000039936,33.436,27.78,143.53,5.2740055e-05,2.0576,160.0
2019-12-31 03:00:00.000039936,34.979202,24.076,144.91899,5.345127e-05,3.6008,155.0
2019-12-31 06:00:00.000039936,36.008,18.52,145.845,5.4161024e-05,4.1152,160.0
2019-12-31 09:00:00.000039936,37.5512,24.076,155.56801,5.510506e-05,5.144,160.0
2019-12-31 12:00:00.000039936,38.58,27.78,164.36499,5.6281307e-05,6.1728,155.0
2019-12-31 15:00:00.000039936,38.58,25.928,169.458,5.7453286e-05,6.6872,155.0
2019-12-31 18:00:00.000039936,38.58,22.223999,173.625,5.8853857e-05,7.716,155.0
2019-12-31 21:00:00.000039936,38.58,22.223999,192.608,6.0479695e-05,8.2304,155.0
2020-01-01 00:00:00.000039936,38.58,22.223999,210.665,6.2326726e-05,8.744801,160.0
2020-01-01 03:00:00.000039936,37.5512,22.223999,217.147,6.416161e-05,8.744801,165.0
2020-01-01 06:00:00.000039936,36.008,22.223999,222.24,6.5983986e-05,9.7736,165.0
2020-01-01 09:00:00.000039936,33.436,48.152,240.297,6.801876e-05,10.288,165.0
2020-01-01 12:00:00.000039936,30.864,74.08,256.965,7.003676e-05,9.7736,165.0
2020-01-01 15:00:00.000039936,29.835201,74.08,303.728,7.2037474e-05,9.7736,160.0
2020-01-01 18:00:00.000039936,28.292,74.08,349.56497,7.423962e-05,10.288,160.0
2020-01-01 21:00:00.000039936,28.292,92.6,343.08298,7.641916e-05,10.802401,160.0
2020-01-02 00:00:00.000039936,28.292,111.12,335.675,7.85754e-05,10.802401,155.0
2020-01-02 03:00:00.000039936,28.292,111.12,331.04498,8.070772e-05,10.802401,155.0
2020-01-02 06:00:00.000039936,28.292,111.12,326.41498,8.2815466e-05,10.802401,145.0
2020-01-02 09:00:00.000039936,27.2632,111.12,339.842,8.489798e-05,11.3168,140.0
2020-01-02 12:00:00.000039936,25.720001,111.12,351.88,8.6545406e-05,11.8312,130.0
2020-01-02 15:00:00.000039936,24.6912,144.456,363.455,8.776991e-05,12.3456,125.0
2020-01-02 18:00:00.000039936,23.148,175.94,375.02997,8.898478e-05,12.3456,125.0
2020-01-02 21:00:00.000039936,22.1192,190.756,390.772,9.0189926e-05,12.3456,120.0
2020-01-03 00:00:00.000039936,20.576,203.72,405.125,9.138516e-05,13.8888,120.0
2020-01-03 03:00:00.000039936,20.576,203.72,420.86697,9.2766924e-05,15.432,120.0
2020-01-03 06:00:00.000039936,20.576,203.72,435.22,9.413484e-05,15.432,110.0
2020-01-03 09:00:00.000039936,20.576,203.72,435.22,9.491022e-05,15.432,100.0
2020-01-03 12:00:00.000039936,20.576,203.72,435.22,9.529617e-05,16.9752,100.0
2020-01-03 15:00:00.000039936,20.576,203.72,435.22,9.587293e-05,17.489601,100.0
