Time,Vmax,Rmax_IBT,R34,fcor,u_trans,v_trans
2013-12-29 18:00:00.000039936,23.148,83.34,83.34,2.6577594e-05,1.5432,135.0
2013-12-29 21:00:00.000039936,24.6912,79.636,87.506996,2.6827835e-05,1.5432,140.0
2013-12-30 00:00:00.000039936,25.720001,74.08,90.284996,2.707799e-05,2.0576,155.0
2013-12-30 03:00:00.000039936,28.292,61.116,90.284996,2.7578055e-05,2.572,165.0
2013-12-30 06:00:00.000039936,30.864,46.3,90.284996,2.8327528e-05,3.0864,175.0
2013-12-30 09:00:00.000039936,36.008,33.336,115.75,2.9076216e-05,3.0864,185.0
2013-12-30 12:00:00.000039936,41.152,18.52,141.215,2.9824112e-05,2.572,195.0
2013-12-30 15:00:00.000039936,43.724,18.52,144.91899,3.0571195e-05,2.0576,195.0
2013-12-30 18:00:00.000039936,46.296,18.52,148.16,3.1068776e-05,2.0576,165.0
2013-12-30 21:00:00.000039936,48.868,18.52,169.458,3.156599e-05,2.572,145.0
2013-12-31 00:00:00.000039936,51.440002,18.52,189.83,3.206281e-05,3.0864,150.0
2013-12-31 03:00:00.000039936,52.9832,18.52,189.83,3.280731e-05,3.6008,160.0
2013-12-31 06:00:00.000039936,54.012,18.52,189.83,3.3550914e-05,4.1152,165.0
2013-12-31 09:00:00.000039936,51.440002,18.52,189.83,3.454095e-05,4.6296,170.0
2013-12-31 12:00:00.000039936,48.868,18.52,189.83,3.577612e-05,4.6296,175.0
2013-12-31 15:00:00.000039936,48.868,27.78,189.83,3.700857e-05,5.144,180.0
2013-12-31 18:00:00.000039936,48.868,37.04,189.83,3.8238195e-05,5.144,185.0
2013-12-31 21:00:00.000039936,48.868,37.04,189.83,3.9464914e-05,5.144,185.0
2014-01-01 00:00:00.000039936,48.868,37.04,189.83,4.0688625e-05,5.144,185.0
2014-01-01 03:00:00.000039936,48.868,29.632,189.83,4.1909232e-05,5.144,185.0
2014-01-01 06:00:00.000039936,48.868,22.223999,189.83,4.3126656e-05,5.144,185.0
2014-01-01 09:00:00.000039936,50.4112,20.372,189.83,4.4340795e-05,5.6584,0.0
2014-01-01 12:00:00.000039936,51.440002,18.52,189.83,4.5551555e-05,5.144,170.0
2014-01-01 15:00:00.000039936,55.5552,18.52,189.83,4.651767e-05,4.6296,155.0
2014-01-01 18:00:00.000039936,59.156002,18.52,189.83,4.748151e-05,4.1152,160.0
2014-01-01 21:00:00.000039936,56.584,24.076,189.83,4.844305e-05,4.1152,165.0
2014-01-02 00:00:00.000039936,54.012,27.78,189.83,4.9402213e-05,4.1152,155.0
2014-01-02 03:00:00.000039936,54.012,27.78,198.164,5.035898e-05,4.6296,150.0
2014-01-02 06:00:00.000039936,54.012,27.78,206.035,5.1074945e-05,4.6296,150.0
2014-01-02 09:00:00.000039936,54.012,24.076,206.035,5.2027382e-05,4.6296,155.0
2014-01-02 12:00:00.000039936,54.012,18.52,206.035,5.2977284e-05,4.1152,150.0
2014-01-02 15:00:00.000039936,54.012,18.52,206.035,5.3688025e-05,3.0864,145.0
2014-01-02 18:00:00.000039936,54.012,18.52,206.035,5.439729e-05,3.0864,140.0
2014-01-02 21:00:00.000039936,48.868,24.076,206.035,5.510506e-05,3.6008,145.0
2014-01-03 00:00:00.000039936,43.724,27.78,206.035,5.581132e-05,3.6008,150.0
2014-01-03 03:00:00.000039936,42.6952,27.78,196.77501,5.6281307e-05,3.0864,160.0
2014-01-03 06:00:00.000039936,41.152,27.78,187.515,5.698501e-05,3.0864,185.0
2014-01-03 09:00:00.000039936,38.58,27.78,187.515,5.768715e-05,3.6008,210.0
2014-01-03 12:00:00.000039936,36.008,27.78,187.515,5.83877e-05,3.0864,210.0
2014-01-03 15:00:00.000039936,33.436,27.78,187.515,5.9086666e-05,2.572,205.0
2014-01-03 18:00:00.000039936,30.864,27.78,187.515,5.9551734e-05,2.572,215.0
2014-01-03 21:00:00.000039936,27.2632,27.78,187.515,5.9784e-05,2.572,220.0
2014-01-04 00:00:00.000039936,23.148,27.78,187.515,6.0247978e-05,4.1152,225.0
2014-01-04 03:00:00.000039936,22.1192,42.596,178.25499,6.0942573e-05,5.144,225.0
2014-01-04 06:00:00.000039936,20.576,55.56,168.995,6.186609e-05,5.144,225.0
2014-01-04 09:00:00.000039936,22.1192,64.82,159.735,6.255676e-05,5.144,230.0
2014-01-04 12:00:00.000039936,23.148,74.08,150.47499,6.3474974e-05,5.6584,235.0
2014-01-04 15:00:00.000039936,22.1192,74.08,150.47499,6.416161e-05,6.6872,240.0
2014-01-04 18:00:00.000039936,20.576,74.08,150.47499,6.507438e-05,8.2304,240.0
2014-01-04 21:00:00.000039936,20.576,83.34,150.47499,6.5983986e-05,9.2592,235.0
2014-01-05 00:00:00.000039936,20.576,92.6,150.47499,6.734234e-05,9.2592,225.0
2014-01-05 03:00:00.000039936,20.576,98.156,150.47499,6.869332e-05,9.7736,220.0
