Time,Vmax,Rmax_IBT,R34,fcor,u_trans,v_trans
2011-01-12 12:00:00.000039936,20.576,74.08,92.6,3.8483773e-05,2.0576,165.0
2011-01-12 13:19:00.000038912,20.576,74.08,93.526,3.872924e-05,2.572,190.0
2011-01-12 15:00:00.000039936,20.576,74.08,95.378,3.897458e-05,2.0576,195.0
2011-01-12 17:27:00.000037888,20.576,74.08,97.229996,3.9464914e-05,1.5432,190.0
2011-01-12 18:00:00.000039936,20.576,74.08,97.229996,3.9464914e-05,1.5432,120.0
2011-01-12 21:00:00.000039936,22.1192,74.08,97.229996,3.9709896e-05,1.0288,115.0
2011-01-12 21:50:00.000062464,22.1192,74.08,97.229996,3.9709896e-05,1.0288,110.0
2011-01-12 23:03:00.000043008,22.6336,74.08,97.229996,3.995476e-05,1.5432,110.0
2011-01-13 00:00:00.000039936,23.148,74.08,97.229996,3.995476e-05,1.5432,110.0
2011-01-13 00:31:00.000050176,23.148,74.08,97.229996,3.995476e-05,4.1152,100.0
2011-01-13 03:00:00.000039936,23.148,74.08,93.526,4.0199502e-05,6.1728,95.0
2011-01-13 06:00:00.000039936,23.148,74.08,87.97,4.0444127e-05,6.6872,90.0
2011-01-13 09:00:00.000039936,23.148,74.08,82.877,4.0199502e-05,6.1728,85.0
2011-01-13 10:25:00.000058368,23.148,74.08,79.173004,3.995476e-05,5.6584,80.0
2011-01-13 12:00:00.000039936,23.148,74.08,76.395004,3.995476e-05,5.144,80.0
2011-01-13 13:07:00.000041984,23.148,74.08,76.395004,3.995476e-05,5.144,100.0
2011-01-13 15:00:00.000039936,23.148,74.08,76.395004,4.0199502e-05,6.1728,105.0
2011-01-13 16:32:00.000032768,23.148,74.08,76.395004,4.0199502e-05,6.6872,105.0
2011-01-13 18:00:00.000039936,23.148,74.08,76.395004,4.0444127e-05,6.6872,105.0
2011-01-13 18:05:00.000062464,23.148,74.08,76.395004,4.0444127e-05,5.144,105.0
2011-01-13 21:00:00.000039936,23.148,74.08,76.395004,4.0688625e-05,4.6296,100.0
2011-01-13 22:50:00.000049152,23.148,74.08,76.395004,4.0688625e-05,4.1152,95.0
2011-01-14 00:00:00.000039936,23.148,74.08,76.395004,4.0688625e-05,4.6296,90.0
2011-01-14 00:19:00.000053248,23.148,74.08,76.395004,4.0688625e-05,5.144,90.0
2011-01-14 03:00:00.000039936,22.1192,74.08,76.395004,4.0688625e-05,5.6584,90.0
2011-01-14 06:00:00.000039936,20.576,74.08,76.395004,4.0688625e-05,5.6584,90.0
2011-01-14 06:18:00.000056320,20.576,74.08,76.395004,4.0688625e-05,5.6584,90.0
2011-01-14 07:25:00.000058368,20.0616,74.08,76.395004,4.0688625e-05,5.144,90.0
2011-01-14 09:00:00.000039936,19.5472,74.08,76.395004,4.0688625e-05,3.6008,80.0
2011-01-14 10:12:00.000064512,18.5184,74.08,76.395004,4.0688625e-05,2.572,70.0
2011-01-14 12:00:00.000039936,18.004,74.08,76.395004,4.0688625e-05,2.0576,60.0
2011-01-14 15:00:00.000039936,18.004,74.08,76.395004,4.0444127e-05,2.0576,55.0
2011-01-14 15:37:00.000028672,18.004,74.08,76.395004,4.0444127e-05,1.0288,25.0
2011-01-14 18:00:00.000039936,18.004,74.08,76.395004,4.0199502e-05,1.0288,35.0
2011-01-14 21:00:00.000039936,18.004,74.08,76.395004,3.995476e-05,1.0288,20.0
2011-01-14 22:38:00.000052224,18.004,74.08,76.395004,3.9709896e-05,2.572,300.0
2011-01-15 00:00:00.000039936,18.004,74.08,76.395004,3.9709896e-05,3.6008,295.0
2011-01-15 00:07:00.000055296,18.004,74.08,76.395004,3.9709896e-05,2.0576,295.0
2011-01-15 03:00:00.000039936,18.004,74.08,76.395004,3.9464914e-05,1.5432,280.0
2011-01-15 05:30:00.000066560,18.004,74.08,76.395004,3.9464914e-05,1.0288,250.0
2011-01-15 06:00:00.000039936,18.004,74.08,76.395004,3.9464914e-05,1.0288,240.0
2011-01-15 09:00:00.000039936,18.004,74.08,76.395004,3.9464914e-05,1.0288,240.0
