Time,Vmax,Rmax_IBT,R34,fcor,u_trans,v_trans
2009-01-10 12:00:00.000039936,23.148,83.34,30.095001,4.675884e-05,4.6296,160.0
2009-01-10 15:00:00.000039936,23.148,74.08,58.337997,4.7722115e-05,5.144,160.0
2009-01-10 18:00:00.000039936,23.148,64.82,85.655,4.868306e-05,5.6584,160.0
2009-01-10 21:00:00.000039936,25.720001,46.3,92.137,4.9880902e-05,5.6584,160.0
2009-01-11 00:00:00.000039936,28.292,27.78,97.23,5.131329e-05,6.1728,160.0
2009-01-11 03:00:00.000039936,28.292,42.596,134.733,5.2740055e-05,6.6872,155.0
2009-01-11 06:00:00.000039936,28.292,55.56,171.31,5.4161024e-05,6.6872,155.0
2009-01-11 09:00:00.000039936,28.292,64.82,171.31,5.5576067e-05,7.2016,155.0
2009-01-11 12:00:00.000039936,28.292,74.08,171.31,5.698501e-05,7.716,160.0
2009-01-11 15:00:00.000039936,28.292,70.376,154.179,5.83877e-05,8.744801,165.0
2009-01-11 18:00:00.000039936,28.292,64.82,136.585,6.0247978e-05,10.288,170.0
2009-01-11 21:00:00.000039936,24.6912,64.82,136.585,6.3016254e-05,10.802401,180.0
2009-01-12 00:00:00.000039936,20.576,64.82,136.585,6.575688e-05,9.2592,185.0
2009-01-12 03:00:00.000039936,19.5472,74.08,136.585,6.756802e-05,6.6872,190.0
