Time,Vmax,Rmax_IBT,R34,fcor,u_trans,v_trans
2018-12-15 18:00:00.000039936,18.004,74.08,212.98001,2.231176e-05,1.5432,220.0
2018-12-15 21:00:00.000039936,19.5472,74.08,217.147,2.2563274e-05,2.0576,195.0
2018-12-16 00:00:00.000039936,20.576,74.08,219.92502,2.306609e-05,3.0864,200.0
2018-12-16 03:00:00.000039936,22.1192,74.08,269.92902,2.3568628e-05,3.6008,210.0
2018-12-16 06:00:00.000039936,23.148,74.08,319.47,2.432189e-05,4.6296,225.0
2018-12-16 09:00:00.000039936,24.6912,74.08,280.115,2.5575835e-05,5.144,235.0
2018-12-16 12:00:00.000039936,25.720001,74.08,240.76001,2.6577594e-05,5.144,235.0
2018-12-16 15:00:00.000039936,25.720001,74.08,209.73901,2.7328068e-05,5.144,235.0
2018-12-16 18:00:00.000039936,25.720001,74.08,178.25499,2.7827968e-05,5.6584,230.0
2018-12-16 21:00:00.000039936,25.720001,74.08,149.549,2.882674e-05,6.1728,225.0
2018-12-17 00:00:00.000039936,25.720001,74.08,120.380005,2.9824112e-05,5.6584,230.0
2018-12-17 03:00:00.000039936,25.720001,64.82,173.16202,3.0571195e-05,5.144,240.0
2018-12-17 06:00:00.000039936,25.720001,55.56,224.555,3.1068776e-05,4.6296,245.0
2018-12-17 09:00:00.000039936,27.2632,55.56,207.88701,3.131743e-05,4.6296,250.0
2018-12-17 12:00:00.000039936,28.292,55.56,189.83,3.1814445e-05,5.144,245.0
2018-12-17 15:00:00.000039936,29.835201,46.3,192.145,3.231108e-05,5.144,240.0
2018-12-17 18:00:00.000039936,30.864,37.04,194.46,3.305528e-05,5.144,240.0
2018-12-17 21:00:00.000039936,32.4072,37.04,200.016,3.3550914e-05,4.6296,235.0
2018-12-18 00:00:00.000039936,33.436,37.04,203.72,3.4293596e-05,4.6296,230.0
2018-12-18 03:00:00.000039936,36.008,42.596,221.777,3.5035337e-05,4.1152,225.0
2018-12-18 06:00:00.000039936,38.58,46.3,238.44499,3.577612e-05,4.1152,215.0
2018-12-18 09:00:00.000039936,42.6952,46.3,249.094,3.651592e-05,3.6008,215.0
2018-12-18 12:00:00.000039936,46.296,46.3,259.28,3.7254722e-05,3.6008,220.0
2018-12-18 15:00:00.000039936,48.868,48.152,257.428,3.7992504e-05,3.6008,225.0
2018-12-18 18:00:00.000039936,51.440002,50.004,254.65,3.8483773e-05,3.6008,220.0
2018-12-18 21:00:00.000039936,55.5552,50.004,266.688,3.9219805e-05,3.0864,220.0
2018-12-19 00:00:00.000039936,59.156002,50.004,277.80002,3.9709896e-05,3.0864,215.0
2018-12-19 03:00:00.000039936,59.156002,46.3,275.948,4.0199502e-05,2.572,215.0
2018-12-19 06:00:00.000039936,59.156002,40.744,273.16998,4.0688625e-05,2.0576,210.0
2018-12-19 09:00:00.000039936,59.156002,37.04,269.00302,4.093299e-05,1.0288,205.0
2018-12-19 12:00:00.000039936,59.156002,31.484,263.91,4.1177245e-05,1.0288,225.0
2018-12-19 15:00:00.000039936,58.1272,29.632,265.762,4.142137e-05,1.0288,245.0
2018-12-19 18:00:00.000039936,56.584,27.78,266.22498,4.142137e-05,1.5432,250.0
2018-12-19 21:00:00.000039936,56.584,25.928,253.724,4.1665367e-05,1.5432,250.0
2018-12-20 00:00:00.000039936,56.584,22.223999,240.76,4.1665367e-05,1.0288,255.0
2018-12-20 03:00:00.000039936,54.012,27.78,243.538,4.1665367e-05,1.0288,270.0
2018-12-20 06:00:00.000039936,51.440002,31.484,245.38998,4.1665367e-05,1.5432,280.0
2018-12-20 09:00:00.000039936,50.4112,27.78,228.259,4.1665367e-05,2.0576,285.0
2018-12-20 12:00:00.000039936,48.868,22.223999,210.665,4.142137e-05,2.0576,285.0
2018-12-20 15:00:00.000039936,47.8392,22.223999,215.758,4.1177245e-05,2.0576,285.0
2018-12-20 18:00:00.000039936,46.296,22.223999,219.925,4.1177245e-05,2.0576,285.0
2018-12-20 21:00:00.000039936,45.2672,22.223999,225.018,4.093299e-05,2.572,280.0
2018-12-21 00:00:00.000039936,43.724,22.223999,229.185,4.093299e-05,2.572,280.0
2018-12-21 03:00:00.000039936,40.1232,25.928,248.168,4.0688625e-05,2.572,280.0
2018-12-21 06:00:00.000039936,36.008,27.78,266.225,4.0688625e-05,2.572,280.0
2018-12-21 09:00:00.000039936,33.436,37.04,249.09401,4.0688625e-05,2.572,270.0
2018-12-21 12:00:00.000039936,30.864,46.3,231.5,4.0688625e-05,2.572,255.0
2018-12-21 15:00:00.000039936,28.292,51.856,224.092,4.093299e-05,2.0576,245.0
2018-12-21 18:00:00.000039936,25.720001,55.56,215.295,4.1177245e-05,2.0576,235.0
2018-12-21 21:00:00.000039936,24.6912,61.116,212.054,4.142137e-05,2.0576,235.0
2018-12-22 00:00:00.000039936,23.148,64.82,208.34999,4.1665367e-05,2.0576,230.0
2018-12-22 03:00:00.000039936,22.1192,70.376,187.978,4.1909232e-05,2.572,230.0
2018-12-22 06:00:00.000039936,20.576,74.08,166.68,4.239659e-05,2.572,235.0
2018-12-22 09:00:00.000039936,20.576,74.08,171.31,4.288343e-05,3.0864,240.0
