Time,Vmax,Rmax_IBT,R34,fcor,u_trans,v_trans
2020-12-14 00:00:00.000039936,20.576,83.34,113.435,4.4825505e-05,2.0576,225.0
2020-12-14 03:00:00.000039936,22.1192,83.34,136.122,4.5309676e-05,2.0576,210.0
2020-12-14 06:00:00.000039936,23.148,83.34,157.42,4.5793287e-05,1.5432,195.0
2020-12-14 09:00:00.000039936,23.148,83.34,166.68,4.6034886e-05,1.0288,170.0
2020-12-14 12:00:00.000039936,23.148,83.34,175.94,4.627635e-05,1.0288,0.0
2020-12-14 15:00:00.000039936,24.6912,83.34,184.737,4.651767e-05,1.5432,180.0
2020-12-14 18:00:00.000039936,25.720001,83.34,192.145,4.675884e-05,1.5432,150.0
2020-12-14 21:00:00.000039936,25.720001,83.34,193.997,4.6999867e-05,2.572,125.0
2020-12-15 00:00:00.000039936,25.720001,83.34,194.45999,4.7240763e-05,3.0864,110.0
2020-12-15 03:00:00.000039936,25.720001,83.34,198.627,4.7240763e-05,4.1152,105.0
2020-12-15 06:00:00.000039936,25.720001,83.34,201.405,4.748151e-05,4.6296,115.0
2020-12-15 09:00:00.000039936,25.720001,70.376,215.758,4.8202877e-05,5.6584,120.0
2020-12-15 12:00:00.000039936,25.720001,55.56,229.185,4.892293e-05,6.1728,120.0
2020-12-15 15:00:00.000039936,27.2632,51.856,241.22299,4.9641636e-05,6.6872,120.0
2020-12-15 18:00:00.000039936,28.292,46.3,252.33499,5.059779e-05,6.6872,120.0
2020-12-15 21:00:00.000039936,28.292,46.3,275.948,5.131329e-05,7.2016,120.0
2020-12-16 00:00:00.000039936,28.292,46.3,298.635,5.22651e-05,8.2304,120.0
2020-12-16 03:00:00.000039936,28.292,46.3,292.15298,5.321436e-05,9.2592,125.0
2020-12-16 06:00:00.000039936,28.292,46.3,284.745,5.4633376e-05,9.7736,140.0
2020-12-16 09:00:00.000039936,27.2632,46.3,282.893,5.6750614e-05,10.802401,150.0
