Time,Vmax,Rmax_IBT,R34,fcor,u_trans,v_trans
2018-01-12 12:00:00.000039936,18.004,92.6,106.490005,4.2152973e-05,6.1728,230.0
2018-01-12 15:00:00.000039936,18.004,92.6,113.435,4.3126656e-05,6.1728,240.0
2018-01-12 18:00:00.000039936,18.004,92.6,120.38,4.3612705e-05,6.1728,250.0
2018-01-12 21:00:00.000039936,19.5472,92.6,127.325,4.385554e-05,5.144,260.0
2018-01-13 00:00:00.000039936,20.576,92.6,134.27,4.409823e-05,3.6008,265.0
2018-01-13 03:00:00.000039936,22.1192,92.6,138.9,4.409823e-05,2.572,260.0
2018-01-13 06:00:00.000039936,23.148,92.6,143.53,4.4340795e-05,3.6008,245.0
2018-01-13 09:00:00.000039936,23.148,92.6,150.475,4.4825505e-05,4.6296,240.0
2018-01-13 12:00:00.000039936,23.148,92.6,157.42,4.5309676e-05,4.6296,245.0
2018-01-13 15:00:00.000039936,24.6912,74.08,168.99501,4.5551555e-05,4.1152,255.0
2018-01-13 18:00:00.000039936,25.720001,55.56,180.57,4.5793287e-05,2.572,260.0
2018-01-13 21:00:00.000039936,25.720001,55.56,182.88501,4.5793287e-05,1.5432,270.0
2018-01-14 00:00:00.000039936,25.720001,55.56,185.20001,4.5793287e-05,1.0288,295.0
2018-01-14 03:00:00.000039936,27.2632,55.56,192.14499,4.5551555e-05,1.0288,315.0
2018-01-14 06:00:00.000039936,28.292,55.56,199.09,4.5309676e-05,1.0288,335.0
2018-01-14 09:00:00.000039936,28.292,55.56,203.72,4.506766e-05,0.5144,0.0
2018-01-14 12:00:00.000039936,28.292,55.56,208.35,4.506766e-05,0.5144,25.0
2018-01-14 15:00:00.000039936,29.835201,55.56,210.66501,4.506766e-05,0.5144,15.0
2018-01-14 18:00:00.000039936,30.864,55.56,212.98001,4.4825505e-05,1.0288,20.0
2018-01-14 21:00:00.000039936,33.436,46.3,217.61002,4.458322e-05,1.0288,15.0
2018-01-15 00:00:00.000039936,36.008,37.04,222.23999,4.4340795e-05,0.5144,335.0
2018-01-15 03:00:00.000039936,40.1232,24.076,226.87,4.4340795e-05,0.5144,270.0
2018-01-15 06:00:00.000039936,43.724,9.26,231.5,4.4340795e-05,1.0288,225.0
2018-01-15 09:00:00.000039936,48.868,9.26,236.12999,4.458322e-05,1.0288,205.0
2018-01-15 12:00:00.000039936,54.012,9.26,240.76,4.4825505e-05,1.5432,225.0
2018-01-15 15:00:00.000039936,54.012,16.668,233.81499,4.506766e-05,2.572,245.0
2018-01-15 18:00:00.000039936,54.012,22.223999,226.87,4.5309676e-05,2.572,260.0
2018-01-15 21:00:00.000039936,52.9832,16.668,226.87,4.5309676e-05,3.0864,275.0
2018-01-16 00:00:00.000039936,51.440002,9.26,226.87,4.5309676e-05,2.572,280.0
2018-01-16 03:00:00.000039936,48.868,18.52,226.86998,4.506766e-05,2.0576,275.0
2018-01-16 06:00:00.000039936,46.296,27.78,226.87,4.506766e-05,2.0576,275.0
2018-01-16 09:00:00.000039936,42.6952,27.78,219.925,4.506766e-05,2.0576,270.0
2018-01-16 12:00:00.000039936,38.58,27.78,212.98,4.506766e-05,1.5432,270.0
2018-01-16 15:00:00.000039936,38.58,27.78,212.98,4.506766e-05,1.5432,270.0
2018-01-16 18:00:00.000039936,38.58,27.78,212.98,4.506766e-05,1.5432,270.0
2018-01-16 21:00:00.000039936,37.5512,27.78,212.98,4.506766e-05,1.5432,270.0
2018-01-17 00:00:00.000039936,36.008,27.78,212.98,4.506766e-05,1.5432,265.0
2018-01-17 03:00:00.000039936,34.979202,27.78,206.035,4.506766e-05,1.5432,250.0
2018-01-17 06:00:00.000039936,33.436,27.78,199.09,4.5309676e-05,2.572,225.0
2018-01-17 09:00:00.000039936,33.436,33.336,199.09,4.5793287e-05,3.6008,215.0
2018-01-17 12:00:00.000039936,33.436,37.04,199.09,4.651767e-05,3.0864,215.0
2018-01-17 15:00:00.000039936,32.4072,42.596,201.405,4.6999867e-05,3.0864,225.0
2018-01-17 18:00:00.000039936,30.864,46.3,203.72,4.7722115e-05,5.144,220.0
2018-01-17 21:00:00.000039936,30.864,46.3,215.295,4.868306e-05,6.6872,220.0
2018-01-18 00:00:00.000039936,30.864,46.3,226.87001,4.9880902e-05,6.1728,230.0
2018-01-18 03:00:00.000039936,29.835201,46.3,240.76,5.059779e-05,5.144,240.0
2018-01-18 06:00:00.000039936,28.292,46.3,254.65,5.131329e-05,6.1728,230.0
2018-01-18 09:00:00.000039936,28.292,46.3,266.22498,5.22651e-05,6.6872,225.0
2018-01-18 12:00:00.000039936,28.292,46.3,277.8,5.345127e-05,7.2016,240.0
2018-01-18 15:00:00.000039936,27.2632,46.3,294.005,5.4161024e-05,7.716,250.0
2018-01-18 18:00:00.000039936,25.720001,46.3,310.21,5.4869302e-05,6.1728,235.0
2018-01-18 21:00:00.000039936,25.720001,46.3,324.09998,5.5576067e-05,5.6584,215.0
2018-01-19 00:00:00.000039936,25.720001,46.3,337.99,5.6516048e-05,6.6872,225.0
2018-01-19 03:00:00.000039936,25.720001,46.3,347.25,5.7920843e-05,7.716,230.0
2018-01-19 06:00:00.000039936,25.720001,46.3,356.50998,5.9319285e-05,7.716,225.0
2018-01-19 09:00:00.000039936,25.720001,46.3,361.13998,6.0479695e-05,7.2016,220.0
2018-01-19 12:00:00.000039936,25.720001,46.3,365.77,6.1635496e-05,7.2016,220.0
2018-01-19 15:00:00.000039936,27.2632,46.3,379.66,6.278661e-05,7.716,225.0
2018-01-19 18:00:00.000039936,28.292,46.3,393.55002,6.416161e-05,7.716,220.0
2018-01-19 21:00:00.000039936,28.292,46.3,400.495,6.530208e-05,8.2304,210.0
2018-01-20 00:00:00.000039936,28.292,46.3,407.44,6.689037e-05,9.2592,200.0
2018-01-20 03:00:00.000039936,27.2632,88.895996,412.06998,6.914198e-05,10.288,195.0
2018-01-20 06:00:00.000039936,25.720001,129.64,416.69998,7.137252e-05,10.288,190.0
2018-01-20 09:00:00.000039936,25.720001,129.64,416.69998,7.336144e-05,9.2592,190.0
2018-01-20 12:00:00.000039936,25.720001,129.64,416.69998,7.511419e-05,8.2304,185.0
2018-01-20 15:00:00.000039936,25.720001,129.64,407.44,7.641916e-05,6.6872,175.0
2018-01-20 18:00:00.000039936,25.720001,129.64,398.18,7.750023e-05,5.144,160.0
2018-01-20 21:00:00.000039936,25.720001,129.64,398.18,7.8360856e-05,4.1152,145.0
2018-01-21 00:00:00.000039936,25.720001,129.64,398.18,7.900381e-05,4.1152,130.0
2018-01-21 03:00:00.000039936,25.720001,129.64,391.235,7.9644604e-05,5.144,120.0
2018-01-21 06:00:00.000039936,25.720001,129.64,384.29,8.028322e-05,6.6872,110.0
2018-01-21 09:00:00.000039936,24.6912,129.64,379.66,8.0919635e-05,7.716,105.0
2018-01-21 12:00:00.000039936,23.148,129.64,375.03,8.134267e-05,7.2016,105.0
2018-01-21 15:00:00.000039936,22.1192,129.64,354.19498,8.176471e-05,6.6872,105.0
