Time,Vmax,Rmax_IBT,R34,fcor,u_trans,v_trans
2006-12-31 12:00:00.000039936,20.576,64.82,97.23,3.7500762e-05,5.144,200.0
2006-12-31 15:00:00.000039936,24.6912,46.3,115.75,3.872924e-05,4.6296,205.0
2006-12-31 18:00:00.000039936,28.292,27.78,134.27,3.9709896e-05,5.144,210.0
2006-12-31 21:00:00.000039936,28.292,27.78,134.27,4.0688625e-05,5.6584,215.0
2007-01-01 00:00:00.000039936,28.292,27.78,134.27,4.1665367e-05,5.6584,220.0
2007-01-01 03:00:00.000039936,29.835201,37.04,164.36499,4.2640077e-05,5.144,220.0
2007-01-01 06:00:00.000039936,30.864,46.3,194.46,4.3612705e-05,4.1152,215.0
2007-01-01 09:00:00.000039936,30.864,46.3,188.44101,4.458322e-05,3.6008,210.0
2007-01-01 12:00:00.000039936,30.864,46.3,180.57,4.5309676e-05,3.6008,215.0
2007-01-01 15:00:00.000039936,30.864,46.3,180.57,4.6034886e-05,3.6008,215.0
2007-01-01 18:00:00.000039936,30.864,46.3,180.57,4.675884e-05,4.1152,215.0
2007-01-01 21:00:00.000039936,30.864,46.3,180.57,4.748151e-05,4.1152,215.0
2007-01-02 00:00:00.000039936,30.864,46.3,180.57,4.8202877e-05,3.6008,225.0
2007-01-02 03:00:00.000039936,30.864,46.3,180.57,4.868306e-05,3.6008,235.0
2007-01-02 06:00:00.000039936,30.864,46.3,180.57,4.916265e-05,3.6008,235.0
2007-01-02 09:00:00.000039936,32.4072,46.3,186.126,4.9641636e-05,3.6008,235.0
2007-01-02 12:00:00.000039936,33.436,46.3,189.83,5.012002e-05,3.6008,245.0
2007-01-02 15:00:00.000039936,33.436,46.3,189.83,5.035898e-05,3.0864,250.0
2007-01-02 18:00:00.000039936,33.436,46.3,189.83,5.059779e-05,3.0864,255.0
2007-01-02 21:00:00.000039936,33.436,46.3,189.83,5.083645e-05,3.0864,255.0
2007-01-03 00:00:00.000039936,33.436,46.3,189.83,5.1074945e-05,2.572,255.0
2007-01-03 03:00:00.000039936,33.436,46.3,179.64398,5.131329e-05,2.0576,250.0
2007-01-03 06:00:00.000039936,33.436,46.3,168.995,5.131329e-05,1.5432,245.0
2007-01-03 09:00:00.000039936,32.4072,46.3,150.93799,5.131329e-05,1.5432,240.0
