Time,Vmax,Rmax_IBT,R34,fcor,u_trans,v_trans
2012-01-19 06:00:00.000039936,23.148,74.08,81.025,3.7500762e-05,5.6584,215.0
2012-01-19 09:00:00.000039936,24.6912,74.08,81.025,3.872924e-05,6.6872,205.0
2012-01-19 12:00:00.000039936,25.720001,74.08,81.025,4.0444127e-05,7.2016,200.0
2012-01-19 15:00:00.000039936,27.2632,51.856,93.062996,4.2152973e-05,7.2016,205.0
2012-01-19 18:00:00.000039936,28.292,27.78,104.175,4.3612705e-05,6.1728,220.0
2012-01-19 21:00:00.000039936,29.835201,27.78,136.58499,4.409823e-05,5.144,240.0
2012-01-20 00:00:00.000039936,30.864,27.78,168.995,4.458322e-05,3.6008,230.0
2012-01-20 03:00:00.000039936,32.4072,27.78,180.107,4.5309676e-05,3.0864,185.0
2012-01-20 06:00:00.000039936,33.436,27.78,189.82999,4.627635e-05,3.6008,180.0
2012-01-20 09:00:00.000039936,34.979202,37.04,194.45999,4.7240763e-05,4.1152,190.0
2012-01-20 12:00:00.000039936,36.008,46.3,199.09,4.796257e-05,4.1152,205.0
2012-01-20 15:00:00.000039936,36.008,46.3,199.09,4.868306e-05,4.1152,215.0
2012-01-20 18:00:00.000039936,36.008,46.3,199.09,4.9402213e-05,4.1152,205.0
2012-01-20 21:00:00.000039936,36.008,46.3,199.55301,5.035898e-05,4.1152,195.0
2012-01-21 00:00:00.000039936,36.008,46.3,199.09,5.155148e-05,4.6296,190.0
2012-01-21 03:00:00.000039936,34.979202,46.3,199.09,5.250265e-05,4.6296,190.0
2012-01-21 06:00:00.000039936,33.436,46.3,199.09,5.3688025e-05,4.6296,185.0
2012-01-21 09:00:00.000039936,32.4072,46.3,190.293,5.4633376e-05,4.6296,0.0
2012-01-21 12:00:00.000039936,30.864,46.3,180.57,5.581132e-05,5.144,175.0
2012-01-21 15:00:00.000039936,29.835201,46.3,180.57,5.698501e-05,5.6584,175.0
2012-01-21 18:00:00.000039936,28.292,46.3,180.57,5.83877e-05,5.6584,170.0
2012-01-21 21:00:00.000039936,27.2632,51.856,178.255,5.9551734e-05,6.1728,170.0
2012-01-22 00:00:00.000039936,25.720001,55.56,175.94,6.0711227e-05,7.2016,165.0
2012-01-22 03:00:00.000039936,24.6912,61.116,182.88501,6.2326726e-05,8.2304,165.0
2012-01-22 06:00:00.000039936,23.148,64.82,189.83,6.416161e-05,8.2304,165.0
2012-01-22 09:00:00.000039936,23.148,88.895996,189.83,6.575688e-05,7.716,165.0
2012-01-22 12:00:00.000039936,23.148,111.12,189.83,6.756802e-05,8.744801,160.0
2012-01-22 15:00:00.000039936,22.1192,111.12,189.83,6.936598e-05,9.2592,160.0
