Time,Vmax,Rmax_IBT,R34,fcor,u_trans,v_trans
2015-01-20 12:00:00.000039936,20.576,83.34,111.12,3.330315e-05,3.0864,155.0
2015-01-20 15:00:00.000039936,20.576,79.636,117.13899,3.3798577e-05,3.0864,145.0
2015-01-20 18:00:00.000039936,20.576,74.08,122.695,3.454095e-05,3.6008,140.0
2015-01-20 21:00:00.000039936,22.1192,74.08,122.695,3.5282377e-05,4.1152,145.0
2015-01-21 00:00:00.000039936,23.148,74.08,122.695,3.6022833e-05,4.1152,150.0
2015-01-21 03:00:00.000039936,23.148,74.08,122.695,3.700857e-05,3.6008,150.0
2015-01-21 06:00:00.000039936,23.148,74.08,122.695,3.7992504e-05,3.6008,145.0
2015-01-21 09:00:00.000039936,23.148,74.08,122.695,3.872924e-05,4.1152,140.0
2015-01-21 12:00:00.000039936,23.148,74.08,122.695,3.9464914e-05,4.1152,145.0
2015-01-21 15:00:00.000039936,23.148,74.08,120.843,4.0199502e-05,4.1152,150.0
2015-01-21 18:00:00.000039936,23.148,74.08,118.065,4.093299e-05,4.6296,155.0
2015-01-21 21:00:00.000039936,24.6912,74.08,118.065,4.1909232e-05,5.144,155.0
2015-01-22 00:00:00.000039936,25.720001,74.08,118.065,4.3126656e-05,6.1728,145.0
2015-01-22 03:00:00.000039936,25.720001,74.08,118.065,4.409823e-05,6.6872,135.0
2015-01-22 06:00:00.000039936,25.720001,74.08,118.065,4.5309676e-05,7.2016,140.0
2015-01-22 09:00:00.000039936,25.720001,74.08,123.158,4.675884e-05,7.2016,145.0
2015-01-22 12:00:00.000039936,25.720001,74.08,127.325005,4.8202877e-05,7.2016,155.0
2015-01-22 15:00:00.000039936,27.2632,74.08,127.325005,4.9641636e-05,7.2016,160.0
2015-01-22 18:00:00.000039936,28.292,74.08,127.325005,5.1074945e-05,6.1728,160.0
2015-01-22 21:00:00.000039936,28.292,74.08,127.325005,5.250265e-05,5.6584,165.0
2015-01-23 00:00:00.000039936,28.292,74.08,127.325005,5.3688025e-05,5.6584,170.0
2015-01-23 03:00:00.000039936,27.2632,74.08,106.02699,5.4869302e-05,5.6584,180.0
2015-01-23 06:00:00.000039936,25.720001,74.08,83.34,5.6281307e-05,5.6584,175.0
2015-01-23 09:00:00.000039936,24.6912,61.116,83.34,5.7453286e-05,5.144,175.0
2015-01-23 12:00:00.000039936,23.148,46.3,83.34,5.8853857e-05,5.6584,180.0
2015-01-23 15:00:00.000039936,22.1192,42.596,83.34,6.0247978e-05,6.6872,185.0
2015-01-23 18:00:00.000039936,20.576,37.04,83.34,6.1635496e-05,6.6872,195.0
2015-01-23 21:00:00.000039936,19.5472,37.04,83.34,6.3016254e-05,6.6872,205.0
