Time,Vmax,Rmax_IBT,R34,fcor,u_trans,v_trans
2001-12-29 18:00:00.000040448,28.292,55.56,138.9,3.156599e-05,4.1152,225.0
2001-12-29 21:00:00.000040448,30.864,46.3,168.995,3.206281e-05,3.6008,210.0
2001-12-30 00:00:00.000040448,33.436,37.04,199.09,3.280731e-05,3.0864,195.0
2001-12-30 03:00:00.000040448,34.979202,37.04,215.29501,3.3550914e-05,3.0864,0.0
2001-12-30 06:00:00.000040448,36.008,37.04,231.5,3.454095e-05,3.6008,175.0
2001-12-30 09:00:00.000040448,41.152,42.596,258.354,3.5282377e-05,4.1152,175.0
2001-12-30 12:00:00.000040448,46.296,46.3,284.745,3.6022833e-05,4.1152,175.0
2001-12-30 15:00:00.000040448,46.296,46.3,284.745,3.7254722e-05,4.1152,175.0
2001-12-30 18:00:00.000040448,46.296,46.3,284.745,3.8483773e-05,5.144,165.0
2001-12-30 21:00:00.000040448,48.868,42.596,284.745,3.9709896e-05,5.6584,160.0
2001-12-31 00:00:00.000040448,51.440002,37.04,284.745,4.093299e-05,6.1728,155.0
2001-12-31 03:00:00.000040448,51.440002,37.04,284.745,4.2152973e-05,6.6872,150.0
2001-12-31 06:00:00.000040448,51.440002,37.04,284.745,4.3612705e-05,7.2016,150.0
2001-12-31 09:00:00.000040448,51.440002,37.04,284.745,4.5309676e-05,8.2304,155.0
2001-12-31 12:00:00.000040448,51.440002,37.04,284.745,4.6999867e-05,9.2592,150.0
2001-12-31 15:00:00.000040448,51.440002,42.596,260.669,4.868306e-05,10.288,145.0
2001-12-31 18:00:00.000040448,51.440002,46.3,236.13,5.059779e-05,9.7736,145.0
2001-12-31 21:00:00.000040448,48.868,51.856,245.39,5.250265e-05,9.7736,145.0
2002-01-01 00:00:00.000040448,46.296,55.56,254.65,5.4633376e-05,10.802401,145.0
2002-01-01 03:00:00.000040448,42.6952,55.56,254.65,5.6516048e-05,11.8312,145.0
2002-01-01 06:00:00.000040448,38.58,55.56,254.65,5.862087e-05,11.3168,145.0
2002-01-01 09:00:00.000040448,36.008,55.56,273.16998,6.0711227e-05,11.3168,150.0
2002-01-01 12:00:00.000040448,33.436,55.56,291.69,6.3016254e-05,11.8312,155.0
2002-01-01 15:00:00.000040448,30.864,61.116,261.595,6.575688e-05,11.8312,160.0
