Time,Vmax,Rmax_IBT,R34,fcor,u_trans,v_trans
2018-01-26 06:00:00.000039936,18.004,101.86,92.6,2.6827835e-05,2.0576,80.0
2018-01-26 09:00:00.000039936,18.004,101.86,97.23,2.6327272e-05,4.1152,65.0
2018-01-26 12:00:00.000039936,18.004,101.86,101.86,2.6076874e-05,4.6296,85.0
2018-01-26 15:00:00.000039936,18.004,107.416,106.490005,2.6327272e-05,5.6584,100.0
2018-01-26 18:00:00.000039936,18.004,111.12,111.119995,2.6577594e-05,4.6296,110.0
2018-01-26 21:00:00.000039936,18.004,107.416,115.75,2.6827835e-05,3.0864,125.0
2018-01-27 00:00:00.000039936,18.004,101.86,120.380005,2.7328068e-05,2.572,130.0
2018-01-27 03:00:00.000039936,19.5472,83.34,125.01,2.7578055e-05,1.5432,140.0
2018-01-27 06:00:00.000039936,20.576,64.82,129.64,2.807779e-05,1.5432,160.0
2018-01-27 09:00:00.000039936,23.148,64.82,134.27,2.8327528e-05,1.5432,0.0
2018-01-27 12:00:00.000039936,25.720001,64.82,138.9,2.882674e-05,2.0576,215.0
2018-01-27 15:00:00.000039936,27.2632,64.82,148.16,2.9076216e-05,2.572,225.0
2018-01-27 18:00:00.000039936,28.292,64.82,157.42,2.9574905e-05,3.0864,210.0
2018-01-27 21:00:00.000039936,30.864,64.82,166.68,3.0571195e-05,4.1152,200.0
2018-01-28 00:00:00.000039936,33.436,64.82,175.93999,3.156599e-05,4.6296,205.0
2018-01-28 03:00:00.000039936,37.5512,61.116,182.885,3.2559245e-05,4.6296,215.0
2018-01-28 06:00:00.000039936,41.152,55.56,189.83,3.3550914e-05,4.6296,230.0
2018-01-28 09:00:00.000039936,45.2672,38.892,196.77501,3.404614e-05,4.6296,240.0
2018-01-28 12:00:00.000039936,48.868,22.223999,203.72002,3.454095e-05,3.6008,230.0
2018-01-28 15:00:00.000039936,54.012,22.223999,210.665,3.5035337e-05,3.0864,220.0
2018-01-28 18:00:00.000039936,59.156002,22.223999,217.61,3.577612e-05,4.1152,220.0
2018-01-28 21:00:00.000039936,59.156002,22.223999,226.87001,3.651592e-05,4.6296,220.0
2018-01-29 00:00:00.000039936,59.156002,22.223999,236.13,3.7254722e-05,4.1152,225.0
2018-01-29 03:00:00.000039936,58.1272,22.223999,238.445,3.7992504e-05,3.6008,230.0
2018-01-29 06:00:00.000039936,56.584,22.223999,240.75998,3.8483773e-05,3.0864,235.0
2018-01-29 09:00:00.000039936,56.584,18.52,240.75998,3.872924e-05,2.0576,245.0
2018-01-29 12:00:00.000039936,56.584,12.964,240.75998,3.897458e-05,2.0576,245.0
2018-01-29 15:00:00.000039936,54.012,12.964,238.445,3.9219805e-05,2.0576,245.0
2018-01-29 18:00:00.000039936,51.440002,12.964,236.13,3.9464914e-05,2.572,245.0
2018-01-29 21:00:00.000039936,51.440002,20.372,240.76001,3.9709896e-05,2.572,245.0
2018-01-30 00:00:00.000039936,51.440002,27.78,245.38998,3.995476e-05,2.572,255.0
2018-01-30 03:00:00.000039936,50.4112,46.3,245.38998,4.0199502e-05,2.572,265.0
2018-01-30 06:00:00.000039936,48.868,64.82,245.38998,4.0199502e-05,2.572,270.0
2018-01-30 09:00:00.000039936,48.868,64.82,243.07498,4.0199502e-05,3.0864,270.0
2018-01-30 12:00:00.000039936,48.868,64.82,240.75998,4.0199502e-05,2.572,275.0
2018-01-30 15:00:00.000039936,51.440002,61.116,240.75998,4.0199502e-05,2.572,280.0
2018-01-30 18:00:00.000039936,54.012,55.56,240.75998,3.995476e-05,2.0576,280.0
2018-01-30 21:00:00.000039936,56.584,57.412,240.75998,3.9709896e-05,2.0576,275.0
2018-01-31 00:00:00.000039936,59.156002,59.264,240.75998,3.9709896e-05,3.0864,275.0
2018-01-31 03:00:00.000039936,59.156002,50.004,240.75998,3.9709896e-05,3.0864,280.0
2018-01-31 06:00:00.000039936,59.156002,40.744,240.75998,3.9464914e-05,2.572,285.0
2018-01-31 09:00:00.000039936,59.156002,37.04,243.07498,3.9219805e-05,2.0576,295.0
2018-01-31 12:00:00.000039936,59.156002,31.484,245.38998,3.9219805e-05,1.5432,290.0
2018-01-31 15:00:00.000039936,58.1272,31.484,250.01999,3.897458e-05,1.5432,280.0
2018-01-31 18:00:00.000039936,56.584,31.484,254.65,3.897458e-05,1.5432,285.0
2018-01-31 21:00:00.000039936,55.5552,31.484,261.595,3.872924e-05,2.0576,285.0
2018-02-01 00:00:00.000039936,54.012,31.484,268.53998,3.872924e-05,1.5432,280.0
2018-02-01 03:00:00.000039936,54.012,31.484,277.8,3.872924e-05,1.5432,260.0
2018-02-01 06:00:00.000039936,54.012,31.484,287.06,3.872924e-05,1.5432,235.0
2018-02-01 09:00:00.000039936,55.5552,31.484,287.06,3.897458e-05,1.5432,220.0
2018-02-01 12:00:00.000039936,56.584,31.484,287.06,3.9464914e-05,2.0576,215.0
2018-02-01 15:00:00.000039936,56.584,29.632,287.06,3.9709896e-05,2.0576,215.0
2018-02-01 18:00:00.000039936,56.584,27.78,287.06,4.0199502e-05,2.572,205.0
2018-02-01 21:00:00.000039936,56.584,44.447998,284.745,4.0688625e-05,2.572,195.0
2018-02-02 00:00:00.000039936,56.584,59.264,282.43,4.142137e-05,2.572,195.0
2018-02-02 03:00:00.000039936,55.5552,62.968,280.115,4.2152973e-05,2.572,190.0
2018-02-02 06:00:00.000039936,54.012,64.82,277.80002,4.2640077e-05,2.572,185.0
2018-02-02 09:00:00.000039936,52.9832,53.708,275.48502,4.3126656e-05,2.0576,165.0
2018-02-02 12:00:00.000039936,51.440002,40.744,273.17,4.3612705e-05,2.0576,155.0
2018-02-02 15:00:00.000039936,51.440002,37.04,268.54,4.409823e-05,2.0576,145.0
2018-02-02 18:00:00.000039936,51.440002,31.484,263.91,4.458322e-05,2.0576,130.0
2018-02-02 21:00:00.000039936,51.440002,37.04,261.595,4.4825505e-05,2.572,120.0
2018-02-03 00:00:00.000039936,51.440002,40.744,259.28,4.506766e-05,3.0864,115.0
2018-02-03 03:00:00.000039936,50.4112,40.744,256.965,4.5309676e-05,3.6008,115.0
2018-02-03 06:00:00.000039936,48.868,40.744,254.65,4.5793287e-05,4.1152,120.0
2018-02-03 09:00:00.000039936,46.296,40.744,254.65,4.627635e-05,4.1152,120.0
2018-02-03 12:00:00.000039936,43.724,40.744,254.65,4.675884e-05,4.1152,120.0
2018-02-03 15:00:00.000039936,41.152,40.744,254.65,4.7240763e-05,4.1152,120.0
2018-02-03 18:00:00.000039936,38.58,40.744,254.65,4.7722115e-05,4.1152,120.0
2018-02-03 21:00:00.000039936,37.5512,35.188,254.65,4.8202877e-05,4.6296,125.0
2018-02-04 00:00:00.000039936,36.008,27.78,254.65,4.892293e-05,4.1152,130.0
2018-02-04 03:00:00.000039936,34.979202,33.336,254.65,4.9641636e-05,4.1152,140.0
2018-02-04 06:00:00.000039936,33.436,37.04,254.65,5.035898e-05,3.6008,145.0
2018-02-04 09:00:00.000039936,32.4072,42.596,254.65,5.1074945e-05,3.6008,150.0
2018-02-04 12:00:00.000039936,30.864,46.3,254.65,5.178951e-05,4.1152,150.0
2018-02-04 15:00:00.000039936,30.864,46.3,259.28,5.250265e-05,4.6296,150.0
2018-02-04 18:00:00.000039936,30.864,46.3,263.91,5.345127e-05,4.1152,150.0
2018-02-04 21:00:00.000039936,30.864,55.56,263.91,5.4161024e-05,3.6008,150.0
2018-02-05 00:00:00.000039936,30.864,64.82,263.91,5.510506e-05,4.1152,155.0
2018-02-05 03:00:00.000039936,29.835201,61.116,268.54,5.6046403e-05,4.6296,160.0
2018-02-05 06:00:00.000039936,28.292,55.56,273.17,5.698501e-05,4.1152,160.0
2018-02-05 09:00:00.000039936,28.292,55.56,275.48502,5.7920843e-05,3.6008,160.0
2018-02-05 12:00:00.000039936,28.292,55.56,277.8,5.862087e-05,3.6008,165.0
2018-02-05 15:00:00.000039936,28.292,83.34,277.8,5.9551734e-05,4.1152,175.0
2018-02-05 18:00:00.000039936,28.292,111.12,277.8,6.0479695e-05,3.6008,175.0
2018-02-05 21:00:00.000039936,28.292,92.6,275.48502,6.1173734e-05,3.6008,170.0
2018-02-06 00:00:00.000039936,28.292,74.08,273.17,6.186609e-05,3.0864,170.0
2018-02-06 03:00:00.000039936,28.292,70.376,268.54,6.255676e-05,3.0864,170.0
2018-02-06 06:00:00.000039936,28.292,64.82,263.91,6.3016254e-05,3.0864,180.0
2018-02-06 09:00:00.000039936,28.292,64.82,261.595,6.370404e-05,3.0864,190.0
2018-02-06 12:00:00.000039936,28.292,64.82,259.28,6.416161e-05,2.0576,195.0
2018-02-06 15:00:00.000039936,28.292,64.82,254.65,6.461839e-05,1.5432,200.0
2018-02-06 18:00:00.000039936,28.292,64.82,250.01999,6.4846485e-05,1.0288,205.0
2018-02-06 21:00:00.000039936,28.292,64.82,247.705,6.507438e-05,1.0288,215.0
2018-02-07 00:00:00.000039936,28.292,64.82,245.39,6.530208e-05,1.5432,225.0
2018-02-07 03:00:00.000039936,28.292,64.82,233.815,6.552959e-05,1.5432,240.0
2018-02-07 06:00:00.000039936,28.292,64.82,222.24,6.575688e-05,2.0576,265.0
2018-02-07 09:00:00.000039936,27.2632,64.82,212.98,6.552959e-05,3.0864,280.0
2018-02-07 12:00:00.000039936,25.720001,64.82,203.71999,6.530208e-05,3.0864,285.0
2018-02-07 15:00:00.000039936,24.6912,64.82,192.145,6.507438e-05,2.572,290.0
2018-02-07 18:00:00.000039936,23.148,64.82,180.56999,6.4846485e-05,2.572,300.0
2018-02-07 21:00:00.000039936,22.1192,70.376,168.995,6.461839e-05,3.0864,295.0
2018-02-08 00:00:00.000039936,20.576,74.08,157.42,6.43901e-05,4.1152,285.0
2018-02-08 03:00:00.000039936,20.576,74.08,138.9,6.416161e-05,5.6584,275.0
2018-02-08 06:00:00.000039936,20.576,74.08,120.380005,6.416161e-05,6.1728,270.0
2018-02-08 09:00:00.000039936,20.576,74.08,104.175,6.416161e-05,6.1728,265.0
2018-02-08 12:00:00.000039936,20.576,74.08,87.97,6.43901e-05,7.716,265.0
2018-02-08 15:00:00.000039936,19.5472,74.08,71.765,6.43901e-05,8.2304,265.0
