Time,Vmax,Rmax_IBT,R34,fcor,u_trans,v_trans
2014-01-07 18:00:00.000039936,23.148,64.82,74.08,4.3126656e-05,2.0576,330.0
2014-01-07 21:00:00.000039936,25.720001,64.82,86.118,4.288343e-05,1.5432,315.0
2014-01-08 00:00:00.000039936,28.292,64.82,97.229996,4.288343e-05,1.0288,325.0
2014-01-08 03:00:00.000039936,28.292,46.3,113.898,4.2640077e-05,0.5144,0.0
2014-01-08 06:00:00.000039936,28.292,27.78,129.64,4.239659e-05,0.5144,330.0
2014-01-08 09:00:00.000039936,28.292,27.78,129.64,4.2152973e-05,0.5144,315.0
2014-01-08 12:00:00.000039936,28.292,27.78,129.64,4.1909232e-05,1.0288,15.0
2014-01-08 15:00:00.000039936,33.436,27.78,138.9,4.1665367e-05,1.0288,50.0
2014-01-08 18:00:00.000039936,38.58,27.78,148.16,4.1665367e-05,1.0288,80.0
2014-01-08 21:00:00.000039936,40.1232,25.928,153.716,4.1665367e-05,1.0288,125.0
2014-01-09 00:00:00.000039936,41.152,22.223999,157.42,4.1909232e-05,1.0288,120.0
2014-01-09 03:00:00.000039936,43.724,22.223999,157.42,4.1909232e-05,1.5432,115.0
2014-01-09 06:00:00.000039936,46.296,22.223999,157.42,4.2152973e-05,1.0288,120.0
2014-01-09 09:00:00.000039936,46.296,22.223999,155.568,4.2152973e-05,1.0288,130.0
2014-01-09 12:00:00.000039936,46.296,22.223999,152.79001,4.239659e-05,1.5432,115.0
2014-01-09 15:00:00.000039936,46.296,22.223999,150.475,4.2640077e-05,2.0576,110.0
2014-01-09 18:00:00.000039936,46.296,22.223999,148.16,4.288343e-05,2.572,120.0
2014-01-09 21:00:00.000039936,46.296,18.52,148.16,4.3369746e-05,3.0864,135.0
2014-01-10 00:00:00.000039936,46.296,12.964,148.16,4.385554e-05,2.572,140.0
2014-01-10 03:00:00.000039936,48.868,16.668,159.272,4.4340795e-05,2.572,150.0
2014-01-10 06:00:00.000039936,51.440002,18.52,168.995,4.4825505e-05,2.0576,150.0
2014-01-10 09:00:00.000039936,54.012,20.372,176.403,4.5309676e-05,2.0576,150.0
2014-01-10 12:00:00.000039936,56.584,22.223999,182.885,4.5793287e-05,2.572,155.0
2014-01-10 15:00:00.000039936,58.1272,22.223999,183.34799,4.627635e-05,3.0864,160.0
2014-01-10 18:00:00.000039936,59.156002,22.223999,182.885,4.6999867e-05,3.6008,160.0
2014-01-10 21:00:00.000039936,60.6992,22.223999,181.03299,4.7722115e-05,4.1152,160.0
2014-01-11 00:00:00.000039936,61.728,22.223999,178.255,4.868306e-05,4.6296,155.0
2014-01-11 03:00:00.000039936,64.3,27.78,188.904,4.9880902e-05,5.6584,150.0
2014-01-11 06:00:00.000039936,66.872,31.484,199.09001,5.1074945e-05,5.6584,160.0
2014-01-11 09:00:00.000039936,66.872,31.484,199.09001,5.250265e-05,5.6584,170.0
2014-01-11 12:00:00.000039936,66.872,31.484,199.09001,5.3688025e-05,5.144,165.0
2014-01-11 15:00:00.000039936,66.872,29.632,199.09001,5.4633376e-05,4.6296,160.0
2014-01-11 18:00:00.000039936,66.872,27.78,199.09001,5.5576067e-05,5.144,160.0
2014-01-11 21:00:00.000039936,65.8432,25.928,199.09001,5.6750614e-05,6.1728,160.0
2014-01-12 00:00:00.000039936,64.3,22.223999,199.09001,5.8154368e-05,6.1728,155.0
2014-01-12 03:00:00.000039936,61.728,20.372,199.09001,5.9319285e-05,6.6872,155.0
2014-01-12 06:00:00.000039936,59.156002,18.52,199.09001,6.0711227e-05,6.6872,160.0
2014-01-12 09:00:00.000039936,54.012,18.52,191.21901,6.20965e-05,6.6872,165.0
2014-01-12 12:00:00.000039936,48.868,18.52,182.885,6.3474974e-05,5.6584,160.0
2014-01-12 15:00:00.000039936,45.2672,27.78,182.885,6.461839e-05,5.144,160.0
2014-01-12 18:00:00.000039936,41.152,37.04,182.885,6.575688e-05,5.6584,165.0
2014-01-12 21:00:00.000039936,38.58,37.04,182.885,6.711647e-05,6.1728,165.0
2014-01-13 00:00:00.000039936,36.008,37.04,182.885,6.8243826e-05,5.6584,160.0
2014-01-13 03:00:00.000039936,33.436,37.04,182.885,6.914198e-05,5.144,150.0
2014-01-13 06:00:00.000039936,30.864,37.04,182.885,7.003676e-05,5.144,145.0
2014-01-13 09:00:00.000039936,29.835201,37.04,182.885,7.092813e-05,5.144,145.0
2014-01-13 12:00:00.000039936,28.292,37.04,182.885,7.2037474e-05,5.6584,145.0
2014-01-13 15:00:00.000039936,27.2632,37.04,182.885,7.2921e-05,5.6584,145.0
2014-01-13 18:00:00.000039936,25.720001,37.04,182.885,7.402041e-05,5.144,140.0
2014-01-13 21:00:00.000039936,24.6912,37.04,182.885,7.4895885e-05,5.6584,140.0
2014-01-14 00:00:00.000039936,23.148,37.04,182.885,7.5985095e-05,6.1728,135.0
