Time,Vmax,Rmax_IBT,R34,fcor,u_trans,v_trans
2016-01-15 00:00:00.000039936,20.576,74.08,69.450005,3.5282377e-05,2.572,255.0
2016-01-15 03:00:00.000039936,22.1192,70.376,69.450005,3.5282377e-05,2.0576,250.0
2016-01-15 06:00:00.000039936,23.148,64.82,69.450005,3.5529305e-05,2.0576,235.0
2016-01-15 09:00:00.000039936,25.720001,55.56,83.34,3.577612e-05,1.5432,220.0
2016-01-15 12:00:00.000039936,28.292,46.3,97.23,3.6022833e-05,1.0288,210.0
2016-01-15 15:00:00.000039936,30.864,46.3,131.02899,3.6022833e-05,0.5144,210.0
2016-01-15 18:00:00.000039936,33.436,46.3,164.365,3.626943e-05,1.0288,205.0
2016-01-15 21:00:00.000039936,34.979202,46.3,168.995,3.67623e-05,1.0288,200.0
2016-01-16 00:00:00.000039936,36.008,46.3,173.625,3.700857e-05,1.0288,200.0
2016-01-16 03:00:00.000039936,37.5512,46.3,198.164,3.7254722e-05,1.0288,205.0
2016-01-16 06:00:00.000039936,38.58,46.3,222.23999,3.7254722e-05,1.0288,200.0
2016-01-16 09:00:00.000039936,38.58,46.3,222.23999,3.7254722e-05,1.5432,200.0
2016-01-16 12:00:00.000039936,38.58,46.3,222.23999,3.7500762e-05,1.0288,210.0
2016-01-16 15:00:00.000039936,38.58,46.3,222.23999,3.7500762e-05,1.0288,215.0
2016-01-16 18:00:00.000039936,38.58,46.3,222.23999,3.7746686e-05,1.5432,200.0
2016-01-16 21:00:00.000039936,37.5512,46.3,222.23999,3.8483773e-05,2.0576,190.0
2016-01-17 00:00:00.000039936,36.008,46.3,222.23999,3.9219805e-05,2.572,180.0
2016-01-17 03:00:00.000039936,36.008,46.3,222.23999,3.995476e-05,2.572,175.0
2016-01-17 06:00:00.000039936,36.008,46.3,222.23999,4.0688625e-05,2.572,170.0
2016-01-17 09:00:00.000039936,36.008,55.56,263.91,4.1177245e-05,2.572,170.0
2016-01-17 12:00:00.000039936,36.008,64.82,305.58,4.1909232e-05,3.6008,165.0
2016-01-17 15:00:00.000039936,34.979202,64.82,305.58,4.2640077e-05,4.1152,170.0
2016-01-17 18:00:00.000039936,33.436,64.82,305.58,4.3369746e-05,3.6008,170.0
2016-01-17 21:00:00.000039936,34.979202,64.82,305.58,4.4340795e-05,4.1152,170.0
2016-01-18 00:00:00.000039936,36.008,64.82,305.58,4.5309676e-05,4.6296,165.0
2016-01-18 03:00:00.000039936,38.58,61.116,296.32,4.627635e-05,4.1152,175.0
2016-01-18 06:00:00.000039936,41.152,55.56,287.06,4.6999867e-05,3.6008,0.0
2016-01-18 09:00:00.000039936,42.6952,64.82,296.32,4.796257e-05,3.6008,185.0
2016-01-18 12:00:00.000039936,43.724,74.08,305.58,4.868306e-05,3.0864,195.0
2016-01-18 15:00:00.000039936,45.2672,83.34,305.58,4.9402213e-05,3.0864,205.0
2016-01-18 18:00:00.000039936,46.296,92.6,305.58,5.012002e-05,3.0864,215.0
2016-01-18 21:00:00.000039936,46.296,92.6,337.99,5.083645e-05,3.0864,215.0
2016-01-19 00:00:00.000039936,46.296,92.6,370.40002,5.131329e-05,3.0864,220.0
2016-01-19 03:00:00.000039936,45.2672,66.672,370.40002,5.178951e-05,2.0576,225.0
2016-01-19 06:00:00.000039936,43.724,40.744,370.40002,5.2027382e-05,2.0576,235.0
2016-01-19 09:00:00.000039936,41.152,48.152,363.91803,5.22651e-05,2.0576,250.0
2016-01-19 12:00:00.000039936,38.58,55.56,356.51,5.250265e-05,2.572,245.0
2016-01-19 15:00:00.000039936,37.5512,51.856,354.65802,5.2740055e-05,2.572,245.0
2016-01-19 18:00:00.000039936,36.008,46.3,351.88,5.2977284e-05,2.0576,255.0
2016-01-19 21:00:00.000039936,36.008,46.3,351.88,5.321436e-05,2.0576,250.0
2016-01-20 00:00:00.000039936,36.008,46.3,351.88,5.321436e-05,2.572,250.0
2016-01-20 03:00:00.000039936,36.008,48.152,351.88,5.345127e-05,2.0576,255.0
2016-01-20 06:00:00.000039936,36.008,50.004,351.88,5.345127e-05,1.5432,265.0
2016-01-20 09:00:00.000039936,36.008,35.188,351.88,5.345127e-05,1.5432,280.0
2016-01-20 12:00:00.000039936,36.008,18.52,351.88,5.345127e-05,2.0576,275.0
2016-01-20 15:00:00.000039936,36.008,24.076,351.88,5.345127e-05,2.0576,270.0
2016-01-20 18:00:00.000039936,36.008,27.78,351.88,5.345127e-05,2.0576,260.0
2016-01-20 21:00:00.000039936,34.979202,27.78,298.635,5.345127e-05,2.572,260.0
2016-01-21 00:00:00.000039936,33.436,27.78,245.39,5.345127e-05,3.0864,255.0
2016-01-21 03:00:00.000039936,32.4072,42.596,245.39,5.345127e-05,4.1152,260.0
2016-01-21 06:00:00.000039936,30.864,55.56,245.39,5.321436e-05,4.1152,270.0
2016-01-21 09:00:00.000039936,29.835201,55.56,242.149,5.321436e-05,3.6008,270.0
2016-01-21 12:00:00.000039936,28.292,55.56,238.44499,5.321436e-05,3.6008,265.0
2016-01-21 15:00:00.000039936,27.2632,55.56,237.519,5.345127e-05,4.6296,260.0
2016-01-21 18:00:00.000039936,25.720001,55.56,236.12999,5.3688025e-05,5.144,260.0
2016-01-21 21:00:00.000039936,23.148,55.56,236.13,5.3688025e-05,4.6296,265.0
2016-01-22 00:00:00.000039936,20.576,55.56,236.13,5.392461e-05,4.6296,270.0
2016-01-22 03:00:00.000039936,19.5472,64.82,233.815,5.4161024e-05,4.6296,265.0
