Time,Vmax,Rmax_IBT,R34,fcor,u_trans,v_trans
2018-12-19 00:00:00.000039936,18.004,92.6,74.08,2.7578055e-05,1.5432,205.0
2018-12-19 03:00:00.000039936,19.5472,74.08,83.803,2.807779e-05,1.5432,220.0
2018-12-19 06:00:00.000039936,20.576,55.56,92.600006,2.8327528e-05,2.0576,220.0
2018-12-19 09:00:00.000039936,20.576,55.56,90.748,2.857718e-05,2.572,220.0
2018-12-19 12:00:00.000039936,20.576,55.56,87.97,2.9076216e-05,3.0864,220.0
2018-12-19 15:00:00.000039936,22.1192,55.56,101.397,2.9325609e-05,2.572,220.0
2018-12-19 18:00:00.000039936,23.148,55.56,113.435005,2.9824112e-05,2.572,225.0
2018-12-19 21:00:00.000039936,25.720001,55.56,119.454,3.0322259e-05,2.0576,225.0
2018-12-20 00:00:00.000039936,28.292,55.56,125.01,3.0820032e-05,2.0576,225.0
2018-12-20 03:00:00.000039936,30.864,55.56,130.10301,3.131743e-05,2.572,220.0
2018-12-20 06:00:00.000039936,33.436,55.56,134.27,3.1814445e-05,3.0864,210.0
2018-12-20 09:00:00.000039936,40.1232,37.04,142.14099,3.2559245e-05,3.6008,210.0
2018-12-20 12:00:00.000039936,46.296,18.52,148.16,3.330315e-05,4.1152,210.0
2018-12-20 15:00:00.000039936,48.868,18.52,149.549,3.404614e-05,4.1152,215.0
2018-12-20 18:00:00.000039936,51.440002,18.52,150.475,3.47882e-05,3.6008,230.0
2018-12-20 21:00:00.000039936,51.440002,14.816,150.938,3.5282377e-05,3.0864,240.0
2018-12-21 00:00:00.000039936,51.440002,9.26,150.47499,3.577612e-05,2.572,230.0
2018-12-21 03:00:00.000039936,55.5552,16.668,155.568,3.626943e-05,2.572,215.0
2018-12-21 06:00:00.000039936,59.156002,22.223999,159.735,3.67623e-05,3.0864,210.0
2018-12-21 09:00:00.000039936,64.3,20.372,161.124,3.7254722e-05,3.0864,205.0
2018-12-21 12:00:00.000039936,69.444,18.52,162.05,3.7992504e-05,2.572,200.0
2018-12-21 15:00:00.000039936,69.444,20.372,162.513,3.8483773e-05,2.572,185.0
2018-12-21 18:00:00.000039936,69.444,22.223999,162.04999,3.9219805e-05,3.0864,170.0
2018-12-21 21:00:00.000039936,66.872,22.223999,163.902,3.995476e-05,3.6008,155.0
2018-12-22 00:00:00.000039936,64.3,22.223999,164.36499,4.0688625e-05,4.1152,150.0
2018-12-22 03:00:00.000039936,61.728,18.52,171.77301,4.1665367e-05,4.6296,150.0
2018-12-22 06:00:00.000039936,59.156002,12.964,178.255,4.288343e-05,5.144,155.0
2018-12-22 09:00:00.000039936,59.156002,12.964,176.40298,4.385554e-05,5.144,155.0
2018-12-22 12:00:00.000039936,59.156002,12.964,173.625,4.4825505e-05,5.6584,150.0
2018-12-22 15:00:00.000039936,56.584,20.372,175.01399,4.6034886e-05,5.6584,145.0
2018-12-22 18:00:00.000039936,54.012,27.78,175.93999,4.7240763e-05,5.6584,150.0
2018-12-22 21:00:00.000039936,54.012,33.336,177.329,4.8202877e-05,5.144,150.0
2018-12-23 00:00:00.000039936,54.012,37.04,178.25499,4.9402213e-05,5.6584,150.0
2018-12-23 03:00:00.000039936,52.9832,37.04,189.83,5.059779e-05,6.1728,150.0
2018-12-23 06:00:00.000039936,51.440002,37.04,201.405,5.2027382e-05,6.6872,145.0
2018-12-23 09:00:00.000039936,50.4112,37.04,206.49802,5.345127e-05,7.716,140.0
2018-12-23 12:00:00.000039936,48.868,37.04,210.66501,5.4869302e-05,9.2592,140.0
2018-12-23 15:00:00.000039936,48.868,37.04,212.517,5.6281307e-05,9.7736,135.0
2018-12-23 18:00:00.000039936,48.868,37.04,212.98,5.768715e-05,8.744801,135.0
2018-12-23 21:00:00.000039936,46.296,42.596,217.147,5.9086666e-05,7.716,130.0
2018-12-24 00:00:00.000039936,43.724,46.3,219.925,6.0247978e-05,7.2016,135.0
2018-12-24 03:00:00.000039936,41.152,46.3,217.147,6.14047e-05,7.2016,140.0
2018-12-24 06:00:00.000039936,38.58,46.3,212.98,6.255676e-05,6.6872,135.0
2018-12-24 09:00:00.000039936,36.008,51.856,212.517,6.3474974e-05,6.1728,130.0
2018-12-24 12:00:00.000039936,33.436,55.56,210.66501,6.43901e-05,6.1728,135.0
2018-12-24 15:00:00.000039936,30.864,61.116,216.684,6.552959e-05,6.1728,140.0
2018-12-24 18:00:00.000039936,28.292,64.82,222.23999,6.666408e-05,5.6584,140.0
2018-12-24 21:00:00.000039936,27.2632,64.82,220.388,6.756802e-05,5.6584,140.0
2018-12-25 00:00:00.000039936,25.720001,64.82,217.61,6.869332e-05,6.1728,145.0
2018-12-25 03:00:00.000039936,24.6912,64.82,228.259,6.981338e-05,7.2016,145.0
2018-12-25 06:00:00.000039936,23.148,64.82,238.445,7.115043e-05,8.2304,145.0
2018-12-25 09:00:00.000039936,23.148,64.82,242.612,7.247968e-05,8.2304,140.0
2018-12-25 12:00:00.000039936,23.148,64.82,245.39,7.380098e-05,7.2016,140.0
2018-12-25 15:00:00.000039936,23.148,64.82,249.09401,7.4895885e-05,6.6872,145.0
