Time,Vmax,Rmax_IBT,R34,fcor,u_trans,v_trans
2010-01-06 06:00:00.000039936,20.576,64.82,74.08,3.1814445e-05,4.6296,245.0
2010-01-06 09:00:00.000039936,22.1192,64.82,74.08,3.231108e-05,5.144,235.0
2010-01-06 12:00:00.000039936,23.148,64.82,74.08,3.305528e-05,5.6584,240.0
2010-01-06 15:00:00.000039936,23.148,61.116,76.858,3.3798577e-05,5.144,245.0
2010-01-06 18:00:00.000039936,23.148,55.56,78.71,3.4293596e-05,4.1152,250.0
2010-01-06 21:00:00.000039936,27.2632,55.56,77.784,3.454095e-05,2.572,255.0
2010-01-07 00:00:00.000039936,30.864,55.56,76.395,3.47882e-05,2.572,245.0
2010-01-07 03:00:00.000039936,36.008,46.3,91.211,3.5035337e-05,2.572,235.0
2010-01-07 06:00:00.000039936,41.152,37.04,104.175,3.5529305e-05,2.572,220.0
2010-01-07 09:00:00.000039936,47.8392,37.04,124.084,3.6022833e-05,3.0864,215.0
2010-01-07 12:00:00.000039936,54.012,37.04,143.53,3.67623e-05,3.6008,230.0
2010-01-07 15:00:00.000039936,58.1272,33.336,165.754,3.7254722e-05,4.1152,245.0
2010-01-07 18:00:00.000039936,61.728,27.78,187.515,3.7500762e-05,4.1152,245.0
2010-01-07 21:00:00.000039936,63.271202,27.78,197.70099,3.7746686e-05,3.6008,240.0
2010-01-08 00:00:00.000039936,64.3,27.78,206.035,3.8238195e-05,3.0864,240.0
2010-01-08 03:00:00.000039936,64.3,27.78,206.035,3.872924e-05,3.0864,235.0
2010-01-08 06:00:00.000039936,64.3,27.78,206.035,3.9219805e-05,3.6008,235.0
2010-01-08 09:00:00.000039936,68.4152,27.78,215.29501,3.995476e-05,4.1152,235.0
2010-01-08 12:00:00.000039936,72.016,27.78,224.555,4.0444127e-05,4.6296,245.0
2010-01-08 15:00:00.000039936,72.016,27.78,224.555,4.0688625e-05,4.6296,250.0
2010-01-08 18:00:00.000039936,72.016,27.78,224.555,4.1177245e-05,4.6296,240.0
2010-01-08 21:00:00.000039936,69.444,27.78,227.333,4.1909232e-05,4.6296,235.0
2010-01-09 00:00:00.000039936,66.872,27.78,229.185,4.2640077e-05,4.6296,230.0
2010-01-09 03:00:00.000039936,64.3,27.78,224.092,4.3369746e-05,5.144,230.0
2010-01-09 06:00:00.000039936,61.728,27.78,217.61,4.409823e-05,5.6584,235.0
2010-01-09 09:00:00.000039936,60.6992,27.78,202.331,4.4825505e-05,6.1728,235.0
2010-01-09 12:00:00.000039936,59.156002,27.78,185.2,4.5551555e-05,5.6584,230.0
2010-01-09 15:00:00.000039936,58.1272,27.78,200.47899,4.651767e-05,5.144,220.0
2010-01-09 18:00:00.000039936,56.584,27.78,215.295,4.7722115e-05,5.6584,215.0
2010-01-09 21:00:00.000039936,55.5552,27.78,215.295,4.868306e-05,6.6872,215.0
2010-01-10 00:00:00.000039936,54.012,27.78,215.295,4.9880902e-05,6.1728,210.0
2010-01-10 03:00:00.000039936,52.9832,27.78,215.295,5.1074945e-05,6.1728,210.0
2010-01-10 06:00:00.000039936,51.440002,27.78,215.295,5.22651e-05,6.1728,205.0
2010-01-10 09:00:00.000039936,48.868,27.78,215.295,5.3688025e-05,6.6872,200.0
2010-01-10 12:00:00.000039936,46.296,27.78,215.295,5.510506e-05,6.1728,190.0
2010-01-10 15:00:00.000039936,42.6952,27.78,215.295,5.6516048e-05,5.6584,180.0
2010-01-10 18:00:00.000039936,38.58,27.78,215.295,5.7920843e-05,5.144,0.0
2010-01-10 21:00:00.000039936,37.5512,27.78,215.295,5.8853857e-05,4.6296,175.0
2010-01-11 00:00:00.000039936,36.008,27.78,215.295,5.9784e-05,4.6296,160.0
2010-01-11 03:00:00.000039936,33.436,27.78,206.035,6.0711227e-05,4.6296,140.0
2010-01-11 06:00:00.000039936,30.864,27.78,196.77501,6.14047e-05,4.1152,135.0
2010-01-11 09:00:00.000039936,28.292,24.076,181.95898,6.20965e-05,3.6008,135.0
2010-01-11 12:00:00.000039936,25.720001,18.52,166.68,6.255676e-05,4.1152,125.0
2010-01-11 15:00:00.000039936,24.6912,42.596,166.68,6.3016254e-05,3.6008,125.0
2010-01-11 18:00:00.000039936,23.148,64.82,166.68,6.3474974e-05,1.5432,185.0
2010-01-11 21:00:00.000039936,23.148,70.376,162.976,6.370404e-05,3.0864,255.0
2010-01-12 00:00:00.000039936,23.148,74.08,157.42,6.393293e-05,4.1152,270.0
2010-01-12 03:00:00.000039936,23.148,74.08,157.42,6.393293e-05,3.6008,270.0
2010-01-12 06:00:00.000039936,23.148,74.08,157.42,6.393293e-05,3.6008,255.0
2010-01-12 09:00:00.000039936,23.148,74.08,157.42,6.43901e-05,4.1152,245.0
2010-01-12 12:00:00.000039936,23.148,74.08,157.42,6.4846485e-05,4.6296,250.0
2010-01-12 15:00:00.000039936,23.148,79.636,157.42,6.507438e-05,4.6296,250.0
2010-01-12 18:00:00.000039936,23.148,83.34,157.42,6.552959e-05,5.144,240.0
2010-01-12 21:00:00.000039936,23.148,83.34,157.42,6.621089e-05,6.1728,230.0
2010-01-13 00:00:00.000039936,23.148,83.34,157.42,6.689037e-05,6.1728,225.0
2010-01-13 03:00:00.000039936,23.148,83.34,157.42,6.7793495e-05,6.1728,220.0
2010-01-13 06:00:00.000039936,23.148,83.34,157.42,6.8917754e-05,6.1728,210.0
2010-01-13 09:00:00.000039936,22.1192,83.34,119.91701,7.003676e-05,5.6584,205.0
2010-01-13 12:00:00.000039936,20.576,83.34,81.024994,7.137252e-05,6.1728,195.0
2010-01-13 15:00:00.000039936,20.576,83.34,157.42,7.247968e-05,6.1728,185.0
2010-01-13 18:00:00.000039936,20.576,83.34,233.815,7.380098e-05,6.6872,175.0
2010-01-13 21:00:00.000039936,20.576,83.34,233.815,7.511419e-05,6.6872,170.0
2010-01-14 00:00:00.000039936,20.576,83.34,233.815,7.663584e-05,7.716,170.0
2010-01-14 03:00:00.000039936,20.576,83.34,230.574,7.8360856e-05,8.2304,165.0
2010-01-14 06:00:00.000039936,20.576,83.34,226.87,8.028322e-05,8.2304,150.0
2010-01-14 09:00:00.000039936,19.5472,83.34,226.87,8.155382e-05,9.2592,135.0
2010-01-14 12:00:00.000039936,18.004,83.34,226.87,8.302487e-05,12.3456,130.0
2010-01-14 15:00:00.000039936,18.004,83.34,226.87,8.489798e-05,14.917601,125.0
