Time,Vmax,Rmax_IBT,R34,fcor,u_trans,v_trans
2011-01-14 00:00:00.000039936,23.148,74.08,101.86,3.131743e-05,2.572,100.0
2011-01-14 03:00:00.000039936,24.6912,74.08,101.86,3.1814445e-05,2.572,125.0
2011-01-14 06:00:00.000039936,25.720001,74.08,101.86,3.206281e-05,3.0864,120.0
2011-01-14 09:00:00.000039936,25.720001,55.56,101.86,3.206281e-05,3.0864,135.0
2011-01-14 12:00:00.000039936,28.292,37.04,127.325,3.305528e-05,4.1152,165.0
2011-01-14 15:00:00.000039936,28.292,37.04,127.325,3.4293596e-05,4.1152,180.0
2011-01-14 18:00:00.000039936,28.292,37.04,127.325,3.5282377e-05,3.6008,170.0
2011-01-14 21:00:00.000039936,28.292,37.04,131.49199,3.6022833e-05,3.0864,155.0
2011-01-15 00:00:00.000039936,28.292,37.04,134.26999,3.651592e-05,3.0864,155.0
2011-01-15 03:00:00.000039936,29.835201,42.596,129.177,3.7254722e-05,3.6008,155.0
2011-01-15 06:00:00.000039936,30.864,46.3,122.695,3.7992504e-05,3.6008,140.0
2011-01-15 09:00:00.000039936,30.864,42.596,117.13899,3.8483773e-05,4.6296,120.0
2011-01-15 12:00:00.000039936,30.864,37.04,111.12,3.9219805e-05,7.2016,115.0
2011-01-15 15:00:00.000039936,33.436,37.04,117.602,3.9709896e-05,9.2592,115.0
2011-01-15 18:00:00.000039936,36.008,37.04,122.69499,4.0688625e-05,10.288,120.0
2011-01-15 21:00:00.000039936,40.1232,27.78,131.02899,4.2152973e-05,11.3168,125.0
2011-01-16 00:00:00.000039936,43.724,18.52,138.9,4.385554e-05,11.8312,130.0
2011-01-16 03:00:00.000039936,46.296,24.076,138.9,4.5551555e-05,12.3456,130.0
2011-01-16 04:00:00.000066560,47.3248,24.076,138.9,4.627635e-05,12.3456,130.0
2011-01-16 06:00:00.000039936,48.868,27.78,138.9,4.748151e-05,12.3456,130.0
2011-01-16 09:00:00.000039936,47.8392,27.78,138.9,4.9402213e-05,12.3456,130.0
2011-01-16 10:00:00.000066560,47.3248,27.78,138.9,5.012002e-05,12.3456,135.0
2011-01-16 12:00:00.000039936,46.296,27.78,138.9,5.155148e-05,13.3744,135.0
2011-01-16 15:00:00.000039936,45.2672,27.78,135.196,5.392461e-05,14.917601,135.0
2011-01-16 18:00:00.000039936,43.724,27.78,129.64,5.6516048e-05,15.432,140.0
2011-01-16 21:00:00.000039936,41.152,33.336,139.36299,5.9086666e-05,15.9464,140.0
2011-01-17 00:00:00.000039936,38.58,37.04,148.16,6.186609e-05,16.4608,140.0
2011-01-17 03:00:00.000039936,36.008,37.04,147.234,6.43901e-05,16.4608,140.0
2011-01-17 06:00:00.000039936,33.436,37.04,145.845,6.689037e-05,15.9464,145.0
2011-01-17 09:00:00.000039936,29.835201,37.04,145.845,7.003676e-05,15.432,160.0
2011-01-17 12:00:00.000039936,25.720001,37.04,145.845,7.336144e-05,14.917601,165.0
2011-01-17 15:00:00.000039936,23.148,37.04,141.67801,7.663584e-05,14.917601,170.0
2011-01-17 18:00:00.000039936,20.576,37.04,136.585,8.007058e-05,14.917601,170.0
2011-01-17 21:00:00.000039936,19.5472,37.04,132.881,8.3234e-05,16.4608,170.0
