Time,Vmax,Rmax_IBT,R34,fcor,u_trans,v_trans
2007-12-18 18:00:00.000039936,20.576,74.08,74.08,3.4293596e-05,4.1152,255.0
2007-12-18 21:00:00.000039936,22.1192,74.08,83.34,3.454095e-05,3.0864,260.0
2007-12-19 00:00:00.000039936,23.148,74.08,92.6,3.454095e-05,3.0864,260.0
2007-12-19 03:00:00.000039936,23.148,55.56,104.638,3.47882e-05,2.572,250.0
2007-12-19 06:00:00.000039936,23.148,37.04,115.75,3.5035337e-05,2.572,230.0
2007-12-19 09:00:00.000039936,23.148,42.596,113.897995,3.5529305e-05,2.572,210.0
2007-12-19 12:00:00.000039936,23.148,46.3,111.119995,3.6022833e-05,2.572,190.0
2007-12-19 15:00:00.000039936,23.148,46.3,117.602005,3.67623e-05,3.0864,175.0
2007-12-19 18:00:00.000039936,23.148,46.3,122.69499,3.7500762e-05,2.572,165.0
2007-12-19 21:00:00.000039936,23.148,46.3,116.213,3.8238195e-05,3.0864,155.0
2007-12-20 00:00:00.000039936,23.148,46.3,108.80499,3.897458e-05,4.6296,145.0
2007-12-20 03:00:00.000039936,23.148,46.3,109.268005,3.995476e-05,6.1728,145.0
2007-12-20 06:00:00.000039936,23.148,46.3,108.80501,4.1177245e-05,6.6872,140.0
2007-12-20 09:00:00.000039936,24.6912,46.3,108.80501,4.239659e-05,6.6872,140.0
2007-12-20 12:00:00.000039936,25.720001,46.3,108.80501,4.3612705e-05,6.6872,135.0
2007-12-20 15:00:00.000039936,25.720001,46.3,115.287,4.4825505e-05,7.2016,130.0
2007-12-20 18:00:00.000039936,25.720001,46.3,120.38,4.6034886e-05,7.716,125.0
2007-12-20 21:00:00.000039936,24.6912,46.3,113.897995,4.6999867e-05,8.2304,120.0
2007-12-21 00:00:00.000039936,23.148,46.3,106.49,4.8202877e-05,8.744801,120.0
2007-12-21 03:00:00.000039936,22.1192,51.856,104.638,4.9641636e-05,9.2592,115.0
2007-12-21 06:00:00.000039936,20.576,55.56,101.86,5.083645e-05,9.2592,115.0
