Time,Vmax,Rmax_IBT,R34,fcor,u_trans,v_trans
2024-01-23 00:00:00.000039936,18.004,40.744,40.744,4.1665367e-05,3.0864,195.0
2024-01-23 03:00:00.000039936,18.004,75.932,144.456,4.239659e-05,3.0864,195.0
2024-01-23 06:00:00.000039936,18.004,111.12,247.70499,4.288343e-05,2.572,195.0
2024-01-23 09:00:00.000039936,18.004,111.12,247.70499,4.3126656e-05,1.5432,205.0
2024-01-23 12:00:00.000039936,18.004,111.12,247.70499,4.3369746e-05,1.0288,240.0
2024-01-23 15:00:00.000039936,18.004,111.12,237.982,4.3369746e-05,1.5432,265.0
2024-01-23 18:00:00.000039936,18.004,111.12,227.33301,4.3369746e-05,1.0288,275.0
2024-01-23 21:00:00.000039936,19.0328,107.416,224.555,4.3369746e-05,1.5432,275.0
2024-01-24 00:00:00.000039936,20.0616,103.712,221.777,4.3369746e-05,2.0576,260.0
2024-01-24 03:00:00.000039936,21.604801,96.304,226.407,4.3369746e-05,3.0864,255.0
2024-01-24 06:00:00.000039936,23.148,88.895996,231.03699,4.3612705e-05,5.6584,260.0
2024-01-24 09:00:00.000039936,23.148,88.895996,231.03699,4.3612705e-05,7.2016,265.0
2024-01-24 12:00:00.000039936,23.148,88.895996,231.03699,4.385554e-05,5.6584,260.0
2024-01-24 15:00:00.000039936,24.6912,85.192,203.25699,4.409823e-05,3.6008,250.0
2024-01-24 18:00:00.000039936,26.2344,79.636,174.551,4.458322e-05,3.6008,245.0
2024-01-24 21:00:00.000039936,27.2632,72.228,213.443,4.506766e-05,4.6296,245.0
2024-01-25 00:00:00.000039936,27.7776,64.82,251.409,4.5551555e-05,5.6584,245.0
2024-01-25 03:00:00.000039936,29.3208,64.82,251.409,4.6034886e-05,7.2016,245.0
2024-01-25 06:00:00.000039936,30.864,64.82,251.409,4.675884e-05,8.2304,250.0
2024-01-25 09:00:00.000039936,28.8064,64.82,251.409,4.748151e-05,7.716,255.0
