Time,Vmax,Rmax_IBT,R34,fcor,u_trans,v_trans
2020-01-16 09:00:00.000039936,18.004,111.12,95.841,3.0322259e-05,8.2304,130.0
2020-01-16 12:00:00.000039936,20.576,111.12,192.14499,3.156599e-05,8.2304,140.0
2020-01-16 15:00:00.000039936,22.1192,101.86,207.88701,3.280731e-05,7.2016,145.0
2020-01-16 18:00:00.000039936,23.148,92.6,222.23999,3.4293596e-05,6.6872,145.0
2020-01-16 21:00:00.000039936,25.720001,88.895996,220.388,3.5529305e-05,7.2016,140.0
2020-01-17 00:00:00.000039936,28.292,83.34,217.61,3.67623e-05,7.716,125.0
2020-01-17 03:00:00.000039936,29.835201,74.08,216.68399,3.7500762e-05,8.744801,115.0
2020-01-17 06:00:00.000039936,30.864,64.82,215.295,3.8483773e-05,8.744801,125.0
2020-01-17 09:00:00.000039936,32.4072,55.56,215.75801,3.9709896e-05,8.744801,135.0
2020-01-17 12:00:00.000039936,33.436,46.3,215.29501,4.1177245e-05,9.2592,135.0
2020-01-17 15:00:00.000039936,36.008,37.04,211.128,4.288343e-05,9.2592,130.0
2020-01-17 18:00:00.000039936,38.58,27.78,206.035,4.4825505e-05,9.2592,135.0
2020-01-17 21:00:00.000039936,41.152,37.04,196.312,4.627635e-05,8.744801,140.0
2020-01-18 00:00:00.000039936,43.724,46.3,185.2,4.7722115e-05,7.716,135.0
2020-01-18 03:00:00.000039936,43.724,55.56,194.923,4.892293e-05,8.2304,130.0
2020-01-18 06:00:00.000039936,43.724,64.82,203.72002,5.012002e-05,9.2592,125.0
2020-01-18 09:00:00.000039936,42.6952,61.116,226.87,5.155148e-05,10.802401,125.0
2020-01-18 12:00:00.000039936,41.152,55.56,250.01999,5.321436e-05,12.3456,130.0
2020-01-18 15:00:00.000039936,41.152,55.56,279.189,5.4869302e-05,12.860001,135.0
2020-01-18 18:00:00.000039936,41.152,55.56,307.895,5.698501e-05,12.860001,140.0
2020-01-18 21:00:00.000039936,38.58,55.56,307.895,5.9319285e-05,12.860001,140.0
2020-01-19 00:00:00.000039936,36.008,55.56,307.895,6.186609e-05,13.8888,145.0
2020-01-19 03:00:00.000039936,34.979202,55.56,325.489,6.461839e-05,14.4032,145.0
2020-01-19 06:00:00.000039936,33.436,55.56,342.62,6.756802e-05,13.8888,140.0
2020-01-19 09:00:00.000039936,32.4072,55.56,361.14,7.048288e-05,14.4032,135.0
2020-01-19 12:00:00.000039936,30.864,55.56,379.65997,7.336144e-05,15.432,135.0
2020-01-19 15:00:00.000039936,29.835201,92.6,398.18,7.641916e-05,16.9752,135.0
