Time,Vmax,Rmax_IBT,R34,fcor,u_trans,v_trans
2022-01-27 12:00:00.000039936,46.296,12.964,108.805,4.4825505e-05,10.802401,245.0
2022-01-27 15:00:00.000039936,40.1232,16.668,106.49,4.5551555e-05,9.7736,255.0
2022-01-27 18:00:00.000039936,33.436,18.52,104.175,4.6034886e-05,9.2592,255.0
2022-01-27 21:00:00.000039936,28.292,18.52,102.323,4.675884e-05,9.2592,255.0
2022-01-28 00:00:00.000039936,23.148,18.52,99.545,4.7240763e-05,8.2304,265.0
2022-01-28 03:00:00.000039936,23.148,24.076,93.063,4.6999867e-05,7.716,280.0
2022-01-28 06:00:00.000039936,23.148,27.78,85.655,4.651767e-05,6.6872,285.0
2022-01-28 09:00:00.000039936,24.6912,33.336,84.729,4.627635e-05,5.6584,280.0
2022-01-28 12:00:00.000039936,25.720001,37.04,83.34,4.6034886e-05,4.6296,280.0
2022-01-28 15:00:00.000039936,27.2632,37.04,84.729,4.5793287e-05,4.6296,275.0
2022-01-28 18:00:00.000039936,28.292,37.04,85.655,4.5793287e-05,4.1152,270.0
2022-01-28 21:00:00.000039936,28.292,24.076,81.488,4.5793287e-05,4.6296,270.0
2022-01-29 00:00:00.000039936,28.292,9.26,76.395004,4.5793287e-05,4.6296,275.0
2022-01-29 03:00:00.000039936,28.292,9.26,66.209,4.5551555e-05,5.144,280.0
2022-01-29 06:00:00.000039936,28.292,9.26,55.559998,4.5309676e-05,4.6296,285.0
2022-01-29 09:00:00.000039936,33.436,9.26,62.042,4.506766e-05,4.1152,285.0
2022-01-29 12:00:00.000039936,38.58,9.26,67.135,4.4825505e-05,3.6008,280.0
2022-01-29 15:00:00.000039936,40.1232,9.26,69.913,4.4825505e-05,3.6008,280.0
2022-01-29 18:00:00.000039936,41.152,9.26,71.765,4.458322e-05,4.1152,285.0
2022-01-29 21:00:00.000039936,43.724,9.26,82.414,4.4340795e-05,5.144,285.0
2022-01-30 00:00:00.000039936,46.296,9.26,92.6,4.385554e-05,5.144,290.0
2022-01-30 03:00:00.000039936,47.8392,9.26,99.082,4.3369746e-05,5.144,295.0
2022-01-30 06:00:00.000039936,48.868,9.26,104.175,4.288343e-05,6.1728,295.0
2022-01-30 09:00:00.000039936,48.868,9.26,109.731,4.2152973e-05,6.6872,295.0
2022-01-30 12:00:00.000039936,48.868,9.26,113.435,4.1665367e-05,4.6296,290.0
2022-01-30 15:00:00.000039936,47.8392,14.816,116.213,4.142137e-05,3.0864,280.0
2022-01-30 18:00:00.000039936,46.296,18.52,118.065,4.142137e-05,3.0864,280.0
2022-01-30 21:00:00.000039936,46.296,24.076,123.620995,4.1177245e-05,4.1152,285.0
2022-01-31 00:00:00.000039936,46.296,27.78,127.325,4.093299e-05,4.1152,295.0
2022-01-31 03:00:00.000039936,45.2672,27.78,131.49199,4.0444127e-05,4.1152,300.0
2022-01-31 06:00:00.000039936,43.724,27.78,134.27,3.995476e-05,3.6008,295.0
2022-01-31 09:00:00.000039936,41.152,24.076,140.289,3.9709896e-05,3.0864,280.0
2022-01-31 12:00:00.000039936,38.58,18.52,145.845,3.9709896e-05,2.572,265.0
2022-01-31 15:00:00.000039936,36.008,18.52,153.25299,3.995476e-05,2.0576,245.0
2022-01-31 18:00:00.000039936,33.436,18.52,159.73499,4.0199502e-05,2.572,235.0
2022-01-31 21:00:00.000039936,33.436,18.52,171.77301,4.0688625e-05,3.6008,235.0
2022-02-01 00:00:00.000039936,33.436,18.52,182.885,4.1177245e-05,5.144,245.0
2022-02-01 03:00:00.000039936,34.979202,27.78,195.849,4.1665367e-05,6.1728,250.0
2022-02-01 06:00:00.000039936,36.008,37.04,208.35,4.2152973e-05,6.1728,255.0
2022-02-01 09:00:00.000039936,38.58,33.336,208.813,4.239659e-05,5.144,255.0
2022-02-01 12:00:00.000039936,41.152,27.78,208.34999,4.288343e-05,5.144,250.0
2022-02-01 15:00:00.000039936,43.724,27.78,208.813,4.3369746e-05,4.6296,245.0
2022-02-01 18:00:00.000039936,46.296,27.78,208.35,4.385554e-05,5.144,240.0
2022-02-01 21:00:00.000039936,50.4112,25.928,233.815,4.458322e-05,5.144,230.0
2022-02-02 00:00:00.000039936,54.012,22.223999,259.28,4.5309676e-05,4.6296,230.0
2022-02-02 03:00:00.000039936,58.1272,16.668,262.058,4.6034886e-05,4.1152,235.0
2022-02-02 06:00:00.000039936,61.728,9.26,263.91,4.651767e-05,4.1152,245.0
2022-02-02 09:00:00.000039936,63.271202,9.26,266.688,4.675884e-05,4.6296,255.0
2022-02-02 12:00:00.000039936,64.3,9.26,268.53998,4.6999867e-05,3.6008,260.0
2022-02-02 15:00:00.000039936,63.271202,16.668,262.984,4.7240763e-05,3.0864,260.0
2022-02-02 18:00:00.000039936,61.728,22.223999,256.965,4.7240763e-05,2.572,260.0
2022-02-02 21:00:00.000039936,60.6992,25.928,252.798,4.7240763e-05,2.0576,255.0
2022-02-03 00:00:00.000039936,59.156002,27.78,247.705,4.748151e-05,2.0576,255.0
2022-02-03 03:00:00.000039936,58.1272,24.076,244.001,4.7722115e-05,2.0576,255.0
2022-02-03 06:00:00.000039936,56.584,18.52,238.44499,4.7722115e-05,1.5432,250.0
2022-02-03 09:00:00.000039936,56.584,24.076,247.705,4.7722115e-05,1.5432,250.0
2022-02-03 12:00:00.000039936,56.584,27.78,256.965,4.796257e-05,2.0576,255.0
2022-02-03 15:00:00.000039936,55.5552,33.336,268.07703,4.8202877e-05,2.572,260.0
2022-02-03 18:00:00.000039936,54.012,37.04,277.80002,4.8202877e-05,3.0864,265.0
2022-02-03 21:00:00.000039936,55.5552,37.04,279.65198,4.8202877e-05,3.6008,270.0
2022-02-04 00:00:00.000039936,56.584,37.04,280.115,4.8202877e-05,3.6008,265.0
2022-02-04 03:00:00.000039936,58.1272,37.04,276.874,4.8202877e-05,3.6008,260.0
2022-02-04 06:00:00.000039936,59.156002,37.04,273.16998,4.844305e-05,3.0864,265.0
2022-02-04 09:00:00.000039936,59.156002,37.04,272.244,4.844305e-05,3.0864,270.0
2022-02-04 12:00:00.000039936,59.156002,37.04,270.85498,4.844305e-05,2.572,260.0
2022-02-04 15:00:00.000039936,59.156002,38.892,281.504,4.868306e-05,2.572,245.0
2022-02-04 18:00:00.000039936,59.156002,40.744,291.69,4.892293e-05,3.0864,245.0
2022-02-04 21:00:00.000039936,56.584,37.04,300.024,4.916265e-05,3.6008,245.0
2022-02-05 00:00:00.000039936,54.012,31.484,307.895,4.9641636e-05,4.1152,245.0
2022-02-05 03:00:00.000039936,52.9832,31.484,304.654,5.012002e-05,4.6296,240.0
2022-02-05 06:00:00.000039936,51.440002,31.484,300.95,5.059779e-05,5.144,240.0
2022-02-05 09:00:00.000039936,51.440002,31.484,296.783,5.131329e-05,5.6584,245.0
2022-02-05 12:00:00.000039936,51.440002,31.484,291.69,5.178951e-05,5.6584,250.0
2022-02-05 15:00:00.000039936,48.868,20.372,288.912,5.2027382e-05,5.144,260.0
