Time,Vmax,Rmax_IBT,R34,fcor,u_trans,v_trans
2009-01-19 06:00:00.000039936,20.576,64.82,101.86,4.4825505e-05,4.6296,195.0
2009-01-19 09:00:00.000039936,19.5472,64.82,101.86,4.6034886e-05,5.6584,190.0
2009-01-19 12:00:00.000039936,18.004,64.82,101.86,4.748151e-05,5.6584,185.0
2009-01-19 15:00:00.000039936,18.004,64.82,101.86,4.868306e-05,5.144,185.0
2009-01-19 18:00:00.000039936,18.004,64.82,101.86,5.012002e-05,5.144,180.0
2009-01-19 21:00:00.000039936,18.004,74.08,97.693,5.131329e-05,6.1728,180.0
2009-01-20 00:00:00.000039936,18.004,83.34,92.600006,5.2740055e-05,6.6872,180.0
2009-01-20 03:00:00.000039936,18.004,83.34,92.600006,5.439729e-05,7.716,185.0
2009-01-20 06:00:00.000039936,18.004,83.34,92.600006,5.6281307e-05,8.2304,180.0
2009-01-20 09:00:00.000039936,18.004,83.34,92.600006,5.8154368e-05,7.716,175.0
2009-01-20 12:00:00.000039936,18.004,83.34,92.600006,5.9784e-05,5.6584,175.0
2009-01-20 15:00:00.000039936,19.5472,83.34,92.600006,6.0711227e-05,3.6008,185.0
2009-01-20 18:00:00.000039936,20.576,83.34,92.600006,6.14047e-05,3.6008,175.0
2009-01-20 21:00:00.000039936,20.576,83.34,92.600006,6.20965e-05,5.144,165.0
