Time,Vmax,Rmax_IBT,R34,fcor,u_trans,v_trans
2018-01-27 12:00:00.000039936,18.004,92.6,189.83,3.7500762e-05,8.2304,150.0
2018-01-27 15:00:00.000039936,19.5472,120.38,189.83,3.8483773e-05,0.5144,310.0
2018-01-27 18:00:00.000039936,20.576,148.16,189.83,3.9219805e-05,0.5144,110.0
2018-01-27 21:00:00.000039936,22.1192,148.16,192.145,3.995476e-05,5.144,140.0
2018-01-28 00:00:00.000039936,23.148,148.16,194.46,4.0688625e-05,5.6584,140.0
2018-01-28 03:00:00.000039936,23.148,148.16,194.46,4.142137e-05,4.1152,140.0
2018-01-28 06:00:00.000039936,23.148,148.16,194.46,4.2152973e-05,4.1152,140.0
2018-01-28 09:00:00.000039936,23.148,135.196,194.46,4.288343e-05,4.1152,140.0
2018-01-28 12:00:00.000039936,23.148,120.38,194.46,4.3612705e-05,4.1152,150.0
2018-01-28 15:00:00.000039936,24.6912,120.38,194.46,4.458322e-05,4.6296,160.0
2018-01-28 18:00:00.000039936,25.720001,120.38,194.46,4.5793287e-05,6.1728,155.0
2018-01-28 21:00:00.000039936,25.720001,88.895996,194.46,4.7240763e-05,7.2016,150.0
2018-01-29 00:00:00.000039936,25.720001,55.56,194.46,4.868306e-05,5.6584,145.0
2018-01-29 03:00:00.000039936,24.6912,55.56,194.46,4.9641636e-05,4.1152,140.0
2018-01-29 06:00:00.000039936,23.148,55.56,194.46,5.035898e-05,4.6296,140.0
2018-01-29 09:00:00.000039936,23.148,51.856,173.625,5.131329e-05,6.1728,150.0
2018-01-29 12:00:00.000039936,23.148,46.3,152.79,5.2740055e-05,7.716,160.0
2018-01-29 15:00:00.000039936,22.1192,64.82,150.47499,5.4869302e-05,9.2592,170.0
2018-01-29 18:00:00.000039936,20.576,83.34,148.16,5.721923e-05,9.7736,175.0
2018-01-29 21:00:00.000039936,20.576,101.86,162.04999,5.9086666e-05,9.2592,0.0
2018-01-30 00:00:00.000039936,20.576,120.38,175.94,6.0942573e-05,8.2304,185.0
2018-01-30 03:00:00.000039936,20.576,107.416,180.57,6.278661e-05,8.2304,185.0
2018-01-30 06:00:00.000039936,20.576,92.6,185.2,6.461839e-05,8.744801,180.0
2018-01-30 09:00:00.000039936,22.1192,120.38,185.2,6.666408e-05,10.288,175.0
2018-01-30 12:00:00.000039936,23.148,148.16,185.2,6.8917754e-05,11.3168,180.0
2018-01-30 15:00:00.000039936,23.148,148.16,189.83,7.159438e-05,12.3456,185.0
2018-01-30 18:00:00.000039936,23.148,148.16,194.45999,7.423962e-05,10.802401,185.0
2018-01-30 21:00:00.000039936,23.148,148.16,226.87,7.620224e-05,9.2592,180.0
2018-01-31 00:00:00.000039936,23.148,148.16,259.28,7.793102e-05,10.288,170.0
2018-01-31 03:00:00.000039936,23.148,148.16,289.375,8.007058e-05,11.8312,160.0
2018-01-31 06:00:00.000039936,23.148,148.16,319.47,8.239592e-05,12.3456,155.0
2018-01-31 09:00:00.000039936,24.6912,148.16,347.25,8.469088e-05,12.860001,150.0
2018-01-31 12:00:00.000039936,25.720001,148.16,375.03003,8.7362794e-05,15.432,155.0
2018-01-31 15:00:00.000039936,27.2632,148.16,375.03003,9.078879e-05,18.5184,155.0
