Time,Vmax,Rmax_IBT,R34,fcor,u_trans,v_trans
2015-01-27 06:00:00.000039936,18.004,83.34,173.62498,4.4825505e-05,2.0576,205.0
2015-01-27 09:00:00.000039936,19.5472,83.34,173.625,4.5309676e-05,2.0576,195.0
2015-01-27 12:00:00.000039936,20.576,83.34,173.62498,4.5793287e-05,1.0288,145.0
2015-01-27 15:00:00.000039936,20.576,83.34,168.995,4.6034886e-05,1.5432,90.0
2015-01-27 18:00:00.000039936,20.576,83.34,164.365,4.6034886e-05,2.572,105.0
2015-01-27 21:00:00.000039936,20.576,83.34,164.365,4.627635e-05,3.0864,120.0
2015-01-28 00:00:00.000039936,20.576,83.34,164.365,4.651767e-05,3.0864,120.0
2015-01-28 03:00:00.000039936,20.576,83.34,166.68,4.6999867e-05,3.0864,125.0
2015-01-28 06:00:00.000039936,20.576,83.34,168.995,4.748151e-05,3.0864,130.0
2015-01-28 09:00:00.000039936,22.1192,83.34,156.49399,4.796257e-05,3.0864,135.0
2015-01-28 12:00:00.000039936,23.148,83.34,143.53,4.844305e-05,3.0864,140.0
2015-01-28 15:00:00.000039936,22.1192,83.34,140.289,4.892293e-05,3.0864,145.0
2015-01-28 18:00:00.000039936,20.576,83.34,136.58499,4.9402213e-05,2.572,155.0
2015-01-28 21:00:00.000039936,20.576,88.895996,136.58499,4.9880902e-05,2.0576,160.0
2015-01-29 00:00:00.000039936,20.576,92.6,136.58499,5.035898e-05,2.572,165.0
2015-01-29 03:00:00.000039936,20.576,92.6,181.03299,5.1074945e-05,3.0864,160.0
2015-01-29 06:00:00.000039936,20.576,92.6,224.555,5.178951e-05,3.0864,155.0
2015-01-29 09:00:00.000039936,20.576,92.6,224.555,5.250265e-05,3.0864,150.0
2015-01-29 12:00:00.000039936,20.576,92.6,224.555,5.321436e-05,3.6008,145.0
2015-01-29 15:00:00.000039936,19.5472,101.86,233.35199,5.392461e-05,3.6008,145.0
2015-01-29 18:00:00.000039936,18.004,111.12,240.76,5.439729e-05,4.1152,145.0
2015-01-29 21:00:00.000039936,18.004,111.12,240.76,5.4869302e-05,4.6296,145.0
