Time,Vmax,Rmax_IBT,R34,fcor,u_trans,v_trans
2007-12-28 12:00:00.000039936,20.576,64.82,78.71,3.897458e-05,4.1152,180.0
2007-12-28 15:00:00.000039936,22.1192,61.116,92.13699,3.9709896e-05,5.144,195.0
2007-12-28 18:00:00.000039936,23.148,55.56,104.175,4.0688625e-05,4.1152,205.0
2007-12-28 21:00:00.000039936,27.2632,51.856,114.824,4.142137e-05,3.0864,220.0
2007-12-29 00:00:00.000039936,30.864,46.3,125.009995,4.2152973e-05,3.6008,225.0
2007-12-29 03:00:00.000039936,30.864,46.3,132.41798,4.2640077e-05,4.6296,230.0
2007-12-29 06:00:00.000039936,30.864,46.3,138.9,4.3369746e-05,4.6296,230.0
2007-12-29 09:00:00.000039936,30.864,46.3,143.993,4.409823e-05,4.6296,235.0
2007-12-29 12:00:00.000039936,30.864,46.3,148.16,4.4825505e-05,4.6296,245.0
2007-12-29 15:00:00.000039936,30.864,46.3,157.42,4.5309676e-05,5.144,250.0
2007-12-29 18:00:00.000039936,30.864,46.3,166.68,4.5551555e-05,5.6584,255.0
2007-12-29 21:00:00.000039936,30.864,46.3,166.68,4.6034886e-05,5.6584,250.0
2007-12-30 00:00:00.000039936,30.864,46.3,166.68,4.627635e-05,4.6296,250.0
2007-12-30 03:00:00.000039936,30.864,46.3,166.68,4.651767e-05,3.6008,250.0
2007-12-30 06:00:00.000039936,30.864,46.3,166.68,4.675884e-05,3.0864,250.0
2007-12-30 09:00:00.000039936,30.864,46.3,166.68,4.6999867e-05,2.572,260.0
2007-12-30 12:00:00.000039936,30.864,46.3,166.68,4.6999867e-05,2.0576,265.0
2007-12-30 15:00:00.000039936,29.835201,51.856,166.68,4.6999867e-05,2.0576,270.0
2007-12-30 18:00:00.000039936,28.292,55.56,166.68,4.6999867e-05,2.0576,270.0
2007-12-30 21:00:00.000039936,27.2632,55.56,166.68,4.6999867e-05,2.0576,270.0
2007-12-31 00:00:00.000039936,25.720001,55.56,166.68,4.6999867e-05,2.0576,265.0
2007-12-31 03:00:00.000039936,24.6912,55.56,166.68,4.6999867e-05,1.5432,260.0
2007-12-31 06:00:00.000039936,23.148,55.56,166.68,4.7240763e-05,2.0576,255.0
2007-12-31 09:00:00.000039936,22.1192,55.56,165.754,4.7240763e-05,2.0576,250.0
2007-12-31 12:00:00.000039936,20.576,55.56,164.36499,4.748151e-05,2.0576,230.0
2007-12-31 15:00:00.000039936,19.5472,64.82,164.36499,4.796257e-05,2.0576,210.0
2007-12-31 18:00:00.000039936,18.004,74.08,164.36499,4.844305e-05,2.0576,205.0
2007-12-31 21:00:00.000039936,18.004,74.08,164.36499,4.892293e-05,3.0864,205.0
