Time,Vmax,Rmax_IBT,R34,fcor,u_trans,v_trans
2011-01-22 06:00:00.000039936,20.576,37.04,78.71,3.231108e-05,6.6872,45.0
2011-01-22 09:00:00.000039936,23.148,37.04,96.304,3.131743e-05,6.1728,45.0
2011-01-22 12:00:00.000039936,25.720001,37.04,113.435,3.0322259e-05,6.1728,50.0
2011-01-22 15:00:00.000039936,25.720001,37.04,137.048,2.9824112e-05,5.144,55.0
2011-01-22 18:00:00.000039936,25.720001,37.04,159.73499,2.9574905e-05,2.0576,70.0
2011-01-22 21:00:00.000039936,24.6912,37.04,150.47499,2.9824112e-05,1.5432,185.0
2011-01-23 00:00:00.000039936,23.148,37.04,141.215,3.0322259e-05,2.572,180.0
2011-01-23 03:00:00.000039936,23.148,37.04,137.974,3.0820032e-05,3.0864,165.0
2011-01-23 06:00:00.000039936,23.148,37.04,134.27,3.156599e-05,3.0864,160.0
2011-01-23 09:00:00.000039936,24.6912,37.04,134.27,3.231108e-05,3.0864,160.0
2011-01-23 12:00:00.000039936,25.720001,37.04,134.27,3.330315e-05,3.6008,165.0
2011-01-23 15:00:00.000039936,25.720001,37.04,155.105,3.4293596e-05,4.1152,170.0
2011-01-23 18:00:00.000039936,25.720001,37.04,175.94,3.5282377e-05,5.144,175.0
2011-01-23 21:00:00.000039936,28.292,37.04,164.828,3.626943e-05,5.6584,185.0
2011-01-24 00:00:00.000039936,30.864,37.04,152.79,3.7500762e-05,5.144,190.0
2011-01-24 03:00:00.000039936,30.864,37.04,160.198,3.872924e-05,4.6296,200.0
2011-01-24 06:00:00.000039936,30.864,37.04,166.68,3.995476e-05,6.1728,205.0
2011-01-24 09:00:00.000039936,32.4072,37.04,166.68,4.1177245e-05,7.716,210.0
2011-01-24 12:00:00.000039936,33.436,37.04,166.68,4.288343e-05,9.7736,210.0
2011-01-24 15:00:00.000039936,34.979202,37.04,160.198,4.506766e-05,10.802401,215.0
2011-01-24 18:00:00.000039936,36.008,37.04,152.79001,4.748151e-05,11.8312,225.0
2011-01-24 21:00:00.000039936,37.5512,42.596,152.79001,4.9402213e-05,12.3456,235.0
2011-01-25 00:00:00.000039936,38.58,46.3,152.79001,5.083645e-05,12.860001,235.0
2011-01-25 03:00:00.000039936,42.6952,46.3,167.606,5.22651e-05,12.860001,240.0
2011-01-25 06:00:00.000039936,46.296,46.3,180.56999,5.3688025e-05,12.3456,245.0
2011-01-25 09:00:00.000039936,46.296,46.3,180.56999,5.4869302e-05,11.3168,255.0
2011-01-25 12:00:00.000039936,46.296,46.3,180.56999,5.5576067e-05,9.7736,255.0
2011-01-25 15:00:00.000039936,47.8392,42.596,180.56999,5.581132e-05,8.2304,255.0
2011-01-25 18:00:00.000039936,48.868,37.04,180.56999,5.6046403e-05,7.2016,255.0
2011-01-25 21:00:00.000039936,52.9832,37.04,180.56999,5.6516048e-05,7.2016,255.0
2011-01-26 00:00:00.000039936,56.584,37.04,180.56999,5.698501e-05,6.1728,260.0
2011-01-26 03:00:00.000039936,58.1272,37.04,189.83,5.7453286e-05,5.144,260.0
2011-01-26 06:00:00.000039936,59.156002,37.04,199.09001,5.7920843e-05,4.6296,250.0
2011-01-26 09:00:00.000039936,59.156002,37.04,199.09001,5.83877e-05,4.1152,235.0
2011-01-26 12:00:00.000039936,59.156002,37.04,199.09001,5.8853857e-05,4.6296,230.0
2011-01-26 15:00:00.000039936,56.584,37.04,203.72,5.9551734e-05,5.6584,230.0
2011-01-26 18:00:00.000039936,54.012,37.04,208.35,6.0479695e-05,6.1728,230.0
2011-01-26 21:00:00.000039936,52.9832,33.336,204.18298,6.14047e-05,6.1728,225.0
2011-01-27 00:00:00.000039936,51.440002,27.78,199.09001,6.2326726e-05,6.1728,220.0
2011-01-27 03:00:00.000039936,48.868,33.336,199.09001,6.324571e-05,5.6584,215.0
2011-01-27 06:00:00.000039936,46.296,37.04,199.09001,6.43901e-05,5.6584,215.0
2011-01-27 09:00:00.000039936,42.6952,37.04,199.09001,6.530208e-05,5.6584,210.0
2011-01-27 12:00:00.000039936,38.58,37.04,199.09001,6.643758e-05,5.6584,200.0
2011-01-27 15:00:00.000039936,36.008,37.04,196.77501,6.756802e-05,6.6872,190.0
2011-01-27 18:00:00.000039936,33.436,37.04,194.46,6.8917754e-05,8.2304,190.0
2011-01-27 21:00:00.000039936,30.864,37.04,194.46,7.092813e-05,9.7736,185.0
2011-01-28 00:00:00.000039936,28.292,37.04,194.46,7.2921e-05,9.7736,170.0
2011-01-28 03:00:00.000039936,25.720001,46.3,192.608,7.4458614e-05,10.288,155.0
2011-01-28 06:00:00.000039936,23.148,55.56,189.82999,7.641916e-05,11.8312,150.0
2011-01-28 09:00:00.000039936,23.148,64.82,189.82999,7.900381e-05,13.3744,145.0
