Time,Vmax,Rmax_IBT,R34,fcor,u_trans,v_trans
2013-01-08 06:00:00.000039936,20.576,64.82,74.08,3.1068776e-05,3.6008,255.0
2013-01-08 09:00:00.000039936,22.1192,61.116,83.34,3.131743e-05,3.0864,260.0
2013-01-08 12:00:00.000039936,23.148,55.56,92.6,3.131743e-05,3.6008,265.0
2013-01-08 15:00:00.000039936,25.720001,42.596,100.007996,3.131743e-05,3.0864,260.0
2013-01-08 18:00:00.000039936,28.292,27.78,106.490005,3.131743e-05,3.0864,255.0
2013-01-08 21:00:00.000039936,29.835201,33.336,115.75,3.156599e-05,2.572,245.0
2013-01-08 22:24:00.000061440,30.3496,35.188,119.454,3.1814445e-05,2.572,230.0
2013-01-09 00:00:00.000039936,30.864,37.04,125.009995,3.206281e-05,2.572,220.0
2013-01-09 03:00:00.000039936,32.4072,42.596,139.82599,3.2559245e-05,2.572,220.0
2013-01-09 06:00:00.000039936,33.436,46.3,152.79001,3.305528e-05,2.572,220.0
2013-01-09 09:00:00.000039936,33.436,46.3,152.79001,3.3550914e-05,2.572,220.0
2013-01-09 10:29:00.000044032,33.436,46.3,152.79001,3.3798577e-05,2.0576,205.0
2013-01-09 12:00:00.000039936,33.436,46.3,152.79001,3.404614e-05,2.0576,200.0
2013-01-09 15:00:00.000039936,34.979202,46.3,161.587,3.454095e-05,2.0576,205.0
2013-01-09 18:00:00.000039936,36.008,46.3,168.995,3.5035337e-05,2.572,195.0
2013-01-09 21:00:00.000039936,36.008,42.596,185.663,3.6022833e-05,3.0864,190.0
2013-01-09 22:07:00.000041984,36.008,40.744,191.219,3.626943e-05,5.144,190.0
2013-01-10 00:00:00.000039936,36.008,37.04,201.405,3.700857e-05,5.6584,195.0
2013-01-10 03:00:00.000039936,38.58,37.04,201.405,3.7746686e-05,5.144,200.0
2013-01-10 06:00:00.000039936,41.152,37.04,201.405,3.872924e-05,4.6296,200.0
2013-01-10 09:00:00.000039936,41.152,37.04,201.405,3.995476e-05,4.1152,195.0
2013-01-10 10:40:00.000045056,41.152,37.04,201.405,4.0444127e-05,4.6296,200.0
2013-01-10 12:00:00.000039936,41.152,37.04,201.405,4.093299e-05,4.6296,215.0
2013-01-10 13:07:00.000041984,41.6664,35.188,205.572,4.1177245e-05,4.1152,230.0
2013-01-10 15:00:00.000039936,42.6952,33.336,212.05402,4.1665367e-05,3.6008,240.0
2013-01-10 18:00:00.000039936,43.724,27.78,222.23999,4.2152973e-05,3.6008,240.0
2013-01-10 21:00:00.000039936,45.2672,27.78,231.5,4.288343e-05,4.1152,235.0
2013-01-10 21:51:00.000059392,45.2672,27.78,233.35199,4.288343e-05,4.6296,230.0
2013-01-10 22:41:00.000040960,45.7816,27.78,237.056,4.3126656e-05,4.1152,230.0
2013-01-11 00:00:00.000039936,46.296,27.78,240.76001,4.3369746e-05,3.6008,225.0
2013-01-11 03:00:00.000039936,50.4112,27.78,245.39,4.385554e-05,3.6008,225.0
2013-01-11 06:00:00.000039936,54.012,27.78,250.01999,4.4340795e-05,3.6008,230.0
2013-01-11 09:00:00.000039936,56.584,27.78,274.559,4.4825505e-05,3.0864,235.0
2013-01-11 10:22:00.000028672,57.6128,27.78,285.208,4.506766e-05,3.0864,230.0
2013-01-11 12:00:00.000039936,59.156002,27.78,298.635,4.5309676e-05,3.0864,230.0
2013-01-11 15:00:00.000039936,60.6992,27.78,305.58,4.5793287e-05,2.572,225.0
2013-01-11 18:00:00.000039936,61.728,27.78,312.525,4.6034886e-05,2.0576,220.0
2013-01-11 21:00:00.000039936,61.728,33.336,318.544,4.651767e-05,1.5432,205.0
2013-01-11 21:46:00.000036864,61.728,33.336,319.93298,4.651767e-05,2.572,210.0
2013-01-12 00:00:00.000039936,61.728,37.04,324.09998,4.6999867e-05,3.0864,200.0
2013-01-12 03:00:00.000039936,60.6992,37.04,335.675,4.748151e-05,3.0864,190.0
2013-01-12 06:00:00.000039936,59.156002,37.04,347.25,4.8202877e-05,3.6008,195.0
2013-01-12 09:00:00.000039936,56.584,37.04,358.825,4.892293e-05,3.6008,205.0
2013-01-12 12:00:00.000039936,54.012,37.04,370.4,4.9880902e-05,3.6008,210.0
2013-01-12 15:00:00.000039936,50.4112,37.04,370.4,5.059779e-05,3.6008,205.0
2013-01-12 18:00:00.000039936,46.296,37.04,370.4,5.155148e-05,3.6008,210.0
2013-01-12 21:00:00.000039936,43.724,42.596,363.918,5.22651e-05,3.6008,210.0
2013-01-12 22:28:00.000047104,42.6952,44.447998,360.214,5.2740055e-05,6.1728,205.0
2013-01-13 00:00:00.000039936,41.152,46.3,356.50998,5.321436e-05,6.1728,205.0
2013-01-13 03:00:00.000039936,40.1232,46.3,338.453,5.4161024e-05,5.144,200.0
2013-01-13 06:00:00.000039936,38.58,46.3,319.47,5.5340646e-05,5.144,200.0
2013-01-13 09:00:00.000039936,38.58,42.596,303.72797,5.6516048e-05,5.144,195.0
2013-01-13 12:00:00.000039936,38.58,37.04,287.06,5.768715e-05,5.144,195.0
2013-01-13 15:00:00.000039936,36.008,46.3,277.80002,5.8853857e-05,5.144,190.0
2013-01-13 18:00:00.000039936,33.436,55.56,268.54,6.0016075e-05,5.144,190.0
2013-01-13 21:00:00.000039936,32.4072,61.116,259.28,6.1173734e-05,5.6584,185.0
2013-01-14 00:00:00.000039936,30.864,64.82,250.02,6.255676e-05,5.6584,190.0
2013-01-14 03:00:00.000039936,27.2632,64.82,250.02,6.370404e-05,6.1728,185.0
2013-01-14 06:00:00.000039936,23.148,64.82,250.02,6.530208e-05,6.6872,180.0
2013-01-14 09:00:00.000039936,22.1192,64.82,244.001,6.756802e-05,6.6872,180.0
