Time,Vmax,Rmax_IBT,R34,fcor,u_trans,v_trans
2017-03-03 06:00:00.000039936,18.004,83.34,148.16,3.206281e-05,3.6008,245.0
2017-03-03 09:00:00.000039936,19.5472,83.34,148.16,3.231108e-05,2.0576,250.0
2017-03-03 12:00:00.000039936,20.576,83.34,148.16,3.2559245e-05,1.5432,240.0
2017-03-03 15:00:00.000039936,22.1192,83.34,148.16,3.280731e-05,1.5432,225.0
2017-03-03 18:00:00.000039936,23.148,83.34,148.16,3.305528e-05,1.0288,200.0
2017-03-03 21:00:00.000039936,25.720001,83.34,148.16,3.330315e-05,1.0288,165.0
2017-03-04 00:00:00.000039936,28.292,83.34,148.16,3.3550914e-05,1.5432,130.0
2017-03-04 03:00:00.000039936,29.835201,64.82,155.105,3.3798577e-05,2.0576,120.0
2017-03-04 06:00:00.000039936,30.864,46.3,162.05,3.404614e-05,1.5432,135.0
2017-03-04 09:00:00.000039936,30.864,46.3,162.05,3.4293596e-05,0.5144,135.0
2017-03-04 12:00:00.000039936,33.436,46.3,162.05,3.3798577e-05,0.5144,320.0
2017-03-04 15:00:00.000039936,34.979202,46.3,205.57199,3.3798577e-05,1.5432,290.0
2017-03-04 18:00:00.000039936,36.008,46.3,247.705,3.3798577e-05,1.5432,275.0
2017-03-04 21:00:00.000039936,37.5512,37.04,189.367,3.3798577e-05,1.5432,260.0
2017-03-05 00:00:00.000039936,38.58,27.78,129.64,3.3798577e-05,1.5432,255.0
2017-03-05 03:00:00.000039936,40.1232,33.336,239.834,3.404614e-05,1.5432,250.0
2017-03-05 06:00:00.000039936,41.152,37.04,349.565,3.4293596e-05,2.0576,245.0
2017-03-05 09:00:00.000039936,42.6952,42.596,349.565,3.454095e-05,2.572,245.0
2017-03-05 12:00:00.000039936,43.724,46.3,349.565,3.47882e-05,2.572,250.0
2017-03-05 15:00:00.000039936,45.2672,46.3,349.565,3.5035337e-05,2.0576,255.0
2017-03-05 18:00:00.000039936,46.296,46.3,349.565,3.5035337e-05,2.572,260.0
2017-03-05 21:00:00.000039936,46.296,46.3,349.565,3.5282377e-05,3.0864,265.0
2017-03-06 00:00:00.000039936,46.296,46.3,349.565,3.5282377e-05,3.0864,270.0
2017-03-06 03:00:00.000039936,47.8392,46.3,349.565,3.5282377e-05,3.0864,275.0
2017-03-06 06:00:00.000039936,48.868,46.3,349.565,3.5282377e-05,3.6008,265.0
2017-03-06 09:00:00.000039936,51.440002,46.3,349.565,3.5282377e-05,3.6008,260.0
2017-03-06 12:00:00.000039936,54.012,46.3,349.565,3.5529305e-05,3.6008,250.0
2017-03-06 15:00:00.000039936,59.156002,38.892,334.74902,3.577612e-05,3.6008,245.0
2017-03-06 18:00:00.000039936,64.3,31.484,319.47,3.626943e-05,4.1152,250.0
2017-03-06 21:00:00.000039936,65.8432,29.632,312.988,3.651592e-05,4.6296,255.0
2017-03-07 00:00:00.000039936,66.872,27.78,305.58,3.67623e-05,4.6296,260.0
2017-03-07 03:00:00.000039936,66.872,27.78,312.525,3.67623e-05,4.1152,270.0
2017-03-07 06:00:00.000039936,66.872,27.78,319.47,3.67623e-05,3.6008,285.0
2017-03-07 09:00:00.000039936,63.271202,27.78,315.303,3.651592e-05,2.572,290.0
2017-03-07 12:00:00.000039936,59.156002,27.78,310.21,3.651592e-05,2.0576,245.0
