Time,Vmax,Rmax_IBT,R34,fcor,u_trans,v_trans
2009-01-19 06:00:00.000039936,20.576,55.56,129.64,5.392461e-05,1.5432,215.0
2009-01-19 09:00:00.000039936,24.6912,55.56,129.64,5.439729e-05,1.0288,210.0
2009-01-19 12:00:00.000039936,28.292,55.56,129.64,5.4633376e-05,1.0288,55.0
2009-01-19 15:00:00.000039936,30.864,51.856,134.26999,5.4161024e-05,3.0864,45.0
2009-01-19 18:00:00.000039936,33.436,46.3,138.9,5.345127e-05,3.0864,45.0
2009-01-19 21:00:00.000039936,40.1232,42.596,151.864,5.2977284e-05,3.0864,45.0
2009-01-20 00:00:00.000039936,46.296,37.04,164.36499,5.250265e-05,3.6008,35.0
2009-01-20 03:00:00.000039936,48.868,37.04,164.36499,5.178951e-05,4.1152,35.0
2009-01-20 06:00:00.000039936,51.440002,37.04,164.36499,5.1074945e-05,3.0864,35.0
2009-01-20 09:00:00.000039936,55.5552,37.04,164.36499,5.059779e-05,2.0576,45.0
2009-01-20 12:00:00.000039936,59.156002,37.04,164.36499,5.012002e-05,2.572,65.0
2009-01-20 15:00:00.000039936,54.012,37.04,164.36499,4.9880902e-05,3.0864,85.0
2009-01-20 18:00:00.000039936,54.012,37.04,206.03499,5.012002e-05,3.0864,115.0
2009-01-20 21:00:00.000039936,52.9832,37.04,205.109,5.059779e-05,3.6008,140.0
2009-01-21 00:00:00.000039936,51.440002,37.04,203.71999,5.131329e-05,4.1152,140.0
