Time,Vmax,Rmax_IBT,R34,fcor,u_trans,v_trans
2015-01-28 00:00:00.000039936,25.720001,64.82,60.19,3.330315e-05,3.6008,140.0
2015-01-28 03:00:00.000039936,28.292,46.3,87.97,3.404614e-05,3.6008,145.0
2015-01-28 06:00:00.000039936,30.864,27.78,115.75,3.47882e-05,3.6008,145.0
2015-01-28 09:00:00.000039936,34.979202,27.78,120.842995,3.5282377e-05,3.0864,140.0
2015-01-28 12:00:00.000039936,38.58,27.78,125.01,3.577612e-05,3.0864,135.0
2015-01-28 15:00:00.000039936,42.6952,27.78,134.733,3.626943e-05,3.0864,135.0
2015-01-28 18:00:00.000039936,46.296,27.78,143.53,3.67623e-05,3.0864,130.0
2015-01-28 21:00:00.000039936,46.296,24.076,143.53,3.7254722e-05,3.0864,125.0
2015-01-29 00:00:00.000039936,46.296,18.52,143.53,3.7746686e-05,3.0864,120.0
2015-01-29 03:00:00.000039936,48.868,16.668,196.312,3.8238195e-05,3.0864,125.0
2015-01-29 06:00:00.000039936,51.440002,12.964,247.70499,3.872924e-05,4.1152,140.0
2015-01-29 09:00:00.000039936,55.5552,12.964,250.01999,3.9709896e-05,5.144,150.0
2015-01-29 12:00:00.000039936,59.156002,12.964,252.33499,4.0688625e-05,5.144,155.0
2015-01-29 15:00:00.000039936,64.3,20.372,252.33499,4.1665367e-05,4.6296,155.0
2015-01-29 18:00:00.000039936,69.444,27.78,252.33499,4.2640077e-05,4.6296,155.0
2015-01-29 21:00:00.000039936,70.9872,33.336,252.33499,4.3612705e-05,4.1152,155.0
2015-01-30 00:00:00.000039936,72.016,37.04,252.33499,4.458322e-05,4.1152,155.0
2015-01-30 03:00:00.000039936,72.016,29.632,252.33499,4.5309676e-05,4.1152,160.0
2015-01-30 06:00:00.000039936,72.016,22.223999,252.33499,4.6034886e-05,4.1152,155.0
2015-01-30 09:00:00.000039936,72.016,18.52,252.33499,4.6999867e-05,4.6296,150.0
2015-01-30 12:00:00.000039936,72.016,12.964,252.33499,4.796257e-05,4.1152,140.0
2015-01-30 15:00:00.000039936,70.9872,12.964,252.33499,4.868306e-05,4.1152,130.0
2015-01-30 18:00:00.000039936,69.444,12.964,252.33499,4.916265e-05,4.1152,120.0
2015-01-30 21:00:00.000039936,66.872,18.52,252.33499,4.9641636e-05,4.6296,110.0
2015-01-31 00:00:00.000039936,64.3,22.223999,252.33499,4.9880902e-05,5.144,110.0
2015-01-31 03:00:00.000039936,63.271202,22.223999,252.33499,5.035898e-05,5.6584,105.0
2015-01-31 06:00:00.000039936,61.728,22.223999,252.33499,5.083645e-05,6.1728,100.0
2015-01-31 09:00:00.000039936,60.6992,20.372,244.464,5.1074945e-05,7.2016,95.0
2015-01-31 12:00:00.000039936,59.156002,18.52,236.13,5.131329e-05,7.716,95.0
2015-01-31 15:00:00.000039936,55.5552,24.076,231.963,5.155148e-05,8.2304,95.0
2015-01-31 18:00:00.000039936,51.440002,27.78,226.87,5.155148e-05,8.2304,95.0
2015-01-31 21:00:00.000039936,48.868,33.336,229.648,5.155148e-05,8.2304,95.0
2015-02-01 00:00:00.000039936,46.296,37.04,231.5,5.178951e-05,9.7736,95.0
2015-02-01 03:00:00.000039936,43.724,37.04,231.5,5.2027382e-05,11.3168,95.0
2015-02-01 06:00:00.000039936,41.152,37.04,231.5,5.250265e-05,10.802401,95.0
2015-02-01 09:00:00.000039936,38.58,37.04,222.24,5.2740055e-05,10.288,100.0
2015-02-01 12:00:00.000039936,36.008,37.04,212.98,5.321436e-05,9.7736,105.0
2015-02-01 15:00:00.000039936,34.979202,37.04,212.98,5.3688025e-05,10.802401,110.0
2015-02-01 18:00:00.000039936,33.436,37.04,212.98,5.4633376e-05,12.860001,110.0
2015-02-01 21:00:00.000039936,32.4072,37.04,212.98,5.6046403e-05,15.9464,115.0
2015-02-02 00:00:00.000039936,30.864,37.04,212.98,5.7920843e-05,18.004,125.0
2015-02-02 03:00:00.000039936,29.835201,42.596,217.147,6.0711227e-05,20.0616,130.0
2015-02-02 06:00:00.000039936,28.292,46.3,219.925,6.393293e-05,21.0904,135.0
2015-02-02 09:00:00.000039936,27.2632,61.116,225.01799,6.734234e-05,20.576,140.0
2015-02-02 12:00:00.000039936,25.720001,74.08,229.185,7.115043e-05,21.604801,150.0
2015-02-02 15:00:00.000039936,25.720001,74.08,229.185,7.4895885e-05,24.1768,160.0
