Time,Vmax,Rmax_IBT,R34,fcor,u_trans,v_trans
2018-02-08 12:00:00.000039936,18.004,74.08,166.68,3.9464914e-05,9.2592,65.0
2018-02-08 15:00:00.000039936,20.576,74.08,192.14499,3.7992504e-05,10.288,55.0
2018-02-08 18:00:00.000039936,23.148,74.08,217.61,3.651592e-05,10.802401,65.0
2018-02-08 21:00:00.000039936,23.148,79.636,224.555,3.577612e-05,10.288,80.0
2018-02-09 00:00:00.000039936,23.148,83.34,231.5,3.5282377e-05,7.2016,90.0
2018-02-09 03:00:00.000039936,23.148,83.34,233.815,3.5282377e-05,5.144,100.0
2018-02-09 06:00:00.000039936,23.148,83.34,236.13,3.5529305e-05,5.144,100.0
2018-02-09 09:00:00.000039936,24.6912,83.34,240.76,3.577612e-05,6.1728,95.0
2018-02-09 12:00:00.000039936,25.720001,83.34,245.39,3.626943e-05,7.716,100.0
2018-02-09 15:00:00.000039936,27.2632,83.34,250.01999,3.700857e-05,8.744801,105.0
2018-02-09 18:00:00.000039936,28.292,83.34,254.65,3.7746686e-05,10.288,110.0
2018-02-09 21:00:00.000039936,29.835201,83.34,256.965,3.8483773e-05,10.802401,120.0
2018-02-10 00:00:00.000039936,30.864,83.34,259.28,3.9709896e-05,9.7736,130.0
2018-02-10 03:00:00.000039936,32.4072,83.34,250.01999,4.142137e-05,8.2304,145.0
2018-02-10 06:00:00.000039936,33.436,83.34,240.76001,4.3126656e-05,7.716,160.0
2018-02-10 09:00:00.000039936,34.979202,83.34,238.445,4.4825505e-05,6.6872,170.0
2018-02-10 12:00:00.000039936,36.008,83.34,236.12999,4.627635e-05,5.6584,175.0
2018-02-10 15:00:00.000039936,37.5512,64.82,236.13,4.748151e-05,4.6296,180.0
2018-02-10 18:00:00.000039936,38.58,46.3,236.13,4.868306e-05,5.144,175.0
2018-02-10 21:00:00.000039936,41.152,46.3,233.815,4.9880902e-05,5.6584,175.0
2018-02-11 00:00:00.000039936,43.724,46.3,231.5,5.1074945e-05,4.6296,195.0
2018-02-11 03:00:00.000039936,45.2672,46.3,231.5,5.178951e-05,4.1152,225.0
2018-02-11 06:00:00.000039936,46.296,46.3,231.5,5.22651e-05,5.144,240.0
2018-02-11 09:00:00.000039936,47.8392,46.3,231.5,5.2740055e-05,5.6584,245.0
2018-02-11 12:00:00.000039936,48.868,46.3,231.5,5.321436e-05,6.1728,255.0
2018-02-11 15:00:00.000039936,50.4112,46.3,238.445,5.3688025e-05,6.1728,260.0
2018-02-11 18:00:00.000039936,51.440002,46.3,245.38998,5.392461e-05,6.1728,265.0
2018-02-11 21:00:00.000039936,55.5552,46.3,247.70499,5.392461e-05,6.6872,270.0
2018-02-12 00:00:00.000039936,59.156002,46.3,250.01999,5.392461e-05,6.6872,275.0
2018-02-12 03:00:00.000039936,61.728,42.596,250.01999,5.3688025e-05,6.6872,275.0
2018-02-12 06:00:00.000039936,64.3,37.04,250.01999,5.345127e-05,7.2016,280.0
2018-02-12 09:00:00.000039936,63.271202,37.04,252.33499,5.321436e-05,7.716,280.0
2018-02-12 12:00:00.000039936,61.728,37.04,254.65,5.2977284e-05,7.2016,275.0
2018-02-12 15:00:00.000039936,60.6992,33.336,254.65,5.2977284e-05,6.6872,270.0
2018-02-12 18:00:00.000039936,59.156002,27.78,254.65,5.2977284e-05,6.6872,275.0
2018-02-12 21:00:00.000039936,58.1272,33.336,254.65,5.2977284e-05,7.2016,275.0
2018-02-13 00:00:00.000039936,56.584,37.04,254.65,5.2740055e-05,6.1728,275.0
2018-02-13 03:00:00.000039936,56.584,46.3,254.65,5.250265e-05,5.144,275.0
2018-02-13 06:00:00.000039936,56.584,55.56,254.65,5.22651e-05,5.144,275.0
2018-02-13 09:00:00.000039936,56.584,38.892,254.65,5.22651e-05,5.144,275.0
2018-02-13 12:00:00.000039936,56.584,22.223999,254.65,5.22651e-05,4.6296,275.0
2018-02-13 15:00:00.000039936,58.1272,29.632,254.65,5.22651e-05,4.1152,275.0
2018-02-13 18:00:00.000039936,59.156002,37.04,254.65,5.22651e-05,4.1152,270.0
2018-02-13 21:00:00.000039936,59.156002,35.188,254.65,5.22651e-05,4.6296,260.0
2018-02-14 00:00:00.000039936,59.156002,31.484,254.65,5.250265e-05,3.6008,255.0
2018-02-14 03:00:00.000039936,58.1272,29.632,254.65,5.250265e-05,3.0864,255.0
2018-02-14 06:00:00.000039936,56.584,27.78,254.65,5.2740055e-05,4.1152,255.0
2018-02-14 09:00:00.000039936,56.584,33.336,254.65,5.2977284e-05,4.6296,255.0
2018-02-14 12:00:00.000039936,56.584,37.04,254.65,5.321436e-05,4.1152,265.0
2018-02-14 15:00:00.000039936,54.012,37.04,254.65,5.321436e-05,3.6008,270.0
2018-02-14 18:00:00.000039936,51.440002,37.04,254.65,5.321436e-05,4.1152,270.0
2018-02-14 21:00:00.000039936,50.4112,51.856,256.965,5.321436e-05,4.1152,265.0
2018-02-15 00:00:00.000039936,48.868,64.82,259.28,5.345127e-05,4.1152,255.0
2018-02-15 03:00:00.000039936,48.868,61.116,259.28,5.3688025e-05,4.1152,250.0
2018-02-15 06:00:00.000039936,48.868,55.56,259.28,5.4161024e-05,5.144,250.0
2018-02-15 09:00:00.000039936,50.4112,51.856,259.28,5.439729e-05,6.1728,255.0
2018-02-15 12:00:00.000039936,51.440002,46.3,259.28,5.4633376e-05,6.1728,255.0
2018-02-15 15:00:00.000039936,51.440002,46.3,259.28,5.4869302e-05,5.144,255.0
2018-02-15 18:00:00.000039936,51.440002,46.3,259.28,5.5340646e-05,5.6584,260.0
2018-02-15 21:00:00.000039936,50.4112,46.3,263.91,5.5576067e-05,5.6584,255.0
2018-02-16 00:00:00.000039936,48.868,46.3,268.54,5.6046403e-05,5.6584,250.0
2018-02-16 03:00:00.000039936,47.8392,46.3,270.855,5.6516048e-05,5.144,240.0
2018-02-16 06:00:00.000039936,46.296,46.3,273.17,5.698501e-05,5.144,235.0
2018-02-16 09:00:00.000039936,43.724,51.856,273.17,5.768715e-05,5.144,235.0
2018-02-16 12:00:00.000039936,41.152,55.56,273.17,5.8154368e-05,4.6296,240.0
2018-02-16 15:00:00.000039936,40.1232,55.56,275.485,5.862087e-05,4.1152,250.0
2018-02-16 18:00:00.000039936,38.58,55.56,277.8,5.9086666e-05,4.1152,245.0
2018-02-16 21:00:00.000039936,37.5512,55.56,277.8,5.9784e-05,4.1152,235.0
2018-02-17 00:00:00.000039936,36.008,55.56,277.8,6.0479695e-05,4.6296,235.0
2018-02-17 03:00:00.000039936,34.979202,55.56,275.485,6.1173734e-05,4.6296,235.0
2018-02-17 06:00:00.000039936,33.436,55.56,273.16998,6.1635496e-05,4.6296,240.0
2018-02-17 09:00:00.000039936,30.864,55.56,254.65,6.20965e-05,4.1152,235.0
2018-02-17 12:00:00.000039936,28.292,55.56,236.13,6.278661e-05,4.6296,235.0
2018-02-17 15:00:00.000039936,28.292,55.56,236.13,6.324571e-05,4.6296,230.0
2018-02-17 18:00:00.000039936,28.292,55.56,236.13,6.393293e-05,4.6296,225.0
2018-02-17 21:00:00.000039936,28.292,64.82,236.13,6.461839e-05,4.6296,225.0
2018-02-18 00:00:00.000039936,28.292,74.08,236.13,6.530208e-05,4.6296,220.0
2018-02-18 03:00:00.000039936,28.292,74.08,243.07498,6.5983986e-05,4.1152,215.0
2018-02-18 06:00:00.000039936,28.292,74.08,250.01999,6.689037e-05,4.1152,215.0
2018-02-18 09:00:00.000039936,28.292,79.636,252.33499,6.756802e-05,4.1152,210.0
2018-02-18 12:00:00.000039936,28.292,83.34,254.65,6.8243826e-05,5.144,205.0
2018-02-18 15:00:00.000039936,28.292,92.6,259.28,6.958979e-05,6.6872,200.0
2018-02-18 18:00:00.000039936,28.292,101.86,263.91,7.115043e-05,7.716,190.0
2018-02-18 21:00:00.000039936,28.292,92.6,270.855,7.2921e-05,8.2304,175.0
2018-02-19 00:00:00.000039936,28.292,83.34,277.8,7.467736e-05,8.744801,165.0
2018-02-19 03:00:00.000039936,28.292,83.34,284.745,7.641916e-05,8.744801,155.0
2018-02-19 06:00:00.000039936,28.292,83.34,291.69,7.814606e-05,9.2592,150.0
2018-02-19 09:00:00.000039936,28.292,83.34,307.895,8.007058e-05,9.7736,145.0
2018-02-19 12:00:00.000039936,28.292,83.34,324.1,8.197536e-05,12.860001,130.0
2018-02-19 15:00:00.000039936,28.292,83.34,324.1,8.365155e-05,15.432,125.0
2018-02-19 18:00:00.000039936,28.292,83.34,324.1,8.5311396e-05,16.9752,135.0
2018-02-19 21:00:00.000039936,27.2632,83.34,324.1,8.7362794e-05,17.489601,145.0
