Time,Vmax,Rmax_IBT,R34,fcor,u_trans,v_trans
2007-01-24 09:00:00.000039936,22.1192,70.376,49.541,3.67623e-05,12.3456,95.0
2007-01-24 12:00:00.000039936,28.292,55.56,99.545006,3.700857e-05,11.8312,95.0
2007-01-24 15:00:00.000039936,30.864,46.3,106.02699,3.7500762e-05,10.802401,100.0
2007-01-24 18:00:00.000039936,33.436,37.04,111.119995,3.7992504e-05,10.802401,100.0
2007-01-24 21:00:00.000039936,33.436,37.04,117.602,3.8483773e-05,10.288,105.0
2007-01-25 00:00:00.000039936,33.436,37.04,122.695,3.9219805e-05,10.288,110.0
2007-01-25 03:00:00.000039936,32.4072,33.336,121.769,4.0199502e-05,9.7736,115.0
2007-01-25 06:00:00.000039936,30.864,27.78,120.38,4.1177245e-05,10.288,110.0
2007-01-25 09:00:00.000039936,29.835201,27.78,129.177,4.1909232e-05,10.288,110.0
2007-01-25 12:00:00.000039936,28.292,27.78,136.58499,4.2640077e-05,10.802401,115.0
2007-01-25 15:00:00.000039936,25.720001,37.04,127.325,4.385554e-05,10.802401,120.0
2007-01-25 18:00:00.000039936,23.148,46.3,118.065,4.5309676e-05,10.288,130.0
2007-01-25 21:00:00.000039936,23.148,51.856,113.897995,4.6999867e-05,9.7736,140.0
