Time,Vmax,Rmax_IBT,R34,fcor,u_trans,v_trans
2003-01-08 18:00:00.000040448,20.576,74.08,166.68001,3.4293596e-05,3.0864,170.0
2003-01-08 21:00:00.000040448,23.148,74.08,194.45999,3.5035337e-05,3.0864,165.0
2003-01-09 00:00:00.000040448,25.720001,74.08,222.24,3.6022833e-05,3.0864,155.0
2003-01-09 03:00:00.000040448,25.720001,74.08,222.24,3.67623e-05,3.0864,155.0
2003-01-09 06:00:00.000040448,25.720001,74.08,222.24,3.7746686e-05,4.1152,160.0
2003-01-09 09:00:00.000040448,27.2632,74.08,208.35,3.872924e-05,5.144,165.0
2003-01-09 12:00:00.000040448,28.292,74.08,194.46,3.9709896e-05,5.144,175.0
2003-01-09 15:00:00.000040448,29.835201,61.116,196.77501,4.0688625e-05,5.144,180.0
2003-01-09 18:00:00.000040448,30.864,46.3,199.09,4.1909232e-05,5.144,195.0
2003-01-09 21:00:00.000040448,32.4072,46.3,210.66501,4.3126656e-05,5.6584,205.0
2003-01-10 00:00:00.000040448,33.436,46.3,222.23999,4.4340795e-05,5.6584,205.0
2003-01-10 03:00:00.000040448,33.436,46.3,222.23999,4.5551555e-05,6.1728,200.0
2003-01-10 06:00:00.000040448,33.436,46.3,222.23999,4.6999867e-05,6.6872,200.0
2003-01-10 09:00:00.000040448,33.436,46.3,222.23999,4.844305e-05,7.2016,195.0
2003-01-10 12:00:00.000040448,33.436,46.3,222.23999,5.012002e-05,7.716,195.0
2003-01-10 15:00:00.000040448,33.436,46.3,224.555,5.2027382e-05,8.2304,190.0
2003-01-10 18:00:00.000040448,33.436,46.3,226.87,5.392461e-05,8.2304,185.0
2003-01-10 21:00:00.000040448,32.4072,51.856,226.87,5.581132e-05,7.716,185.0
2003-01-11 00:00:00.000040448,30.864,55.56,226.87,5.768715e-05,7.716,185.0
2003-01-11 03:00:00.000040448,29.835201,55.56,226.87,5.9319285e-05,7.2016,180.0
2003-01-11 06:00:00.000040448,28.292,55.56,226.87,6.0942573e-05,7.2016,175.0
2003-01-11 09:00:00.000040448,27.2632,55.56,226.87,6.255676e-05,6.6872,165.0
2003-01-11 12:00:00.000040448,25.720001,55.56,226.87,6.393293e-05,6.1728,155.0
2003-01-11 15:00:00.000040448,24.6912,61.116,210.66501,6.4846485e-05,5.6584,150.0
