Time,Vmax,Rmax_IBT,R34,fcor,u_trans,v_trans
2016-01-28 21:00:00.000039936,18.004,83.34,45.374,4.288343e-05,1.5432,170.0
2016-01-29 00:00:00.000039936,20.576,83.34,92.6,4.3126656e-05,1.5432,165.0
2016-01-29 03:00:00.000039936,22.1192,83.34,92.6,4.3369746e-05,2.0576,160.0
2016-01-29 04:13:00.000060416,22.6336,83.34,92.6,4.3612705e-05,1.5432,150.0
2016-01-29 06:00:00.000039936,23.148,83.34,92.6,4.385554e-05,1.5432,145.0
2016-01-29 09:00:00.000039936,23.148,64.82,96.30399,4.4340795e-05,1.5432,145.0
2016-01-29 12:00:00.000039936,23.148,46.3,99.545,4.458322e-05,1.5432,140.0
2016-01-29 15:00:00.000039936,25.720001,46.3,101.397,4.4825505e-05,1.5432,130.0
2016-01-29 17:19:00.000066560,27.7776,46.3,101.86,4.506766e-05,1.5432,120.0
2016-01-29 18:00:00.000039936,28.292,46.3,101.86,4.506766e-05,1.5432,105.0
2016-01-29 21:00:00.000039936,29.835201,46.3,101.86,4.5309676e-05,2.0576,115.0
2016-01-30 00:00:00.000039936,30.864,46.3,101.86,4.5551555e-05,2.572,140.0
2016-01-30 03:00:00.000039936,32.4072,46.3,122.231995,4.6034886e-05,3.0864,155.0
2016-01-30 06:00:00.000039936,33.436,46.3,141.215,4.651767e-05,3.0864,150.0
2016-01-30 09:00:00.000039936,33.436,46.3,141.215,4.7240763e-05,3.0864,150.0
2016-01-30 12:00:00.000039936,33.436,46.3,141.215,4.796257e-05,3.6008,150.0
2016-01-30 15:00:00.000039936,30.864,55.56,150.47499,4.892293e-05,4.6296,160.0
