Time,Vmax,Rmax_IBT,R34,fcor,u_trans,v_trans
2013-01-21 18:00:00.000039936,20.576,55.56,83.34,3.0820032e-05,4.6296,125.0
2013-01-21 21:00:00.000039936,22.1192,55.56,83.34,3.156599e-05,3.6008,120.0
2013-01-22 00:00:00.000039936,23.148,55.56,83.34,3.231108e-05,2.572,120.0
2013-01-22 03:00:00.000039936,23.148,64.82,86.118,3.2559245e-05,2.0576,120.0
2013-01-22 06:00:00.000039936,23.148,74.08,87.97,3.280731e-05,2.0576,115.0
2013-01-22 09:00:00.000039936,23.148,64.82,87.97,3.305528e-05,2.0576,105.0
2013-01-22 12:00:00.000039936,23.148,55.56,87.97,3.330315e-05,1.5432,90.0
2013-01-22 15:00:00.000039936,23.148,55.56,87.97,3.305528e-05,1.5432,90.0
2013-01-22 18:00:00.000039936,23.148,55.56,87.97,3.280731e-05,2.0576,125.0
2013-01-22 21:00:00.000039936,23.148,55.56,87.97,3.330315e-05,3.0864,140.0
2013-01-23 00:00:00.000039936,23.148,55.56,87.97,3.404614e-05,3.0864,135.0
2013-01-23 03:00:00.000039936,23.148,55.56,87.97,3.4293596e-05,3.0864,105.0
2013-01-23 06:00:00.000039936,23.148,55.56,87.97,3.4293596e-05,4.6296,75.0
2013-01-23 09:00:00.000039936,23.148,55.56,87.97,3.3798577e-05,5.6584,65.0
2013-01-23 12:00:00.000039936,23.148,55.56,87.97,3.330315e-05,3.6008,70.0
2013-01-23 15:00:00.000039936,23.148,55.56,79.173004,3.305528e-05,1.5432,100.0
2013-01-23 18:00:00.000039936,23.148,55.56,69.450005,3.305528e-05,3.0864,95.0
2013-01-23 21:00:00.000039936,25.720001,55.56,75.006004,3.330315e-05,4.6296,95.0
2013-01-24 00:00:00.000039936,28.292,55.56,78.71,3.3550914e-05,5.144,105.0
2013-01-24 03:00:00.000039936,30.864,46.3,87.96999,3.404614e-05,5.6584,115.0
2013-01-24 06:00:00.000039936,33.436,37.04,97.23,3.454095e-05,5.6584,115.0
2013-01-24 09:00:00.000039936,33.436,37.04,109.268,3.5035337e-05,5.144,115.0
2013-01-24 12:00:00.000039936,33.436,37.04,120.380005,3.577612e-05,5.6584,115.0
2013-01-24 15:00:00.000039936,37.5512,37.04,122.232,3.626943e-05,6.1728,115.0
2013-01-24 18:00:00.000039936,41.152,37.04,122.695,3.700857e-05,6.6872,125.0
2013-01-24 21:00:00.000039936,42.6952,33.336,147.234,3.7992504e-05,6.6872,135.0
2013-01-25 00:00:00.000039936,43.724,27.78,171.31001,3.872924e-05,5.6584,130.0
2013-01-25 03:00:00.000039936,42.6952,27.78,198.16399,3.897458e-05,4.1152,120.0
2013-01-25 06:00:00.000039936,41.152,27.78,224.555,3.9219805e-05,3.0864,125.0
2013-01-25 09:00:00.000039936,40.1232,27.78,224.555,3.9709896e-05,2.572,140.0
2013-01-25 12:00:00.000039936,38.58,27.78,224.555,4.0444127e-05,2.0576,140.0
2013-01-25 15:00:00.000039936,36.008,33.336,209.739,4.093299e-05,2.572,135.0
2013-01-25 18:00:00.000039936,33.436,37.04,194.46,4.1665367e-05,3.6008,150.0
2013-01-25 21:00:00.000039936,30.864,46.3,194.46,4.2640077e-05,4.6296,160.0
2013-01-26 00:00:00.000039936,28.292,55.56,194.46,4.385554e-05,5.144,170.0
2013-01-26 03:00:00.000039936,27.2632,61.116,183.348,4.506766e-05,5.6584,170.0
2013-01-26 06:00:00.000039936,25.720001,64.82,171.31,4.651767e-05,6.6872,155.0
2013-01-26 09:00:00.000039936,25.720001,64.82,171.31,4.8202877e-05,7.716,150.0
2013-01-26 12:00:00.000039936,25.720001,64.82,171.31,4.9880902e-05,7.716,160.0
2013-01-26 15:00:00.000039936,24.6912,64.82,162.05,5.178951e-05,8.2304,175.0
2013-01-26 18:00:00.000039936,23.148,64.82,152.79,5.3688025e-05,8.744801,170.0
2013-01-26 21:00:00.000039936,22.1192,70.376,152.79,5.5576067e-05,8.2304,165.0
2013-01-27 00:00:00.000039936,20.576,74.08,152.79,5.7453286e-05,6.1728,160.0
2013-01-27 03:00:00.000039936,19.5472,83.34,152.79,5.8853857e-05,4.1152,150.0
