Time,Vmax,Rmax_IBT,R34,fcor,u_trans,v_trans
2003-01-11 18:00:00.000040448,18.004,92.6,222.24,2.807779e-05,1.5432,175.0
2003-01-11 20:00:00.000053760,19.0328,92.6,222.24,2.8327528e-05,1.5432,135.0
2003-01-11 21:00:00.000040448,19.5472,92.6,222.24,2.8327528e-05,1.5432,245.0
2003-01-12 00:00:00.000040448,20.576,92.6,222.24,2.857718e-05,2.0576,240.0
2003-01-12 03:00:00.000040448,22.1192,83.34,222.24,2.882674e-05,2.572,215.0
2003-01-12 06:00:00.000040448,23.148,74.08,222.24,2.9076216e-05,2.572,210.0
2003-01-12 09:00:00.000040448,25.720001,74.08,222.24,2.9574905e-05,2.572,215.0
2003-01-12 12:00:00.000040448,28.292,74.08,222.24,3.0073232e-05,2.572,205.0
2003-01-12 15:00:00.000040448,30.864,70.376,226.87,3.0820032e-05,3.0864,195.0
2003-01-12 18:00:00.000040448,33.436,64.82,231.5,3.156599e-05,3.6008,190.0
2003-01-12 21:00:00.000040448,36.008,64.82,236.13,3.2559245e-05,4.1152,185.0
2003-01-13 00:00:00.000040448,38.58,64.82,240.76001,3.3550914e-05,4.6296,0.0
2003-01-13 03:00:00.000040448,41.152,64.82,247.70499,3.47882e-05,5.144,180.0
2003-01-13 06:00:00.000040448,43.724,64.82,254.65,3.6022833e-05,5.6584,180.0
2003-01-13 09:00:00.000040448,45.2672,64.82,254.65,3.700857e-05,6.1728,180.0
2003-01-13 12:00:00.000040448,46.296,64.82,254.65,3.8483773e-05,7.2016,175.0
2003-01-13 15:00:00.000040448,47.8392,64.82,250.01999,4.0444127e-05,8.744801,170.0
2003-01-13 18:00:00.000040448,48.868,64.82,245.38998,4.2640077e-05,10.288,165.0
2003-01-13 21:00:00.000040448,52.9832,51.856,247.70499,4.5309676e-05,11.8312,160.0
2003-01-14 00:00:00.000040448,56.584,37.04,250.01999,4.796257e-05,11.3168,155.0
2003-01-14 03:00:00.000040448,56.584,37.04,250.01999,5.035898e-05,11.3168,150.0
2003-01-14 06:00:00.000040448,56.584,37.04,250.01999,5.250265e-05,12.3456,145.0
2003-01-14 09:00:00.000040448,55.5552,37.04,250.01999,5.4869302e-05,14.4032,140.0
2003-01-14 12:00:00.000040448,54.012,37.04,250.01999,5.7453286e-05,15.432,135.0
2003-01-14 15:00:00.000040448,52.9832,42.596,253.724,5.9784e-05,16.4608,130.0
2003-01-14 18:00:00.000040448,51.440002,46.3,256.965,6.20965e-05,18.004,125.0
2003-01-14 21:00:00.000040448,48.868,51.856,256.965,6.43901e-05,19.0328,120.0
2003-01-15 00:00:00.000040448,46.296,55.56,256.965,6.666408e-05,18.5184,120.0
2003-01-15 03:00:00.000040448,41.152,55.56,256.965,6.869332e-05,17.489601,115.0
