Time,Vmax,Rmax_IBT,R34,fcor,u_trans,v_trans
2010-01-27 18:00:00.000039936,23.148,83.34,92.6,4.1665367e-05,9.2592,140.0
2010-01-27 21:00:00.000039936,24.6912,83.34,92.6,4.288343e-05,9.7736,140.0
2010-01-28 00:00:00.000039936,25.720001,83.34,92.6,4.409823e-05,8.2304,135.0
2010-01-28 03:00:00.000039936,25.720001,83.34,92.6,4.5309676e-05,6.6872,125.0
2010-01-28 06:00:00.000039936,25.720001,83.34,92.6,4.651767e-05,6.6872,125.0
2010-01-28 09:00:00.000039936,27.2632,74.08,98.619,4.748151e-05,7.2016,125.0
2010-01-28 12:00:00.000039936,28.292,64.82,104.175,4.844305e-05,5.6584,125.0
2010-01-28 15:00:00.000039936,25.720001,64.82,104.175,4.892293e-05,4.1152,125.0
2010-01-28 18:00:00.000039936,23.148,64.82,104.175,4.9402213e-05,3.6008,115.0
2010-01-28 21:00:00.000039936,23.148,64.82,104.175,4.9880902e-05,3.0864,105.0
2010-01-29 00:00:00.000039936,23.148,64.82,104.175,5.012002e-05,3.0864,95.0
2010-01-29 03:00:00.000039936,22.1192,64.82,104.175,5.012002e-05,2.572,85.0
2010-01-29 06:00:00.000039936,20.576,64.82,104.175,4.9880902e-05,2.572,65.0
2010-01-29 09:00:00.000039936,19.5472,64.82,104.175,4.9402213e-05,2.572,45.0
2010-01-29 12:00:00.000039936,18.004,64.82,104.175,4.892293e-05,3.0864,40.0
2010-01-29 15:00:00.000039936,18.004,64.82,104.175,4.8202877e-05,3.6008,35.0
2010-01-29 18:00:00.000039936,18.004,64.82,104.175,4.748151e-05,3.6008,30.0
2010-01-29 21:00:00.000039936,18.004,64.82,104.175,4.675884e-05,3.6008,30.0
