Time,Vmax,Rmax_IBT,R34,fcor,u_trans,v_trans
2004-02-04 18:00:00.000040448,54.012,27.78,240.76,4.7722115e-05,2.0576,195.0
2004-02-04 21:00:00.000040448,54.012,27.78,240.76,4.8202877e-05,2.572,175.0
2004-02-05 00:00:00.000040448,54.012,27.78,240.76,4.892293e-05,3.0864,165.0
2004-02-05 03:00:00.000040448,52.9832,27.78,240.76,4.9402213e-05,3.0864,155.0
2004-02-05 06:00:00.000040448,51.440002,27.78,240.76,5.012002e-05,3.0864,145.0
2004-02-05 09:00:00.000040448,47.8392,33.336,240.76,5.059779e-05,3.6008,135.0
2004-02-05 12:00:00.000040448,43.724,37.04,240.76,5.131329e-05,3.6008,135.0
2004-02-05 15:00:00.000040448,41.152,42.596,263.91,5.2027382e-05,4.1152,135.0
2004-02-05 18:00:00.000040448,38.58,46.3,287.06,5.2740055e-05,4.1152,130.0
2004-02-05 21:00:00.000040448,36.008,46.3,296.32,5.345127e-05,4.6296,125.0
2004-02-06 00:00:00.000040448,33.436,46.3,305.58,5.392461e-05,5.144,120.0
2004-02-06 03:00:00.000040448,29.835201,51.856,291.69,5.439729e-05,5.6584,120.0
2004-02-06 06:00:00.000040448,25.720001,55.56,277.8,5.510506e-05,6.6872,120.0
2004-02-06 09:00:00.000040448,24.6912,55.56,268.54,5.6046403e-05,7.2016,125.0
2004-02-06 12:00:00.000040448,23.148,55.56,259.28,5.698501e-05,8.2304,125.0
2004-02-06 15:00:00.000040448,22.1192,55.56,226.87,5.7920843e-05,8.744801,125.0
