Time,Vmax,Rmax_IBT,R34,fcor,u_trans,v_trans
2015-01-31 00:00:00.000039936,23.148,64.82,101.86,4.385554e-05,2.0576,125.0
2015-01-31 03:00:00.000039936,23.148,64.82,104.175,4.409823e-05,3.6008,145.0
2015-01-31 06:00:00.000039936,23.148,64.82,106.490005,4.458322e-05,3.6008,155.0
2015-01-31 09:00:00.000039936,25.720001,64.82,106.490005,4.506766e-05,3.0864,165.0
2015-01-31 12:00:00.000039936,28.292,64.82,106.490005,4.5793287e-05,3.0864,170.0
2015-01-31 15:00:00.000039936,30.864,64.82,111.58301,4.651767e-05,3.0864,165.0
2015-01-31 18:00:00.000039936,33.436,64.82,115.75,4.748151e-05,4.6296,170.0
2015-01-31 21:00:00.000039936,34.979202,46.3,115.75,4.844305e-05,5.6584,170.0
2015-02-01 00:00:00.000039936,36.008,27.78,115.75,4.9402213e-05,4.1152,175.0
2015-02-01 03:00:00.000039936,37.5512,27.78,117.139,5.035898e-05,2.572,0.0
2015-02-01 06:00:00.000039936,38.58,27.78,118.064995,5.1074945e-05,2.0576,0.0
2015-02-01 09:00:00.000039936,41.152,27.78,118.528,5.155148e-05,3.0864,175.0
2015-02-01 12:00:00.000039936,43.724,27.78,118.065,5.2027382e-05,3.6008,0.0
2015-02-01 15:00:00.000039936,40.1232,27.78,117.139,5.2977284e-05,4.6296,180.0
2015-02-01 18:00:00.000039936,36.008,27.78,115.75,5.392461e-05,5.144,195.0
2015-02-01 21:00:00.000039936,33.436,33.336,120.38,5.510506e-05,4.6296,205.0
2015-02-02 00:00:00.000039936,30.864,37.04,125.009995,5.6046403e-05,3.6008,205.0
2015-02-02 03:00:00.000039936,30.864,42.596,125.009995,5.6750614e-05,3.0864,190.0
2015-02-02 06:00:00.000039936,30.864,46.3,125.009995,5.7453286e-05,3.6008,170.0
2015-02-02 09:00:00.000039936,30.864,46.3,131.029,5.83877e-05,4.6296,165.0
2015-02-02 12:00:00.000039936,30.864,46.3,136.585,5.9784e-05,5.6584,175.0
2015-02-02 15:00:00.000039936,29.835201,46.3,136.585,6.14047e-05,6.6872,185.0
2015-02-02 18:00:00.000039936,28.292,46.3,136.585,6.3016254e-05,7.2016,180.0
2015-02-02 21:00:00.000039936,27.2632,46.3,143.067,6.43901e-05,6.1728,175.0
2015-02-03 00:00:00.000039936,25.720001,46.3,148.15999,6.552959e-05,5.6584,180.0
2015-02-03 03:00:00.000039936,24.6912,55.56,150.938,6.689037e-05,6.6872,175.0
2015-02-03 06:00:00.000039936,23.148,64.82,152.79001,6.8243826e-05,7.2016,170.0
2015-02-03 09:00:00.000039936,20.576,64.82,152.79001,6.958979e-05,7.716,160.0
