Time,Vmax,Rmax_IBT,R34,fcor,u_trans,v_trans
2002-01-17 15:00:00.000040448,22.1192,70.376,55.56,2.807779e-05,8.744801,240.0
2002-01-17 18:00:00.000040448,28.292,55.56,111.12,2.9076216e-05,8.2304,240.0
2002-01-17 21:00:00.000040448,30.864,55.56,116.676,3.0073232e-05,7.716,235.0
2002-01-18 00:00:00.000040448,33.436,55.56,120.38,3.131743e-05,7.716,230.0
2002-01-18 03:00:00.000040448,34.979202,55.56,120.38,3.2559245e-05,7.2016,230.0
2002-01-18 06:00:00.000040448,36.008,55.56,120.38,3.3798577e-05,7.2016,225.0
2002-01-18 09:00:00.000040448,38.58,55.56,153.716,3.5035337e-05,7.2016,220.0
2002-01-18 12:00:00.000040448,41.152,55.56,185.2,3.626943e-05,7.2016,220.0
2002-01-18 15:00:00.000040448,42.6952,55.56,185.2,3.7500762e-05,6.1728,220.0
2002-01-18 18:00:00.000040448,43.724,55.56,185.2,3.872924e-05,5.144,220.0
2002-01-18 21:00:00.000040448,45.2672,42.596,199.09,3.9464914e-05,3.6008,225.0
2002-01-19 00:00:00.000040448,46.296,27.78,212.98,3.995476e-05,3.6008,220.0
2002-01-19 03:00:00.000040448,46.296,27.78,212.98,4.0688625e-05,3.6008,220.0
2002-01-19 06:00:00.000040448,46.296,27.78,212.98,4.142137e-05,4.1152,225.0
2002-01-19 09:00:00.000040448,47.8392,27.78,212.98,4.2152973e-05,4.1152,230.0
2002-01-19 12:00:00.000040448,48.868,27.78,212.98,4.2640077e-05,3.6008,235.0
2002-01-19 15:00:00.000040448,51.440002,27.78,226.87,4.3126656e-05,3.0864,240.0
2002-01-19 18:00:00.000040448,54.012,27.78,240.76,4.3369746e-05,3.6008,240.0
2002-01-19 21:00:00.000040448,58.1272,27.78,245.38998,4.385554e-05,4.1152,235.0
2002-01-20 00:00:00.000040448,61.728,27.78,250.01999,4.4340795e-05,4.1152,240.0
2002-01-20 03:00:00.000040448,64.3,37.04,222.24,4.4825505e-05,4.1152,245.0
2002-01-20 06:00:00.000040448,66.872,46.3,194.45999,4.506766e-05,4.6296,250.0
2002-01-20 09:00:00.000040448,66.872,46.3,194.45999,4.5551555e-05,4.6296,255.0
2002-01-20 12:00:00.000040448,66.872,46.3,194.45999,4.5793287e-05,4.1152,255.0
2002-01-20 15:00:00.000040448,66.872,46.3,210.66501,4.6034886e-05,4.1152,255.0
2002-01-20 18:00:00.000040448,66.872,46.3,226.87,4.627635e-05,4.6296,255.0
2002-01-20 21:00:00.000040448,65.8432,46.3,217.61,4.675884e-05,5.144,250.0
2002-01-21 00:00:00.000040448,64.3,46.3,208.35,4.6999867e-05,5.144,260.0
2002-01-21 03:00:00.000040448,63.271202,46.3,224.555,4.7240763e-05,5.144,265.0
2002-01-21 06:00:00.000040448,61.728,46.3,240.75998,4.7240763e-05,4.6296,260.0
2002-01-21 09:00:00.000040448,61.728,46.3,240.75998,4.748151e-05,4.6296,255.0
2002-01-21 12:00:00.000040448,61.728,46.3,240.75998,4.7722115e-05,4.6296,255.0
2002-01-21 15:00:00.000040448,61.728,51.856,240.75998,4.796257e-05,5.144,260.0
2002-01-21 18:00:00.000040448,61.728,55.56,240.75998,4.8202877e-05,5.144,260.0
2002-01-21 21:00:00.000040448,61.728,55.56,236.13,4.8202877e-05,5.144,265.0
2002-01-22 00:00:00.000040448,61.728,55.56,231.5,4.844305e-05,4.6296,260.0
2002-01-22 03:00:00.000040448,61.728,55.56,236.13,4.868306e-05,4.6296,255.0
2002-01-22 06:00:00.000040448,61.728,55.56,240.75998,4.916265e-05,4.6296,250.0
2002-01-22 09:00:00.000040448,61.728,55.56,240.75998,4.9402213e-05,4.6296,245.0
2002-01-22 12:00:00.000040448,61.728,55.56,240.75998,4.9880902e-05,4.6296,250.0
2002-01-22 15:00:00.000040448,60.6992,55.56,273.17,5.012002e-05,4.6296,250.0
2002-01-22 18:00:00.000040448,59.156002,55.56,305.58,5.059779e-05,4.1152,240.0
2002-01-22 21:00:00.000040448,59.156002,55.56,268.54,5.131329e-05,4.1152,230.0
2002-01-23 00:00:00.000040448,59.156002,55.56,231.5,5.2027382e-05,3.6008,230.0
2002-01-23 03:00:00.000040448,59.156002,55.56,231.5,5.250265e-05,3.6008,230.0
2002-01-23 06:00:00.000040448,59.156002,55.56,231.5,5.2977284e-05,4.1152,225.0
2002-01-23 09:00:00.000040448,59.156002,55.56,231.5,5.3688025e-05,4.1152,215.0
2002-01-23 12:00:00.000040448,59.156002,55.56,231.5,5.4633376e-05,4.1152,205.0
2002-01-23 15:00:00.000040448,55.5552,55.56,231.5,5.5576067e-05,4.6296,195.0
2002-01-23 18:00:00.000040448,51.440002,55.56,231.5,5.6516048e-05,5.144,195.0
2002-01-23 21:00:00.000040448,48.868,55.56,222.24,5.768715e-05,5.6584,195.0
2002-01-24 00:00:00.000040448,46.296,55.56,212.98,5.9086666e-05,5.6584,195.0
2002-01-24 03:00:00.000040448,43.724,42.596,189.83002,6.0247978e-05,6.1728,195.0
2002-01-24 06:00:00.000040448,41.152,27.78,166.68001,6.1635496e-05,6.6872,190.0
2002-01-24 09:00:00.000040448,38.58,27.78,162.04999,6.3016254e-05,6.6872,190.0
2002-01-24 12:00:00.000040448,36.008,27.78,157.42,6.461839e-05,6.6872,180.0
2002-01-24 15:00:00.000040448,32.4072,27.78,170.384,6.621089e-05,6.6872,170.0
