Time,Vmax,Rmax_IBT,R34,fcor,u_trans,v_trans
2011-01-29 21:00:00.000039936,18.004,83.34,46.3,3.3798577e-05,4.6296,285.0
2011-01-30 00:00:00.000039936,20.576,83.34,92.6,3.3550914e-05,4.6296,275.0
2011-01-30 03:00:00.000039936,22.1192,55.56,61.116,3.330315e-05,5.144,270.0
2011-01-30 06:00:00.000039936,23.148,27.78,27.78,3.330315e-05,6.1728,265.0
2011-01-30 09:00:00.000039936,24.6912,27.78,44.447998,3.3550914e-05,7.716,260.0
2011-01-30 12:00:00.000039936,25.720001,27.78,60.190002,3.3798577e-05,8.2304,265.0
2011-01-30 15:00:00.000039936,28.292,33.336,87.97,3.404614e-05,8.2304,265.0
2011-01-30 18:00:00.000039936,30.864,37.04,115.75,3.404614e-05,8.2304,265.0
2011-01-30 21:00:00.000039936,32.4072,37.04,125.009995,3.4293596e-05,8.2304,270.0
2011-01-31 00:00:00.000039936,33.436,37.04,134.26999,3.4293596e-05,8.744801,270.0
2011-01-31 03:00:00.000039936,36.008,37.04,143.53,3.4293596e-05,9.2592,270.0
2011-01-31 06:00:00.000039936,38.58,37.04,152.79001,3.404614e-05,8.744801,275.0
2011-01-31 09:00:00.000039936,42.6952,37.04,162.04999,3.404614e-05,8.744801,275.0
2011-01-31 12:00:00.000039936,46.296,37.04,171.31,3.404614e-05,10.802401,270.0
2011-01-31 14:00:00.000053248,46.296,33.336,194.46,3.404614e-05,11.8312,270.0
2011-01-31 15:00:00.000039936,46.296,33.336,206.498,3.4293596e-05,10.288,265.0
2011-01-31 18:00:00.000039936,46.296,27.78,240.76001,3.454095e-05,9.7736,260.0
2011-01-31 21:00:00.000039936,47.8392,27.78,264.836,3.5035337e-05,9.7736,260.0
2011-02-01 00:00:00.000039936,48.868,27.78,287.06,3.5529305e-05,9.2592,260.0
2011-02-01 03:00:00.000039936,50.4112,27.78,305.58002,3.577612e-05,8.744801,260.0
2011-02-01 06:00:00.000039936,51.440002,27.78,324.09998,3.626943e-05,8.744801,255.0
2011-02-01 09:00:00.000039936,56.584,27.78,337.99,3.700857e-05,8.744801,250.0
2011-02-01 12:00:00.000039936,61.728,27.78,351.88,3.7746686e-05,8.744801,245.0
2011-02-01 15:00:00.000039936,63.271202,24.076,360.21402,3.872924e-05,8.744801,245.0
2011-02-01 18:00:00.000039936,64.3,18.52,368.085,3.9709896e-05,9.7736,245.0
2011-02-01 21:00:00.000039936,65.8432,18.52,371.789,4.0444127e-05,10.288,250.0
2011-02-02 00:00:00.000039936,66.872,18.52,375.03,4.1177245e-05,9.7736,250.0
2011-02-02 03:00:00.000039936,68.4152,18.52,377.345,4.1909232e-05,8.744801,250.0
2011-02-02 06:00:00.000039936,69.444,18.52,379.66,4.2640077e-05,7.2016,250.0
2011-02-02 09:00:00.000039936,69.444,18.52,381.975,4.3126656e-05,6.6872,250.0
2011-02-02 12:00:00.000039936,69.444,18.52,384.29,4.385554e-05,8.2304,245.0
2011-02-02 14:30:00.000066560,64.3,29.632,339.84198,4.4340795e-05,9.2592,245.0
