Time,Vmax,Rmax_IBT,R34,fcor,u_trans,v_trans
2002-01-25 00:00:00.000040448,20.576,83.34,129.64,3.577612e-05,3.6008,185.0
2002-01-25 03:00:00.000040448,22.1192,70.376,129.64,3.651592e-05,3.0864,185.0
2002-01-25 06:00:00.000040448,23.148,55.56,129.64,3.7254722e-05,3.0864,180.0
2002-01-25 09:00:00.000040448,25.720001,51.856,148.16,3.7992504e-05,3.6008,170.0
2002-01-25 12:00:00.000040448,28.292,46.3,166.68001,3.897458e-05,3.6008,165.0
2002-01-25 15:00:00.000040448,29.835201,46.3,166.68001,3.995476e-05,4.1152,160.0
2002-01-25 18:00:00.000040448,30.864,46.3,166.68001,4.093299e-05,4.6296,150.0
2002-01-25 21:00:00.000040448,32.4072,46.3,166.68001,4.1909232e-05,5.6584,150.0
2002-01-26 00:00:00.000040448,33.436,46.3,166.68001,4.288343e-05,5.6584,160.0
2002-01-26 03:00:00.000040448,33.436,46.3,166.68001,4.4340795e-05,5.6584,175.0
2002-01-26 06:00:00.000040448,33.436,46.3,166.68001,4.5793287e-05,5.6584,180.0
2002-01-26 09:00:00.000040448,34.979202,51.856,166.68001,4.6999867e-05,5.144,180.0
2002-01-26 12:00:00.000040448,36.008,55.56,166.68001,4.8202877e-05,4.6296,180.0
2002-01-26 15:00:00.000040448,37.5512,55.56,166.68001,4.916265e-05,4.1152,185.0
2002-01-26 18:00:00.000040448,38.58,55.56,166.68001,5.012002e-05,4.1152,205.0
2002-01-26 21:00:00.000040448,37.5512,55.56,171.31,5.1074945e-05,4.1152,220.0
2002-01-27 00:00:00.000040448,36.008,55.56,175.94,5.178951e-05,4.1152,220.0
2002-01-27 03:00:00.000040448,34.979202,55.56,171.31,5.2740055e-05,4.6296,215.0
2002-01-27 06:00:00.000040448,33.436,55.56,166.68001,5.345127e-05,4.6296,225.0
2002-01-27 09:00:00.000040448,30.864,51.856,166.68001,5.439729e-05,5.144,235.0
2002-01-27 12:00:00.000040448,28.292,46.3,166.68001,5.4869302e-05,5.144,255.0
2002-01-27 15:00:00.000040448,25.720001,46.3,156.49399,5.4869302e-05,5.6584,265.0
