Time,Vmax,Rmax_IBT,R34,fcor,u_trans,v_trans
2015-02-07 00:00:00.000039936,20.576,46.3,76.395004,5.7920843e-05,2.572,175.0
2015-02-07 03:00:00.000039936,20.576,46.3,76.395004,5.862087e-05,3.0864,170.0
2015-02-07 06:00:00.000039936,20.576,46.3,76.395004,5.9319285e-05,3.6008,170.0
2015-02-07 09:00:00.000039936,20.576,46.3,76.395004,6.0016075e-05,4.1152,165.0
2015-02-07 12:00:00.000039936,20.576,46.3,76.395004,6.0942573e-05,4.1152,165.0
2015-02-07 15:00:00.000039936,20.576,46.3,76.395004,6.186609e-05,4.6296,160.0
2015-02-07 18:00:00.000039936,20.576,46.3,76.395004,6.3016254e-05,4.1152,165.0
2015-02-07 21:00:00.000039936,22.1192,46.3,74.543,6.370404e-05,4.6296,170.0
2015-02-08 00:00:00.000039936,23.148,46.3,71.765,6.4846485e-05,7.2016,170.0
2015-02-08 03:00:00.000039936,25.720001,46.3,80.099,6.689037e-05,10.288,170.0
2015-02-08 06:00:00.000039936,28.292,46.3,87.96999,6.936598e-05,10.802401,175.0
2015-02-08 09:00:00.000039936,27.2632,46.3,75.932,7.159438e-05,10.802401,175.0
2015-02-08 12:00:00.000039936,25.720001,46.3,62.504997,7.380098e-05,11.3168,175.0
2015-02-08 15:00:00.000039936,25.720001,46.3,62.504997,7.641916e-05,10.802401,0.0
2015-02-08 18:00:00.000039936,25.720001,46.3,62.504997,7.878973e-05,9.7736,190.0
2015-02-08 21:00:00.000039936,24.6912,46.3,62.504997,8.070772e-05,8.744801,200.0
2015-02-09 00:00:00.000039936,23.148,46.3,62.504997,8.197536e-05,6.6872,210.0
2015-02-09 03:00:00.000039936,20.576,46.3,62.504997,8.2815466e-05,4.6296,220.0
