Time,Vmax,Rmax_IBT,R34,fcor,u_trans,v_trans
2022-02-09 00:00:00.000039936,18.004,120.38,94.915,4.8202877e-05,2.0576,160.0
2022-02-09 03:00:00.000039936,20.576,120.38,143.067,4.844305e-05,2.0576,165.0
2022-02-09 06:00:00.000039936,23.148,120.38,189.83,4.892293e-05,1.5432,170.0
2022-02-09 09:00:00.000039936,23.148,98.156,187.515,4.9402213e-05,2.0576,175.0
2022-02-09 12:00:00.000039936,23.148,74.08,185.2,4.9880902e-05,2.572,0.0
2022-02-09 15:00:00.000039936,23.148,74.08,182.885,5.059779e-05,3.0864,185.0
2022-02-09 18:00:00.000039936,23.148,74.08,180.57,5.131329e-05,3.0864,190.0
2022-02-09 21:00:00.000039936,24.6912,74.08,177.32901,5.2027382e-05,3.0864,205.0
2022-02-10 00:00:00.000039936,25.720001,74.08,173.625,5.2740055e-05,4.6296,210.0
2022-02-10 03:00:00.000039936,29.835201,46.3,176.40298,5.392461e-05,6.6872,215.0
2022-02-10 06:00:00.000039936,33.436,18.52,178.255,5.510506e-05,7.2016,225.0
2022-02-10 09:00:00.000039936,36.008,25.928,181.033,5.6281307e-05,6.6872,230.0
2022-02-10 12:00:00.000039936,38.58,31.484,182.885,5.721923e-05,5.144,220.0
2022-02-10 15:00:00.000039936,40.1232,35.188,187.052,5.7920843e-05,4.1152,205.0
2022-02-10 18:00:00.000039936,41.152,37.04,189.82999,5.8853857e-05,5.6584,205.0
2022-02-10 21:00:00.000039936,43.724,37.04,223.16599,6.0247978e-05,7.2016,200.0
2022-02-11 00:00:00.000039936,46.296,37.04,254.65,6.20965e-05,7.2016,185.0
2022-02-11 03:00:00.000039936,43.724,33.336,291.69,6.370404e-05,8.744801,175.0
2022-02-11 06:00:00.000039936,41.152,27.78,328.72998,6.552959e-05,10.802401,175.0
2022-02-11 09:00:00.000039936,38.58,35.188,345.398,6.8243826e-05,12.3456,180.0
2022-02-11 12:00:00.000039936,36.008,40.744,361.13998,7.137252e-05,13.3744,180.0
2022-02-11 15:00:00.000039936,34.979202,48.152,361.13998,7.423962e-05,13.3744,180.0
2022-02-11 18:00:00.000039936,33.436,55.56,361.13998,7.6852295e-05,11.8312,180.0
2022-02-11 21:00:00.000039936,30.864,61.116,349.565,7.900381e-05,9.2592,170.0
2022-02-12 00:00:00.000039936,28.292,64.82,337.99,8.049559e-05,7.2016,150.0
2022-02-12 03:00:00.000039936,28.292,88.895996,331.04498,8.113127e-05,7.2016,130.0
2022-02-12 06:00:00.000039936,28.292,111.12,324.1,8.197536e-05,10.802401,130.0
2022-02-12 09:00:00.000039936,28.292,111.12,324.563,8.448353e-05,14.4032,135.0
