Time,Vmax,Rmax_IBT,R34,fcor,u_trans,v_trans
2018-03-02 12:00:00.000039936,18.004,74.08,134.27,3.156599e-05,2.572,110.0
2018-03-02 15:00:00.000039936,19.5472,70.376,134.27,3.1814445e-05,4.1152,150.0
2018-03-02 18:00:00.000039936,20.576,64.82,134.27,3.2559245e-05,5.144,180.0
2018-03-02 21:00:00.000039936,20.576,64.82,141.21501,3.404614e-05,6.1728,200.0
2018-03-03 00:00:00.000039936,20.576,64.82,148.16,3.5529305e-05,6.1728,215.0
2018-03-03 03:00:00.000039936,22.1192,64.82,159.735,3.651592e-05,5.144,230.0
2018-03-03 06:00:00.000039936,23.148,64.82,171.31,3.7254722e-05,5.144,240.0
2018-03-03 09:00:00.000039936,24.6912,64.82,187.515,3.7992504e-05,5.144,245.0
2018-03-03 12:00:00.000039936,25.720001,64.82,203.72,3.8483773e-05,4.1152,230.0
2018-03-03 15:00:00.000039936,27.2632,61.116,217.61,3.9219805e-05,4.1152,210.0
2018-03-03 18:00:00.000039936,28.292,55.56,231.5,3.995476e-05,5.144,205.0
2018-03-03 21:00:00.000039936,30.864,55.56,245.39,4.1177245e-05,6.1728,210.0
2018-03-04 00:00:00.000039936,33.436,55.56,259.28,4.239659e-05,5.6584,205.0
2018-03-04 03:00:00.000039936,34.979202,55.56,270.855,4.3612705e-05,4.6296,205.0
2018-03-04 06:00:00.000039936,36.008,55.56,282.43,4.458322e-05,4.6296,200.0
2018-03-04 09:00:00.000039936,38.58,55.56,294.005,4.5551555e-05,4.6296,200.0
2018-03-04 12:00:00.000039936,41.152,55.56,305.58,4.651767e-05,4.1152,200.0
2018-03-04 15:00:00.000039936,42.6952,42.596,307.895,4.7240763e-05,3.6008,200.0
2018-03-04 18:00:00.000039936,43.724,27.78,310.21,4.8202877e-05,4.1152,0.0
2018-03-04 21:00:00.000039936,45.2672,25.928,321.785,4.9402213e-05,4.6296,165.0
2018-03-05 00:00:00.000039936,46.296,22.223999,333.36002,5.059779e-05,4.6296,160.0
2018-03-05 03:00:00.000039936,50.4112,22.223999,340.30502,5.155148e-05,4.6296,155.0
2018-03-05 06:00:00.000039936,54.012,22.223999,347.25,5.250265e-05,5.6584,160.0
2018-03-05 09:00:00.000039936,55.5552,22.223999,354.195,5.392461e-05,5.6584,160.0
2018-03-05 12:00:00.000039936,56.584,22.223999,361.14,5.510506e-05,5.144,155.0
2018-03-05 15:00:00.000039936,54.012,25.928,368.08502,5.6046403e-05,4.1152,140.0
2018-03-05 18:00:00.000039936,51.440002,27.78,375.03003,5.6516048e-05,3.6008,135.0
2018-03-05 21:00:00.000039936,48.868,24.076,379.66003,5.698501e-05,3.0864,135.0
2018-03-06 00:00:00.000039936,46.296,18.52,384.29004,5.7453286e-05,4.1152,135.0
2018-03-06 03:00:00.000039936,45.2672,18.52,388.91998,5.83877e-05,5.144,140.0
2018-03-06 06:00:00.000039936,43.724,18.52,393.55,5.9319285e-05,6.1728,135.0
2018-03-06 09:00:00.000039936,42.6952,24.076,398.18,6.0247978e-05,6.1728,135.0
2018-03-06 12:00:00.000039936,41.152,27.78,402.80997,6.1173734e-05,5.6584,135.0
2018-03-06 15:00:00.000039936,38.58,37.04,414.38498,6.20965e-05,4.6296,135.0
2018-03-06 18:00:00.000039936,36.008,46.3,425.96,6.3016254e-05,4.6296,150.0
2018-03-06 21:00:00.000039936,33.436,51.856,430.59,6.393293e-05,4.6296,160.0
2018-03-07 00:00:00.000039936,30.864,55.56,435.22,6.4846485e-05,4.6296,155.0
2018-03-07 03:00:00.000039936,29.835201,55.56,444.48,6.552959e-05,4.1152,145.0
2018-03-07 06:00:00.000039936,28.292,55.56,453.74002,6.621089e-05,4.1152,155.0
2018-03-07 09:00:00.000039936,28.292,83.34,453.74002,6.689037e-05,4.1152,160.0
2018-03-07 12:00:00.000039936,28.292,111.12,453.74002,6.7793495e-05,4.1152,145.0
2018-03-07 15:00:00.000039936,28.292,111.12,465.315,6.8468675e-05,4.6296,130.0
2018-03-07 18:00:00.000039936,28.292,111.12,476.89,6.936598e-05,5.6584,125.0
2018-03-07 21:00:00.000039936,27.2632,111.12,490.78,7.003676e-05,6.1728,125.0
2018-03-08 00:00:00.000039936,25.720001,111.12,504.66998,7.092813e-05,5.6584,140.0
2018-03-08 03:00:00.000039936,24.6912,111.12,520.875,7.181604e-05,5.6584,150.0
2018-03-08 06:00:00.000039936,23.148,111.12,537.08,7.2921e-05,6.6872,140.0
2018-03-08 09:00:00.000039936,23.148,111.12,537.08,7.402041e-05,8.2304,135.0
2018-03-08 12:00:00.000039936,23.148,111.12,537.08,7.533226e-05,9.7736,145.0
2018-03-08 15:00:00.000039936,23.148,111.12,537.08,7.728449e-05,11.3168,160.0
