Time,Vmax,Rmax_IBT,R34,fcor,u_trans,v_trans
2019-01-24 00:00:00.000039936,20.576,64.82,94.91499,4.2152973e-05,3.6008,260.0
2019-01-24 03:00:00.000039936,20.576,61.116,117.602005,4.2152973e-05,3.6008,270.0
2019-01-24 06:00:00.000039936,20.576,55.56,138.9,4.1909232e-05,3.0864,285.0
2019-01-24 09:00:00.000039936,22.1192,61.116,144.91899,4.1665367e-05,3.0864,290.0
2019-01-24 12:00:00.000039936,23.148,64.82,150.47499,4.1665367e-05,2.572,285.0
2019-01-24 15:00:00.000039936,24.6912,64.82,154.179,4.1665367e-05,2.0576,270.0
2019-01-24 18:00:00.000039936,25.720001,64.82,157.42,4.1665367e-05,2.0576,265.0
2019-01-24 21:00:00.000039936,27.2632,51.856,171.773,4.1665367e-05,2.0576,265.0
2019-01-25 00:00:00.000039936,28.292,37.04,185.2,4.1909232e-05,2.0576,260.0
2019-01-25 03:00:00.000039936,29.835201,42.596,196.31201,4.1909232e-05,2.0576,255.0
2019-01-25 06:00:00.000039936,30.864,46.3,206.035,4.2152973e-05,2.0576,255.0
2019-01-25 09:00:00.000039936,32.4072,51.856,211.12799,4.239659e-05,2.0576,255.0
2019-01-25 12:00:00.000039936,33.436,55.56,215.295,4.239659e-05,1.5432,265.0
2019-01-25 15:00:00.000039936,34.979202,55.56,204.64601,4.239659e-05,1.5432,270.0
2019-01-25 18:00:00.000039936,36.008,55.56,192.14499,4.2640077e-05,1.5432,255.0
2019-01-25 21:00:00.000039936,36.008,55.56,200.479,4.288343e-05,1.5432,225.0
2019-01-26 00:00:00.000039936,36.008,55.56,208.34999,4.3126656e-05,2.0576,210.0
2019-01-26 03:00:00.000039936,34.979202,55.56,221.77701,4.3612705e-05,3.0864,215.0
2019-01-26 06:00:00.000039936,33.436,55.56,233.815,4.409823e-05,3.0864,240.0
2019-01-26 09:00:00.000039936,32.4072,55.56,231.96301,4.4340795e-05,3.6008,260.0
2019-01-26 12:00:00.000039936,30.864,55.56,229.185,4.4340795e-05,4.1152,275.0
2019-01-26 15:00:00.000039936,32.4072,55.56,216.68399,4.409823e-05,4.1152,280.0
2019-01-26 18:00:00.000039936,33.436,55.56,203.71999,4.385554e-05,4.1152,280.0
2019-01-26 21:00:00.000039936,34.979202,55.56,196.77501,4.385554e-05,4.1152,270.0
2019-01-27 00:00:00.000039936,36.008,55.56,189.83,4.385554e-05,4.1152,265.0
2019-01-27 03:00:00.000039936,36.008,46.3,187.978,4.409823e-05,4.6296,260.0
2019-01-27 06:00:00.000039936,36.008,37.04,185.2,4.4340795e-05,5.144,255.0
2019-01-27 09:00:00.000039936,37.5512,37.04,184.274,4.458322e-05,5.144,255.0
2019-01-27 12:00:00.000039936,38.58,37.04,182.885,4.4825505e-05,5.6584,260.0
2019-01-27 15:00:00.000039936,37.5512,37.04,179.644,4.506766e-05,5.6584,265.0
2019-01-27 18:00:00.000039936,36.008,37.04,175.94,4.506766e-05,5.6584,265.0
2019-01-27 21:00:00.000039936,36.008,37.04,169.458,4.506766e-05,5.144,265.0
2019-01-28 00:00:00.000039936,36.008,37.04,162.04999,4.5309676e-05,4.6296,260.0
2019-01-28 03:00:00.000039936,34.979202,37.04,162.513,4.5551555e-05,4.6296,260.0
2019-01-28 06:00:00.000039936,33.436,37.04,162.04999,4.5793287e-05,4.1152,255.0
2019-01-28 09:00:00.000039936,30.864,37.04,156.494,4.5793287e-05,3.6008,255.0
2019-01-28 12:00:00.000039936,28.292,37.04,150.475,4.6034886e-05,3.6008,255.0
2019-01-28 15:00:00.000039936,28.292,42.596,153.25299,4.627635e-05,3.6008,260.0
2019-01-28 18:00:00.000039936,28.292,46.3,155.105,4.651767e-05,3.6008,255.0
2019-01-28 21:00:00.000039936,25.720001,46.3,133.344,4.675884e-05,4.1152,250.0
2019-01-29 00:00:00.000039936,23.148,46.3,111.12001,4.6999867e-05,4.6296,250.0
2019-01-29 03:00:00.000039936,22.1192,46.3,120.380005,4.748151e-05,5.144,250.0
2019-01-29 06:00:00.000039936,20.576,46.3,129.64,4.796257e-05,5.144,250.0
2019-01-29 09:00:00.000039936,19.5472,46.3,121.769005,4.844305e-05,4.6296,250.0
