Time,Vmax,Rmax_IBT,R34,fcor,u_trans,v_trans
2023-03-04 12:00:00.000039936,20.0616,48.152,114.824005,5.581132e-05,4.1152,105.0
2023-03-04 15:00:00.000039936,21.604801,44.447998,114.824005,5.6281307e-05,5.6584,105.0
2023-03-04 18:00:00.000039936,23.148,40.744,114.824005,5.6516048e-05,4.1152,100.0
2023-03-04 21:00:00.000039936,23.148,40.744,121.769,5.6516048e-05,3.0864,90.0
2023-03-05 00:00:00.000039936,23.148,40.744,127.325,5.6516048e-05,2.0576,95.0
2023-03-05 03:00:00.000039936,23.148,40.744,114.82399,5.6516048e-05,2.0576,105.0
2023-03-05 06:00:00.000039936,23.148,40.744,100.934006,5.6750614e-05,2.0576,105.0
2023-03-05 09:00:00.000039936,23.148,40.744,100.934006,5.6750614e-05,2.572,100.0
2023-03-05 12:00:00.000039936,23.148,40.744,100.934006,5.698501e-05,4.1152,110.0
2023-03-05 15:00:00.000039936,23.148,40.744,103.712,5.7453286e-05,5.144,115.0
2023-03-05 18:00:00.000039936,23.148,40.744,106.490005,5.7920843e-05,3.0864,130.0
2023-03-05 21:00:00.000039936,23.148,40.744,118.991005,5.83877e-05,1.5432,195.0
2023-03-06 00:00:00.000039936,23.148,40.744,131.02899,5.862087e-05,2.0576,210.0
2023-03-06 03:00:00.000039936,23.148,40.744,131.02899,5.9086666e-05,1.5432,195.0
2023-03-06 06:00:00.000039936,23.148,40.744,131.02899,5.9319285e-05,1.0288,205.0
2023-03-06 09:00:00.000039936,24.6912,37.04,128.251,5.9551734e-05,0.5144,220.0
2023-03-06 12:00:00.000039936,26.2344,31.484,124.547,5.9551734e-05,0.5144,250.0
2023-03-06 15:00:00.000039936,26.2344,31.484,127.787994,5.9551734e-05,0.5144,280.0
2023-03-06 18:00:00.000039936,26.2344,31.484,130.566,5.9319285e-05,0.5144,285.0
2023-03-06 21:00:00.000039936,27.2632,31.484,130.566,5.9319285e-05,0.5144,310.0
2023-03-07 00:00:00.000039936,27.7776,31.484,130.566,5.9319285e-05,2.572,325.0
2023-03-07 03:00:00.000039936,29.3208,31.484,149.549,5.862087e-05,3.6008,330.0
2023-03-07 06:00:00.000039936,30.864,31.484,167.143,5.7920843e-05,3.0864,335.0
2023-03-07 09:00:00.000039936,37.0368,20.372,161.587,5.7453286e-05,2.0576,335.0
2023-03-07 12:00:00.000039936,43.209602,9.26,155.105,5.698501e-05,2.0576,315.0
2023-03-07 15:00:00.000039936,45.7816,9.26,161.587,5.6750614e-05,2.0576,300.0
2023-03-07 18:00:00.000039936,47.8392,7.408,167.14299,5.6516048e-05,3.0864,300.0
2023-03-07 21:00:00.000039936,49.3824,7.408,141.678,5.6046403e-05,4.1152,310.0
2023-03-08 00:00:00.000039936,50.925602,7.408,115.287,5.5340646e-05,4.1152,315.0
2023-03-08 03:00:00.000039936,50.925602,7.408,145.845,5.4633376e-05,4.1152,320.0
2023-03-08 06:00:00.000039936,50.925602,7.408,175.477,5.392461e-05,4.1152,335.0
2023-03-08 09:00:00.000039936,49.3824,14.816,140.75198,5.2977284e-05,4.1152,345.0
2023-03-08 12:00:00.000039936,47.8392,22.223999,104.638,5.2027382e-05,2.572,345.0
2023-03-08 15:00:00.000039936,43.209602,22.223999,99.082,5.178951e-05,1.5432,315.0
2023-03-08 18:00:00.000039936,38.0656,22.223999,92.6,5.155148e-05,2.0576,305.0
2023-03-08 21:00:00.000039936,34.4648,22.223999,131.49199,5.1074945e-05,3.0864,310.0
2023-03-09 00:00:00.000039936,30.864,22.223999,169.458,5.059779e-05,3.0864,315.0
2023-03-09 03:00:00.000039936,30.864,22.223999,169.458,5.012002e-05,3.0864,315.0
2023-03-09 06:00:00.000039936,30.864,22.223999,169.458,4.9641636e-05,3.0864,315.0
2023-03-09 09:00:00.000039936,30.864,22.223999,169.458,4.916265e-05,3.0864,315.0
2023-03-09 12:00:00.000039936,30.864,22.223999,169.458,4.868306e-05,1.5432,330.0
2023-03-09 15:00:00.000039936,31.8928,22.223999,152.79,4.844305e-05,1.0288,10.0
2023-03-09 18:00:00.000039936,32.9216,22.223999,135.196,4.8202877e-05,1.5432,345.0
2023-03-09 21:00:00.000039936,32.9216,22.223999,136.122,4.796257e-05,2.0576,330.0
2023-03-10 00:00:00.000039936,32.9216,22.223999,137.048,4.748151e-05,1.5432,325.0
2023-03-10 03:00:00.000039936,34.4648,22.223999,137.048,4.7240763e-05,1.0288,335.0
2023-03-10 06:00:00.000039936,36.008,22.223999,137.048,4.6999867e-05,2.0576,350.0
2023-03-10 09:00:00.000039936,34.4648,22.223999,118.065,4.627635e-05,3.0864,350.0
2023-03-10 12:00:00.000039936,32.9216,22.223999,99.082,4.5551555e-05,2.0576,330.0
2023-03-10 15:00:00.000039936,32.9216,22.223999,111.58299,4.5551555e-05,1.5432,270.0
2023-03-10 18:00:00.000039936,32.9216,22.223999,123.158005,4.5551555e-05,2.0576,270.0
2023-03-10 21:00:00.000039936,37.0368,14.816,116.676,4.5551555e-05,2.0576,285.0
2023-03-11 00:00:00.000039936,41.152,7.408,108.80501,4.5309676e-05,1.5432,300.0
2023-03-11 03:00:00.000039936,43.724,12.964,127.325005,4.506766e-05,1.5432,315.0
2023-03-11 06:00:00.000039936,45.7816,18.52,144.91899,4.4825505e-05,1.0288,300.0
2023-03-11 09:00:00.000039936,46.810402,12.964,156.03099,4.4825505e-05,1.0288,270.0
2023-03-11 12:00:00.000039936,47.8392,7.408,165.291,4.4825505e-05,1.0288,275.0
2023-03-11 15:00:00.000039936,46.810402,7.408,146.771,4.4825505e-05,1.0288,300.0
