Time,Vmax,Rmax_IBT,R34,fcor,u_trans,v_trans
2016-02-10 18:00:00.000039936,20.576,55.56,46.300003,3.8483773e-05,1.5432,145.0
2016-02-10 21:00:00.000039936,20.576,55.56,124.084,3.872924e-05,1.5432,140.0
2016-02-11 00:00:00.000039936,20.576,55.56,201.405,3.9219805e-05,2.0576,150.0
2016-02-11 03:00:00.000039936,22.1192,64.82,201.405,3.9709896e-05,2.572,160.0
2016-02-11 06:00:00.000039936,23.148,74.08,201.405,4.0444127e-05,3.0864,160.0
2016-02-11 09:00:00.000039936,25.720001,61.116,154.642,4.093299e-05,3.0864,165.0
2016-02-11 12:00:00.000039936,28.292,46.3,106.49,4.142137e-05,2.572,170.0
2016-02-11 15:00:00.000039936,29.835201,46.3,106.49,4.2152973e-05,2.572,175.0
2016-02-11 18:00:00.000039936,30.864,46.3,106.49,4.288343e-05,2.572,185.0
2016-02-11 21:00:00.000039936,33.436,46.3,105.564,4.3612705e-05,3.0864,190.0
2016-02-12 00:00:00.000039936,36.008,46.3,104.174995,4.458322e-05,4.1152,185.0
2016-02-12 03:00:00.000039936,41.152,42.596,131.492,4.5551555e-05,5.144,180.0
2016-02-12 06:00:00.000039936,46.296,37.04,157.42,4.675884e-05,5.144,185.0
2016-02-12 09:00:00.000039936,50.4112,29.632,175.94,4.796257e-05,5.144,185.0
2016-02-12 12:00:00.000039936,54.012,22.223999,194.45999,4.916265e-05,5.144,0.0
2016-02-12 15:00:00.000039936,56.584,22.223999,194.45999,5.035898e-05,5.144,175.0
2016-02-12 18:00:00.000039936,59.156002,22.223999,194.45999,5.155148e-05,6.1728,175.0
2016-02-12 21:00:00.000039936,59.156002,22.223999,220.388,5.321436e-05,7.2016,170.0
2016-02-13 00:00:00.000039936,59.156002,22.223999,245.39,5.4869302e-05,7.2016,170.0
2016-02-13 03:00:00.000039936,55.5552,20.372,200.479,5.6281307e-05,6.6872,165.0
2016-02-13 06:00:00.000039936,51.440002,18.52,155.105,5.7453286e-05,6.1728,155.0
2016-02-13 09:00:00.000039936,51.440002,20.372,155.105,5.8853857e-05,6.1728,145.0
2016-02-13 12:00:00.000039936,51.440002,22.223999,155.105,6.0016075e-05,5.6584,130.0
2016-02-13 15:00:00.000039936,50.4112,22.223999,175.01399,6.0711227e-05,5.6584,120.0
2016-02-13 18:00:00.000039936,48.868,22.223999,194.46,6.1173734e-05,6.6872,115.0
2016-02-13 21:00:00.000039936,47.8392,22.223999,206.035,6.186609e-05,6.6872,115.0
2016-02-14 00:00:00.000039936,46.296,22.223999,217.60999,6.255676e-05,5.6584,110.0
2016-02-14 03:00:00.000039936,43.724,35.188,226.87,6.278661e-05,5.144,95.0
2016-02-14 06:00:00.000039936,41.152,46.3,236.13,6.255676e-05,5.6584,80.0
2016-02-14 09:00:00.000039936,38.58,51.856,223.629,6.20965e-05,6.1728,70.0
2016-02-14 12:00:00.000039936,36.008,55.56,210.66501,6.1173734e-05,6.6872,60.0
2016-02-14 15:00:00.000039936,34.979202,55.56,210.66501,6.0247978e-05,7.716,50.0
2016-02-14 18:00:00.000039936,33.436,55.56,210.66501,5.9319285e-05,7.716,40.0
2016-02-14 21:00:00.000039936,30.864,61.116,216.68399,5.8154368e-05,7.716,35.0
2016-02-15 00:00:00.000039936,28.292,64.82,222.23999,5.6750614e-05,7.2016,35.0
2016-02-15 03:00:00.000039936,27.2632,61.116,222.23999,5.5340646e-05,6.6872,40.0
2016-02-15 06:00:00.000039936,25.720001,55.56,222.23999,5.392461e-05,7.716,45.0
2016-02-15 09:00:00.000039936,25.720001,51.856,216.68399,5.2740055e-05,8.2304,50.0
2016-02-15 12:00:00.000039936,25.720001,46.3,210.66501,5.155148e-05,7.716,55.0
2016-02-15 15:00:00.000039936,24.6912,51.856,210.66501,5.035898e-05,6.6872,60.0
2016-02-15 18:00:00.000039936,23.148,55.56,210.66501,4.9402213e-05,7.716,55.0
2016-02-15 21:00:00.000039936,24.6912,64.82,240.76001,4.844305e-05,8.2304,55.0
2016-02-16 00:00:00.000039936,25.720001,74.08,270.855,4.748151e-05,6.6872,60.0
2016-02-16 03:00:00.000039936,27.2632,55.56,270.855,4.675884e-05,5.144,60.0
2016-02-16 06:00:00.000039936,28.292,37.04,270.855,4.6034886e-05,5.144,55.0
2016-02-16 09:00:00.000039936,29.835201,33.336,237.51901,4.5309676e-05,6.1728,55.0
2016-02-16 12:00:00.000039936,30.864,27.78,203.72,4.4825505e-05,6.1728,65.0
2016-02-16 15:00:00.000039936,33.436,27.78,206.035,4.4340795e-05,5.6584,75.0
2016-02-16 18:00:00.000039936,36.008,27.78,208.35,4.409823e-05,5.144,85.0
2016-02-16 21:00:00.000039936,38.58,27.78,208.35,4.385554e-05,4.6296,85.0
2016-02-17 00:00:00.000039936,41.152,27.78,208.35,4.385554e-05,3.6008,75.0
2016-02-17 03:00:00.000039936,42.6952,27.78,208.35,4.3612705e-05,2.572,60.0
2016-02-17 06:00:00.000039936,43.724,27.78,208.35,4.3612705e-05,1.5432,50.0
2016-02-17 09:00:00.000039936,45.2672,27.78,208.35,4.3369746e-05,1.0288,45.0
2016-02-17 12:00:00.000039936,46.296,27.78,208.35,4.3369746e-05,1.0288,60.0
2016-02-17 15:00:00.000039936,46.296,27.78,208.35,4.3369746e-05,1.5432,65.0
2016-02-17 18:00:00.000039936,46.296,27.78,208.35,4.3126656e-05,0.5144,340.0
2016-02-17 21:00:00.000039936,48.868,27.78,208.35,4.288343e-05,1.5432,280.0
2016-02-18 00:00:00.000039936,51.440002,27.78,208.35,4.288343e-05,2.0576,265.0
2016-02-18 03:00:00.000039936,51.440002,27.78,208.35,4.288343e-05,2.572,260.0
2016-02-18 06:00:00.000039936,51.440002,27.78,208.35,4.288343e-05,3.0864,265.0
2016-02-18 09:00:00.000039936,52.9832,29.632,208.35,4.288343e-05,4.1152,270.0
2016-02-18 12:00:00.000039936,54.012,31.484,208.35,4.3126656e-05,4.6296,270.0
2016-02-18 15:00:00.000039936,54.012,29.632,208.35,4.3369746e-05,5.144,265.0
2016-02-18 18:00:00.000039936,54.012,27.78,208.35,4.3612705e-05,5.6584,260.0
2016-02-18 21:00:00.000039936,55.5552,25.928,208.35,4.385554e-05,5.6584,260.0
2016-02-19 00:00:00.000039936,56.584,22.223999,208.35,4.385554e-05,6.1728,265.0
2016-02-19 03:00:00.000039936,60.6992,22.223999,219.92499,4.385554e-05,6.6872,270.0
2016-02-19 06:00:00.000039936,64.3,22.223999,231.5,4.3612705e-05,7.2016,275.0
2016-02-19 09:00:00.000039936,65.8432,22.223999,231.5,4.3369746e-05,7.2016,280.0
2016-02-19 12:00:00.000039936,66.872,22.223999,231.5,4.3126656e-05,7.2016,280.0
2016-02-19 15:00:00.000039936,69.444,22.223999,247.705,4.288343e-05,6.6872,275.0
2016-02-19 18:00:00.000039936,72.016,22.223999,263.91,4.288343e-05,6.1728,275.0
2016-02-19 21:00:00.000039936,74.588,22.223999,219.92499,4.288343e-05,6.1728,270.0
2016-02-20 00:00:00.000039936,77.16,22.223999,175.94,4.3126656e-05,6.1728,260.0
2016-02-20 03:00:00.000039936,78.7032,22.223999,184.274,4.3369746e-05,6.6872,255.0
2016-02-20 06:00:00.000039936,79.732,22.223999,192.145,4.3612705e-05,7.716,265.0
