Time,Vmax,Rmax_IBT,R34,fcor,u_trans,v_trans
2019-02-05 18:00:00.000039936,23.148,64.82,118.065,4.0688625e-05,2.0576,215.0
2019-02-05 21:00:00.000039936,24.6912,64.82,137.974,4.093299e-05,1.5432,200.0
2019-02-06 00:00:00.000039936,25.720001,64.82,157.42001,4.142137e-05,1.5432,170.0
2019-02-06 03:00:00.000039936,29.835201,46.3,152.327,4.1909232e-05,2.572,165.0
2019-02-06 06:00:00.000039936,33.436,27.78,145.845,4.239659e-05,2.572,165.0
2019-02-06 09:00:00.000039936,36.008,18.52,164.828,4.288343e-05,2.572,170.0
2019-02-06 12:00:00.000039936,38.58,9.26,182.885,4.3612705e-05,2.572,155.0
2019-02-06 15:00:00.000039936,43.724,14.816,177.329,4.409823e-05,3.0864,135.0
2019-02-06 18:00:00.000039936,48.868,18.52,171.31,4.458322e-05,3.6008,140.0
2019-02-06 21:00:00.000039936,50.4112,18.52,188.904,4.5309676e-05,4.6296,145.0
2019-02-07 00:00:00.000039936,51.440002,18.52,206.035,4.6034886e-05,4.6296,130.0
2019-02-07 03:00:00.000039936,55.5552,18.52,216.68399,4.675884e-05,5.144,125.0
2019-02-07 06:00:00.000039936,59.156002,18.52,226.87,4.7722115e-05,5.144,140.0
2019-02-07 09:00:00.000039936,60.6992,14.816,241.22299,4.868306e-05,5.144,150.0
2019-02-07 12:00:00.000039936,61.728,9.26,254.65,4.9641636e-05,5.144,135.0
2019-02-07 15:00:00.000039936,60.6992,9.26,253.724,5.035898e-05,5.6584,125.0
2019-02-07 18:00:00.000039936,59.156002,9.26,252.33499,5.131329e-05,6.6872,135.0
2019-02-07 21:00:00.000039936,58.1272,9.26,242.14902,5.250265e-05,7.716,145.0
2019-02-08 00:00:00.000039936,56.584,9.26,231.5,5.392461e-05,7.716,140.0
2019-02-08 03:00:00.000039936,56.584,24.076,255.113,5.510506e-05,7.2016,135.0
2019-02-08 06:00:00.000039936,56.584,37.04,277.8,5.6516048e-05,7.716,145.0
2019-02-08 09:00:00.000039936,54.012,37.04,278.263,5.8154368e-05,8.744801,150.0
2019-02-08 12:00:00.000039936,51.440002,37.04,277.8,5.9784e-05,8.744801,145.0
2019-02-08 15:00:00.000039936,47.8392,37.04,294.005,6.14047e-05,8.744801,135.0
2019-02-08 18:00:00.000039936,43.724,37.04,310.21002,6.278661e-05,9.2592,135.0
2019-02-08 21:00:00.000039936,40.1232,37.04,305.58002,6.416161e-05,9.7736,135.0
2019-02-09 00:00:00.000039936,36.008,37.04,300.94998,6.575688e-05,9.7736,140.0
2019-02-09 03:00:00.000039936,33.436,37.04,291.227,6.734234e-05,9.7736,145.0
2019-02-09 06:00:00.000039936,30.864,37.04,280.115,6.914198e-05,8.744801,145.0
2019-02-09 09:00:00.000039936,28.292,37.04,267.151,7.07056e-05,8.2304,140.0
2019-02-09 12:00:00.000039936,25.720001,37.04,252.335,7.2037474e-05,7.716,140.0
2019-02-09 15:00:00.000039936,24.6912,46.3,252.335,7.336144e-05,7.716,140.0
2019-02-09 18:00:00.000039936,23.148,55.56,252.335,7.467736e-05,8.2304,150.0
2019-02-09 21:00:00.000039936,22.1192,55.56,255.576,7.5985095e-05,9.2592,155.0
2019-02-10 00:00:00.000039936,20.576,55.56,256.965,7.771575e-05,9.7736,155.0
2019-02-10 03:00:00.000039936,20.576,55.56,287.523,7.9644604e-05,10.802401,150.0
