Time,Vmax,Rmax_IBT,R34,fcor,u_trans,v_trans
2017-03-23 06:00:00.000039936,20.576,64.82,168.995,3.1814445e-05,3.0864,155.0
2017-03-23 09:00:00.000039936,20.576,64.82,168.995,3.2559245e-05,3.0864,165.0
2017-03-23 12:00:00.000039936,20.576,64.82,168.995,3.305528e-05,2.0576,160.0
2017-03-23 15:00:00.000039936,20.576,64.82,168.995,3.3550914e-05,1.0288,155.0
2017-03-23 18:00:00.000039936,20.576,64.82,168.995,3.404614e-05,2.0576,170.0
2017-03-23 21:00:00.000039936,20.576,64.82,166.68,3.454095e-05,2.572,175.0
2017-03-24 00:00:00.000039936,20.576,64.82,164.365,3.5035337e-05,2.572,0.0
2017-03-24 03:00:00.000039936,20.576,64.82,164.365,3.5529305e-05,2.0576,0.0
2017-03-24 06:00:00.000039936,20.576,64.82,164.365,3.6022833e-05,1.5432,195.0
2017-03-24 09:00:00.000039936,20.576,64.82,164.365,3.651592e-05,1.5432,210.0
2017-03-24 12:00:00.000039936,20.576,64.82,164.365,3.67623e-05,1.5432,210.0
2017-03-24 15:00:00.000039936,22.1192,64.82,156.957,3.7254722e-05,1.5432,205.0
2017-03-24 18:00:00.000039936,23.148,64.82,148.16,3.7500762e-05,1.5432,200.0
2017-03-24 21:00:00.000039936,23.148,64.82,148.16,3.7746686e-05,1.5432,195.0
2017-03-25 00:00:00.000039936,23.148,64.82,148.16,3.7992504e-05,1.5432,190.0
2017-03-25 03:00:00.000039936,23.148,64.82,133.344,3.8238195e-05,1.5432,190.0
2017-03-25 06:00:00.000039936,23.148,64.82,118.064995,3.8483773e-05,1.0288,205.0
2017-03-25 09:00:00.000039936,23.148,64.82,124.084,3.872924e-05,1.0288,225.0
2017-03-25 12:00:00.000039936,23.148,64.82,129.64,3.897458e-05,1.0288,235.0
2017-03-25 15:00:00.000039936,23.148,64.82,129.64,3.9219805e-05,1.5432,235.0
2017-03-25 18:00:00.000039936,23.148,64.82,129.64,3.9464914e-05,1.5432,245.0
2017-03-25 21:00:00.000039936,23.148,61.116,129.64,3.9464914e-05,1.5432,250.0
2017-03-26 00:00:00.000039936,23.148,55.56,129.64,3.9709896e-05,1.5432,245.0
2017-03-26 03:00:00.000039936,22.1192,51.856,127.78801,3.995476e-05,2.0576,250.0
2017-03-26 06:00:00.000039936,20.576,46.3,125.01,4.0199502e-05,2.572,270.0
2017-03-26 09:00:00.000039936,20.576,46.3,119.917,4.0199502e-05,3.6008,290.0
2017-03-26 12:00:00.000039936,20.576,55.56,113.435,3.9709896e-05,3.6008,300.0
2017-03-26 15:00:00.000039936,19.5472,55.56,113.435,3.9219805e-05,3.0864,305.0
2017-03-26 18:00:00.000039936,18.004,55.56,113.435,3.872924e-05,2.0576,295.0
2017-03-26 21:00:00.000039936,18.004,55.56,113.435,3.872924e-05,1.5432,270.0
