Time,Vmax,Rmax_IBT,R34,fcor,u_trans,v_trans
2010-02-01 06:00:00.000039936,23.148,83.34,106.490005,3.1814445e-05,9.7736,115.0
2010-02-01 09:00:00.000039936,24.6912,61.116,109.268,3.280731e-05,8.744801,120.0
2010-02-01 12:00:00.000039936,25.720001,37.04,111.119995,3.3798577e-05,7.716,120.0
2010-02-01 15:00:00.000039936,25.720001,37.04,111.119995,3.454095e-05,6.6872,120.0
2010-02-01 18:00:00.000039936,25.720001,37.04,111.119995,3.5035337e-05,5.144,115.0
2010-02-01 21:00:00.000039936,25.720001,37.04,102.323,3.5529305e-05,4.1152,110.0
2010-02-02 00:00:00.000039936,25.720001,37.04,92.6,3.577612e-05,3.6008,105.0
2010-02-02 03:00:00.000039936,25.720001,37.04,92.6,3.577612e-05,4.1152,105.0
2010-02-02 06:00:00.000039936,25.720001,37.04,92.6,3.577612e-05,4.6296,110.0
2010-02-02 09:00:00.000039936,25.720001,37.04,92.6,3.626943e-05,5.144,115.0
2010-02-02 12:00:00.000039936,25.720001,37.04,92.6,3.67623e-05,5.144,115.0
2010-02-02 15:00:00.000039936,25.720001,37.04,92.6,3.7254722e-05,5.144,110.0
2010-02-02 18:00:00.000039936,25.720001,37.04,92.6,3.7746686e-05,5.6584,110.0
2010-02-02 21:00:00.000039936,27.2632,37.04,98.156,3.8238195e-05,5.6584,105.0
2010-02-03 00:00:00.000039936,28.292,37.04,101.86,3.8483773e-05,5.6584,105.0
2010-02-03 03:00:00.000039936,29.835201,37.04,101.86,3.872924e-05,5.6584,105.0
2010-02-03 06:00:00.000039936,30.864,37.04,101.86,3.897458e-05,5.6584,105.0
2010-02-03 09:00:00.000039936,32.4072,33.336,101.86,3.9219805e-05,6.1728,110.0
2010-02-03 12:00:00.000039936,33.436,27.78,101.86,3.9709896e-05,5.6584,110.0
2010-02-03 15:00:00.000039936,36.008,24.076,101.86,4.0444127e-05,5.6584,115.0
2010-02-03 18:00:00.000039936,38.58,18.52,101.86,4.1177245e-05,5.6584,125.0
2010-02-03 21:00:00.000039936,41.152,27.78,143.993,4.1909232e-05,5.144,130.0
2010-02-04 00:00:00.000039936,43.724,37.04,185.19998,4.288343e-05,5.144,135.0
2010-02-04 03:00:00.000039936,46.296,37.04,221.77701,4.385554e-05,5.144,140.0
2010-02-04 06:00:00.000039936,48.868,37.04,256.965,4.4825505e-05,5.144,145.0
2010-02-04 09:00:00.000039936,54.012,37.04,247.242,4.5793287e-05,4.6296,150.0
2010-02-04 12:00:00.000039936,59.156002,37.04,236.13,4.6999867e-05,4.6296,150.0
2010-02-04 15:00:00.000039936,59.156002,37.04,236.13,4.796257e-05,5.144,150.0
2010-02-04 18:00:00.000039936,59.156002,37.04,236.13,4.916265e-05,5.6584,155.0
2010-02-04 21:00:00.000039936,59.156002,37.04,236.13,5.012002e-05,6.1728,155.0
2010-02-05 00:00:00.000039936,59.156002,37.04,236.13,5.131329e-05,6.1728,155.0
2010-02-05 03:00:00.000039936,58.1272,33.336,236.13,5.250265e-05,6.1728,150.0
2010-02-05 06:00:00.000039936,56.584,27.78,236.13,5.3688025e-05,6.6872,150.0
2010-02-05 09:00:00.000039936,55.5552,27.78,222.703,5.510506e-05,7.2016,150.0
2010-02-05 12:00:00.000039936,54.012,27.78,208.35,5.6516048e-05,7.716,150.0
2010-02-05 15:00:00.000039936,50.4112,27.78,212.05399,5.7920843e-05,8.2304,150.0
2010-02-05 18:00:00.000039936,46.296,27.78,215.29501,5.9551734e-05,8.744801,150.0
2010-02-05 21:00:00.000039936,43.724,27.78,215.29501,6.1173734e-05,8.744801,150.0
2010-02-06 00:00:00.000039936,41.152,27.78,215.29501,6.3016254e-05,9.7736,145.0
2010-02-06 03:00:00.000039936,37.5512,33.336,255.113,6.4846485e-05,10.288,140.0
2010-02-06 06:00:00.000039936,33.436,37.04,294.005,6.643758e-05,9.7736,140.0
2010-02-06 09:00:00.000039936,30.864,37.04,271.318,6.801876e-05,8.2304,145.0
2010-02-06 12:00:00.000039936,28.292,37.04,247.70499,6.958979e-05,8.2304,140.0
2010-02-06 15:00:00.000039936,27.2632,37.04,241.22299,7.092813e-05,8.744801,135.0
