Time,Vmax,Rmax_IBT,R34,fcor,u_trans,v_trans
2002-02-02 18:00:00.000040448,23.148,18.52,32.41,3.5529305e-05,3.0864,270.0
2002-02-02 21:00:00.000040448,24.6912,24.076,39.355,3.5529305e-05,3.6008,260.0
2002-02-03 00:00:00.000040448,25.720001,27.78,46.3,3.577612e-05,3.0864,255.0
2002-02-03 03:00:00.000040448,27.2632,27.78,125.936005,3.6022833e-05,3.0864,250.0
2002-02-03 06:00:00.000040448,28.292,27.78,203.71999,3.626943e-05,3.0864,245.0
2002-02-03 09:00:00.000040448,30.864,27.78,203.71999,3.651592e-05,3.0864,245.0
2002-02-03 12:00:00.000040448,33.436,27.78,203.71999,3.67623e-05,3.6008,250.0
2002-02-03 15:00:00.000040448,34.979202,27.78,192.14499,3.700857e-05,4.1152,260.0
2002-02-03 18:00:00.000040448,36.008,27.78,180.56999,3.7254722e-05,3.0864,255.0
2002-02-03 21:00:00.000040448,38.58,27.78,180.56999,3.7500762e-05,2.0576,255.0
2002-02-04 00:00:00.000040448,41.152,27.78,180.56999,3.7500762e-05,1.5432,270.0
2002-02-04 03:00:00.000040448,43.724,33.336,196.77501,3.7500762e-05,1.5432,275.0
2002-02-04 06:00:00.000040448,46.296,37.04,212.98001,3.7500762e-05,0.5144,0.0
2002-02-04 09:00:00.000040448,48.868,37.04,221.314,3.7746686e-05,1.5432,135.0
2002-02-04 12:00:00.000040448,51.440002,37.04,229.185,3.7992504e-05,2.0576,140.0
2002-02-04 15:00:00.000040448,54.012,37.04,229.185,3.8238195e-05,2.0576,145.0
2002-02-04 18:00:00.000040448,56.584,37.04,229.185,3.872924e-05,2.572,145.0
2002-02-04 21:00:00.000040448,58.1272,37.04,229.185,3.9464914e-05,3.0864,140.0
2002-02-05 00:00:00.000040448,59.156002,37.04,229.185,3.995476e-05,2.572,135.0
2002-02-05 03:00:00.000040448,58.1272,37.04,225.944,4.0199502e-05,2.0576,120.0
2002-02-05 06:00:00.000040448,56.584,37.04,222.24,4.0444127e-05,2.0576,120.0
2002-02-05 09:00:00.000040448,56.584,37.04,222.24,4.0688625e-05,2.0576,125.0
2002-02-05 12:00:00.000040448,56.584,37.04,222.24,4.1177245e-05,2.0576,135.0
2002-02-05 15:00:00.000040448,55.5552,37.04,222.24,4.1665367e-05,2.0576,140.0
2002-02-05 18:00:00.000040448,54.012,37.04,222.24,4.2152973e-05,2.0576,140.0
2002-02-05 21:00:00.000040448,51.440002,37.04,217.61,4.2640077e-05,2.0576,135.0
2002-02-06 00:00:00.000040448,48.868,37.04,212.98,4.288343e-05,2.0576,130.0
2002-02-06 03:00:00.000040448,47.8392,37.04,215.295,4.3126656e-05,2.0576,125.0
2002-02-06 06:00:00.000040448,46.296,37.04,217.61,4.3369746e-05,2.0576,125.0
2002-02-06 09:00:00.000040448,46.296,37.04,217.61,4.3612705e-05,2.0576,120.0
2002-02-06 12:00:00.000040448,46.296,37.04,217.61,4.385554e-05,2.0576,120.0
2002-02-06 15:00:00.000040448,45.2672,33.336,212.98001,4.409823e-05,2.572,115.0
2002-02-06 18:00:00.000040448,43.724,27.78,208.35,4.4340795e-05,3.0864,110.0
2002-02-06 21:00:00.000040448,43.724,27.78,208.35,4.458322e-05,3.0864,110.0
2002-02-07 00:00:00.000040448,43.724,27.78,208.35,4.4825505e-05,3.0864,105.0
2002-02-07 03:00:00.000040448,45.2672,33.336,222.24,4.4825505e-05,2.572,105.0
2002-02-07 06:00:00.000040448,46.296,37.04,236.13,4.506766e-05,2.572,110.0
2002-02-07 09:00:00.000040448,46.296,42.596,243.07501,4.5309676e-05,3.0864,120.0
2002-02-07 12:00:00.000040448,46.296,46.3,250.02,4.5793287e-05,3.0864,130.0
2002-02-07 15:00:00.000040448,46.296,37.04,236.13,4.627635e-05,3.0864,135.0
2002-02-07 18:00:00.000040448,46.296,27.78,222.23999,4.675884e-05,2.572,140.0
2002-02-07 21:00:00.000040448,47.8392,27.78,222.23999,4.7240763e-05,2.572,150.0
2002-02-08 00:00:00.000040448,48.868,27.78,222.23999,4.7722115e-05,2.572,150.0
2002-02-08 03:00:00.000040448,48.868,37.04,224.555,4.844305e-05,3.0864,145.0
2002-02-08 06:00:00.000040448,48.868,46.3,226.87,4.892293e-05,3.0864,135.0
2002-02-08 09:00:00.000040448,47.8392,46.3,229.18501,4.9402213e-05,2.572,130.0
2002-02-08 12:00:00.000040448,46.296,46.3,231.5,4.9641636e-05,2.572,130.0
2002-02-08 15:00:00.000040448,46.296,46.3,217.61,5.012002e-05,2.572,140.0
2002-02-08 18:00:00.000040448,46.296,46.3,203.72,5.059779e-05,2.572,155.0
2002-02-08 21:00:00.000040448,46.296,46.3,203.72,5.1074945e-05,2.572,160.0
2002-02-09 00:00:00.000040448,46.296,46.3,203.72,5.178951e-05,2.572,160.0
2002-02-09 03:00:00.000040448,45.2672,46.3,256.039,5.250265e-05,2.572,160.0
2002-02-09 06:00:00.000040448,43.724,46.3,307.895,5.2977284e-05,2.572,165.0
2002-02-09 09:00:00.000040448,41.152,42.596,302.339,5.3688025e-05,2.572,170.0
2002-02-09 12:00:00.000040448,38.58,37.04,296.32,5.4161024e-05,2.0576,170.0
2002-02-09 15:00:00.000040448,37.5512,37.04,250.01999,5.4633376e-05,2.0576,175.0
2002-02-09 18:00:00.000040448,36.008,37.04,203.72,5.510506e-05,2.0576,0.0
2002-02-09 21:00:00.000040448,34.979202,37.04,199.09,5.5576067e-05,2.0576,175.0
2002-02-10 00:00:00.000040448,33.436,37.04,194.45999,5.6046403e-05,2.0576,165.0
2002-02-10 03:00:00.000040448,33.436,37.04,222.23999,5.6516048e-05,2.0576,155.0
2002-02-10 06:00:00.000040448,33.436,37.04,250.01999,5.698501e-05,2.0576,155.0
2002-02-10 09:00:00.000040448,32.4072,37.04,250.01999,5.7453286e-05,2.0576,160.0
2002-02-10 12:00:00.000040448,30.864,37.04,250.01999,5.7920843e-05,2.0576,165.0
2002-02-10 15:00:00.000040448,28.292,37.04,250.01999,5.8154368e-05,2.0576,165.0
2002-02-10 18:00:00.000040448,25.720001,37.04,250.01999,5.862087e-05,2.572,165.0
2002-02-10 21:00:00.000040448,24.6912,37.04,213.906,5.9086666e-05,2.572,165.0
2002-02-11 00:00:00.000040448,23.148,37.04,175.94,5.9551734e-05,3.0864,165.0
2002-02-11 03:00:00.000040448,22.1192,37.04,213.906,6.0247978e-05,4.1152,160.0
2002-02-11 06:00:00.000040448,20.576,37.04,250.01999,6.0942573e-05,4.6296,160.0
