Time,Vmax,Rmax_IBT,R34,fcor,u_trans,v_trans
2012-02-09 18:00:00.000039936,20.576,74.08,74.08,3.6022833e-05,5.144,240.0
2012-02-09 21:00:00.000039936,22.1192,70.376,92.6,3.67623e-05,5.6584,235.0
2012-02-10 00:00:00.000039936,23.148,64.82,111.12,3.7500762e-05,6.1728,245.0
2012-02-10 03:00:00.000039936,25.720001,64.82,115.75,3.7992504e-05,6.1728,250.0
2012-02-10 06:00:00.000039936,28.292,64.82,120.380005,3.8483773e-05,5.144,250.0
2012-02-10 09:00:00.000039936,32.4072,64.82,135.196,3.872924e-05,3.6008,245.0
2012-02-10 12:00:00.000039936,36.008,64.82,148.16,3.9219805e-05,4.1152,240.0
2012-02-10 15:00:00.000039936,43.724,61.116,162.513,3.9709896e-05,4.6296,235.0
2012-02-10 18:00:00.000039936,51.440002,55.56,175.94,4.0444127e-05,5.144,230.0
2012-02-10 21:00:00.000039936,55.5552,55.56,181.496,4.142137e-05,5.144,230.0
2012-02-11 00:00:00.000039936,59.156002,55.56,185.2,4.2152973e-05,4.6296,240.0
2012-02-11 03:00:00.000039936,58.1272,42.596,187.515,4.239659e-05,3.6008,255.0
2012-02-11 06:00:00.000039936,56.584,27.78,189.83,4.2640077e-05,3.0864,255.0
2012-02-11 09:00:00.000039936,55.5552,46.3,189.83,4.288343e-05,2.0576,240.0
2012-02-11 12:00:00.000039936,54.012,64.82,189.83,4.3126656e-05,2.0576,250.0
2012-02-11 15:00:00.000039936,52.9832,64.82,189.83,4.3369746e-05,2.0576,255.0
2012-02-11 18:00:00.000039936,51.440002,64.82,189.83,4.3369746e-05,2.0576,260.0
2012-02-11 21:00:00.000039936,51.440002,64.82,189.83,4.3369746e-05,2.0576,265.0
2012-02-12 00:00:00.000039936,51.440002,64.82,189.83,4.3612705e-05,2.572,260.0
2012-02-12 03:00:00.000039936,51.440002,64.82,229.185,4.385554e-05,2.572,255.0
2012-02-12 06:00:00.000039936,51.440002,64.82,268.53998,4.409823e-05,3.6008,255.0
2012-02-12 09:00:00.000039936,51.440002,64.82,301.41302,4.409823e-05,4.1152,255.0
2012-02-12 12:00:00.000039936,51.440002,64.82,333.36,4.4340795e-05,5.144,255.0
2012-02-12 15:00:00.000039936,54.012,64.82,356.51,4.458322e-05,6.1728,255.0
2012-02-12 18:00:00.000039936,56.584,64.82,379.66,4.506766e-05,6.6872,260.0
2012-02-12 21:00:00.000039936,58.1272,64.82,382.43802,4.5309676e-05,6.6872,265.0
2012-02-13 00:00:00.000039936,59.156002,64.82,384.29,4.5309676e-05,6.6872,265.0
2012-02-13 03:00:00.000039936,59.156002,64.82,384.29,4.5551555e-05,6.6872,265.0
2012-02-13 06:00:00.000039936,59.156002,64.82,384.29,4.5793287e-05,6.6872,260.0
2012-02-13 09:00:00.000039936,60.6992,61.116,384.753,4.627635e-05,6.6872,255.0
2012-02-13 12:00:00.000039936,61.728,55.56,384.29,4.675884e-05,6.6872,250.0
2012-02-13 15:00:00.000039936,60.6992,55.56,377.808,4.7240763e-05,6.6872,255.0
2012-02-13 18:00:00.000039936,59.156002,55.56,370.4,4.7722115e-05,6.6872,265.0
2012-02-13 21:00:00.000039936,54.012,55.56,370.4,4.7722115e-05,6.6872,270.0
