Time,Vmax,Rmax_IBT,R34,fcor,u_trans,v_trans
2013-01-28 00:00:00.000039936,20.576,74.08,74.08,3.330315e-05,4.6296,275.0
2013-01-28 03:00:00.000039936,23.148,61.116,69.45,3.330315e-05,4.6296,270.0
2013-01-28 06:00:00.000039936,25.720001,46.3,64.82,3.330315e-05,4.6296,265.0
2013-01-28 09:00:00.000039936,27.2632,46.3,83.34,3.330315e-05,4.6296,265.0
2013-01-28 12:00:00.000039936,28.292,46.3,101.86,3.3550914e-05,4.6296,265.0
2013-01-28 15:00:00.000039936,29.835201,37.04,117.13899,3.3550914e-05,4.6296,265.0
2013-01-28 18:00:00.000039936,30.864,27.78,131.955,3.3550914e-05,4.6296,265.0
2013-01-28 21:00:00.000039936,32.4072,27.78,144.91899,3.3798577e-05,4.6296,260.0
2013-01-29 00:00:00.000039936,33.436,27.78,157.42,3.404614e-05,4.1152,260.0
2013-01-29 03:00:00.000039936,36.008,27.78,167.143,3.4293596e-05,4.1152,255.0
2013-01-29 06:00:00.000039936,38.58,27.78,175.93999,3.454095e-05,4.1152,250.0
2013-01-29 09:00:00.000039936,42.6952,27.78,185.2,3.47882e-05,4.1152,245.0
2013-01-29 12:00:00.000039936,46.296,27.78,194.45999,3.5282377e-05,3.6008,250.0
2013-01-29 15:00:00.000039936,48.868,27.78,194.46,3.5529305e-05,3.6008,250.0
2013-01-29 18:00:00.000039936,51.440002,27.78,194.46,3.577612e-05,3.6008,250.0
2013-01-29 21:00:00.000039936,52.9832,27.78,194.46,3.6022833e-05,3.6008,245.0
2013-01-30 00:00:00.000039936,54.012,27.78,194.46,3.651592e-05,3.6008,225.0
2013-01-30 03:00:00.000039936,55.5552,27.78,203.72,3.7254722e-05,4.1152,210.0
2013-01-30 06:00:00.000039936,56.584,27.78,212.98,3.8238195e-05,5.144,215.0
2013-01-30 09:00:00.000039936,58.1272,27.78,222.24,3.9219805e-05,5.6584,215.0
2013-01-30 12:00:00.000039936,59.156002,27.78,231.49998,4.0444127e-05,5.6584,215.0
2013-01-30 15:00:00.000039936,56.584,27.78,231.50002,4.1665367e-05,5.144,210.0
2013-01-30 18:00:00.000039936,54.012,27.78,231.5,4.2640077e-05,5.144,215.0
2013-01-30 21:00:00.000039936,51.440002,27.78,231.5,4.3612705e-05,4.6296,220.0
2013-01-31 00:00:00.000039936,48.868,27.78,231.5,4.4340795e-05,4.1152,220.0
2013-01-31 03:00:00.000039936,46.296,27.78,236.12999,4.506766e-05,3.6008,215.0
2013-01-31 06:00:00.000039936,43.724,27.78,240.76,4.5793287e-05,4.1152,200.0
2013-01-31 09:00:00.000039936,42.6952,27.78,237.056,4.675884e-05,4.6296,190.0
2013-01-31 12:00:00.000039936,41.152,27.78,231.5,4.7722115e-05,4.1152,200.0
2013-01-31 15:00:00.000039936,40.1232,33.336,231.5,4.844305e-05,3.6008,215.0
2013-01-31 18:00:00.000039936,38.58,37.04,231.5,4.916265e-05,3.6008,200.0
2013-01-31 21:00:00.000039936,37.5512,37.04,225.018,5.012002e-05,4.1152,175.0
2013-02-01 00:00:00.000039936,36.008,37.04,217.60999,5.131329e-05,4.1152,170.0
2013-02-01 03:00:00.000039936,34.979202,42.596,217.60999,5.22651e-05,4.1152,165.0
2013-02-01 06:00:00.000039936,33.436,46.3,217.60999,5.345127e-05,4.6296,160.0
2013-02-01 09:00:00.000039936,33.436,46.3,217.60999,5.439729e-05,5.6584,155.0
2013-02-01 12:00:00.000039936,33.436,46.3,217.60999,5.5576067e-05,6.1728,160.0
2013-02-01 15:00:00.000039936,34.979202,42.596,239.834,5.6750614e-05,6.1728,170.0
2013-02-01 18:00:00.000039936,36.008,37.04,261.595,5.7920843e-05,5.6584,180.0
2013-02-01 21:00:00.000039936,36.008,37.04,265.76202,5.9319285e-05,5.6584,190.0
2013-02-02 00:00:00.000039936,36.008,37.04,268.54,6.0711227e-05,6.1728,185.0
2013-02-02 03:00:00.000039936,34.979202,37.04,259.28,6.20965e-05,6.6872,180.0
2013-02-02 06:00:00.000039936,33.436,37.04,250.01999,6.3474974e-05,6.1728,180.0
2013-02-02 09:00:00.000039936,32.4072,37.04,240.76001,6.4846485e-05,6.1728,180.0
2013-02-02 12:00:00.000039936,30.864,37.04,231.5,6.621089e-05,6.1728,170.0
2013-02-02 15:00:00.000039936,28.292,37.04,231.5,6.7793495e-05,7.2016,165.0
2013-02-02 18:00:00.000039936,25.720001,37.04,231.5,6.914198e-05,6.6872,165.0
2013-02-02 21:00:00.000039936,25.720001,42.596,231.5,7.048288e-05,6.6872,165.0
2013-02-03 00:00:00.000039936,25.720001,46.3,231.5,7.181604e-05,7.2016,160.0
2013-02-03 03:00:00.000039936,23.148,46.3,178.255,7.314133e-05,7.2016,155.0
2013-02-03 06:00:00.000039936,20.576,46.3,125.009995,7.467736e-05,7.2016,150.0
2013-02-03 09:00:00.000039936,20.576,46.3,125.009995,7.5985095e-05,6.6872,150.0
2013-02-03 12:00:00.000039936,20.576,46.3,125.009995,7.728449e-05,7.2016,150.0
2013-02-03 15:00:00.000039936,20.576,55.56,125.009995,7.878973e-05,7.716,155.0
2013-02-03 18:00:00.000039936,20.576,64.82,125.009995,8.028322e-05,7.2016,155.0
2013-02-03 21:00:00.000039936,19.5472,70.376,125.009995,8.155382e-05,6.1728,160.0
