Time,Vmax,Rmax_IBT,R34,fcor,u_trans,v_trans
2017-03-24 18:00:00.000039936,18.004,64.82,212.98001,4.288343e-05,1.5432,140.0
2017-03-24 21:00:00.000039936,20.576,64.82,170.384,4.3126656e-05,1.5432,170.0
2017-03-25 00:00:00.000039936,23.148,64.82,127.325005,4.3369746e-05,1.5432,0.0
2017-03-25 03:00:00.000039936,25.720001,61.116,167.14299,4.385554e-05,2.0576,0.0
2017-03-25 06:00:00.000039936,28.292,55.56,206.035,4.4340795e-05,1.0288,195.0
2017-03-25 09:00:00.000039936,29.835201,55.56,236.59302,4.458322e-05,1.0288,235.0
2017-03-25 12:00:00.000039936,30.864,55.56,266.225,4.458322e-05,1.0288,245.0
2017-03-25 15:00:00.000039936,32.4072,55.56,266.225,4.458322e-05,1.5432,240.0
2017-03-25 18:00:00.000039936,33.436,55.56,266.225,4.4825505e-05,1.5432,240.0
2017-03-25 21:00:00.000039936,33.436,55.56,266.225,4.506766e-05,1.5432,235.0
2017-03-26 00:00:00.000039936,33.436,55.56,266.225,4.5309676e-05,1.5432,230.0
2017-03-26 03:00:00.000039936,33.436,55.56,282.893,4.5551555e-05,1.5432,230.0
2017-03-26 06:00:00.000039936,33.436,55.56,298.635,4.5793287e-05,1.5432,240.0
2017-03-26 09:00:00.000039936,33.436,55.56,298.635,4.6034886e-05,2.0576,245.0
2017-03-26 12:00:00.000039936,33.436,55.56,298.635,4.627635e-05,1.5432,230.0
2017-03-26 15:00:00.000039936,34.979202,55.56,298.635,4.651767e-05,2.0576,210.0
2017-03-26 18:00:00.000039936,36.008,55.56,298.635,4.6999867e-05,2.0576,205.0
2017-03-26 21:00:00.000039936,38.58,55.56,298.635,4.7240763e-05,2.0576,200.0
2017-03-27 00:00:00.000039936,41.152,55.56,298.635,4.7722115e-05,2.0576,205.0
2017-03-27 03:00:00.000039936,45.2672,38.892,297.709,4.8202877e-05,2.0576,215.0
2017-03-27 06:00:00.000039936,48.868,22.223999,296.32,4.844305e-05,2.0576,235.0
2017-03-27 09:00:00.000039936,54.012,25.928,296.32,4.868306e-05,2.0576,255.0
2017-03-27 12:00:00.000039936,59.156002,27.78,296.32,4.892293e-05,2.572,255.0
2017-03-27 15:00:00.000039936,59.156002,27.78,253.724,4.916265e-05,2.572,245.0
2017-03-27 18:00:00.000039936,59.156002,27.78,210.665,4.9402213e-05,2.0576,245.0
2017-03-27 21:00:00.000039936,56.584,24.076,210.665,4.9641636e-05,2.0576,235.0
2017-03-28 00:00:00.000039936,54.012,18.52,210.665,4.9880902e-05,2.572,225.0
2017-03-28 02:40:00.000031744,48.3536,18.52,149.086,5.035898e-05,3.0864,220.0
2017-03-28 03:00:00.000039936,47.8392,18.52,141.678,5.035898e-05,2.572,235.0
