Time,Vmax,Rmax_IBT,R34,fcor,u_trans,v_trans
2024-02-16 06:00:00.000039936,27.7776,22.223999,112.972,4.0444127e-05,1.0288,175.0
2024-02-16 09:00:00.000039936,27.7776,22.223999,112.972,4.093299e-05,2.0576,135.0
2024-02-16 12:00:00.000039936,27.7776,22.223999,112.972,4.1177245e-05,2.0576,95.0
2024-02-16 15:00:00.000039936,30.3496,22.223999,127.787994,4.093299e-05,3.0864,70.0
2024-02-16 18:00:00.000039936,32.9216,22.223999,141.678,4.0688625e-05,3.0864,90.0
2024-02-16 21:00:00.000039936,32.9216,22.223999,155.105,4.093299e-05,4.1152,105.0
2024-02-17 00:00:00.000039936,32.9216,22.223999,167.60602,4.1177245e-05,5.6584,90.0
2024-02-17 03:00:00.000039936,32.9216,27.78,196.775,4.093299e-05,7.716,80.0
2024-02-17 06:00:00.000039936,32.9216,31.484,225.018,4.0688625e-05,7.716,90.0
2024-02-17 09:00:00.000039936,37.0368,25.928,225.018,4.093299e-05,7.716,100.0
2024-02-17 12:00:00.000039936,41.152,18.52,225.018,4.1177245e-05,8.744801,100.0
2024-02-17 15:00:00.000039936,46.296,24.076,225.018,4.142137e-05,9.2592,100.0
2024-02-17 18:00:00.000039936,50.925602,27.78,225.018,4.1909232e-05,8.2304,110.0
2024-02-17 21:00:00.000039936,55.040802,27.78,225.018,4.2640077e-05,7.716,125.0
2024-02-18 00:00:00.000039936,59.156002,27.78,225.018,4.385554e-05,10.288,115.0
2024-02-18 03:00:00.000039936,60.1848,25.928,243.53801,4.506766e-05,13.8888,110.0
2024-02-18 06:00:00.000039936,61.2136,22.223999,261.595,4.627635e-05,13.8888,115.0
2024-02-18 09:00:00.000039936,61.2136,22.223999,261.595,4.7722115e-05,13.8888,120.0
2024-02-18 12:00:00.000039936,61.2136,22.223999,261.595,4.9641636e-05,14.4032,125.0
2024-02-18 15:00:00.000039936,61.2136,22.223999,249.09401,5.155148e-05,14.4032,125.0
2024-02-18 18:00:00.000039936,61.2136,22.223999,235.667,5.3688025e-05,13.8888,125.0
2024-02-18 21:00:00.000039936,57.6128,22.223999,235.667,5.5340646e-05,13.3744,125.0
2024-02-19 00:00:00.000039936,54.012,22.223999,235.667,5.721923e-05,13.8888,130.0
2024-02-19 03:00:00.000039936,49.8968,27.78,235.667,5.9551734e-05,14.917601,135.0
2024-02-19 06:00:00.000039936,45.7816,31.484,235.667,6.20965e-05,15.9464,135.0
2024-02-19 09:00:00.000039936,42.1808,40.744,235.667,6.43901e-05,16.9752,130.0
2024-02-19 12:00:00.000039936,38.0656,48.152,235.667,6.689037e-05,19.5472,130.0
2024-02-19 15:00:00.000039936,32.9216,68.524,215.295,6.981338e-05,21.0904,130.0
2024-02-19 18:00:00.000039936,27.7776,88.895996,193.534,7.247968e-05,20.0616,120.0
2024-02-19 21:00:00.000039936,27.7776,88.895996,193.534,7.4458614e-05,18.5184,115.0
