Time,Vmax,Rmax_IBT,R34,fcor,u_trans,v_trans
2004-02-23 00:00:00.000040448,20.576,74.08,97.229996,3.700857e-05,4.1152,295.0
2004-02-23 03:00:00.000040448,22.1192,70.376,94.91499,3.651592e-05,5.144,290.0
2004-02-23 06:00:00.000040448,23.148,64.82,92.6,3.6022833e-05,5.144,290.0
2004-02-23 09:00:00.000040448,25.720001,42.596,92.6,3.5529305e-05,4.6296,295.0
2004-02-23 12:00:00.000040448,28.292,18.52,92.6,3.5035337e-05,4.1152,305.0
2004-02-23 15:00:00.000040448,32.4072,18.52,166.68,3.454095e-05,4.1152,310.0
2004-02-23 18:00:00.000040448,36.008,18.52,240.76,3.4293596e-05,3.6008,305.0
2004-02-23 21:00:00.000040448,37.5512,18.52,240.76001,3.404614e-05,3.6008,290.0
2004-02-24 00:00:00.000040448,38.58,18.52,240.76,3.3798577e-05,3.6008,280.0
2004-02-24 03:00:00.000040448,38.58,24.076,240.76,3.404614e-05,3.0864,260.0
2004-02-24 06:00:00.000040448,38.58,27.78,240.76,3.454095e-05,3.0864,230.0
2004-02-24 09:00:00.000040448,42.6952,27.78,245.39,3.47882e-05,3.0864,205.0
2004-02-24 12:00:00.000040448,46.296,27.78,250.01999,3.5282377e-05,3.0864,205.0
2004-02-24 15:00:00.000040448,45.2672,27.78,250.01999,3.577612e-05,2.572,215.0
2004-02-24 18:00:00.000040448,43.724,27.78,250.01999,3.626943e-05,2.572,230.0
2004-02-24 21:00:00.000040448,43.724,24.076,277.8,3.67623e-05,3.0864,230.0
2004-02-25 00:00:00.000040448,43.724,18.52,305.58,3.7500762e-05,3.6008,215.0
2004-02-25 03:00:00.000040448,45.2672,24.076,305.58,3.7992504e-05,4.1152,205.0
2004-02-25 06:00:00.000040448,46.296,27.78,305.58,3.872924e-05,3.0864,195.0
2004-02-25 09:00:00.000040448,47.8392,27.78,300.95,3.9219805e-05,2.0576,0.0
2004-02-25 12:00:00.000040448,48.868,27.78,296.32,3.995476e-05,2.0576,170.0
2004-02-25 15:00:00.000040448,51.440002,24.076,289.375,4.0444127e-05,2.0576,165.0
