Time,Vmax,Rmax_IBT,R34,fcor,u_trans,v_trans
2016-02-14 00:00:00.000039936,23.148,64.82,83.34,3.454095e-05,5.144,240.0
2016-02-14 03:00:00.000039936,23.148,64.82,139.826,3.5035337e-05,5.144,235.0
2016-02-14 06:00:00.000039936,23.148,64.82,194.45999,3.577612e-05,5.6584,225.0
2016-02-14 09:00:00.000039936,24.6912,55.56,189.83,3.67623e-05,5.6584,225.0
2016-02-14 12:00:00.000039936,25.720001,46.3,185.2,3.7746686e-05,5.6584,235.0
2016-02-14 15:00:00.000039936,25.720001,46.3,212.98001,3.8483773e-05,5.6584,245.0
2016-02-14 18:00:00.000039936,25.720001,46.3,240.76001,3.897458e-05,4.1152,245.0
2016-02-14 21:00:00.000039936,27.2632,46.3,240.76001,3.9219805e-05,3.0864,245.0
2016-02-15 00:00:00.000039936,28.292,46.3,240.76001,3.9464914e-05,3.0864,245.0
2016-02-15 03:00:00.000039936,28.292,46.3,240.76001,3.995476e-05,3.6008,240.0
2016-02-15 06:00:00.000039936,28.292,46.3,240.76001,4.0444127e-05,3.6008,230.0
2016-02-15 09:00:00.000039936,28.292,46.3,222.23999,4.093299e-05,3.6008,225.0
2016-02-15 12:00:00.000039936,28.292,46.3,203.72,4.142137e-05,3.6008,220.0
2016-02-15 15:00:00.000039936,28.292,38.892,181.959,4.2152973e-05,3.6008,220.0
2016-02-15 18:00:00.000039936,28.292,31.484,159.73499,4.288343e-05,3.6008,230.0
2016-02-15 21:00:00.000039936,29.835201,31.484,232.88898,4.3369746e-05,4.1152,240.0
2016-02-16 00:00:00.000039936,30.864,31.484,305.58,4.385554e-05,5.144,245.0
2016-02-16 03:00:00.000039936,32.4072,31.484,305.58,4.4340795e-05,6.1728,255.0
2016-02-16 06:00:00.000039936,33.436,31.484,305.58,4.4825505e-05,6.6872,260.0
2016-02-16 09:00:00.000039936,36.008,27.78,305.58,4.506766e-05,6.1728,265.0
2016-02-16 12:00:00.000039936,38.58,22.223999,305.58,4.506766e-05,6.6872,270.0
2016-02-16 15:00:00.000039936,41.152,22.223999,284.745,4.4825505e-05,6.1728,275.0
2016-02-16 18:00:00.000039936,43.724,22.223999,263.91,4.458322e-05,5.6584,280.0
2016-02-16 21:00:00.000039936,48.868,20.372,231.5,4.458322e-05,5.144,275.0
2016-02-17 00:00:00.000039936,54.012,18.52,199.09,4.458322e-05,4.6296,260.0
2016-02-17 03:00:00.000039936,55.5552,20.372,237.519,4.4825505e-05,4.6296,250.0
2016-02-17 06:00:00.000039936,56.584,22.223999,275.485,4.5309676e-05,4.6296,240.0
2016-02-17 09:00:00.000039936,59.156002,25.928,289.37503,4.5793287e-05,4.6296,235.0
2016-02-17 12:00:00.000039936,61.728,27.78,303.265,4.651767e-05,4.6296,230.0
2016-02-17 15:00:00.000039936,64.3,25.928,303.265,4.7240763e-05,4.6296,225.0
2016-02-17 18:00:00.000039936,66.872,22.223999,303.265,4.796257e-05,4.6296,210.0
2016-02-17 21:00:00.000039936,63.271202,18.52,282.43002,4.892293e-05,4.6296,200.0
2016-02-18 00:00:00.000039936,59.156002,12.964,261.595,5.012002e-05,4.6296,205.0
2016-02-18 03:00:00.000039936,56.584,16.668,261.595,5.1074945e-05,4.6296,205.0
2016-02-18 06:00:00.000039936,54.012,18.52,261.595,5.2027382e-05,5.144,195.0
2016-02-18 09:00:00.000039936,50.4112,27.78,261.595,5.321436e-05,5.144,185.0
2016-02-18 12:00:00.000039936,46.296,37.04,261.595,5.4633376e-05,5.144,175.0
2016-02-18 15:00:00.000039936,42.6952,37.04,261.595,5.581132e-05,4.6296,170.0
2016-02-18 18:00:00.000039936,38.58,37.04,261.595,5.6750614e-05,5.144,180.0
2016-02-18 21:00:00.000039936,36.008,37.04,261.595,5.768715e-05,5.6584,190.0
2016-02-19 00:00:00.000039936,33.436,46.3,261.595,5.9086666e-05,5.6584,200.0
2016-02-19 03:00:00.000039936,30.864,46.3,252.79799,6.0016075e-05,3.6008,210.0
2016-02-19 06:00:00.000039936,28.292,46.3,243.075,6.0479695e-05,2.572,220.0
2016-02-19 09:00:00.000039936,27.2632,55.56,243.075,6.0942573e-05,1.5432,230.0
2016-02-19 12:00:00.000039936,25.720001,64.82,243.075,6.1173734e-05,1.5432,200.0
2016-02-19 15:00:00.000039936,24.6912,64.82,199.09,6.14047e-05,2.0576,185.0
2016-02-19 18:00:00.000039936,23.148,64.82,155.105,6.186609e-05,2.0576,200.0
2016-02-19 21:00:00.000039936,22.1192,64.82,158.80899,6.2326726e-05,1.5432,220.0
2016-02-20 00:00:00.000039936,20.576,64.82,162.04999,6.255676e-05,1.5432,225.0
2016-02-20 03:00:00.000039936,19.5472,64.82,162.04999,6.278661e-05,1.0288,220.0
