Time,Vmax,Rmax_IBT,R34,fcor,u_trans,v_trans
2022-02-17 06:00:00.000039936,25.720001,37.04,74.08,3.5035337e-05,6.6872,280.0
2022-02-17 09:00:00.000039936,27.2632,33.336,78.247,3.47882e-05,6.6872,275.0
2022-02-17 12:00:00.000039936,28.292,27.78,81.024994,3.47882e-05,5.6584,275.0
2022-02-17 15:00:00.000039936,27.2632,24.076,73.617,3.454095e-05,4.1152,275.0
2022-02-17 18:00:00.000039936,25.720001,18.52,64.82,3.454095e-05,3.0864,275.0
2022-02-17 21:00:00.000039936,29.835201,18.52,70.839,3.454095e-05,2.572,270.0
2022-02-18 00:00:00.000039936,33.436,18.52,76.395,3.454095e-05,4.1152,260.0
2022-02-18 03:00:00.000039936,36.008,18.52,81.951,3.47882e-05,5.144,255.0
2022-02-18 06:00:00.000039936,38.58,18.52,85.655,3.5282377e-05,4.6296,240.0
2022-02-18 09:00:00.000039936,38.58,24.076,96.767,3.577612e-05,4.1152,230.0
2022-02-18 12:00:00.000039936,38.58,27.78,106.49,3.651592e-05,5.144,235.0
2022-02-18 15:00:00.000039936,38.58,27.78,116.213005,3.7254722e-05,6.1728,240.0
2022-02-18 18:00:00.000039936,38.58,27.78,125.009995,3.7992504e-05,5.144,245.0
2022-02-18 21:00:00.000039936,36.008,24.076,134.733,3.8238195e-05,3.6008,245.0
2022-02-19 00:00:00.000039936,33.436,18.52,143.53,3.872924e-05,4.6296,240.0
2022-02-19 03:00:00.000039936,34.979202,18.52,146.30798,3.9464914e-05,5.6584,240.0
2022-02-19 06:00:00.000039936,36.008,18.52,148.16,4.0199502e-05,4.1152,235.0
2022-02-19 09:00:00.000039936,37.5512,18.52,148.16,4.0688625e-05,3.0864,240.0
2022-02-19 12:00:00.000039936,38.58,18.52,148.16,4.093299e-05,4.6296,245.0
2022-02-19 15:00:00.000039936,41.152,14.816,207.887,4.1665367e-05,6.6872,245.0
2022-02-19 18:00:00.000039936,43.724,9.26,266.225,4.2152973e-05,4.6296,245.0
2022-02-19 21:00:00.000039936,47.8392,9.26,286.597,4.2640077e-05,3.0864,240.0
2022-02-20 00:00:00.000039936,51.440002,9.26,305.58,4.288343e-05,3.0864,255.0
2022-02-20 03:00:00.000039936,52.9832,9.26,305.117,4.3126656e-05,4.1152,265.0
2022-02-20 06:00:00.000039936,54.012,9.26,303.26498,4.3126656e-05,3.0864,255.0
2022-02-20 09:00:00.000039936,56.584,18.52,310.673,4.3369746e-05,2.0576,240.0
2022-02-20 12:00:00.000039936,59.156002,27.78,317.15497,4.3612705e-05,3.0864,250.0
2022-02-20 15:00:00.000039936,59.156002,25.928,321.322,4.385554e-05,4.1152,255.0
2022-02-20 18:00:00.000039936,59.156002,22.223999,324.09998,4.409823e-05,3.6008,260.0
2022-02-20 21:00:00.000039936,56.584,22.223999,315.30298,4.409823e-05,3.0864,260.0
2022-02-21 00:00:00.000039936,54.012,22.223999,305.58,4.4340795e-05,2.572,255.0
2022-02-21 03:00:00.000039936,51.440002,22.223999,305.58,4.458322e-05,2.572,245.0
2022-02-21 06:00:00.000039936,48.868,22.223999,305.58,4.4825505e-05,3.6008,250.0
2022-02-21 09:00:00.000039936,48.868,22.223999,302.802,4.506766e-05,4.1152,250.0
2022-02-21 12:00:00.000039936,48.868,22.223999,298.635,4.5551555e-05,3.6008,245.0
2022-02-21 15:00:00.000039936,47.8392,16.668,300.024,4.5793287e-05,3.0864,240.0
2022-02-21 18:00:00.000039936,46.296,9.26,300.95,4.627635e-05,4.1152,240.0
2022-02-21 21:00:00.000039936,46.296,9.26,297.24597,4.6999867e-05,5.144,235.0
2022-02-22 00:00:00.000039936,46.296,9.26,291.69,4.7722115e-05,5.6584,225.0
2022-02-22 03:00:00.000039936,43.724,9.26,294.005,4.868306e-05,6.1728,220.0
2022-02-22 06:00:00.000039936,41.152,9.26,296.32,4.9880902e-05,6.1728,225.0
2022-02-22 09:00:00.000039936,40.1232,9.26,296.783,5.083645e-05,6.1728,225.0
2022-02-22 12:00:00.000039936,38.58,9.26,296.32,5.178951e-05,5.6584,225.0
2022-02-22 15:00:00.000039936,38.58,9.26,286.134,5.2740055e-05,5.144,220.0
2022-02-22 18:00:00.000039936,38.58,9.26,275.48502,5.3688025e-05,6.1728,220.0
2022-02-22 21:00:00.000039936,36.008,9.26,261.132,5.4869302e-05,7.2016,225.0
