Time,Vmax,Rmax_IBT,R34,fcor,u_trans,v_trans
2014-02-05 06:00:00.000039936,18.004,46.3,87.96999,4.3126656e-05,3.0864,165.0
2014-02-05 09:00:00.000039936,19.5472,46.3,87.96999,4.409823e-05,4.1152,0.0
2014-02-05 12:00:00.000039936,20.576,46.3,87.96999,4.5309676e-05,4.6296,185.0
2014-02-05 15:00:00.000039936,20.576,46.3,87.96999,4.651767e-05,5.144,185.0
2014-02-05 18:00:00.000039936,20.576,46.3,87.96999,4.796257e-05,6.1728,200.0
2014-02-05 21:00:00.000039936,23.148,46.3,87.96999,4.916265e-05,7.2016,205.0
2014-02-06 00:00:00.000039936,25.720001,46.3,87.96999,5.035898e-05,7.2016,210.0
2014-02-06 03:00:00.000039936,25.720001,46.3,132.418,5.155148e-05,7.2016,210.0
2014-02-06 06:00:00.000039936,25.720001,46.3,175.93999,5.2740055e-05,7.716,210.0
2014-02-06 09:00:00.000039936,27.2632,46.3,175.93999,5.392461e-05,8.2304,210.0
2014-02-06 12:00:00.000039936,28.292,46.3,175.93999,5.5576067e-05,8.744801,210.0
2014-02-06 15:00:00.000039936,27.2632,46.3,175.93999,5.7453286e-05,8.744801,205.0
2014-02-06 18:00:00.000039936,25.720001,46.3,175.93999,5.9551734e-05,9.2592,205.0
2014-02-06 21:00:00.000039936,25.720001,46.3,175.93999,6.186609e-05,9.7736,205.0
2014-02-07 00:00:00.000039936,25.720001,46.3,175.93999,6.393293e-05,9.7736,205.0
2014-02-07 03:00:00.000039936,24.6912,51.856,175.93999,6.575688e-05,9.7736,205.0
2014-02-07 06:00:00.000039936,23.148,55.56,175.93999,6.734234e-05,9.2592,205.0
2014-02-07 09:00:00.000039936,22.1192,55.56,166.68,6.8917754e-05,8.744801,205.0
2014-02-07 12:00:00.000039936,20.576,55.56,157.42,7.07056e-05,8.744801,205.0
2014-02-07 15:00:00.000039936,19.5472,64.82,157.42,7.247968e-05,8.744801,205.0
