Time,Vmax,Rmax_IBT,R34,fcor,u_trans,v_trans
2019-02-06 00:00:00.000039936,18.004,74.08,101.86,3.131743e-05,2.0576,310.0
2019-02-06 03:00:00.000039936,19.5472,74.08,93.062996,3.1068776e-05,1.0288,345.0
2019-02-06 06:00:00.000039936,20.576,74.08,83.34,3.0820032e-05,1.0288,300.0
2019-02-06 09:00:00.000039936,24.6912,55.56,101.86,3.0820032e-05,1.5432,260.0
2019-02-06 12:00:00.000039936,28.292,37.04,120.380005,3.0820032e-05,1.5432,260.0
2019-02-06 15:00:00.000039936,29.835201,46.3,127.788,3.0820032e-05,1.0288,270.0
2019-02-06 18:00:00.000039936,30.864,55.56,134.27,3.0820032e-05,0.5144,290.0
2019-02-06 21:00:00.000039936,32.4072,46.3,154.642,3.0820032e-05,0.5144,50.0
2019-02-07 00:00:00.000039936,33.436,37.04,173.625,3.1068776e-05,1.5432,100.0
2019-02-07 03:00:00.000039936,33.436,33.336,169.45801,3.1068776e-05,2.572,115.0
2019-02-07 06:00:00.000039936,33.436,27.78,164.36499,3.131743e-05,2.572,140.0
2019-02-07 09:00:00.000039936,34.979202,18.52,178.255,3.206281e-05,3.0864,160.0
2019-02-07 12:00:00.000039936,36.008,9.26,192.14499,3.280731e-05,4.1152,165.0
2019-02-07 15:00:00.000039936,37.5512,9.26,187.978,3.3550914e-05,4.1152,165.0
2019-02-07 18:00:00.000039936,38.58,9.26,182.885,3.454095e-05,4.1152,165.0
2019-02-07 21:00:00.000039936,40.1232,24.076,181.959,3.5529305e-05,3.6008,165.0
2019-02-08 00:00:00.000039936,41.152,37.04,180.57,3.651592e-05,4.1152,155.0
2019-02-08 03:00:00.000039936,45.2672,33.336,180.107,3.7500762e-05,4.6296,145.0
2019-02-08 06:00:00.000039936,48.868,27.78,178.255,3.8238195e-05,4.1152,140.0
2019-02-08 09:00:00.000039936,50.4112,18.52,194.923,3.897458e-05,4.1152,135.0
2019-02-08 12:00:00.000039936,51.440002,9.26,210.665,3.9709896e-05,5.144,130.0
2019-02-08 15:00:00.000039936,52.9832,14.816,225.944,4.0444127e-05,6.1728,125.0
2019-02-08 18:00:00.000039936,54.012,18.52,240.76,4.1177245e-05,6.1728,120.0
2019-02-08 21:00:00.000039936,55.5552,18.52,266.22498,4.1909232e-05,6.1728,120.0
2019-02-09 00:00:00.000039936,56.584,18.52,291.69,4.2640077e-05,7.2016,120.0
2019-02-09 03:00:00.000039936,58.1272,20.372,259.74298,4.3612705e-05,8.2304,120.0
2019-02-09 06:00:00.000039936,59.156002,22.223999,226.87,4.4825505e-05,8.744801,120.0
2019-02-09 09:00:00.000039936,60.6992,22.223999,228.259,4.5793287e-05,8.744801,120.0
2019-02-09 12:00:00.000039936,61.728,22.223999,229.185,4.675884e-05,8.744801,120.0
2019-02-09 15:00:00.000039936,60.6992,22.223999,200.479,4.7722115e-05,8.2304,120.0
2019-02-09 18:00:00.000039936,59.156002,22.223999,171.31,4.868306e-05,8.2304,120.0
2019-02-09 21:00:00.000039936,56.584,16.668,190.293,4.9641636e-05,7.716,120.0
2019-02-10 00:00:00.000039936,54.012,9.26,208.35,5.059779e-05,7.2016,125.0
2019-02-10 03:00:00.000039936,51.440002,14.816,229.64801,5.155148e-05,6.1728,125.0
2019-02-10 06:00:00.000039936,48.868,18.52,250.01999,5.22651e-05,6.6872,125.0
2019-02-10 09:00:00.000039936,47.8392,18.52,226.87001,5.2977284e-05,6.6872,120.0
2019-02-10 12:00:00.000039936,46.296,18.52,203.72,5.392461e-05,6.6872,125.0
2019-02-10 15:00:00.000039936,43.724,24.076,199.09,5.4633376e-05,6.6872,125.0
2019-02-10 18:00:00.000039936,41.152,27.78,194.46,5.5576067e-05,7.2016,120.0
2019-02-10 21:00:00.000039936,40.1232,27.78,200.479,5.6281307e-05,7.2016,120.0
2019-02-11 00:00:00.000039936,38.58,27.78,206.035,5.721923e-05,6.6872,125.0
2019-02-11 03:00:00.000039936,37.5512,37.04,214.36899,5.83877e-05,6.1728,130.0
2019-02-11 06:00:00.000039936,36.008,46.3,222.24,5.9319285e-05,6.6872,125.0
2019-02-11 09:00:00.000039936,34.979202,42.596,212.054,6.0016075e-05,6.6872,120.0
2019-02-11 12:00:00.000039936,33.436,37.04,201.405,6.0711227e-05,6.1728,115.0
2019-02-11 15:00:00.000039936,32.4072,37.04,199.553,6.14047e-05,5.6584,115.0
2019-02-11 18:00:00.000039936,30.864,37.04,196.775,6.186609e-05,5.6584,115.0
2019-02-11 21:00:00.000039936,29.835201,46.3,215.75801,6.2326726e-05,6.1728,115.0
2019-02-12 00:00:00.000039936,28.292,55.56,233.81499,6.278661e-05,5.144,115.0
2019-02-12 03:00:00.000039936,28.292,51.856,217.147,6.324571e-05,4.1152,110.0
2019-02-12 06:00:00.000039936,28.292,46.3,199.09001,6.3474974e-05,3.6008,90.0
2019-02-12 09:00:00.000039936,29.835201,51.856,181.959,6.324571e-05,3.6008,70.0
2019-02-12 12:00:00.000039936,30.864,55.56,164.36499,6.278661e-05,4.1152,65.0
2019-02-12 15:00:00.000039936,30.864,55.56,174.088,6.2326726e-05,4.1152,70.0
2019-02-12 18:00:00.000039936,30.864,55.56,182.885,6.20965e-05,3.6008,85.0
2019-02-12 21:00:00.000039936,30.864,55.56,171.773,6.2326726e-05,3.6008,100.0
2019-02-13 00:00:00.000039936,30.864,55.56,159.735,6.255676e-05,5.144,105.0
2019-02-13 03:00:00.000039936,29.835201,55.56,181.03299,6.278661e-05,6.1728,100.0
2019-02-13 06:00:00.000039936,28.292,55.56,201.405,6.324571e-05,6.1728,105.0
2019-02-13 09:00:00.000039936,28.292,55.56,190.293,6.3474974e-05,6.1728,110.0
2019-02-13 12:00:00.000039936,28.292,55.56,178.25499,6.393293e-05,6.1728,110.0
2019-02-13 15:00:00.000039936,28.292,61.116,169.458,6.43901e-05,6.6872,110.0
2019-02-13 18:00:00.000039936,28.292,64.82,159.735,6.507438e-05,7.2016,105.0
2019-02-13 21:00:00.000039936,28.292,64.82,175.01399,6.552959e-05,8.2304,105.0
2019-02-14 00:00:00.000039936,28.292,64.82,189.83,6.5983986e-05,9.7736,105.0
2019-02-14 03:00:00.000039936,27.2632,64.82,191.219,6.666408e-05,11.8312,110.0
2019-02-14 06:00:00.000039936,25.720001,64.82,192.145,6.734234e-05,12.3456,110.0
2019-02-14 09:00:00.000039936,24.6912,64.82,157.883,6.8468675e-05,11.8312,115.0
2019-02-14 12:00:00.000039936,23.148,64.82,122.695,6.958979e-05,9.7736,115.0
2019-02-14 15:00:00.000039936,22.1192,61.116,122.695,7.025991e-05,7.2016,110.0
2019-02-14 18:00:00.000039936,20.576,55.56,122.695,7.07056e-05,6.1728,105.0
2019-02-14 21:00:00.000039936,19.5472,83.34,122.695,7.092813e-05,6.1728,105.0
