Time,Vmax,Rmax_IBT,R34,fcor,u_trans,v_trans
2007-02-09 12:00:00.000039936,20.576,74.08,76.395004,3.7992504e-05,8.744801,95.0
2007-02-09 15:00:00.000039936,23.148,64.82,86.118,3.8483773e-05,9.2592,105.0
2007-02-09 18:00:00.000039936,25.720001,55.56,94.915,3.9219805e-05,9.2592,105.0
2007-02-09 21:00:00.000039936,27.2632,51.856,104.638,3.995476e-05,9.2592,110.0
2007-02-10 00:00:00.000039936,28.292,46.3,113.435,4.0688625e-05,9.2592,115.0
2007-02-10 03:00:00.000039936,28.292,42.596,117.139,4.1909232e-05,9.2592,125.0
2007-02-10 06:00:00.000039936,28.292,37.04,120.380005,4.3126656e-05,9.2592,125.0
2007-02-10 09:00:00.000039936,27.2632,37.04,118.065,4.4340795e-05,8.744801,125.0
2007-02-10 12:00:00.000039936,25.720001,37.04,115.75,4.5551555e-05,8.2304,135.0
2007-02-10 15:00:00.000039936,23.148,42.596,114.82399,4.6999867e-05,7.716,140.0
2007-02-10 18:00:00.000039936,20.576,46.3,113.435,4.844305e-05,8.2304,145.0
2007-02-10 21:00:00.000039936,19.5472,51.856,110.657005,5.012002e-05,8.2304,150.0
2007-02-11 00:00:00.000039936,18.004,55.56,106.490005,5.155148e-05,7.2016,160.0
2007-02-11 03:00:00.000039936,18.004,61.116,106.490005,5.2977284e-05,6.1728,170.0
