Time,Vmax,Rmax_IBT,R34,fcor,u_trans,v_trans
2015-02-18 12:00:00.000039936,20.576,83.34,78.71,4.5793287e-05,7.2016,225.0
2015-02-18 15:00:00.000039936,22.1192,83.34,79.173004,4.6999867e-05,7.2016,230.0
2015-02-18 18:00:00.000039936,23.148,83.34,78.71,4.796257e-05,7.2016,230.0
2015-02-18 21:00:00.000039936,28.292,83.34,77.784,4.892293e-05,7.2016,230.0
2015-02-19 00:00:00.000039936,33.436,83.34,76.395004,4.9880902e-05,7.2016,240.0
2015-02-19 03:00:00.000039936,40.1232,51.856,102.323,5.059779e-05,6.6872,245.0
2015-02-19 06:00:00.000039936,46.296,18.52,127.325,5.1074945e-05,4.1152,250.0
2015-02-19 08:32:00.000059392,51.9544,20.372,127.325,5.131329e-05,2.572,245.0
2015-02-19 09:00:00.000039936,52.9832,20.372,127.325,5.155148e-05,2.572,190.0
2015-02-19 12:00:00.000039936,59.156002,22.223999,127.325,5.2027382e-05,3.0864,185.0
2015-02-19 15:00:00.000039936,61.728,22.223999,127.787994,5.2740055e-05,4.1152,185.0
2015-02-19 18:00:00.000039936,64.3,22.223999,127.325,5.392461e-05,5.144,0.0
2015-02-19 21:00:00.000039936,61.728,22.223999,127.325,5.510506e-05,5.6584,0.0
2015-02-19 23:00:00.000053248,60.1848,22.223999,127.325,5.6046403e-05,5.6584,185.0
