Time,Vmax,Rmax_IBT,R34,fcor,u_trans,v_trans
2015-02-24 12:00:00.000039936,20.576,55.56,81.025,4.2152973e-05,4.1152,240.0
2015-02-24 15:00:00.000039936,23.148,42.596,86.118,4.2640077e-05,5.144,240.0
2015-02-24 18:00:00.000039936,25.720001,27.78,90.284996,4.3126656e-05,5.144,250.0
2015-02-24 21:00:00.000039936,27.2632,33.336,87.97,4.3369746e-05,4.6296,260.0
2015-02-25 00:00:00.000039936,28.292,37.04,85.655,4.3369746e-05,4.1152,255.0
2015-02-25 03:00:00.000039936,27.2632,37.04,152.79001,4.3612705e-05,3.6008,235.0
2015-02-25 06:00:00.000039936,25.720001,37.04,219.925,4.4340795e-05,4.1152,215.0
2015-02-25 09:00:00.000039936,25.720001,37.04,219.925,4.5551555e-05,4.6296,205.0
2015-02-25 12:00:00.000039936,25.720001,37.04,219.925,4.651767e-05,3.6008,210.0
2015-02-25 15:00:00.000039936,25.720001,37.04,219.925,4.6999867e-05,3.0864,215.0
2015-02-25 18:00:00.000039936,25.720001,37.04,219.925,4.7240763e-05,3.6008,215.0
2015-02-25 21:00:00.000039936,25.720001,37.04,224.555,4.796257e-05,4.6296,210.0
2015-02-26 00:00:00.000039936,25.720001,37.04,229.185,4.916265e-05,5.6584,200.0
2015-02-26 03:00:00.000039936,24.6912,37.04,229.185,5.059779e-05,6.1728,195.0
2015-02-26 06:00:00.000039936,23.148,37.04,229.185,5.2027382e-05,5.144,195.0
2015-02-26 09:00:00.000039936,23.148,37.04,229.185,5.2740055e-05,3.6008,195.0
2015-02-26 12:00:00.000039936,23.148,37.04,229.185,5.345127e-05,3.6008,195.0
2015-02-26 15:00:00.000039936,23.148,37.04,208.813,5.439729e-05,3.6008,195.0
2015-02-26 18:00:00.000039936,23.148,37.04,187.515,5.510506e-05,3.6008,200.0
2015-02-26 21:00:00.000039936,23.148,37.04,187.515,5.5576067e-05,3.0864,205.0
2015-02-27 00:00:00.000039936,23.148,37.04,187.515,5.6281307e-05,4.1152,195.0
2015-02-27 03:00:00.000039936,23.148,46.3,187.515,5.721923e-05,4.6296,185.0
2015-02-27 06:00:00.000039936,23.148,55.56,187.515,5.83877e-05,4.1152,185.0
2015-02-27 09:00:00.000039936,23.148,55.56,187.515,5.9086666e-05,3.6008,0.0
2015-02-27 12:00:00.000039936,23.148,55.56,187.515,6.0016075e-05,4.1152,175.0
2015-02-27 15:00:00.000039936,24.6912,64.82,199.09001,6.1173734e-05,5.144,170.0
2015-02-27 18:00:00.000039936,25.720001,74.08,210.665,6.2326726e-05,5.6584,170.0
2015-02-27 21:00:00.000039936,25.720001,74.08,210.665,6.370404e-05,6.1728,170.0
2015-02-28 00:00:00.000039936,25.720001,74.08,210.665,6.507438e-05,6.6872,165.0
2015-02-28 03:00:00.000039936,25.720001,107.416,268.54,6.643758e-05,6.6872,160.0
2015-02-28 06:00:00.000039936,25.720001,138.9,326.415,6.7793495e-05,7.2016,165.0
2015-02-28 09:00:00.000039936,25.720001,125.936,326.415,6.936598e-05,7.716,170.0
2015-02-28 12:00:00.000039936,25.720001,111.12,326.415,7.092813e-05,7.2016,170.0
2015-02-28 15:00:00.000039936,24.6912,111.12,320.859,7.247968e-05,6.6872,165.0
2015-02-28 18:00:00.000039936,23.148,111.12,314.84,7.402041e-05,6.6872,165.0
2015-02-28 21:00:00.000039936,23.148,111.12,314.84,7.5550095e-05,6.6872,165.0
2015-03-01 00:00:00.000039936,23.148,111.12,314.84,7.6852295e-05,5.6584,160.0
2015-03-01 03:00:00.000039936,22.1192,111.12,314.84,7.771575e-05,5.6584,155.0
2015-03-01 06:00:00.000039936,20.576,111.12,314.84,7.878973e-05,7.716,150.0
2015-03-01 09:00:00.000039936,20.576,111.12,314.84,8.049559e-05,10.288,150.0
