Time,Vmax,Rmax_IBT,R34,fcor,u_trans,v_trans
2010-02-08 00:00:00.000039936,23.148,46.3,60.190002,2.882674e-05,6.1728,135.0
2010-02-08 03:00:00.000039936,24.6912,46.3,85.192,3.0073232e-05,5.6584,150.0
2010-02-08 06:00:00.000039936,25.720001,46.3,108.80501,3.131743e-05,5.6584,155.0
2010-02-08 09:00:00.000039936,27.2632,33.336,108.80501,3.231108e-05,5.144,150.0
2010-02-08 12:00:00.000039936,28.292,18.52,108.80501,3.330315e-05,5.144,140.0
2010-02-08 15:00:00.000039936,29.835201,18.52,108.80501,3.404614e-05,5.144,135.0
2010-02-08 18:00:00.000039936,30.864,18.52,108.80501,3.47882e-05,4.1152,145.0
2010-02-08 21:00:00.000039936,30.864,18.52,108.80501,3.5529305e-05,3.6008,160.0
2010-02-09 00:00:00.000039936,30.864,18.52,108.80501,3.651592e-05,3.6008,160.0
2010-02-09 03:00:00.000039936,32.4072,18.52,110.194,3.7254722e-05,3.6008,160.0
2010-02-09 06:00:00.000039936,33.436,18.52,111.119995,3.8238195e-05,3.0864,155.0
2010-02-09 09:00:00.000039936,34.979202,18.52,111.119995,3.9219805e-05,3.0864,155.0
2010-02-09 12:00:00.000039936,36.008,18.52,111.119995,3.995476e-05,3.6008,170.0
2010-02-09 15:00:00.000039936,37.5512,18.52,118.528,4.0688625e-05,4.6296,185.0
2010-02-09 18:00:00.000039936,38.58,18.52,125.009995,4.1665367e-05,4.6296,190.0
2010-02-09 21:00:00.000039936,40.1232,18.52,125.009995,4.2640077e-05,4.6296,195.0
2010-02-10 00:00:00.000039936,41.152,18.52,125.009995,4.3612705e-05,4.1152,195.0
2010-02-10 03:00:00.000039936,43.724,18.52,122.69499,4.458322e-05,3.6008,195.0
2010-02-10 06:00:00.000039936,46.296,18.52,120.38,4.5309676e-05,3.6008,200.0
2010-02-10 09:00:00.000039936,46.296,18.52,120.38,4.6034886e-05,3.0864,205.0
2010-02-10 12:00:00.000039936,46.296,18.52,120.38,4.651767e-05,3.0864,210.0
2010-02-10 15:00:00.000039936,43.724,18.52,116.675995,4.7240763e-05,3.6008,220.0
2010-02-10 18:00:00.000039936,41.152,18.52,111.12,4.796257e-05,5.144,225.0
2010-02-10 21:00:00.000039936,40.1232,18.52,108.341995,4.892293e-05,6.6872,230.0
2010-02-11 00:00:00.000039936,38.58,18.52,104.174995,4.9880902e-05,7.716,235.0
2010-02-11 03:00:00.000039936,34.979202,18.52,104.174995,5.1074945e-05,8.2304,235.0
2010-02-11 06:00:00.000039936,30.864,18.52,104.174995,5.2027382e-05,7.2016,235.0
2010-02-11 09:00:00.000039936,25.720001,18.52,104.174995,5.2977284e-05,7.2016,240.0
2010-02-11 12:00:00.000039936,20.576,18.52,104.174995,5.3688025e-05,8.2304,250.0
