Time,Vmax,Rmax_IBT,R34,fcor,u_trans,v_trans
2008-01-27 12:00:00.000039936,20.576,55.56,55.56,3.47882e-05,3.0864,170.0
2008-01-27 15:00:00.000039936,22.1192,55.56,67.598,3.5529305e-05,3.0864,175.0
2008-01-27 18:00:00.000039936,23.148,55.56,78.71,3.6022833e-05,2.572,180.0
2008-01-27 21:00:00.000039936,24.6912,55.56,93.526,3.651592e-05,2.0576,195.0
2008-01-28 00:00:00.000039936,25.720001,55.56,106.490005,3.67623e-05,2.0576,220.0
2008-01-28 03:00:00.000039936,27.2632,51.856,121.769,3.700857e-05,2.0576,240.0
2008-01-28 06:00:00.000039936,28.292,46.3,136.585,3.7254722e-05,1.5432,260.0
2008-01-28 09:00:00.000039936,30.864,46.3,136.585,3.7254722e-05,1.5432,295.0
2008-01-28 12:00:00.000039936,33.436,46.3,136.585,3.7254722e-05,1.5432,305.0
2008-01-28 15:00:00.000039936,34.979202,42.596,137.04799,3.700857e-05,1.0288,310.0
2008-01-28 18:00:00.000039936,36.008,37.04,136.585,3.700857e-05,1.0288,305.0
2008-01-28 21:00:00.000039936,40.1232,37.04,150.012,3.700857e-05,1.0288,285.0
2008-01-29 00:00:00.000039936,43.724,37.04,162.04999,3.700857e-05,1.5432,260.0
2008-01-29 03:00:00.000039936,45.2672,37.04,167.606,3.700857e-05,2.0576,255.0
2008-01-29 06:00:00.000039936,46.296,37.04,171.31,3.700857e-05,2.0576,265.0
2008-01-29 09:00:00.000039936,46.296,37.04,171.31,3.700857e-05,2.0576,270.0
2008-01-29 12:00:00.000039936,46.296,37.04,171.31,3.7254722e-05,2.0576,255.0
2008-01-29 15:00:00.000039936,45.2672,37.04,200.479,3.7254722e-05,2.0576,230.0
2008-01-29 18:00:00.000039936,43.724,37.04,229.185,3.7500762e-05,2.0576,220.0
2008-01-29 21:00:00.000039936,42.6952,37.04,239.371,3.7992504e-05,2.572,210.0
2008-01-30 00:00:00.000039936,41.152,37.04,247.70499,3.8483773e-05,3.0864,200.0
2008-01-30 03:00:00.000039936,40.1232,37.04,260.66898,3.9219805e-05,3.6008,190.0
2008-01-30 06:00:00.000039936,38.58,37.04,273.16998,3.995476e-05,3.6008,190.0
2008-01-30 09:00:00.000039936,37.5512,42.596,273.16998,4.0688625e-05,3.6008,190.0
2008-01-30 12:00:00.000039936,36.008,46.3,273.16998,4.142137e-05,4.1152,195.0
2008-01-30 15:00:00.000039936,33.436,46.3,268.07703,4.239659e-05,5.144,200.0
2008-01-30 18:00:00.000039936,30.864,46.3,261.595,4.3612705e-05,5.144,200.0
2008-01-30 21:00:00.000039936,29.835201,46.3,261.595,4.4825505e-05,5.6584,200.0
2008-01-31 00:00:00.000039936,28.292,46.3,261.595,4.627635e-05,6.6872,195.0
2008-01-31 03:00:00.000039936,27.2632,51.856,246.779,4.796257e-05,7.716,195.0
2008-01-31 06:00:00.000039936,25.720001,55.56,231.5,4.9880902e-05,9.7736,195.0
2008-01-31 09:00:00.000039936,24.6912,55.56,231.5,5.22651e-05,11.8312,200.0
2008-01-31 12:00:00.000039936,23.148,55.56,231.5,5.510506e-05,12.3456,205.0
2008-01-31 15:00:00.000039936,23.148,55.56,228.722,5.7920843e-05,11.8312,210.0
2008-01-31 18:00:00.000039936,23.148,55.56,224.555,6.0247978e-05,10.802401,220.0
2008-01-31 21:00:00.000039936,23.148,61.116,212.05399,6.20965e-05,9.7736,230.0
2008-02-01 00:00:00.000039936,23.148,64.82,199.09,6.324571e-05,7.716,235.0
2008-02-01 03:00:00.000039936,20.576,64.82,179.644,6.43901e-05,5.144,235.0
