Time,Vmax,Rmax_IBT,R34,fcor,u_trans,v_trans
2013-02-09 09:00:00.000039936,18.004,74.08,46.3,4.916265e-05,7.716,125.0
2013-02-09 12:00:00.000039936,20.576,74.08,92.6,5.012002e-05,7.2016,125.0
2013-02-09 15:00:00.000039936,22.1192,61.116,79.636,5.083645e-05,6.6872,125.0
2013-02-09 18:00:00.000039936,23.148,46.3,64.82,5.178951e-05,7.716,125.0
2013-02-09 21:00:00.000039936,23.148,46.3,70.376,5.2740055e-05,8.2304,125.0
2013-02-10 00:00:00.000039936,23.148,46.3,74.08,5.392461e-05,7.2016,125.0
2013-02-10 03:00:00.000039936,23.148,46.3,76.858,5.4869302e-05,5.6584,130.0
2013-02-10 06:00:00.000039936,23.148,46.3,78.71,5.5576067e-05,5.144,130.0
2013-02-10 09:00:00.000039936,23.148,46.3,78.71,5.6281307e-05,5.144,130.0
2013-02-10 12:00:00.000039936,23.148,46.3,78.71,5.698501e-05,6.1728,130.0
2013-02-10 15:00:00.000039936,22.1192,51.856,81.488,5.8154368e-05,6.6872,130.0
2013-02-10 18:00:00.000039936,20.576,55.56,83.34,5.9319285e-05,6.1728,130.0
2013-02-10 21:00:00.000039936,19.5472,55.56,83.34,6.0247978e-05,5.6584,125.0
