Time,Vmax,Rmax_IBT,R34,fcor,u_trans,v_trans
2002-02-11 12:00:00.000040448,28.292,46.3,240.76,5.4161024e-05,5.144,155.0
2002-02-11 15:00:00.000040448,30.864,37.04,240.76,5.510506e-05,3.0864,135.0
2002-02-11 18:00:00.000040448,33.436,27.78,240.76,5.581132e-05,4.6296,135.0
2002-02-11 21:00:00.000040448,34.979202,27.78,226.87,5.6750614e-05,6.6872,135.0
2002-02-12 00:00:00.000040448,36.008,27.78,212.98,5.768715e-05,7.716,125.0
2002-02-12 03:00:00.000040448,37.5512,27.78,212.98,5.862087e-05,8.2304,120.0
2002-02-12 06:00:00.000040448,38.58,27.78,212.98,5.9784e-05,9.2592,115.0
2002-02-12 09:00:00.000040448,38.58,27.78,192.145,6.0711227e-05,9.7736,120.0
2002-02-12 12:00:00.000040448,38.58,27.78,171.31,6.1635496e-05,9.7736,120.0
2002-02-12 15:00:00.000040448,36.008,33.336,173.625,6.255676e-05,9.2592,120.0
2002-02-12 18:00:00.000040448,33.436,37.04,175.94,6.370404e-05,9.2592,115.0
2002-02-12 21:00:00.000040448,32.4072,37.04,175.94,6.461839e-05,9.7736,110.0
2002-02-13 00:00:00.000040448,30.864,37.04,175.94,6.552959e-05,9.7736,105.0
2002-02-13 03:00:00.000040448,28.292,46.3,175.94,6.621089e-05,10.288,105.0
2002-02-13 06:00:00.000040448,25.720001,55.56,175.94,6.666408e-05,9.2592,100.0
2002-02-13 09:00:00.000040448,24.6912,61.116,175.01399,6.689037e-05,8.744801,95.0
2002-02-13 12:00:00.000040448,23.148,64.82,173.625,6.711647e-05,9.2592,90.0
