Time,Vmax,Rmax_IBT,R34,fcor,u_trans,v_trans
2022-02-25 00:00:00.000039936,25.720001,37.04,85.655,3.4293596e-05,3.0864,240.0
2022-02-25 03:00:00.000039936,28.292,27.78,88.43301,3.454095e-05,4.1152,250.0
2022-02-25 06:00:00.000039936,30.864,18.52,90.285,3.5035337e-05,4.6296,245.0
2022-02-25 09:00:00.000039936,33.436,14.816,94.452,3.5529305e-05,5.6584,245.0
2022-02-25 12:00:00.000039936,36.008,9.26,97.229996,3.6022833e-05,6.1728,250.0
2022-02-25 15:00:00.000039936,41.152,9.26,91.211,3.651592e-05,6.6872,250.0
2022-02-25 18:00:00.000039936,46.296,9.26,83.34,3.700857e-05,6.1728,255.0
2022-02-25 21:00:00.000039936,51.440002,11.1119995,89.82199,3.7500762e-05,5.6584,260.0
2022-02-26 00:00:00.000039936,56.584,12.964,94.91501,3.7500762e-05,7.2016,270.0
2022-02-26 03:00:00.000039936,61.728,12.964,94.91501,3.7254722e-05,7.716,275.0
2022-02-26 06:00:00.000039936,56.584,9.26,97.23,3.700857e-05,7.716,285.0
2022-02-26 09:00:00.000039936,51.440002,9.26,99.082,3.626943e-05,8.2304,295.0
2022-02-26 12:00:00.000039936,46.296,9.26,99.545006,3.5282377e-05,7.716,310.0
2022-02-26 15:00:00.000039936,43.724,9.26,92.13699,3.3798577e-05,6.6872,330.0
2022-02-26 18:00:00.000039936,41.152,9.26,83.34,3.2559245e-05,4.6296,345.0
2022-02-26 21:00:00.000039936,43.724,9.26,88.433,3.1814445e-05,2.572,10.0
2022-02-27 00:00:00.000039936,46.296,9.26,92.6,3.131743e-05,2.0576,35.0
2022-02-27 03:00:00.000039936,40.1232,9.26,97.69299,3.1068776e-05,2.0576,55.0
2022-02-27 06:00:00.000039936,33.436,9.26,101.86,3.0820032e-05,2.572,70.0
2022-02-27 09:00:00.000039936,32.4072,9.26,106.027,3.0571195e-05,3.6008,100.0
2022-02-27 12:00:00.000039936,30.864,9.26,108.80499,3.1068776e-05,6.6872,145.0
2022-02-27 15:00:00.000039936,25.720001,9.26,115.75,3.305528e-05,6.6872,185.0
2022-02-27 18:00:00.000039936,23.148,9.26,111.12,3.4293596e-05,5.6584,230.0
2022-02-27 21:00:00.000039936,23.148,9.26,107.416,3.47882e-05,3.6008,255.0
2022-02-28 00:00:00.000039936,23.148,9.26,101.86,3.47882e-05,2.0576,275.0
2022-02-28 03:00:00.000039936,24.6912,42.596,101.86,3.47882e-05,0.5144,315.0
2022-02-28 06:00:00.000039936,25.720001,74.08,101.86,3.454095e-05,0.5144,285.0
2022-02-28 09:00:00.000039936,24.6912,61.116,100.934006,3.454095e-05,1.0288,245.0
2022-02-28 12:00:00.000039936,23.148,46.3,99.545,3.47882e-05,1.0288,225.0
2022-02-28 15:00:00.000039936,23.148,37.04,108.80501,3.47882e-05,1.0288,205.0
2022-02-28 18:00:00.000039936,23.148,27.78,118.065,3.5282377e-05,3.0864,205.0
2022-02-28 21:00:00.000039936,23.148,27.78,123.158,3.626943e-05,4.6296,205.0
2022-03-01 00:00:00.000039936,23.148,27.78,127.325,3.7254722e-05,4.6296,205.0
2022-03-01 03:00:00.000039936,23.148,37.04,134.733,3.7992504e-05,4.1152,210.0
2022-03-01 06:00:00.000039936,23.148,46.3,141.215,3.897458e-05,5.6584,215.0
2022-03-01 09:00:00.000039936,23.148,46.3,143.993,4.0444127e-05,7.2016,220.0
2022-03-01 12:00:00.000039936,23.148,46.3,145.845,4.1665367e-05,6.1728,220.0
2022-03-01 15:00:00.000039936,23.148,46.3,149.549,4.239659e-05,4.1152,225.0
2022-03-01 18:00:00.000039936,23.148,46.3,152.79,4.3126656e-05,3.6008,225.0
2022-03-01 21:00:00.000039936,24.6912,46.3,156.494,4.3612705e-05,3.6008,225.0
2022-03-02 00:00:00.000039936,25.720001,46.3,159.735,4.4340795e-05,5.144,225.0
2022-03-02 03:00:00.000039936,25.720001,37.04,164.828,4.5309676e-05,6.1728,225.0
2022-03-02 06:00:00.000039936,25.720001,27.78,168.995,4.651767e-05,5.6584,215.0
2022-03-02 09:00:00.000039936,25.720001,27.78,182.422,4.748151e-05,4.6296,205.0
2022-03-02 12:00:00.000039936,25.720001,27.78,194.46,4.844305e-05,5.144,200.0
2022-03-02 15:00:00.000039936,27.2632,27.78,212.054,4.9641636e-05,6.1728,200.0
2022-03-02 18:00:00.000039936,28.292,27.78,229.185,5.1074945e-05,7.2016,200.0
2022-03-02 21:00:00.000039936,29.835201,27.78,232.88899,5.2740055e-05,8.2304,200.0
2022-03-03 00:00:00.000039936,30.864,27.78,236.13,5.4633376e-05,7.716,205.0
2022-03-03 03:00:00.000039936,28.292,27.78,245.853,5.6046403e-05,7.2016,210.0
2022-03-03 06:00:00.000039936,25.720001,27.78,254.65,5.7453286e-05,7.716,205.0
2022-03-03 09:00:00.000039936,24.6912,64.82,257.428,5.9086666e-05,8.2304,195.0
2022-03-03 12:00:00.000039936,23.148,101.86,259.28,6.0942573e-05,7.716,190.0
2022-03-03 15:00:00.000039936,23.148,125.936,245.853,6.255676e-05,6.6872,190.0
2022-03-03 18:00:00.000039936,23.148,148.16,231.5,6.393293e-05,6.6872,195.0
2022-03-03 21:00:00.000039936,23.148,157.42,226.87,6.530208e-05,6.6872,200.0
2022-03-04 00:00:00.000039936,23.148,166.68,222.24,6.666408e-05,6.1728,200.0
2022-03-04 03:00:00.000039936,23.148,166.68,222.70299,6.801876e-05,5.6584,195.0
2022-03-04 06:00:00.000039936,23.148,166.68,222.24,6.914198e-05,4.1152,195.0
2022-03-04 09:00:00.000039936,27.2632,166.68,216.68399,6.981338e-05,3.0864,195.0
2022-03-04 12:00:00.000039936,30.864,166.68,210.66501,7.048288e-05,4.1152,195.0
2022-03-04 15:00:00.000039936,28.292,166.68,212.054,7.159438e-05,4.6296,190.0
2022-03-04 18:00:00.000039936,25.720001,166.68,212.98001,7.247968e-05,4.1152,190.0
2022-03-04 21:00:00.000039936,24.6912,166.68,223.629,7.314133e-05,3.0864,190.0
2022-03-05 00:00:00.000039936,23.148,166.68,233.815,7.380098e-05,3.6008,185.0
2022-03-05 03:00:00.000039936,23.148,166.68,242.14902,7.467736e-05,3.6008,0.0
2022-03-05 06:00:00.000039936,23.148,166.68,250.01999,7.533226e-05,3.0864,0.0
2022-03-05 09:00:00.000039936,23.148,166.68,257.42798,7.576771e-05,2.0576,0.0
