Time,Vmax,Rmax_IBT,R34,fcor,u_trans,v_trans
2014-02-07 06:00:00.000039936,18.004,74.08,50.93,3.7254722e-05,4.6296,210.0
2014-02-07 09:00:00.000039936,18.004,74.08,50.93,3.8238195e-05,4.6296,220.0
2014-02-07 12:00:00.000039936,18.004,74.08,50.93,3.897458e-05,3.6008,240.0
2014-02-07 15:00:00.000039936,18.004,74.08,74.543,3.9219805e-05,2.0576,285.0
2014-02-07 18:00:00.000039936,18.004,74.08,97.23,3.897458e-05,2.0576,345.0
2014-02-07 21:00:00.000039936,19.5472,74.08,100.008,3.8238195e-05,2.572,20.0
2014-02-08 00:00:00.000039936,20.576,74.08,101.86,3.7500762e-05,2.572,60.0
2014-02-08 03:00:00.000039936,20.576,74.08,79.636,3.7500762e-05,3.6008,95.0
2014-02-08 06:00:00.000039936,20.576,74.08,55.56,3.7746686e-05,3.6008,90.0
2014-02-08 09:00:00.000039936,22.1192,74.08,65.746,3.7500762e-05,3.6008,85.0
2014-02-08 12:00:00.000039936,23.148,74.08,74.08,3.7254722e-05,4.1152,90.0
2014-02-08 15:00:00.000039936,24.6912,74.08,87.96999,3.7500762e-05,4.1152,95.0
2014-02-08 18:00:00.000039936,25.720001,74.08,101.86,3.7992504e-05,4.6296,100.0
2014-02-08 21:00:00.000039936,27.2632,61.116,107.416,3.8483773e-05,5.6584,105.0
2014-02-09 00:00:00.000039936,28.292,46.3,111.12,3.897458e-05,6.1728,110.0
2014-02-09 03:00:00.000039936,28.292,46.3,106.490005,3.9219805e-05,6.1728,115.0
2014-02-09 06:00:00.000039936,28.292,46.3,101.86,3.9709896e-05,6.6872,120.0
2014-02-09 09:00:00.000039936,28.292,46.3,101.86,4.0688625e-05,7.2016,135.0
2014-02-09 12:00:00.000039936,28.292,46.3,101.86,4.2152973e-05,8.2304,150.0
2014-02-09 15:00:00.000039936,29.835201,42.596,109.268005,4.409823e-05,10.288,165.0
2014-02-09 18:00:00.000039936,30.864,37.04,115.75,4.675884e-05,12.3456,180.0
2014-02-09 21:00:00.000039936,30.864,37.04,115.75,5.012002e-05,13.3744,200.0
2014-02-10 00:00:00.000039936,30.864,37.04,115.75,5.250265e-05,13.3744,220.0
2014-02-10 03:00:00.000039936,29.835201,37.04,116.213,5.439729e-05,12.860001,235.0
2014-02-10 06:00:00.000039936,28.292,37.04,115.75,5.581132e-05,12.860001,250.0
2014-02-10 09:00:00.000039936,27.2632,37.04,106.490005,5.6750614e-05,11.8312,260.0
2014-02-10 12:00:00.000039936,25.720001,37.04,97.23,5.721923e-05,8.744801,265.0
2014-02-10 15:00:00.000039936,24.6912,37.04,106.490005,5.7453286e-05,6.1728,265.0
2014-02-10 18:00:00.000039936,23.148,37.04,115.75,5.7453286e-05,5.144,265.0
2014-02-10 21:00:00.000039936,23.148,42.596,115.75,5.7453286e-05,5.144,260.0
2014-02-11 00:00:00.000039936,23.148,46.3,115.75,5.768715e-05,4.6296,245.0
2014-02-11 03:00:00.000039936,22.1192,46.3,115.75,5.83877e-05,4.6296,225.0
2014-02-11 06:00:00.000039936,20.576,46.3,115.75,5.9086666e-05,4.1152,225.0
2014-02-11 09:00:00.000039936,19.5472,46.3,115.75,5.9784e-05,4.1152,220.0
2014-02-11 12:00:00.000039936,18.004,46.3,115.75,6.0479695e-05,4.6296,215.0
2014-02-11 15:00:00.000039936,18.004,46.3,115.75,6.14047e-05,4.6296,210.0
2014-02-11 18:00:00.000039936,18.004,46.3,115.75,6.2326726e-05,4.6296,205.0
2014-02-11 21:00:00.000039936,19.5472,46.3,115.75,6.324571e-05,4.6296,205.0
2014-02-12 00:00:00.000039936,20.576,46.3,115.75,6.416161e-05,5.144,205.0
2014-02-12 03:00:00.000039936,20.576,46.3,115.75,6.530208e-05,5.6584,210.0
2014-02-12 06:00:00.000039936,20.576,46.3,115.75,6.643758e-05,5.6584,205.0
2014-02-12 09:00:00.000039936,22.1192,46.3,115.75,6.756802e-05,5.144,200.0
2014-02-12 12:00:00.000039936,23.148,46.3,115.75,6.869332e-05,4.6296,200.0
2014-02-12 15:00:00.000039936,23.148,46.3,115.75,6.958979e-05,4.1152,200.0
2014-02-12 18:00:00.000039936,23.148,46.3,115.75,7.025991e-05,3.6008,200.0
2014-02-12 21:00:00.000039936,23.148,51.856,131.02899,7.092813e-05,3.6008,205.0
2014-02-13 00:00:00.000039936,23.148,55.56,145.845,7.159438e-05,3.0864,220.0
2014-02-13 03:00:00.000039936,22.1192,55.56,124.084,7.181604e-05,3.0864,240.0
2014-02-13 06:00:00.000039936,20.576,55.56,101.86,7.2037474e-05,2.572,245.0
2014-02-13 09:00:00.000039936,20.576,55.56,101.86,7.2258685e-05,2.0576,255.0
2014-02-13 12:00:00.000039936,20.576,55.56,101.86,7.247968e-05,2.0576,265.0
2014-02-13 15:00:00.000039936,20.576,55.56,101.86,7.247968e-05,2.0576,270.0
2014-02-13 18:00:00.000039936,20.576,55.56,101.86,7.247968e-05,2.0576,275.0
2014-02-13 21:00:00.000039936,19.5472,55.56,101.86,7.247968e-05,2.0576,270.0
