Time,Vmax,Rmax_IBT,R34,fcor,u_trans,v_trans
2003-02-06 12:00:00.000040448,33.436,37.04,129.64,3.8238195e-05,3.6008,205.0
2003-02-06 15:00:00.000040448,33.436,37.04,129.64,3.897458e-05,4.1152,220.0
2003-02-06 18:00:00.000040448,33.436,37.04,129.64,3.9709896e-05,4.1152,225.0
2003-02-06 21:00:00.000040448,36.008,37.04,168.995,4.0444127e-05,3.6008,225.0
2003-02-07 00:00:00.000040448,38.58,37.04,208.35,4.093299e-05,3.0864,235.0
2003-02-07 03:00:00.000040448,40.1232,37.04,208.35,4.142137e-05,3.0864,235.0
2003-02-07 06:00:00.000040448,41.152,37.04,208.35,4.1909232e-05,3.0864,230.0
2003-02-07 09:00:00.000040448,43.724,37.04,212.98,4.239659e-05,3.6008,225.0
2003-02-07 12:00:00.000040448,46.296,37.04,217.60999,4.288343e-05,3.6008,230.0
2003-02-07 15:00:00.000040448,52.9832,37.04,233.815,4.3369746e-05,3.6008,235.0
2003-02-07 18:00:00.000040448,59.156002,37.04,250.02,4.385554e-05,3.6008,235.0
2003-02-07 21:00:00.000040448,61.728,33.336,250.02,4.4340795e-05,3.6008,230.0
2003-02-08 00:00:00.000040448,64.3,27.78,250.02,4.4825505e-05,3.6008,230.0
2003-02-08 03:00:00.000040448,65.8432,27.78,250.02,4.5309676e-05,4.1152,235.0
2003-02-08 06:00:00.000040448,66.872,27.78,250.02,4.5793287e-05,4.1152,235.0
2003-02-08 09:00:00.000040448,66.872,27.78,250.02,4.627635e-05,4.1152,240.0
2003-02-08 12:00:00.000040448,66.872,27.78,250.02,4.675884e-05,4.1152,230.0
2003-02-08 15:00:00.000040448,66.872,33.336,250.02,4.748151e-05,4.1152,220.0
2003-02-08 18:00:00.000040448,66.872,37.04,250.02,4.844305e-05,4.6296,220.0
2003-02-08 21:00:00.000040448,66.872,33.336,250.02,4.916265e-05,4.6296,215.0
2003-02-09 00:00:00.000040448,66.872,27.78,250.02,4.9880902e-05,4.1152,200.0
2003-02-09 03:00:00.000040448,65.8432,27.78,250.483,5.083645e-05,3.6008,190.0
2003-02-09 06:00:00.000040448,64.3,27.78,250.02002,5.178951e-05,4.1152,200.0
2003-02-09 09:00:00.000040448,61.728,27.78,238.908,5.2740055e-05,4.6296,210.0
2003-02-09 12:00:00.000040448,59.156002,27.78,226.87001,5.3688025e-05,4.1152,205.0
2003-02-09 15:00:00.000040448,56.584,33.336,238.445,5.4633376e-05,4.1152,185.0
2003-02-09 18:00:00.000040448,54.012,37.04,250.02,5.5576067e-05,4.1152,175.0
2003-02-09 21:00:00.000040448,51.440002,42.596,250.02,5.6516048e-05,4.6296,165.0
2003-02-10 00:00:00.000040448,48.868,46.3,250.02,5.7453286e-05,4.6296,165.0
2003-02-10 03:00:00.000040448,47.8392,46.3,243.53801,5.83877e-05,4.1152,165.0
2003-02-10 06:00:00.000040448,46.296,46.3,236.13,5.9319285e-05,3.6008,155.0
2003-02-10 09:00:00.000040448,41.152,46.3,231.96301,6.0247978e-05,3.0864,150.0
2003-02-10 12:00:00.000040448,36.008,46.3,226.87001,6.0942573e-05,3.0864,165.0
2003-02-10 15:00:00.000040448,30.864,46.3,216.22101,6.1635496e-05,3.0864,0.0
