Time,Vmax,Rmax_IBT,R34,fcor,u_trans,v_trans
2016-03-15 15:00:00.000039936,18.004,74.08,48.614998,2.857718e-05,2.572,280.0
2016-03-15 18:00:00.000039936,20.576,64.82,97.229996,2.8327528e-05,2.572,290.0
2016-03-15 21:00:00.000039936,24.6912,55.56,97.229996,2.807779e-05,2.572,290.0
2016-03-16 00:00:00.000039936,28.292,46.3,97.229996,2.7827968e-05,2.572,295.0
2016-03-16 03:00:00.000039936,30.864,46.3,114.824005,2.7578055e-05,2.0576,295.0
2016-03-16 06:00:00.000039936,33.436,46.3,131.955,2.7328068e-05,2.0576,300.0
2016-03-16 09:00:00.000039936,36.008,35.188,143.993,2.707799e-05,2.0576,305.0
2016-03-16 12:00:00.000039936,38.58,22.223999,155.105,2.6827835e-05,1.5432,305.0
2016-03-16 15:00:00.000039936,42.6952,22.223999,145.84499,2.6577594e-05,1.0288,305.0
2016-03-16 18:00:00.000039936,46.296,22.223999,136.58499,2.6577594e-05,1.0288,295.0
2016-03-16 21:00:00.000039936,50.4112,18.52,136.58499,2.6327272e-05,1.0288,285.0
2016-03-17 00:00:00.000039936,54.012,12.964,136.58499,2.6327272e-05,1.0288,270.0
2016-03-17 03:00:00.000039936,59.156002,18.52,140.289,2.6327272e-05,1.0288,255.0
2016-03-17 06:00:00.000039936,64.3,22.223999,143.53,2.6577594e-05,1.0288,225.0
2016-03-17 09:00:00.000039936,61.728,22.223999,143.53,2.6827835e-05,1.0288,210.0
2016-03-17 12:00:00.000039936,59.156002,22.223999,143.53,2.707799e-05,0.5144,270.0
2016-03-17 15:00:00.000039936,56.584,20.372,143.53,2.707799e-05,1.0288,335.0
2016-03-17 18:00:00.000039936,54.012,18.52,143.53,2.6577594e-05,2.0576,15.0
2016-03-17 21:00:00.000039936,48.868,18.52,143.53,2.5826394e-05,2.572,45.0
2016-03-18 00:00:00.000039936,46.296,18.52,143.53,2.5575835e-05,2.572,70.0
2016-03-18 03:00:00.000039936,43.724,18.52,100.007996,2.5575835e-05,3.0864,85.0
2016-03-18 06:00:00.000039936,41.152,18.52,55.56,2.5575835e-05,3.0864,100.0
2016-03-18 09:00:00.000039936,37.5512,18.52,56.949,2.5826394e-05,2.572,110.0
2016-03-18 12:00:00.000039936,33.436,18.52,57.875,2.6076874e-05,3.0864,110.0
2016-03-18 15:00:00.000039936,32.4072,27.78,71.302,2.6076874e-05,3.0864,100.0
2016-03-18 18:00:00.000039936,30.864,37.04,83.34,2.6076874e-05,3.0864,100.0
2016-03-18 21:00:00.000039936,32.4072,37.04,85.655,2.6076874e-05,3.0864,100.0
2016-03-19 00:00:00.000039936,33.436,37.04,87.97,2.6327272e-05,2.572,100.0
2016-03-19 03:00:00.000039936,34.979202,33.336,90.748,2.6327272e-05,2.0576,105.0
2016-03-19 06:00:00.000039936,36.008,27.78,92.59999,2.6577594e-05,1.5432,115.0
2016-03-19 09:00:00.000039936,37.5512,27.78,92.59999,2.6827835e-05,1.5432,120.0
2016-03-19 12:00:00.000039936,38.58,27.78,92.59999,2.707799e-05,1.0288,120.0
2016-03-19 15:00:00.000039936,38.58,27.78,111.583,2.707799e-05,1.0288,110.0
2016-03-19 18:00:00.000039936,38.58,27.78,129.64,2.707799e-05,1.0288,90.0
2016-03-19 21:00:00.000039936,36.008,33.336,127.787994,2.707799e-05,1.0288,70.0
2016-03-20 00:00:00.000039936,33.436,37.04,125.009995,2.707799e-05,0.5144,30.0
2016-03-20 03:00:00.000039936,30.864,37.04,125.009995,2.6827835e-05,0.5144,335.0
2016-03-20 06:00:00.000039936,28.292,37.04,125.009995,2.6827835e-05,0.5144,275.0
2016-03-20 09:00:00.000039936,27.2632,37.04,125.009995,2.707799e-05,0.5144,225.0
2016-03-20 12:00:00.000039936,25.720001,37.04,125.009995,2.7328068e-05,0.5144,200.0
2016-03-20 15:00:00.000039936,24.6912,37.04,131.49199,2.7578055e-05,1.0288,0.0
2016-03-20 18:00:00.000039936,23.148,37.04,136.58499,2.807779e-05,1.0288,190.0
2016-03-20 21:00:00.000039936,22.1192,37.04,137.974,2.857718e-05,1.5432,205.0
2016-03-21 00:00:00.000039936,20.576,37.04,138.9,2.882674e-05,2.0576,215.0
2016-03-21 03:00:00.000039936,19.5472,37.04,138.9,2.9076216e-05,2.0576,220.0
