Time,Vmax,Rmax_IBT,R34,fcor,u_trans,v_trans
2017-04-06 06:00:00.000039936,20.576,74.08,53.245003,3.3550914e-05,2.572,205.0
2017-04-06 09:00:00.000039936,22.1192,74.08,53.245003,3.4293596e-05,3.0864,200.0
2017-04-06 12:00:00.000039936,23.148,74.08,53.245003,3.5035337e-05,3.6008,195.0
2017-04-06 15:00:00.000039936,25.720001,70.376,60.653,3.577612e-05,3.6008,195.0
2017-04-06 18:00:00.000039936,28.292,64.82,67.135,3.651592e-05,2.572,195.0
2017-04-06 21:00:00.000039936,34.979202,42.596,83.803,3.700857e-05,1.5432,185.0
2017-04-07 00:00:00.000039936,41.152,18.52,99.545,3.7500762e-05,1.5432,0.0
2017-04-07 03:00:00.000039936,50.4112,18.52,127.787994,3.7992504e-05,2.0576,175.0
2017-04-07 06:00:00.000039936,59.156002,18.52,155.105,3.8483773e-05,2.0576,175.0
2017-04-07 09:00:00.000039936,65.8432,18.52,155.105,3.897458e-05,2.0576,0.0
2017-04-07 12:00:00.000039936,72.016,18.52,155.105,3.9219805e-05,1.5432,185.0
2017-04-07 15:00:00.000039936,72.016,16.668,171.773,3.9464914e-05,1.0288,190.0
2017-04-07 18:00:00.000039936,72.016,12.964,187.51501,3.995476e-05,1.0288,0.0
2017-04-07 21:00:00.000039936,66.872,16.668,187.51501,4.0199502e-05,1.5432,185.0
2017-04-08 00:00:00.000039936,61.728,18.52,187.51501,4.0688625e-05,2.0576,215.0
2017-04-08 03:00:00.000039936,56.584,24.076,197.238,4.1177245e-05,2.572,235.0
2017-04-08 06:00:00.000039936,51.440002,27.78,206.035,4.142137e-05,2.572,245.0
2017-04-08 09:00:00.000039936,48.868,33.336,183.34799,4.1665367e-05,2.572,260.0
2017-04-08 12:00:00.000039936,46.296,37.04,159.735,4.1665367e-05,3.0864,265.0
2017-04-08 15:00:00.000039936,46.296,37.04,149.549,4.1909232e-05,3.6008,260.0
2017-04-08 18:00:00.000039936,46.296,37.04,138.9,4.2152973e-05,3.0864,250.0
2017-04-08 21:00:00.000039936,46.296,27.78,138.9,4.239659e-05,2.572,230.0
2017-04-09 00:00:00.000039936,46.296,18.52,138.9,4.2640077e-05,3.6008,235.0
2017-04-09 03:00:00.000039936,45.2672,24.076,153.25299,4.3126656e-05,4.6296,240.0
2017-04-09 06:00:00.000039936,43.724,27.78,166.68,4.385554e-05,4.6296,245.0
2017-04-09 09:00:00.000039936,40.1232,33.336,156.494,4.4340795e-05,4.6296,250.0
2017-04-09 12:00:00.000039936,36.008,37.04,145.845,4.458322e-05,5.6584,265.0
2017-04-09 15:00:00.000039936,32.4072,46.3,148.623,4.458322e-05,6.6872,270.0
2017-04-09 18:00:00.000039936,28.292,55.56,150.47499,4.458322e-05,6.1728,260.0
2017-04-09 21:00:00.000039936,25.720001,55.56,148.15999,4.4825505e-05,5.6584,250.0
2017-04-10 00:00:00.000039936,23.148,55.56,145.845,4.5309676e-05,6.6872,245.0
2017-04-10 03:00:00.000039936,22.1192,55.56,127.788,4.6034886e-05,7.2016,245.0
2017-04-10 06:00:00.000039936,20.576,55.56,108.805,4.675884e-05,6.1728,250.0
2017-04-10 09:00:00.000039936,19.5472,64.82,108.805,4.6999867e-05,5.144,260.0
