Time,Vmax,Rmax_IBT,R34,fcor,u_trans,v_trans
2013-02-11 06:00:00.000039936,18.004,74.08,83.34,3.131743e-05,4.6296,225.0
2013-02-11 09:00:00.000039936,19.5472,70.376,86.118,3.231108e-05,5.144,220.0
2013-02-11 12:00:00.000039936,20.576,64.82,87.97,3.330315e-05,5.144,210.0
2013-02-11 15:00:00.000039936,22.1192,64.82,93.526,3.454095e-05,5.144,210.0
2013-02-11 18:00:00.000039936,23.148,64.82,97.23,3.5529305e-05,4.6296,210.0
2013-02-11 21:00:00.000039936,25.720001,51.856,101.397,3.651592e-05,4.6296,215.0
2013-02-12 00:00:00.000039936,28.292,37.04,104.175,3.7254722e-05,4.6296,205.0
2013-02-12 03:00:00.000039936,30.864,33.336,118.065,3.8238195e-05,5.144,200.0
2013-02-12 06:00:00.000039936,33.436,27.78,131.95499,3.9464914e-05,5.144,200.0
2013-02-12 09:00:00.000039936,34.979202,27.78,131.95499,4.0688625e-05,5.6584,200.0
2013-02-12 12:00:00.000039936,36.008,27.78,131.95499,4.1665367e-05,5.144,195.0
2013-02-12 15:00:00.000039936,37.5512,27.78,131.95499,4.2640077e-05,4.6296,190.0
2013-02-12 18:00:00.000039936,38.58,27.78,131.95499,4.385554e-05,4.6296,185.0
2013-02-12 21:00:00.000039936,41.152,27.78,144.91899,4.506766e-05,4.6296,185.0
2013-02-13 00:00:00.000039936,43.724,27.78,157.42,4.6034886e-05,4.1152,180.0
2013-02-13 03:00:00.000039936,43.724,27.78,157.42,4.675884e-05,4.1152,0.0
2013-02-13 06:00:00.000039936,43.724,27.78,157.42,4.7722115e-05,4.6296,175.0
2013-02-13 09:00:00.000039936,43.724,33.336,157.42,4.868306e-05,5.144,170.0
2013-02-13 12:00:00.000039936,43.724,37.04,157.42,4.9880902e-05,5.144,170.0
2013-02-13 15:00:00.000039936,45.2672,37.04,177.32901,5.1074945e-05,4.6296,170.0
2013-02-13 18:00:00.000039936,46.296,37.04,196.77501,5.250265e-05,4.6296,165.0
2013-02-13 21:00:00.000039936,46.296,37.04,196.77501,5.3688025e-05,4.6296,165.0
2013-02-14 00:00:00.000039936,46.296,37.04,196.77501,5.4633376e-05,5.144,160.0
2013-02-14 03:00:00.000039936,46.296,37.04,196.77501,5.581132e-05,5.6584,155.0
2013-02-14 06:00:00.000039936,46.296,37.04,196.77501,5.698501e-05,6.1728,155.0
2013-02-14 09:00:00.000039936,42.6952,37.04,195.849,5.83877e-05,6.6872,155.0
2013-02-14 12:00:00.000039936,38.58,37.04,194.46,5.9551734e-05,6.6872,145.0
2013-02-14 15:00:00.000039936,34.979202,46.3,194.46,6.0711227e-05,6.6872,135.0
2013-02-14 18:00:00.000039936,30.864,55.56,194.46,6.1635496e-05,6.6872,130.0
2013-02-14 21:00:00.000039936,29.835201,61.116,192.145,6.255676e-05,7.2016,125.0
2013-02-15 00:00:00.000039936,28.292,64.82,189.83,6.3474974e-05,7.2016,120.0
2013-02-15 03:00:00.000039936,25.720001,64.82,178.25499,6.43901e-05,7.2016,115.0
2013-02-15 06:00:00.000039936,23.148,64.82,166.68,6.507438e-05,6.6872,110.0
2013-02-15 09:00:00.000039936,22.1192,70.376,166.68,6.530208e-05,6.1728,100.0
