Time,Vmax,Rmax_IBT,R34,fcor,u_trans,v_trans
2007-02-21 18:00:00.000039936,23.148,74.08,92.6,3.5529305e-05,7.2016,265.0
2007-02-21 21:00:00.000039936,24.6912,74.08,92.6,3.5529305e-05,7.2016,265.0
2007-02-22 00:00:00.000039936,25.720001,74.08,92.6,3.577612e-05,7.716,265.0
2007-02-22 03:00:00.000039936,29.835201,55.56,129.64,3.6022833e-05,7.716,260.0
2007-02-22 06:00:00.000039936,33.436,37.04,166.68,3.626943e-05,6.6872,260.0
2007-02-22 09:00:00.000039936,34.979202,37.04,175.94,3.651592e-05,6.1728,255.0
2007-02-22 12:00:00.000039936,36.008,37.04,185.2,3.700857e-05,5.144,250.0
2007-02-22 15:00:00.000039936,38.58,37.04,194.45999,3.7500762e-05,4.6296,245.0
2007-02-22 18:00:00.000039936,41.152,37.04,203.72,3.7992504e-05,5.6584,245.0
2007-02-22 21:00:00.000039936,42.6952,37.04,222.23999,3.8483773e-05,6.1728,245.0
2007-02-23 00:00:00.000039936,43.724,37.04,240.76001,3.9219805e-05,6.1728,240.0
2007-02-23 03:00:00.000039936,45.2672,33.336,245.39,4.0199502e-05,6.1728,240.0
2007-02-23 06:00:00.000039936,46.296,27.78,250.01999,4.093299e-05,6.1728,250.0
2007-02-23 09:00:00.000039936,46.296,27.78,254.65,4.1177245e-05,5.6584,260.0
2007-02-23 12:00:00.000039936,46.296,27.78,259.28,4.1177245e-05,5.144,255.0
2007-02-23 15:00:00.000039936,48.868,33.336,260.206,4.142137e-05,5.144,250.0
2007-02-23 18:00:00.000039936,51.440002,37.04,259.28,4.1909232e-05,4.6296,245.0
2007-02-23 21:00:00.000039936,51.440002,27.78,257.428,4.239659e-05,4.1152,240.0
2007-02-24 00:00:00.000039936,51.440002,18.52,254.65001,4.288343e-05,4.1152,235.0
2007-02-24 03:00:00.000039936,50.4112,18.52,265.762,4.3369746e-05,4.1152,235.0
2007-02-24 06:00:00.000039936,48.868,18.52,275.485,4.409823e-05,4.1152,235.0
2007-02-24 09:00:00.000039936,48.868,14.816,281.96698,4.458322e-05,4.6296,235.0
2007-02-24 12:00:00.000039936,48.868,9.26,287.06,4.5309676e-05,4.1152,235.0
2007-02-24 15:00:00.000039936,47.8392,18.52,278.263,4.6034886e-05,4.1152,235.0
2007-02-24 18:00:00.000039936,46.296,27.78,268.53998,4.651767e-05,4.1152,240.0
2007-02-24 21:00:00.000039936,46.296,33.336,269.003,4.6999867e-05,4.1152,250.0
2007-02-25 00:00:00.000039936,46.296,37.04,268.54,4.7240763e-05,4.1152,265.0
2007-02-25 03:00:00.000039936,46.296,33.336,270.392,4.7240763e-05,3.6008,285.0
2007-02-25 06:00:00.000039936,46.296,27.78,270.855,4.675884e-05,3.0864,310.0
2007-02-25 09:00:00.000039936,47.8392,33.336,269.929,4.627635e-05,2.0576,335.0
2007-02-25 12:00:00.000039936,48.868,37.04,268.54,4.5793287e-05,0.5144,310.0
2007-02-25 15:00:00.000039936,51.440002,37.04,271.318,4.6034886e-05,1.0288,215.0
2007-02-25 18:00:00.000039936,54.012,37.04,273.17,4.627635e-05,1.5432,250.0
2007-02-25 21:00:00.000039936,54.012,37.04,278.263,4.627635e-05,2.572,285.0
2007-02-26 00:00:00.000039936,54.012,37.04,282.43,4.6034886e-05,2.572,280.0
2007-02-26 03:00:00.000039936,54.012,33.336,285.67102,4.6034886e-05,2.0576,280.0
2007-02-26 06:00:00.000039936,54.012,27.78,287.06,4.5793287e-05,2.0576,290.0
2007-02-26 09:00:00.000039936,50.4112,27.78,282.893,4.5551555e-05,1.5432,305.0
2007-02-26 12:00:00.000039936,46.296,27.78,277.8,4.5309676e-05,0.0,275.0
2007-02-26 15:00:00.000039936,46.296,27.78,262.058,4.5551555e-05,1.0288,145.0
2007-02-26 18:00:00.000039936,46.296,27.78,245.39,4.6034886e-05,1.5432,160.0
2007-02-26 21:00:00.000039936,46.296,33.336,271.318,4.627635e-05,2.0576,180.0
2007-02-27 00:00:00.000039936,46.296,37.04,296.32,4.675884e-05,2.572,0.0
2007-02-27 03:00:00.000039936,45.2672,42.596,296.32,4.748151e-05,3.6008,185.0
2007-02-27 06:00:00.000039936,43.724,46.3,296.32,4.8202877e-05,3.6008,185.0
2007-02-27 09:00:00.000039936,42.6952,46.3,292.616,4.916265e-05,4.1152,190.0
2007-02-27 12:00:00.000039936,41.152,46.3,287.06,5.035898e-05,4.6296,185.0
2007-02-27 15:00:00.000039936,40.1232,46.3,257.428,5.155148e-05,5.6584,185.0
2007-02-27 18:00:00.000039936,38.58,46.3,226.87,5.2977284e-05,7.2016,190.0
2007-02-27 21:00:00.000039936,38.58,46.3,263.447,5.4633376e-05,8.2304,200.0
2007-02-28 00:00:00.000039936,38.58,46.3,298.635,5.6516048e-05,7.716,205.0
2007-02-28 03:00:00.000039936,38.58,46.3,298.635,5.8154368e-05,7.2016,210.0
2007-02-28 06:00:00.000039936,38.58,46.3,298.635,5.9551734e-05,7.716,210.0
2007-02-28 09:00:00.000039936,38.58,46.3,298.635,6.1173734e-05,8.2304,205.0
2007-02-28 12:00:00.000039936,38.58,46.3,298.635,6.255676e-05,7.2016,205.0
2007-02-28 15:00:00.000039936,38.58,46.3,298.635,6.370404e-05,6.1728,205.0
2007-02-28 18:00:00.000039936,38.58,46.3,298.635,6.4846485e-05,5.6584,195.0
2007-02-28 21:00:00.000039936,38.58,46.3,292.153,6.621089e-05,6.1728,190.0
2007-03-01 00:00:00.000039936,38.58,46.3,284.745,6.756802e-05,6.1728,195.0
2007-03-01 03:00:00.000039936,37.5512,46.3,281.04102,6.8917754e-05,6.6872,200.0
2007-03-01 06:00:00.000039936,36.008,46.3,275.485,7.003676e-05,6.1728,205.0
2007-03-01 09:00:00.000039936,34.979202,42.596,266.22498,7.115043e-05,5.144,205.0
2007-03-01 12:00:00.000039936,33.436,37.04,256.965,7.2258685e-05,4.1152,205.0
2007-03-01 15:00:00.000039936,30.864,42.596,232.889,7.2921e-05,3.0864,210.0
2007-03-01 18:00:00.000039936,28.292,46.3,208.35,7.336144e-05,2.572,205.0
2007-03-01 21:00:00.000039936,27.2632,51.856,188.904,7.380098e-05,3.0864,195.0
2007-03-02 00:00:00.000039936,25.720001,55.56,168.995,7.4458614e-05,3.0864,175.0
2007-03-02 03:00:00.000039936,22.1192,61.116,152.327,7.511419e-05,4.1152,165.0
