Time,Vmax,Rmax_IBT,R34,fcor,u_trans,v_trans
2006-03-05 12:00:00.000039936,20.576,64.82,83.34,5.178951e-05,4.1152,215.0
2006-03-05 15:00:00.000039936,22.1192,61.116,88.895996,5.250265e-05,4.1152,225.0
2006-03-05 18:00:00.000039936,23.148,55.56,92.6,5.2977284e-05,4.1152,230.0
2006-03-05 21:00:00.000039936,23.148,55.56,92.6,5.345127e-05,4.1152,230.0
2006-03-06 00:00:00.000039936,23.148,55.56,92.6,5.4161024e-05,3.6008,220.0
2006-03-06 03:00:00.000039936,23.148,55.56,91.673996,5.4869302e-05,3.0864,200.0
2006-03-06 06:00:00.000039936,23.148,55.56,90.284996,5.5576067e-05,3.6008,0.0
2006-03-06 09:00:00.000039936,23.148,55.56,90.284996,5.6750614e-05,3.6008,170.0
2006-03-06 12:00:00.000039936,23.148,55.56,90.284996,5.768715e-05,2.572,140.0
2006-03-06 15:00:00.000039936,23.148,55.56,90.284996,5.768715e-05,2.572,110.0
2006-03-06 18:00:00.000039936,23.148,55.56,90.284996,5.768715e-05,2.0576,155.0
2006-03-06 21:00:00.000039936,23.148,55.56,86.118,5.83877e-05,2.572,185.0
2006-03-07 00:00:00.000039936,23.148,55.56,81.025,5.9086666e-05,2.572,160.0
2006-03-07 03:00:00.000039936,23.148,55.56,84.729004,5.9551734e-05,3.0864,125.0
2006-03-07 06:00:00.000039936,23.148,55.56,87.97,6.0016075e-05,3.0864,130.0
2006-03-07 09:00:00.000039936,23.148,55.56,87.97,6.0479695e-05,3.6008,140.0
2006-03-07 12:00:00.000039936,23.148,55.56,87.97,6.1173734e-05,4.1152,140.0
2006-03-07 15:00:00.000039936,23.148,55.56,86.118004,6.186609e-05,5.144,135.0
2006-03-07 18:00:00.000039936,23.148,55.56,83.34,6.278661e-05,6.1728,140.0
2006-03-07 21:00:00.000039936,23.148,55.56,87.044,6.393293e-05,7.2016,140.0
2006-03-08 00:00:00.000039936,23.148,55.56,90.285,6.530208e-05,7.716,140.0
2006-03-08 03:00:00.000039936,25.720001,46.3,97.23,6.643758e-05,7.716,135.0
2006-03-08 06:00:00.000039936,28.292,37.04,104.175,6.7793495e-05,8.2304,140.0
2006-03-08 09:00:00.000039936,25.720001,37.04,96.304,6.914198e-05,8.2304,145.0
2006-03-08 12:00:00.000039936,23.148,37.04,87.97,7.07056e-05,9.7736,145.0
2006-03-08 15:00:00.000039936,20.576,37.04,87.97,7.247968e-05,10.802401,145.0
