Time,Vmax,Rmax_IBT,R34,fcor,u_trans,v_trans
2011-02-16 06:00:00.000039936,20.576,46.3,67.135,4.7722115e-05,1.0288,275.0
2011-02-16 09:00:00.000039936,22.1192,55.56,82.877,4.7722115e-05,1.0288,280.0
2011-02-16 09:56:00.000040960,22.1192,59.264,87.044,4.7722115e-05,1.0288,275.0
2011-02-16 12:00:00.000039936,23.148,64.82,97.23,4.7722115e-05,1.0288,275.0
2011-02-16 13:03:00.000056320,22.6336,64.82,96.767,4.7722115e-05,2.0576,240.0
2011-02-16 14:30:00.000066560,22.1192,64.82,96.304,4.7722115e-05,3.0864,235.0
2011-02-16 15:00:00.000039936,22.1192,64.82,96.767,4.7722115e-05,1.0288,290.0
2011-02-16 18:00:00.000039936,20.576,64.82,94.91499,4.748151e-05,0.5144,330.0
2011-02-16 21:00:00.000039936,20.576,55.56,93.063,4.7240763e-05,0.5144,330.0
2011-02-16 22:46:00.000063488,20.576,50.004,91.211,4.6999867e-05,1.5432,290.0
2011-02-17 00:00:00.000039936,20.576,46.3,90.285,4.6999867e-05,2.0576,300.0
2011-02-17 03:00:00.000039936,22.1192,46.3,101.397,4.6999867e-05,2.0576,315.0
2011-02-17 06:00:00.000039936,23.148,46.3,111.12,4.6999867e-05,0.0,335.0
2011-02-17 09:00:00.000039936,25.720001,42.596,125.009995,4.7240763e-05,1.0288,165.0
2011-02-17 10:59:00.000057344,27.2632,38.892,134.27,4.748151e-05,2.0576,220.0
2011-02-17 12:00:00.000039936,28.292,37.04,138.9,4.748151e-05,2.0576,220.0
2011-02-17 15:00:00.000039936,29.835201,37.04,138.9,4.7722115e-05,2.0576,200.0
2011-02-17 18:00:00.000039936,30.864,37.04,138.9,4.8202877e-05,2.572,195.0
2011-02-17 21:00:00.000039936,30.864,37.04,139.82599,4.892293e-05,3.0864,210.0
2011-02-17 21:50:00.000062464,30.864,37.04,138.9,4.916265e-05,4.6296,245.0
2011-02-17 22:45:00.000066560,30.864,37.04,138.9,4.9402213e-05,3.0864,240.0
2011-02-18 00:00:00.000039936,30.864,37.04,138.9,4.9641636e-05,3.0864,225.0
2011-02-18 03:00:00.000039936,32.4072,37.04,138.9,5.035898e-05,4.1152,225.0
2011-02-18 06:00:00.000039936,33.436,37.04,138.9,5.1074945e-05,4.1152,230.0
2011-02-18 09:00:00.000039936,33.436,37.04,165.291,5.155148e-05,3.6008,235.0
2011-02-18 12:00:00.000039936,33.436,37.04,189.82999,5.178951e-05,3.6008,245.0
2011-02-18 14:21:00.000059392,35.4936,40.744,187.978,5.2027382e-05,3.6008,255.0
2011-02-18 15:00:00.000039936,36.008,42.596,187.978,5.2027382e-05,2.0576,240.0
2011-02-18 18:00:00.000039936,38.58,46.3,185.2,5.250265e-05,2.572,215.0
2011-02-18 20:54:00.000061440,39.6088,42.596,221.314,5.2977284e-05,3.0864,200.0
2011-02-18 21:00:00.000039936,40.1232,42.596,222.703,5.2977284e-05,1.5432,0.0
2011-02-18 22:28:00.000047104,40.6376,38.892,240.297,5.345127e-05,2.572,195.0
2011-02-19 00:00:00.000039936,41.152,37.04,259.27997,5.3688025e-05,3.6008,195.0
2011-02-19 03:00:00.000039936,41.152,37.04,260.669,5.439729e-05,3.6008,195.0
2011-02-19 06:00:00.000039936,41.152,37.04,261.595,5.510506e-05,3.0864,195.0
2011-02-19 09:00:00.000039936,41.152,42.596,261.595,5.581132e-05,2.572,190.0
2011-02-19 10:57:00.000064512,41.152,44.447998,261.595,5.6046403e-05,3.0864,190.0
2011-02-19 12:00:00.000039936,41.152,46.3,261.595,5.6281307e-05,3.0864,195.0
2011-02-19 13:25:00.000058368,41.152,46.3,264.373,5.6516048e-05,3.0864,200.0
2011-02-19 15:00:00.000039936,41.152,46.3,267.614,5.698501e-05,2.572,205.0
2011-02-19 18:00:00.000039936,41.152,46.3,273.16998,5.7453286e-05,2.572,195.0
2011-02-19 21:00:00.000039936,41.152,46.3,252.33499,5.7920843e-05,3.0864,190.0
2011-02-19 22:11:00.000027648,41.152,46.3,244.00099,5.8154368e-05,3.0864,210.0
2011-02-20 00:00:00.000039936,41.152,46.3,231.5,5.862087e-05,3.6008,220.0
2011-02-20 03:00:00.000039936,40.1232,51.856,252.798,5.9319285e-05,4.1152,225.0
2011-02-20 06:00:00.000039936,38.58,55.56,273.16998,6.0016075e-05,4.1152,235.0
2011-02-20 08:30:00.000066560,38.58,55.56,275.948,6.0247978e-05,3.6008,240.0
2011-02-20 09:00:00.000039936,38.58,55.56,277.337,6.0479695e-05,3.6008,245.0
2011-02-20 10:39:00.000048128,38.58,55.56,278.726,6.0479695e-05,3.6008,245.0
2011-02-20 12:00:00.000039936,38.58,55.56,280.115,6.0711227e-05,4.1152,245.0
2011-02-20 14:07:00.000028672,37.5512,46.3,266.225,6.0942573e-05,4.6296,245.0
2011-02-20 15:00:00.000039936,37.5512,42.596,260.669,6.1173734e-05,5.144,250.0
2011-02-20 18:00:00.000039936,36.008,27.78,240.76001,6.1635496e-05,5.144,250.0
2011-02-20 20:39:00.000034816,34.979202,35.188,238.90799,6.20965e-05,4.6296,250.0
2011-02-20 21:00:00.000039936,34.979202,37.04,238.908,6.20965e-05,4.6296,255.0
2011-02-20 22:02:00.000059392,34.4648,40.744,237.056,6.2326726e-05,5.144,250.0
2011-02-21 00:00:00.000039936,33.436,46.3,236.12999,6.255676e-05,5.144,250.0
2011-02-21 01:12:00.000064512,32.4072,46.3,239.834,6.278661e-05,5.144,245.0
2011-02-21 03:00:00.000039936,30.864,46.3,245.39,6.278661e-05,4.6296,235.0
2011-02-21 06:00:00.000039936,28.292,46.3,254.65,6.324571e-05,4.6296,230.0
2011-02-21 07:17:00.000046080,27.7776,46.3,246.77899,6.3474974e-05,4.6296,220.0
2011-02-21 09:00:00.000039936,27.2632,46.3,235.204,6.393293e-05,4.6296,210.0
2011-02-21 12:00:00.000039936,25.720001,46.3,215.295,6.4846485e-05,4.6296,210.0
2011-02-21 13:11:00.000027648,25.2056,48.152,205.572,6.507438e-05,4.6296,215.0
2011-02-21 15:00:00.000039936,24.6912,51.856,191.682,6.575688e-05,4.1152,210.0
