Time,Vmax,Rmax_IBT,R34,fcor,u_trans,v_trans
2020-02-15 12:00:00.000039936,30.864,46.3,62.504997,4.288343e-05,3.6008,190.0
2020-02-15 15:00:00.000039936,33.436,42.596,79.635994,4.3612705e-05,3.6008,175.0
2020-02-15 18:00:00.000039936,36.008,37.04,94.915,4.4340795e-05,3.6008,165.0
2020-02-15 21:00:00.000039936,41.152,42.596,97.69301,4.506766e-05,3.6008,160.0
2020-02-16 00:00:00.000039936,46.296,46.3,99.545,4.6034886e-05,4.6296,160.0
2020-02-16 03:00:00.000039936,46.296,46.3,108.342,4.6999867e-05,5.144,165.0
2020-02-16 06:00:00.000039936,46.296,46.3,115.75,4.8202877e-05,5.144,165.0
2020-02-16 09:00:00.000039936,45.2672,42.596,119.91701,4.9402213e-05,4.6296,170.0
2020-02-16 12:00:00.000039936,43.724,37.04,122.695,5.035898e-05,2.572,170.0
2020-02-16 15:00:00.000039936,41.152,37.04,116.213,5.059779e-05,1.0288,150.0
2020-02-16 18:00:00.000039936,38.58,37.04,108.80499,5.059779e-05,0.5144,60.0
2020-02-16 21:00:00.000039936,36.008,42.596,109.268,5.059779e-05,1.0288,45.0
2020-02-17 00:00:00.000039936,33.436,46.3,108.805,5.035898e-05,1.0288,50.0
2020-02-17 03:00:00.000039936,30.864,46.3,106.953,5.035898e-05,0.5144,90.0
2020-02-17 06:00:00.000039936,28.292,46.3,104.174995,5.035898e-05,0.5144,115.0
2020-02-17 09:00:00.000039936,25.720001,51.856,96.304,5.035898e-05,0.5144,115.0
2020-02-17 12:00:00.000039936,23.148,55.56,87.97,5.059779e-05,1.0288,110.0
2020-02-17 15:00:00.000039936,22.1192,55.56,75.469,5.059779e-05,1.0288,105.0
2020-02-17 18:00:00.000039936,20.576,55.56,62.505,5.059779e-05,0.5144,120.0
2020-02-17 21:00:00.000039936,19.5472,55.56,56.023003,5.059779e-05,0.5144,165.0
