Time,Vmax,Rmax_IBT,R34,fcor,u_trans,v_trans
2018-03-22 06:00:00.000039936,18.004,92.6,106.49,2.4572832e-05,1.0288,70.0
2018-03-22 09:00:00.000039936,18.004,92.6,111.119995,2.4572832e-05,0.5144,80.0
2018-03-22 12:00:00.000039936,18.004,92.6,115.75,2.4572832e-05,0.5144,90.0
2018-03-22 15:00:00.000039936,20.576,79.636,118.064995,2.4572832e-05,0.5144,90.0
2018-03-22 18:00:00.000039936,23.148,64.82,120.38,2.4572832e-05,1.5432,95.0
2018-03-22 21:00:00.000039936,24.6912,61.116,127.325,2.4823696e-05,2.572,105.0
2018-03-23 00:00:00.000039936,25.720001,55.56,134.27,2.5074483e-05,4.1152,115.0
2018-03-23 03:00:00.000039936,30.864,46.3,148.16,2.5826394e-05,5.6584,120.0
2018-03-23 06:00:00.000039936,36.008,37.04,162.04999,2.6577594e-05,5.6584,130.0
2018-03-23 09:00:00.000039936,42.6952,29.632,168.995,2.7328068e-05,5.144,140.0
2018-03-23 12:00:00.000039936,48.868,22.223999,175.93999,2.8327528e-05,5.6584,140.0
2018-03-23 15:00:00.000039936,50.4112,16.668,194.46,2.9325609e-05,5.6584,135.0
2018-03-23 18:00:00.000039936,51.440002,9.26,212.98,3.0073232e-05,5.144,135.0
2018-03-23 21:00:00.000039936,51.440002,9.26,212.98,3.0820032e-05,4.6296,130.0
2018-03-24 00:00:00.000039936,51.440002,9.26,212.98,3.1814445e-05,5.144,135.0
2018-03-24 03:00:00.000039936,48.868,9.26,212.98,3.280731e-05,6.1728,140.0
2018-03-24 06:00:00.000039936,46.296,9.26,212.98,3.404614e-05,5.6584,145.0
2018-03-24 09:00:00.000039936,43.724,9.26,212.98,3.5035337e-05,5.144,150.0
2018-03-24 12:00:00.000039936,41.152,9.26,212.98,3.626943e-05,5.6584,160.0
2018-03-24 15:00:00.000039936,37.5512,9.26,194.46,3.7500762e-05,5.144,175.0
