Time,Vmax,Rmax_IBT,R34,fcor,u_trans,v_trans
2019-02-26 06:00:00.000039936,20.576,55.56,157.42,4.0199502e-05,4.6296,200.0
2019-02-26 09:00:00.000039936,22.1192,55.56,146.308,4.142137e-05,4.1152,190.0
2019-02-26 12:00:00.000039936,23.148,55.56,134.26999,4.2640077e-05,5.6584,185.0
2019-02-26 15:00:00.000039936,25.720001,61.116,175.014,4.409823e-05,7.2016,190.0
2019-02-26 18:00:00.000039936,28.292,64.82,215.29501,4.5551555e-05,7.716,200.0
2019-02-26 21:00:00.000039936,32.4072,51.856,224.09198,4.6999867e-05,7.2016,210.0
2019-02-27 00:00:00.000039936,36.008,37.04,231.49998,4.8202877e-05,5.6584,215.0
2019-02-27 03:00:00.000039936,37.5512,37.04,230.574,4.892293e-05,3.6008,220.0
2019-02-27 06:00:00.000039936,38.58,37.04,229.185,4.9402213e-05,3.0864,220.0
2019-02-27 09:00:00.000039936,40.1232,37.04,215.758,5.012002e-05,3.0864,210.0
2019-02-27 12:00:00.000039936,41.152,37.04,201.405,5.083645e-05,3.6008,200.0
2019-02-27 15:00:00.000039936,42.6952,37.04,213.443,5.178951e-05,4.6296,190.0
2019-02-27 18:00:00.000039936,43.724,37.04,224.555,5.2977284e-05,4.6296,185.0
2019-02-27 21:00:00.000039936,46.296,24.076,214.369,5.392461e-05,4.6296,180.0
2019-02-28 00:00:00.000039936,48.868,9.26,203.72,5.510506e-05,5.144,175.0
2019-02-28 03:00:00.000039936,50.4112,9.26,221.77698,5.6281307e-05,6.1728,180.0
2019-02-28 06:00:00.000039936,51.440002,9.26,238.445,5.768715e-05,5.6584,185.0
2019-02-28 09:00:00.000039936,50.4112,11.1119995,219.46199,5.8853857e-05,5.144,190.0
2019-02-28 12:00:00.000039936,48.868,12.964,199.09,6.0016075e-05,5.144,190.0
2019-02-28 15:00:00.000039936,46.296,12.964,196.312,6.1173734e-05,5.144,180.0
2019-02-28 18:00:00.000039936,43.724,12.964,192.14499,6.2326726e-05,5.144,175.0
2019-02-28 21:00:00.000039936,40.1232,12.964,231.037,6.3474974e-05,5.144,180.0
2019-03-01 00:00:00.000039936,36.008,12.964,268.53998,6.461839e-05,5.144,175.0
2019-03-01 03:00:00.000039936,34.979202,20.372,264.373,6.575688e-05,4.6296,165.0
2019-03-01 06:00:00.000039936,33.436,27.78,259.28,6.666408e-05,4.1152,160.0
2019-03-01 09:00:00.000039936,32.4072,46.3,254.65,6.734234e-05,4.1152,150.0
2019-03-01 12:00:00.000039936,30.864,64.82,250.02,6.7793495e-05,4.1152,125.0
2019-03-01 15:00:00.000039936,29.835201,74.08,238.90799,6.8243826e-05,5.6584,105.0
2019-03-01 18:00:00.000039936,28.292,83.34,226.87001,6.869332e-05,6.6872,100.0
2019-03-01 21:00:00.000039936,25.720001,79.636,251.40901,6.914198e-05,7.716,95.0
