Time,Vmax,Rmax_IBT,R34,fcor,u_trans,v_trans
2015-03-08 06:00:00.000039936,18.004,83.34,74.08,4.892293e-05,3.6008,110.0
2015-03-08 09:00:00.000039936,18.004,83.34,74.08,4.916265e-05,4.1152,115.0
2015-03-08 12:00:00.000039936,18.004,83.34,74.08,4.9641636e-05,4.1152,115.0
2015-03-08 15:00:00.000039936,19.5472,79.636,62.968,5.012002e-05,4.6296,120.0
2015-03-08 18:00:00.000039936,20.576,74.08,50.93,5.059779e-05,5.6584,125.0
2015-03-08 21:00:00.000039936,20.576,74.08,62.968,5.131329e-05,6.1728,130.0
2015-03-09 00:00:00.000039936,20.576,74.08,74.08,5.22651e-05,5.6584,125.0
2015-03-09 03:00:00.000039936,20.576,74.08,76.858,5.2977284e-05,4.6296,125.0
2015-03-09 06:00:00.000039936,20.576,74.08,78.71,5.345127e-05,4.1152,125.0
2015-03-09 09:00:00.000039936,20.576,74.08,78.71,5.392461e-05,3.6008,125.0
2015-03-09 12:00:00.000039936,20.576,74.08,78.71,5.439729e-05,3.6008,125.0
2015-03-09 15:00:00.000039936,19.5472,70.376,78.71,5.4869302e-05,3.6008,130.0
2015-03-09 18:00:00.000039936,18.004,64.82,78.71,5.5340646e-05,3.6008,155.0
2015-03-09 21:00:00.000039936,18.004,70.376,78.71,5.6281307e-05,4.1152,180.0
