Time,Vmax,Rmax_IBT,R34,fcor,u_trans,v_trans
2009-02-22 00:00:00.000039936,20.576,27.78,27.78,3.7992504e-05,4.1152,160.0
2009-02-22 03:00:00.000039936,23.148,37.04,55.097004,3.897458e-05,4.6296,170.0
2009-02-22 06:00:00.000039936,25.720001,46.3,81.025,4.0199502e-05,4.6296,170.0
2009-02-22 09:00:00.000039936,27.2632,37.04,116.213,4.1177245e-05,4.1152,170.0
2009-02-22 12:00:00.000039936,28.292,27.78,150.47499,4.2152973e-05,4.6296,175.0
2009-02-22 15:00:00.000039936,29.835201,27.78,150.47499,4.3126656e-05,5.144,175.0
2009-02-22 18:00:00.000039936,30.864,27.78,150.47499,4.4340795e-05,4.6296,180.0
2009-02-22 21:00:00.000039936,32.4072,33.336,156.03099,4.5551555e-05,4.1152,185.0
2009-02-23 00:00:00.000039936,33.436,37.04,159.735,4.651767e-05,3.0864,195.0
2009-02-23 03:00:00.000039936,32.4072,33.336,153.71599,4.7240763e-05,2.572,205.0
2009-02-23 06:00:00.000039936,30.864,27.78,145.845,4.7722115e-05,2.0576,210.0
2009-02-23 09:00:00.000039936,30.864,42.596,141.678,4.8202877e-05,2.572,220.0
2009-02-23 12:00:00.000039936,30.864,55.56,136.58499,4.868306e-05,2.572,225.0
2009-02-23 15:00:00.000039936,27.2632,55.56,130.103,4.916265e-05,3.0864,230.0
2009-02-23 18:00:00.000039936,23.148,55.56,122.69499,4.9641636e-05,3.0864,255.0
2009-02-23 21:00:00.000039936,20.576,55.56,122.69499,4.9402213e-05,3.6008,270.0
