Time,Vmax,Rmax_IBT,R34,fcor,u_trans,v_trans
2012-03-14 06:00:00.000039936,23.148,55.56,111.119995,4.0444127e-05,3.0864,5.0
2012-03-14 07:15:00.000053248,24.1768,53.708,111.119995,4.0199502e-05,3.0864,0.0
2012-03-14 09:00:00.000039936,25.720001,51.856,111.119995,3.995476e-05,2.572,0.0
2012-03-14 10:48:00.000056320,27.2632,48.152,111.119995,3.9709896e-05,1.5432,10.0
2012-03-14 12:00:00.000039936,28.292,46.3,111.119995,3.9464914e-05,1.0288,50.0
2012-03-14 15:00:00.000039936,29.835201,51.856,111.119995,3.9219805e-05,1.0288,50.0
2012-03-14 18:00:00.000039936,30.864,55.56,111.119995,3.897458e-05,0.5144,55.0
2012-03-14 21:00:00.000039936,30.864,55.56,127.325005,3.897458e-05,1.0288,90.0
2012-03-14 22:00:00.000066560,30.864,55.56,132.418,3.897458e-05,2.0576,110.0
2012-03-15 00:00:00.000039936,30.864,55.56,143.53,3.897458e-05,0.5144,110.0
2012-03-15 03:00:00.000039936,32.4072,55.56,155.10501,3.897458e-05,0.5144,35.0
2012-03-15 06:00:00.000039936,33.436,55.56,166.68,3.897458e-05,1.0288,30.0
2012-03-15 09:00:00.000039936,33.436,46.3,166.68,3.872924e-05,2.0576,55.0
2012-03-15 10:41:00.000040960,33.436,40.744,166.68,3.8483773e-05,3.6008,80.0
2012-03-15 12:00:00.000039936,33.436,37.04,166.68,3.8483773e-05,4.6296,90.0
2012-03-15 15:00:00.000039936,34.979202,37.04,214.369,3.872924e-05,4.6296,95.0
2012-03-15 16:10:00.000031744,34.979202,37.04,232.889,3.897458e-05,5.6584,110.0
2012-03-15 18:00:00.000039936,36.008,37.04,261.59503,3.9219805e-05,6.6872,110.0
2012-03-15 21:00:00.000039936,37.5512,37.04,261.59503,3.995476e-05,6.6872,115.0
2012-03-15 21:47:00.000032768,37.5512,37.04,261.59503,3.995476e-05,6.6872,120.0
2012-03-15 22:27:00.000051200,38.0656,37.04,261.59503,4.0199502e-05,5.6584,120.0
2012-03-16 00:00:00.000039936,38.58,37.04,261.59503,4.0444127e-05,4.6296,115.0
2012-03-16 03:00:00.000039936,38.58,37.04,261.59503,4.093299e-05,4.6296,110.0
2012-03-16 06:00:00.000039936,38.58,37.04,261.59503,4.1177245e-05,5.144,105.0
2012-03-16 09:00:00.000039936,42.6952,37.04,261.59503,4.1665367e-05,5.6584,105.0
2012-03-16 10:28:00.000047104,44.2384,37.04,261.59503,4.1909232e-05,6.1728,115.0
2012-03-16 12:00:00.000039936,46.296,37.04,261.59503,4.2152973e-05,6.6872,120.0
2012-03-16 15:00:00.000039936,46.296,33.336,281.504,4.3126656e-05,6.6872,120.0
2012-03-16 15:15:00.000066560,46.296,31.484,283.356,4.3369746e-05,6.6872,140.0
2012-03-16 18:00:00.000039936,46.296,27.78,300.94998,4.4340795e-05,5.6584,140.0
2012-03-16 21:00:00.000039936,47.8392,27.78,284.745,4.5309676e-05,5.6584,135.0
2012-03-16 22:09:00.000034816,47.8392,27.78,278.263,4.5793287e-05,6.6872,145.0
2012-03-17 00:00:00.000039936,48.868,27.78,268.53998,4.651767e-05,6.1728,160.0
2012-03-17 03:00:00.000039936,48.868,33.336,240.76001,4.7722115e-05,6.6872,165.0
2012-03-17 06:00:00.000039936,48.868,37.04,212.98001,4.9402213e-05,7.716,165.0
