Time,Vmax,Rmax_IBT,R34,fcor,u_trans,v_trans
2011-02-19 00:00:00.000039936,23.148,55.56,87.97,3.995476e-05,2.572,220.0
2011-02-19 01:00:00.000066560,23.6624,53.708,94.91499,4.0199502e-05,2.572,220.0
2011-02-19 03:00:00.000039936,24.6912,51.856,109.268,4.0444127e-05,1.5432,220.0
2011-02-19 06:00:00.000039936,25.720001,46.3,129.64,4.0688625e-05,1.5432,210.0
2011-02-19 09:00:00.000039936,27.2632,42.596,129.64,4.1177245e-05,1.0288,195.0
2011-02-19 12:00:00.000039936,28.292,37.04,129.64,4.142137e-05,1.5432,160.0
2011-02-19 15:00:00.000039936,29.835201,37.04,131.02899,4.1665367e-05,1.5432,145.0
2011-02-19 18:00:00.000039936,30.864,37.04,131.955,4.1909232e-05,1.0288,145.0
2011-02-19 21:00:00.000039936,34.979202,37.04,153.716,4.1909232e-05,0.5144,145.0
2011-02-20 00:00:00.000039936,38.58,37.04,173.625,4.2152973e-05,1.0288,140.0
2011-02-20 03:00:00.000039936,42.6952,33.336,215.29498,4.239659e-05,1.5432,135.0
2011-02-20 06:00:00.000039936,46.296,27.78,256.965,4.2640077e-05,1.5432,145.0
2011-02-20 09:00:00.000039936,48.868,27.78,262.984,4.288343e-05,1.0288,155.0
2011-02-20 12:00:00.000039936,51.440002,27.78,268.54,4.3126656e-05,1.5432,155.0
2011-02-20 15:00:00.000039936,55.5552,27.78,279.65198,4.3369746e-05,1.5432,155.0
2011-02-20 18:00:00.000039936,59.156002,27.78,289.375,4.385554e-05,2.0576,155.0
2011-02-20 21:00:00.000039936,58.1272,46.3,291.227,4.4340795e-05,2.0576,155.0
2011-02-21 00:00:00.000039936,56.584,64.82,291.69,4.4825505e-05,2.572,150.0
2011-02-21 03:00:00.000039936,55.5552,64.82,291.69,4.5551555e-05,2.572,150.0
2011-02-21 06:00:00.000039936,54.012,64.82,291.69,4.627635e-05,3.6008,150.0
2011-02-21 09:00:00.000039936,52.9832,64.82,291.69,4.6999867e-05,4.1152,150.0
2011-02-21 12:00:00.000039936,51.440002,64.82,291.69,4.7722115e-05,4.1152,150.0
2011-02-21 15:00:00.000039936,51.440002,55.56,297.70898,4.844305e-05,4.6296,150.0
2011-02-21 18:00:00.000039936,51.440002,46.3,303.265,4.9641636e-05,6.1728,150.0
2011-02-21 21:00:00.000039936,50.4112,42.596,311.599,5.1074945e-05,8.2304,150.0
2011-02-22 00:00:00.000039936,48.868,37.04,319.47,5.2740055e-05,8.2304,160.0
2011-02-22 03:00:00.000039936,48.868,42.596,319.47,5.439729e-05,7.716,170.0
2011-02-22 06:00:00.000039936,48.868,46.3,319.47,5.6046403e-05,7.2016,165.0
2011-02-22 09:00:00.000039936,48.868,42.596,319.47,5.7453286e-05,6.6872,160.0
2011-02-22 12:00:00.000039936,48.868,37.04,319.47,5.9086666e-05,8.2304,155.0
2011-02-22 15:00:00.000039936,47.8392,37.04,302.339,6.0711227e-05,9.7736,150.0
2011-02-22 18:00:00.000039936,46.296,37.04,284.745,6.255676e-05,9.2592,150.0
2011-02-22 21:00:00.000039936,43.724,37.04,279.189,6.416161e-05,9.2592,145.0
2011-02-23 00:00:00.000039936,41.152,37.04,273.16998,6.5983986e-05,10.288,140.0
2011-02-23 03:00:00.000039936,40.1232,42.596,263.91,6.7793495e-05,10.802401,140.0
2011-02-23 06:00:00.000039936,38.58,46.3,254.65,6.958979e-05,10.802401,140.0
2011-02-23 09:00:00.000039936,37.5512,51.856,256.965,7.137252e-05,10.288,140.0
2011-02-23 12:00:00.000039936,36.008,55.56,259.28,7.2921e-05,10.288,140.0
2011-02-23 15:00:00.000039936,33.436,51.856,240.76,7.4458614e-05,10.288,135.0
2011-02-23 18:00:00.000039936,30.864,46.3,222.23999,7.576771e-05,9.7736,130.0
2011-02-23 21:00:00.000039936,28.292,46.3,222.23999,7.70685e-05,8.744801,125.0
