Time,Vmax,Rmax_IBT,R34,fcor,u_trans,v_trans
2013-02-24 06:00:00.000039936,18.004,92.6,83.34,4.2640077e-05,1.0288,0.0
2013-02-24 09:00:00.000039936,20.576,92.6,102.785995,4.3126656e-05,1.5432,175.0
2013-02-24 10:40:00.000045056,22.1192,92.6,112.046,4.3369746e-05,1.5432,155.0
2013-02-24 12:00:00.000039936,23.148,92.6,120.380005,4.3612705e-05,1.5432,130.0
2013-02-24 15:00:00.000039936,24.6912,74.08,138.9,4.385554e-05,1.0288,120.0
2013-02-24 18:00:00.000039936,25.720001,55.56,157.42,4.385554e-05,1.0288,230.0
2013-02-24 21:00:00.000039936,28.292,61.116,157.42,4.409823e-05,1.5432,135.0
2013-02-24 21:50:00.000062464,28.8064,61.116,157.42,4.4340795e-05,15.9464,95.0
2013-02-24 21:54:00.000048128,29.3208,61.116,157.42,4.4340795e-05,3.6008,120.0
2013-02-25 00:00:00.000039936,30.864,64.82,157.42,4.458322e-05,2.572,135.0
2013-02-25 03:00:00.000039936,32.4072,64.82,166.68,4.4825505e-05,2.0576,150.0
2013-02-25 06:00:00.000039936,33.436,64.82,175.93999,4.5309676e-05,2.0576,155.0
2013-02-25 07:50:00.000049152,34.4648,59.264,175.93999,4.5551555e-05,2.0576,145.0
2013-02-25 09:00:00.000039936,34.979202,55.56,175.93999,4.5551555e-05,2.572,145.0
2013-02-25 10:22:00.000028672,35.4936,51.856,175.93999,4.5793287e-05,2.0576,155.0
2013-02-25 12:00:00.000039936,36.008,46.3,175.93999,4.6034886e-05,2.0576,170.0
2013-02-25 15:00:00.000039936,37.5512,46.3,175.93999,4.651767e-05,2.0576,175.0
2013-02-25 18:00:00.000039936,38.58,46.3,175.93999,4.6999867e-05,1.5432,185.0
2013-02-25 21:00:00.000039936,38.58,46.3,175.93999,4.7240763e-05,1.5432,185.0
2013-02-25 21:41:00.000054272,38.58,46.3,175.93999,4.7240763e-05,1.5432,215.0
2013-02-26 00:00:00.000039936,38.58,46.3,175.93999,4.748151e-05,1.0288,205.0
2013-02-26 03:00:00.000039936,38.58,46.3,166.68,4.7722115e-05,1.0288,195.0
2013-02-26 06:00:00.000039936,38.58,46.3,157.42,4.796257e-05,0.5144,190.0
2013-02-26 09:00:00.000039936,41.152,46.3,166.68,4.8202877e-05,0.5144,155.0
2013-02-26 12:00:00.000039936,43.724,46.3,175.93999,4.8202877e-05,0.0,0.0
2013-02-26 15:00:00.000039936,47.8392,42.596,175.93999,4.8202877e-05,0.0,90.0
2013-02-26 18:00:00.000039936,51.440002,37.04,175.93999,4.8202877e-05,0.0,105.0
2013-02-26 21:00:00.000039936,50.4112,37.04,175.93999,4.8202877e-05,1.0288,125.0
2013-02-27 00:00:00.000039936,48.868,37.04,175.93999,4.844305e-05,2.0576,150.0
2013-02-27 03:00:00.000039936,47.8392,42.596,175.93999,4.892293e-05,2.572,155.0
2013-02-27 06:00:00.000039936,46.296,46.3,175.93999,4.9402213e-05,2.572,155.0
2013-02-27 07:00:00.000066560,44.7528,44.447998,175.93999,4.9641636e-05,2.572,150.0
2013-02-27 08:00:00.000053248,43.724,42.596,175.93999,4.9641636e-05,2.572,155.0
2013-02-27 09:00:00.000039936,42.6952,42.596,175.93999,4.9880902e-05,2.0576,150.0
2013-02-27 09:45:00.000039936,41.6664,40.744,175.93999,4.9880902e-05,2.572,140.0
