Time,Vmax,Rmax_IBT,R34,fcor,u_trans,v_trans
2015-03-09 12:00:00.000039936,23.148,55.56,53.245003,2.2814716e-05,2.572,145.0
2015-03-09 15:00:00.000039936,25.720001,46.3,89.359,2.3317392e-05,2.0576,190.0
2015-03-09 18:00:00.000039936,28.292,37.04,125.01,2.3568628e-05,1.5432,170.0
2015-03-09 20:00:00.000053248,29.3208,37.04,125.01,2.3819783e-05,2.572,185.0
2015-03-09 21:00:00.000039936,29.835201,37.04,125.01,2.4070872e-05,2.572,195.0
2015-03-10 00:00:00.000039936,30.864,37.04,125.01,2.4572832e-05,2.572,165.0
2015-03-10 03:00:00.000039936,32.4072,37.04,126.399,2.5074483e-05,2.572,170.0
2015-03-10 06:00:00.000039936,33.436,37.04,127.325,2.5826394e-05,2.0576,210.0
2015-03-10 09:00:00.000039936,36.008,37.04,202.79399,2.6327272e-05,2.572,230.0
2015-03-10 12:00:00.000039936,38.58,37.04,277.8,2.6827835e-05,2.0576,210.0
2015-03-10 15:00:00.000039936,41.152,37.04,277.8,2.707799e-05,2.0576,190.0
2015-03-10 18:00:00.000039936,43.724,37.04,277.8,2.7328068e-05,2.572,225.0
2015-03-10 21:00:00.000039936,43.724,37.04,277.8,2.7578055e-05,2.0576,245.0
2015-03-11 00:00:00.000039936,51.440002,37.04,277.8,2.7827968e-05,1.0288,255.0
2015-03-11 03:00:00.000039936,52.9832,37.04,269.929,2.7827968e-05,0.5144,270.0
2015-03-11 06:00:00.000039936,54.012,37.04,261.595,2.7827968e-05,1.0288,120.0
2015-03-11 09:00:00.000039936,55.5552,37.04,261.595,2.807779e-05,2.0576,140.0
2015-03-11 12:00:00.000039936,56.584,37.04,261.595,2.857718e-05,2.0576,150.0
2015-03-11 15:00:00.000039936,58.1272,37.04,269.929,2.9325609e-05,2.572,135.0
2015-03-11 16:00:00.000066560,58.1272,37.04,272.707,2.9574905e-05,4.1152,160.0
2015-03-11 18:00:00.000039936,59.156002,37.04,277.8,3.0073232e-05,4.1152,170.0
2015-03-11 20:00:00.000053248,60.1848,37.04,277.8,3.0820032e-05,4.6296,190.0
2015-03-11 21:00:00.000039936,60.6992,37.04,277.8,3.1068776e-05,3.6008,185.0
2015-03-12 00:00:00.000039936,61.728,37.04,277.8,3.206281e-05,3.6008,185.0
2015-03-12 03:00:00.000039936,63.271202,33.336,287.523,3.280731e-05,4.1152,185.0
2015-03-12 06:00:00.000039936,64.3,27.78,296.32,3.3798577e-05,4.1152,185.0
2015-03-12 09:00:00.000039936,66.872,27.78,305.58002,3.5035337e-05,4.6296,200.0
2015-03-12 12:00:00.000039936,69.444,27.78,314.83997,3.6022833e-05,4.6296,205.0
2015-03-12 15:00:00.000039936,70.9872,25.928,314.83997,3.67623e-05,4.6296,215.0
2015-03-12 18:00:00.000039936,72.016,22.223999,314.83997,3.7746686e-05,4.1152,205.0
2015-03-12 20:00:00.000053248,72.016,22.223999,314.83997,3.8483773e-05,4.1152,0.0
2015-03-12 21:00:00.000039936,72.016,22.223999,314.83997,3.872924e-05,5.144,200.0
2015-03-13 00:00:00.000039936,72.016,22.223999,314.83997,3.995476e-05,4.6296,200.0
2015-03-13 02:00:00.000053248,73.559204,22.223999,314.83997,4.0444127e-05,4.6296,200.0
2015-03-13 03:00:00.000039936,74.588,22.223999,314.83997,4.0688625e-05,4.1152,200.0
2015-03-13 06:00:00.000039936,77.16,22.223999,314.83997,4.1665367e-05,4.6296,195.0
2015-03-13 09:00:00.000039936,77.16,22.223999,314.83997,4.2640077e-05,5.144,185.0
2015-03-13 12:00:00.000039936,77.16,22.223999,314.83997,4.409823e-05,6.1728,175.0
2015-03-13 15:00:00.000039936,76.1312,22.223999,314.83997,4.5793287e-05,7.2016,170.0
2015-03-13 18:00:00.000039936,74.588,22.223999,314.83997,4.748151e-05,7.2016,170.0
2015-03-13 20:00:00.000053248,73.559204,24.076,314.83997,4.868306e-05,7.2016,170.0
2015-03-13 21:00:00.000039936,73.559204,25.928,314.83997,4.916265e-05,8.2304,170.0
2015-03-14 00:00:00.000039936,72.016,27.78,314.83997,5.1074945e-05,8.744801,165.0
2015-03-14 03:00:00.000039936,70.9872,27.78,318.544,5.2977284e-05,10.288,155.0
2015-03-14 06:00:00.000039936,69.444,27.78,321.78497,5.5340646e-05,11.8312,155.0
2015-03-14 09:00:00.000039936,66.872,27.78,320.859,5.7920843e-05,12.860001,160.0
2015-03-14 12:00:00.000039936,64.3,27.78,319.46997,6.0711227e-05,13.8888,155.0
2015-03-14 15:00:00.000039936,61.728,27.78,319.46997,6.324571e-05,14.4032,150.0
2015-03-14 18:00:00.000039936,59.156002,27.78,319.46997,6.621089e-05,16.4608,145.0
2015-03-14 21:00:00.000039936,54.012,33.336,312.52496,6.958979e-05,17.489601,145.0
2015-03-15 00:00:00.000039936,48.868,37.04,305.58,7.2921e-05,16.4608,140.0
2015-03-15 03:00:00.000039936,41.152,37.04,305.58,7.511419e-05,14.917601,140.0
2015-03-15 06:00:00.000039936,33.436,37.04,305.58,7.6852295e-05,12.860001,140.0
2015-03-15 09:00:00.000039936,30.864,37.04,291.69,7.900381e-05,10.288,145.0
