Time,Vmax,Rmax_IBT,R34,fcor,u_trans,v_trans
2023-03-29 12:00:00.000039936,23.148,31.484,54.170998,3.6022833e-05,4.6296,115.0
2023-03-29 15:00:00.000039936,24.6912,37.04,88.895996,3.626943e-05,4.1152,115.0
2023-03-29 18:00:00.000039936,26.2344,40.744,123.158,3.651592e-05,4.1152,105.0
2023-03-29 21:00:00.000039936,27.2632,31.484,120.843,3.67623e-05,4.6296,105.0
2023-03-30 00:00:00.000039936,27.7776,22.223999,116.675995,3.700857e-05,5.144,115.0
2023-03-30 03:00:00.000039936,29.3208,22.223999,99.545,3.7746686e-05,5.144,130.0
2023-03-30 06:00:00.000039936,30.864,22.223999,81.025,3.872924e-05,4.6296,125.0
2023-03-30 09:00:00.000039936,38.58,22.223999,81.025,3.897458e-05,3.6008,125.0
2023-03-30 12:00:00.000039936,45.7816,22.223999,81.025,3.9464914e-05,4.1152,135.0
2023-03-30 15:00:00.000039936,46.810402,14.816,108.341995,4.0199502e-05,4.1152,145.0
2023-03-30 18:00:00.000039936,47.8392,7.408,134.733,4.1177245e-05,3.6008,150.0
2023-03-30 21:00:00.000039936,53.4976,7.408,145.845,4.1909232e-05,3.0864,150.0
2023-03-31 00:00:00.000039936,59.156002,7.408,155.10501,4.239659e-05,2.572,155.0
2023-03-31 03:00:00.000039936,61.728,7.408,130.566,4.3126656e-05,3.0864,155.0
2023-03-31 06:00:00.000039936,63.7856,7.408,104.638,4.3612705e-05,2.572,150.0
2023-03-31 09:00:00.000039936,64.8144,7.408,112.509,4.409823e-05,2.572,145.0
2023-03-31 12:00:00.000039936,65.8432,7.408,118.991,4.458322e-05,2.572,150.0
2023-03-31 15:00:00.000039936,65.8432,7.408,122.231995,4.506766e-05,2.572,160.0
2023-03-31 18:00:00.000039936,65.8432,7.408,125.009995,4.5793287e-05,2.572,160.0
2023-03-31 21:00:00.000039936,62.7568,7.408,127.788,4.627635e-05,2.0576,160.0
2023-04-01 00:00:00.000039936,59.156002,7.408,129.177,4.675884e-05,2.0576,175.0
2023-04-01 03:00:00.000039936,56.584,7.408,99.545,4.7240763e-05,2.0576,190.0
2023-04-01 06:00:00.000039936,54.012,7.408,68.987,4.7722115e-05,2.572,185.0
2023-04-01 09:00:00.000039936,48.868,12.964,68.987,4.844305e-05,2.0576,180.0
2023-04-01 12:00:00.000039936,43.209602,16.668,68.987,4.892293e-05,1.5432,195.0
2023-04-01 15:00:00.000039936,39.6088,20.372,68.987,4.916265e-05,1.5432,230.0
2023-04-01 18:00:00.000039936,36.008,22.223999,68.987,4.9402213e-05,1.0288,245.0
2023-04-01 21:00:00.000039936,34.4648,22.223999,68.987,4.9402213e-05,1.5432,260.0
