Time,Vmax,Rmax_IBT,R34,fcor,u_trans,v_trans
2006-03-18 06:00:00.000039936,23.148,64.82,129.64,4.3126656e-05,5.6584,265.0
2006-03-18 09:00:00.000039936,27.2632,55.56,135.196,4.3369746e-05,5.6584,260.0
2006-03-18 12:00:00.000039936,30.864,46.3,138.9,4.3612705e-05,6.6872,260.0
2006-03-18 15:00:00.000039936,32.4072,33.336,152.79,4.385554e-05,7.716,260.0
2006-03-18 18:00:00.000039936,33.436,18.52,166.68,4.409823e-05,8.2304,265.0
2006-03-18 21:00:00.000039936,33.436,18.52,166.68,4.4340795e-05,7.716,265.0
2006-03-19 00:00:00.000039936,33.436,18.52,166.68,4.4340795e-05,7.2016,270.0
2006-03-19 03:00:00.000039936,36.008,18.52,175.94,4.4340795e-05,7.2016,270.0
2006-03-19 06:00:00.000039936,38.58,18.52,185.2,4.4340795e-05,7.2016,270.0
2006-03-19 09:00:00.000039936,43.724,18.52,194.45999,4.4340795e-05,7.2016,275.0
2006-03-19 12:00:00.000039936,48.868,18.52,203.72,4.409823e-05,7.2016,275.0
2006-03-19 15:00:00.000039936,54.012,18.52,166.68,4.385554e-05,7.2016,275.0
2006-03-19 17:00:00.000053248,57.6128,18.52,142.604,4.385554e-05,7.716,270.0
2006-03-19 18:00:00.000039936,59.156002,18.52,129.64,4.385554e-05,7.2016,270.0
2006-03-19 19:00:00.000066560,57.6128,18.52,129.64,4.385554e-05,6.6872,265.0
2006-03-19 20:00:00.000053248,56.584,18.52,129.64,4.385554e-05,7.2016,270.0
