Time,Vmax,Rmax_IBT,R34,fcor,u_trans,v_trans
2015-03-10 12:00:00.000039936,20.576,74.08,97.229996,3.3798577e-05,3.6008,250.0
2015-03-10 15:00:00.000039936,22.1192,74.08,98.156006,3.404614e-05,3.6008,250.0
2015-03-10 18:00:00.000039936,23.148,74.08,97.229996,3.4293596e-05,3.6008,250.0
2015-03-10 21:00:00.000039936,23.148,74.08,97.229996,3.454095e-05,3.6008,255.0
2015-03-11 00:00:00.000039936,23.148,74.08,97.229996,3.454095e-05,2.572,260.0
2015-03-11 03:00:00.000039936,23.148,74.08,97.229996,3.454095e-05,2.0576,270.0
2015-03-11 06:00:00.000039936,23.148,74.08,97.229996,3.454095e-05,2.0576,270.0
2015-03-11 09:00:00.000039936,24.6912,74.08,97.229996,3.454095e-05,2.0576,265.0
2015-03-11 12:00:00.000039936,25.720001,74.08,97.229996,3.454095e-05,1.5432,270.0
2015-03-11 15:00:00.000039936,27.2632,70.376,97.229996,3.454095e-05,1.0288,270.0
2015-03-11 18:00:00.000039936,28.292,64.82,97.229996,3.47882e-05,1.5432,245.0
2015-03-11 21:00:00.000039936,28.292,64.82,97.229996,3.5282377e-05,2.572,250.0
2015-03-12 00:00:00.000039936,28.292,46.3,97.229996,3.5282377e-05,2.0576,265.0
2015-03-12 03:00:00.000039936,28.292,46.3,100.007996,3.5282377e-05,1.0288,280.0
2015-03-12 06:00:00.000039936,28.292,46.3,101.86,3.5035337e-05,1.0288,305.0
2015-03-12 09:00:00.000039936,28.292,46.3,101.86,3.454095e-05,1.0288,325.0
2015-03-12 12:00:00.000039936,28.292,46.3,101.86,3.4293596e-05,1.0288,355.0
2015-03-12 15:00:00.000039936,28.292,46.3,101.86,3.404614e-05,1.0288,25.0
2015-03-12 18:00:00.000039936,28.292,46.3,101.86,3.404614e-05,1.0288,40.0
2015-03-12 21:00:00.000039936,28.292,46.3,106.490005,3.404614e-05,1.0288,45.0
2015-03-13 00:00:00.000039936,28.292,46.3,111.119995,3.3798577e-05,0.5144,30.0
2015-03-13 03:00:00.000039936,28.292,46.3,113.897995,3.3798577e-05,0.5144,310.0
2015-03-13 06:00:00.000039936,28.292,46.3,115.75,3.3550914e-05,0.5144,315.0
2015-03-13 09:00:00.000039936,28.292,46.3,115.75,3.330315e-05,1.0288,330.0
2015-03-13 12:00:00.000039936,28.292,46.3,115.75,3.305528e-05,0.5144,0.0
2015-03-13 15:00:00.000039936,27.2632,46.3,115.75,3.305528e-05,0.5144,65.0
2015-03-13 18:00:00.000039936,25.720001,46.3,115.75,3.305528e-05,1.0288,100.0
2015-03-13 21:00:00.000039936,24.6912,46.3,115.75,3.330315e-05,2.0576,105.0
2015-03-14 00:00:00.000039936,23.148,46.3,115.75,3.330315e-05,2.0576,90.0
2015-03-14 03:00:00.000039936,23.148,46.3,123.158005,3.330315e-05,2.572,80.0
2015-03-14 06:00:00.000039936,23.148,46.3,129.64,3.305528e-05,3.6008,90.0
2015-03-14 09:00:00.000039936,22.1192,46.3,129.64,3.305528e-05,4.1152,100.0
2015-03-14 12:00:00.000039936,20.576,46.3,129.64,3.330315e-05,4.1152,100.0
2015-03-14 15:00:00.000039936,20.576,46.3,130.103,3.330315e-05,3.6008,95.0
2015-03-14 18:00:00.000039936,20.576,46.3,129.64,3.3550914e-05,4.1152,90.0
2015-03-14 21:00:00.000039936,22.1192,46.3,129.64,3.3798577e-05,4.6296,95.0
2015-03-15 00:00:00.000039936,23.148,46.3,129.64,3.3798577e-05,3.6008,100.0
2015-03-15 03:00:00.000039936,23.148,46.3,129.64,3.3798577e-05,2.572,110.0
2015-03-15 06:00:00.000039936,23.148,46.3,129.64,3.404614e-05,2.572,100.0
2015-03-15 09:00:00.000039936,23.148,46.3,129.64,3.404614e-05,2.572,95.0
2015-03-15 12:00:00.000039936,23.148,46.3,129.64,3.4293596e-05,2.0576,105.0
2015-03-15 15:00:00.000039936,24.6912,46.3,129.64,3.4293596e-05,1.5432,130.0
2015-03-15 18:00:00.000039936,25.720001,46.3,129.64,3.454095e-05,1.5432,135.0
2015-03-15 21:00:00.000039936,27.2632,46.3,129.64,3.47882e-05,1.0288,135.0
2015-03-16 00:00:00.000039936,28.292,46.3,129.64,3.5035337e-05,1.0288,145.0
2015-03-16 03:00:00.000039936,27.2632,46.3,135.659,3.5035337e-05,1.0288,160.0
2015-03-16 06:00:00.000039936,25.720001,46.3,141.215,3.5282377e-05,0.5144,205.0
2015-03-16 09:00:00.000039936,25.720001,46.3,141.215,3.5529305e-05,1.0288,245.0
2015-03-16 12:00:00.000039936,23.148,46.3,141.215,3.577612e-05,1.0288,245.0
2015-03-16 15:00:00.000039936,23.148,46.3,141.215,3.577612e-05,0.5144,205.0
2015-03-16 18:00:00.000039936,23.148,64.82,175.94,3.6022833e-05,0.5144,185.0
2015-03-16 21:00:00.000039936,23.148,64.82,175.94,3.626943e-05,1.0288,0.0
2015-03-17 00:00:00.000039936,23.148,64.82,175.94,3.651592e-05,1.0288,175.0
2015-03-17 03:00:00.000039936,22.1192,64.82,175.94,3.67623e-05,1.5432,0.0
2015-03-17 06:00:00.000039936,20.576,64.82,175.94,3.700857e-05,1.5432,0.0
2015-03-17 09:00:00.000039936,20.576,64.82,160.198,3.7254722e-05,1.0288,170.0
2015-03-17 12:00:00.000039936,20.576,64.82,143.53,3.7500762e-05,1.0288,225.0
2015-03-17 15:00:00.000039936,22.1192,64.82,143.53,3.7746686e-05,1.5432,250.0
2015-03-17 18:00:00.000039936,23.148,64.82,143.53,3.7746686e-05,1.5432,260.0
2015-03-17 21:00:00.000039936,24.6912,64.82,143.53,3.7746686e-05,1.0288,270.0
2015-03-18 00:00:00.000039936,25.720001,64.82,143.53,3.7746686e-05,1.0288,280.0
2015-03-18 03:00:00.000039936,29.835201,38.892,152.79,3.7746686e-05,1.0288,290.0
2015-03-18 06:00:00.000039936,33.436,12.964,162.04999,3.7500762e-05,1.0288,300.0
2015-03-18 09:00:00.000039936,36.008,16.668,171.31,3.7254722e-05,1.5432,295.0
2015-03-18 12:00:00.000039936,38.58,18.52,180.57,3.7254722e-05,2.572,285.0
2015-03-18 15:00:00.000039936,40.1232,18.52,185.20001,3.700857e-05,3.0864,280.0
2015-03-18 18:00:00.000039936,41.152,18.52,189.83,3.700857e-05,3.0864,275.0
2015-03-18 21:00:00.000039936,42.6952,24.076,146.308,3.700857e-05,3.0864,275.0
2015-03-19 00:00:00.000039936,43.724,27.78,101.86001,3.700857e-05,3.0864,270.0
2015-03-19 03:00:00.000039936,45.2672,25.928,116.213,3.700857e-05,3.0864,265.0
2015-03-19 06:00:00.000039936,46.296,22.223999,129.64,3.700857e-05,3.6008,265.0
2015-03-19 09:00:00.000039936,47.8392,22.223999,112.509,3.7254722e-05,4.6296,265.0
2015-03-19 12:00:00.000039936,48.868,22.223999,94.91499,3.7254722e-05,4.6296,270.0
2015-03-19 15:00:00.000039936,50.4112,20.372,110.657,3.7254722e-05,4.6296,275.0
2015-03-19 18:00:00.000039936,51.440002,18.52,125.009995,3.700857e-05,4.6296,280.0
2015-03-19 18:30:00.000053248,50.4112,18.52,125.009995,3.700857e-05,4.6296,285.0
