Time,Vmax,Rmax_IBT,R34,fcor,u_trans,v_trans
2002-03-06 06:00:00.000040448,20.576,55.56,138.9,2.882674e-05,5.144,260.0
2002-03-06 09:00:00.000040448,20.576,55.56,143.53,2.9076216e-05,5.6584,260.0
2002-03-06 12:00:00.000040448,20.576,55.56,148.16,2.9325609e-05,6.1728,265.0
2002-03-06 15:00:00.000040448,23.148,55.56,157.42,2.9325609e-05,6.1728,270.0
2002-03-06 18:00:00.000040448,25.720001,55.56,166.68,2.9325609e-05,6.1728,275.0
2002-03-06 21:00:00.000040448,27.2632,55.56,166.68,2.9325609e-05,6.1728,280.0
2002-03-07 00:00:00.000040448,28.292,55.56,166.68,2.9076216e-05,5.6584,280.0
2002-03-07 03:00:00.000040448,29.835201,51.856,184.27402,2.882674e-05,5.144,280.0
2002-03-07 06:00:00.000040448,30.864,46.3,201.405,2.857718e-05,5.144,275.0
2002-03-07 09:00:00.000040448,32.4072,51.856,206.035,2.857718e-05,5.144,265.0
2002-03-07 12:00:00.000040448,33.436,55.56,210.66501,2.857718e-05,5.6584,265.0
2002-03-07 15:00:00.000040448,36.008,37.04,154.17899,2.857718e-05,5.6584,265.0
2002-03-07 18:00:00.000040448,38.58,18.52,97.23,2.882674e-05,5.6584,265.0
2002-03-07 21:00:00.000040448,46.296,18.52,132.418,2.882674e-05,5.144,270.0
2002-03-08 00:00:00.000040448,54.012,18.52,166.68,2.882674e-05,5.144,275.0
2002-03-08 03:00:00.000040448,56.584,18.52,177.79199,2.857718e-05,5.144,280.0
2002-03-08 06:00:00.000040448,59.156002,18.52,187.51501,2.857718e-05,4.6296,275.0
2002-03-08 09:00:00.000040448,60.6992,18.52,205.572,2.857718e-05,3.6008,270.0
2002-03-08 12:00:00.000040448,61.728,18.52,222.23999,2.857718e-05,3.6008,270.0
2002-03-08 15:00:00.000040448,64.3,24.076,222.23999,2.857718e-05,3.6008,265.0
2002-03-08 18:00:00.000040448,66.872,27.78,222.23999,2.882674e-05,2.572,245.0
2002-03-08 21:00:00.000040448,65.8432,37.04,222.24,2.9325609e-05,2.0576,210.0
2002-03-09 00:00:00.000040448,64.3,46.3,222.24,2.9824112e-05,3.0864,200.0
2002-03-09 03:00:00.000040448,64.3,42.596,231.5,3.0571195e-05,3.6008,205.0
2002-03-09 06:00:00.000040448,64.3,37.04,240.76,3.131743e-05,4.6296,210.0
2002-03-09 09:00:00.000040448,64.3,37.04,240.76,3.231108e-05,5.6584,215.0
2002-03-09 12:00:00.000040448,64.3,37.04,240.76,3.330315e-05,5.144,215.0
2002-03-09 15:00:00.000040448,65.8432,37.04,236.13,3.4293596e-05,4.6296,210.0
2002-03-09 18:00:00.000040448,66.872,37.04,231.5,3.5282377e-05,4.6296,210.0
2002-03-09 21:00:00.000040448,69.444,37.04,231.5,3.626943e-05,4.1152,210.0
2002-03-10 00:00:00.000040448,72.016,37.04,231.5,3.700857e-05,4.1152,205.0
2002-03-10 03:00:00.000040448,72.016,37.04,226.87,3.7746686e-05,3.6008,200.0
