Time,Vmax,Rmax_IBT,R34,fcor,u_trans,v_trans
2020-02-21 12:00:00.000039936,25.720001,37.04,50.93,3.231108e-05,4.6296,110.0
2020-02-21 15:00:00.000039936,28.292,27.78,53.245003,3.280731e-05,4.1152,95.0
2020-02-21 18:00:00.000039936,30.864,18.52,55.560005,3.305528e-05,4.1152,100.0
2020-02-21 21:00:00.000039936,29.835201,24.076,56.023003,3.3550914e-05,4.1152,110.0
2020-02-22 00:00:00.000039936,28.292,27.78,55.559998,3.404614e-05,3.0864,125.0
2020-02-22 03:00:00.000039936,27.2632,33.336,62.968002,3.454095e-05,2.572,135.0
2020-02-22 06:00:00.000039936,25.720001,37.04,69.45,3.5282377e-05,3.6008,135.0
2020-02-22 09:00:00.000039936,24.6912,37.04,72.228,3.577612e-05,4.1152,135.0
2020-02-22 12:00:00.000039936,23.148,37.04,74.08,3.651592e-05,3.6008,145.0
2020-02-22 15:00:00.000039936,22.1192,37.04,76.858,3.7254722e-05,3.6008,160.0
2020-02-22 18:00:00.000039936,20.576,37.04,78.71,3.8238195e-05,5.144,155.0
2020-02-22 21:00:00.000039936,20.576,37.04,77.784,3.9219805e-05,6.1728,150.0
2020-02-23 00:00:00.000039936,20.576,37.04,76.395,4.0199502e-05,6.1728,150.0
