Time,Vmax,Rmax_IBT,R34,fcor,u_trans,v_trans
2018-03-31 00:00:00.000039936,18.004,83.34,125.01,4.409823e-05,4.6296,90.0
2018-03-31 03:00:00.000039936,19.5472,74.08,129.64,4.409823e-05,4.6296,105.0
2018-03-31 06:00:00.000039936,20.576,64.82,134.26999,4.458322e-05,6.1728,120.0
2018-03-31 09:00:00.000039936,22.1192,64.82,143.53,4.5551555e-05,6.6872,125.0
2018-03-31 12:00:00.000039936,23.148,64.82,152.79001,4.651767e-05,5.144,125.0
2018-03-31 15:00:00.000039936,24.6912,55.56,162.04999,4.7240763e-05,4.1152,125.0
2018-03-31 18:00:00.000039936,25.720001,46.3,171.31,4.7722115e-05,3.6008,135.0
2018-03-31 21:00:00.000039936,24.6912,46.3,173.625,4.8202877e-05,3.6008,145.0
2018-04-01 00:00:00.000039936,23.148,46.3,175.94,4.868306e-05,2.572,140.0
2018-04-01 03:00:00.000039936,22.1192,46.3,178.255,4.892293e-05,2.0576,130.0
2018-04-01 06:00:00.000039936,20.576,46.3,180.57,4.916265e-05,1.5432,140.0
2018-04-01 09:00:00.000039936,20.576,46.3,185.20001,4.9402213e-05,1.5432,150.0
2018-04-01 12:00:00.000039936,20.576,46.3,189.83002,4.9402213e-05,1.0288,120.0
2018-04-01 15:00:00.000039936,20.576,46.3,196.775,4.9402213e-05,1.5432,100.0
2018-04-01 18:00:00.000039936,20.576,46.3,203.72,4.9641636e-05,2.0576,120.0
2018-04-01 21:00:00.000039936,19.5472,61.116,210.66501,5.035898e-05,2.572,140.0
2018-04-02 00:00:00.000039936,18.004,74.08,217.60999,5.1074945e-05,3.0864,155.0
2018-04-02 03:00:00.000039936,18.004,74.08,231.5,5.178951e-05,3.0864,165.0
2018-04-02 06:00:00.000039936,18.004,74.08,245.39,5.250265e-05,2.572,160.0
2018-04-02 09:00:00.000039936,18.004,74.08,263.91,5.2740055e-05,2.0576,150.0
2018-04-02 12:00:00.000039936,18.004,74.08,282.43,5.2977284e-05,1.5432,130.0
2018-04-02 15:00:00.000039936,18.004,74.08,282.43,5.2977284e-05,1.0288,115.0
