Time,Vmax,Rmax_IBT,R34,fcor,u_trans,v_trans
2017-05-02 18:00:00.000039936,18.004,55.56,43.985,3.305528e-05,1.5432,285.0
2017-05-02 21:00:00.000039936,22.1192,51.856,43.985,3.280731e-05,2.0576,40.0
2017-05-03 00:00:00.000039936,25.720001,46.3,43.985,3.231108e-05,2.572,45.0
2017-05-03 03:00:00.000039936,27.2632,46.3,84.729004,3.206281e-05,2.0576,325.0
2017-05-03 06:00:00.000039936,28.292,46.3,125.01,3.1814445e-05,2.572,285.0
2017-05-03 09:00:00.000039936,28.292,42.596,127.787994,3.1814445e-05,3.0864,260.0
2017-05-03 12:00:00.000039936,28.292,37.04,129.64001,3.1814445e-05,4.1152,260.0
2017-05-03 15:00:00.000039936,29.835201,37.04,129.64001,3.206281e-05,4.6296,265.0
2017-05-03 18:00:00.000039936,30.864,37.04,129.64001,3.206281e-05,5.144,275.0
2017-05-03 21:00:00.000039936,33.436,33.336,128.71399,3.1814445e-05,4.6296,285.0
2017-05-04 00:00:00.000039936,36.008,27.78,127.325,3.156599e-05,3.6008,280.0
2017-05-04 03:00:00.000039936,38.58,27.78,127.325,3.156599e-05,2.572,270.0
2017-05-04 06:00:00.000039936,41.152,27.78,127.325,3.156599e-05,3.0864,260.0
2017-05-04 09:00:00.000039936,41.152,27.78,158.34601,3.156599e-05,3.6008,260.0
2017-05-04 12:00:00.000039936,41.152,27.78,187.515,3.1814445e-05,3.0864,250.0
2017-05-04 15:00:00.000039936,42.6952,27.78,187.515,3.206281e-05,2.0576,245.0
2017-05-04 18:00:00.000039936,43.724,27.78,187.515,3.231108e-05,2.572,250.0
2017-05-04 21:00:00.000039936,42.6952,27.78,187.515,3.2559245e-05,3.6008,260.0
2017-05-05 00:00:00.000039936,41.152,27.78,187.515,3.280731e-05,3.6008,255.0
2017-05-05 03:00:00.000039936,41.152,27.78,187.515,3.305528e-05,3.6008,250.0
2017-05-05 06:00:00.000039936,41.152,27.78,187.515,3.3550914e-05,3.6008,250.0
2017-05-05 09:00:00.000039936,42.6952,27.78,187.515,3.404614e-05,3.6008,255.0
2017-05-05 12:00:00.000039936,43.724,27.78,187.515,3.4293596e-05,3.0864,270.0
2017-05-05 15:00:00.000039936,45.2672,33.336,203.72,3.404614e-05,2.572,295.0
2017-05-05 18:00:00.000039936,46.296,37.04,219.925,3.3550914e-05,1.5432,310.0
2017-05-05 21:00:00.000039936,46.296,37.04,243.538,3.330315e-05,0.5144,315.0
2017-05-06 00:00:00.000039936,46.296,37.04,266.225,3.330315e-05,0.5144,265.0
2017-05-06 03:00:00.000039936,43.724,37.04,266.225,3.330315e-05,0.5144,225.0
2017-05-06 06:00:00.000039936,41.152,37.04,266.225,3.330315e-05,1.0288,215.0
2017-05-06 09:00:00.000039936,42.6952,33.336,279.652,3.3550914e-05,1.0288,210.0
2017-05-06 12:00:00.000039936,43.724,27.78,291.69,3.3798577e-05,0.5144,265.0
2017-05-06 15:00:00.000039936,45.2672,27.78,288.449,3.3550914e-05,0.5144,310.0
2017-05-06 18:00:00.000039936,46.296,27.78,284.745,3.3550914e-05,1.0288,165.0
2017-05-06 21:00:00.000039936,46.296,27.78,281.504,3.404614e-05,3.0864,160.0
2017-05-07 00:00:00.000039936,46.296,27.78,277.8,3.5035337e-05,3.6008,155.0
2017-05-07 03:00:00.000039936,46.296,25.928,277.8,3.577612e-05,3.6008,155.0
2017-05-07 06:00:00.000039936,46.296,22.223999,277.8,3.67623e-05,4.6296,165.0
2017-05-07 09:00:00.000039936,48.868,25.928,282.893,3.7746686e-05,5.144,170.0
2017-05-07 12:00:00.000039936,51.440002,27.78,287.06,3.897458e-05,4.6296,175.0
2017-05-07 15:00:00.000039936,55.5552,29.632,288.449,4.0199502e-05,4.6296,180.0
2017-05-07 18:00:00.000039936,59.156002,31.484,289.375,4.1177245e-05,3.6008,0.0
2017-05-07 21:00:00.000039936,61.728,35.188,281.504,4.1909232e-05,3.0864,170.0
2017-05-08 00:00:00.000039936,64.3,37.04,273.17,4.239659e-05,3.0864,160.0
2017-05-08 03:00:00.000039936,63.271202,33.336,273.17,4.3126656e-05,3.0864,155.0
2017-05-08 06:00:00.000039936,61.728,27.78,273.17,4.385554e-05,3.0864,150.0
2017-05-08 09:00:00.000039936,59.156002,27.78,273.17,4.4340795e-05,3.0864,145.0
2017-05-08 12:00:00.000039936,56.584,27.78,273.17,4.506766e-05,3.0864,145.0
2017-05-08 15:00:00.000039936,54.012,27.78,266.68802,4.5793287e-05,3.6008,150.0
2017-05-08 18:00:00.000039936,51.440002,27.78,259.28,4.651767e-05,4.1152,150.0
2017-05-08 21:00:00.000039936,48.868,27.78,259.28,4.748151e-05,4.6296,150.0
2017-05-09 00:00:00.000039936,46.296,27.78,259.28,4.844305e-05,5.144,145.0
2017-05-09 03:00:00.000039936,43.724,27.78,259.28,4.9641636e-05,5.144,145.0
2017-05-09 06:00:00.000039936,41.152,27.78,259.28,5.059779e-05,3.6008,160.0
2017-05-09 09:00:00.000039936,38.58,27.78,150.47499,5.1074945e-05,2.0576,195.0
2017-05-09 12:00:00.000039936,36.008,46.3,259.28,5.1074945e-05,1.5432,125.0
2017-05-09 15:00:00.000039936,33.436,46.3,150.47499,5.083645e-05,3.6008,115.0
2017-05-09 18:00:00.000039936,28.292,46.3,245.39001,5.155148e-05,3.6008,140.0
2017-05-09 21:00:00.000039936,24.6912,51.856,231.963,5.250265e-05,4.6296,150.0
2017-05-10 00:00:00.000039936,20.576,55.56,217.61,5.3688025e-05,5.6584,165.0
2017-05-10 03:00:00.000039936,19.5472,64.82,217.61,5.510506e-05,6.6872,175.0
