Time,Vmax,Rmax_IBT,R34,fcor,u_trans,v_trans
2003-02-12 00:00:00.000040448,20.576,55.56,55.56,4.1177245e-05,2.572,125.0
2003-02-12 03:00:00.000040448,20.576,55.56,55.56,4.142137e-05,2.572,125.0
2003-02-12 06:00:00.000040448,20.576,55.56,55.56,4.1909232e-05,3.0864,135.0
2003-02-12 09:00:00.000040448,20.576,55.56,55.56,4.239659e-05,3.6008,140.0
2003-02-12 12:00:00.000040448,20.576,55.56,55.56,4.288343e-05,3.0864,140.0
2003-02-12 15:00:00.000040448,20.576,55.56,55.56,4.3369746e-05,3.0864,140.0
2003-02-12 18:00:00.000040448,20.576,55.56,55.56,4.385554e-05,3.6008,140.0
2003-02-12 21:00:00.000040448,22.1192,55.56,69.45,4.458322e-05,4.1152,145.0
2003-02-13 00:00:00.000040448,23.148,55.56,83.340004,4.5309676e-05,4.6296,150.0
2003-02-13 03:00:00.000040448,23.148,55.56,83.34,4.651767e-05,5.144,150.0
2003-02-13 06:00:00.000040448,23.148,55.56,83.34001,4.7722115e-05,5.144,150.0
2003-02-13 09:00:00.000040448,23.148,55.56,83.34001,4.892293e-05,5.144,150.0
2003-02-13 12:00:00.000040448,23.148,55.56,83.34001,4.9880902e-05,4.6296,155.0
2003-02-13 15:00:00.000040448,22.1192,55.56,120.38,5.083645e-05,3.6008,165.0
