Time,Vmax,Rmax_IBT,R34,fcor,u_trans,v_trans
2008-02-07 06:00:00.000039936,20.576,55.56,83.34,3.330315e-05,6.1728,125.0
2008-02-07 09:00:00.000039936,23.148,55.56,83.34,3.4293596e-05,5.144,130.0
2008-02-07 12:00:00.000039936,25.720001,55.56,83.34,3.5035337e-05,4.6296,135.0
2008-02-07 15:00:00.000039936,27.2632,55.56,111.12,3.577612e-05,4.1152,135.0
2008-02-07 18:00:00.000039936,28.292,55.56,138.9,3.626943e-05,4.1152,135.0
2008-02-07 21:00:00.000039936,28.292,55.56,138.9,3.700857e-05,4.1152,140.0
2008-02-08 00:00:00.000039936,28.292,55.56,138.9,3.7746686e-05,4.1152,140.0
2008-02-08 03:00:00.000039936,28.292,55.56,138.9,3.8483773e-05,3.6008,145.0
2008-02-08 06:00:00.000039936,28.292,55.56,138.9,3.897458e-05,2.572,155.0
2008-02-08 09:00:00.000039936,29.835201,55.56,144.456,3.9464914e-05,2.0576,165.0
2008-02-08 12:00:00.000039936,30.864,55.56,148.16,3.9709896e-05,1.0288,0.0
2008-02-08 15:00:00.000039936,30.864,55.56,135.196,3.995476e-05,0.5144,195.0
2008-02-08 18:00:00.000039936,30.864,55.56,120.38,4.0199502e-05,1.0288,285.0
2008-02-08 21:00:00.000039936,30.864,46.3,120.38,4.0199502e-05,1.0288,310.0
2008-02-09 00:00:00.000039936,30.864,37.04,120.38,3.995476e-05,1.0288,340.0
2008-02-09 03:00:00.000039936,32.4072,37.04,144.456,3.9709896e-05,1.0288,30.0
2008-02-09 06:00:00.000039936,33.436,37.04,166.68,3.9464914e-05,1.0288,55.0
2008-02-09 09:00:00.000039936,33.436,33.336,166.68,3.9219805e-05,1.5432,60.0
2008-02-09 12:00:00.000039936,33.436,27.78,166.68,3.897458e-05,2.0576,55.0
2008-02-09 15:00:00.000039936,32.4072,27.78,166.68,3.872924e-05,2.572,50.0
2008-02-09 18:00:00.000039936,30.864,27.78,166.68,3.8483773e-05,2.572,50.0
2008-02-09 21:00:00.000039936,29.835201,33.336,168.06898,3.8238195e-05,2.0576,50.0
2008-02-10 00:00:00.000039936,28.292,37.04,168.995,3.7992504e-05,2.0576,55.0
2008-02-10 03:00:00.000039936,29.835201,42.596,168.995,3.7746686e-05,1.5432,65.0
2008-02-10 06:00:00.000039936,30.864,46.3,168.995,3.7500762e-05,1.5432,65.0
2008-02-10 09:00:00.000039936,33.436,46.3,168.995,3.7254722e-05,1.5432,65.0
2008-02-10 12:00:00.000039936,36.008,46.3,168.995,3.7254722e-05,1.0288,65.0
2008-02-10 15:00:00.000039936,37.5512,37.04,170.384,3.7254722e-05,1.0288,65.0
2008-02-10 18:00:00.000039936,38.58,27.78,171.31,3.700857e-05,1.0288,50.0
2008-02-10 21:00:00.000039936,41.152,27.78,175.014,3.67623e-05,1.0288,30.0
2008-02-11 00:00:00.000039936,43.724,27.78,178.25502,3.651592e-05,1.0288,25.0
2008-02-11 03:00:00.000039936,43.724,24.076,175.014,3.626943e-05,1.0288,10.0
2008-02-11 06:00:00.000039936,43.724,18.52,171.31,3.626943e-05,0.5144,325.0
2008-02-11 09:00:00.000039936,43.724,18.52,178.255,3.626943e-05,0.5144,270.0
2008-02-11 12:00:00.000039936,43.724,18.52,185.2,3.6022833e-05,0.5144,310.0
2008-02-11 15:00:00.000039936,43.724,27.78,185.2,3.577612e-05,1.0288,340.0
2008-02-11 18:00:00.000039936,43.724,37.04,185.2,3.577612e-05,0.5144,325.0
2008-02-11 21:00:00.000039936,42.6952,37.04,185.2,3.577612e-05,0.5144,270.0
2008-02-12 00:00:00.000039936,41.152,37.04,185.2,3.577612e-05,1.0288,265.0
2008-02-12 03:00:00.000039936,37.5512,37.04,178.718,3.577612e-05,1.5432,270.0
2008-02-12 06:00:00.000039936,33.436,37.04,171.31,3.577612e-05,1.5432,275.0
2008-02-12 09:00:00.000039936,32.4072,42.596,162.513,3.5529305e-05,1.0288,280.0
2008-02-12 12:00:00.000039936,30.864,46.3,152.79001,3.5529305e-05,2.0576,270.0
2008-02-12 15:00:00.000039936,29.835201,46.3,152.79001,3.5529305e-05,2.572,265.0
2008-02-12 18:00:00.000039936,28.292,46.3,152.79001,3.577612e-05,3.6008,265.0
2008-02-12 21:00:00.000039936,25.720001,46.3,152.79001,3.577612e-05,4.1152,270.0
2008-02-13 00:00:00.000039936,23.148,46.3,152.79001,3.577612e-05,4.6296,290.0
2008-02-13 03:00:00.000039936,22.1192,51.856,135.659,3.5282377e-05,4.6296,305.0
2008-02-13 06:00:00.000039936,20.576,55.56,118.065,3.454095e-05,3.6008,310.0
2008-02-13 09:00:00.000039936,22.1192,61.116,118.065,3.404614e-05,2.572,305.0
2008-02-13 12:00:00.000039936,23.148,64.82,118.065,3.3798577e-05,3.0864,290.0
2008-02-13 15:00:00.000039936,25.720001,51.856,108.341995,3.3550914e-05,3.6008,280.0
2008-02-13 18:00:00.000039936,28.292,37.04,97.229996,3.3550914e-05,3.6008,270.0
2008-02-13 21:00:00.000039936,28.292,37.04,101.86,3.3550914e-05,4.1152,265.0
2008-02-14 00:00:00.000039936,28.292,37.04,106.48999,3.3550914e-05,4.1152,260.0
2008-02-14 03:00:00.000039936,30.864,42.596,138.437,3.3798577e-05,4.6296,255.0
2008-02-14 06:00:00.000039936,33.436,46.3,168.995,3.404614e-05,4.6296,255.0
2008-02-14 09:00:00.000039936,34.979202,42.596,168.995,3.4293596e-05,4.6296,250.0
2008-02-14 12:00:00.000039936,36.008,37.04,168.995,3.47882e-05,5.144,250.0
2008-02-14 15:00:00.000039936,37.5512,33.336,175.94,3.5282377e-05,5.144,245.0
2008-02-14 18:00:00.000039936,38.58,27.78,182.885,3.577612e-05,4.6296,245.0
2008-02-14 21:00:00.000039936,41.152,27.78,219.46199,3.626943e-05,4.6296,245.0
2008-02-15 00:00:00.000039936,43.724,27.78,254.65,3.67623e-05,5.144,240.0
2008-02-15 03:00:00.000039936,43.724,33.336,254.65,3.7500762e-05,5.6584,240.0
2008-02-15 06:00:00.000039936,43.724,37.04,254.65,3.8238195e-05,5.6584,240.0
2008-02-15 09:00:00.000039936,43.724,33.336,254.65,3.897458e-05,5.144,245.0
2008-02-15 12:00:00.000039936,43.724,27.78,254.65,3.9464914e-05,4.6296,245.0
2008-02-15 15:00:00.000039936,46.296,27.78,254.65,3.995476e-05,4.1152,245.0
2008-02-15 18:00:00.000039936,48.868,27.78,254.65,4.0199502e-05,4.1152,255.0
2008-02-15 21:00:00.000039936,48.868,27.78,254.65,4.0444127e-05,3.6008,260.0
2008-02-16 00:00:00.000039936,48.868,27.78,254.65,4.0444127e-05,3.6008,265.0
2008-02-16 03:00:00.000039936,51.440002,33.336,271.318,4.0444127e-05,3.6008,260.0
2008-02-16 06:00:00.000039936,54.012,37.04,287.06,4.0688625e-05,3.6008,250.0
2008-02-16 09:00:00.000039936,59.156002,33.336,296.783,4.093299e-05,4.1152,245.0
2008-02-16 12:00:00.000039936,64.3,27.78,305.58002,4.142137e-05,4.1152,245.0
2008-02-16 15:00:00.000039936,61.728,27.78,296.78302,4.1909232e-05,3.6008,255.0
2008-02-16 18:00:00.000039936,59.156002,27.78,287.06,4.2152973e-05,3.6008,255.0
2008-02-16 21:00:00.000039936,59.156002,27.78,263.91,4.239659e-05,3.6008,250.0
2008-02-17 00:00:00.000039936,59.156002,27.78,240.76,4.2640077e-05,4.1152,255.0
2008-02-17 03:00:00.000039936,56.584,27.78,227.33301,4.288343e-05,4.1152,255.0
2008-02-17 06:00:00.000039936,54.012,27.78,212.98,4.288343e-05,4.1152,260.0
