Time,Vmax,Rmax_IBT,R34,fcor,u_trans,v_trans
2006-03-19 09:00:00.000039936,19.5472,74.08,41.67,3.9709896e-05,7.2016,255.0
2006-03-19 12:00:00.000039936,23.148,74.08,83.34,4.0444127e-05,7.2016,245.0
2006-03-19 15:00:00.000039936,23.148,74.08,83.34,4.142137e-05,7.716,240.0
2006-03-19 18:00:00.000039936,23.148,74.08,83.34,4.239659e-05,7.716,250.0
2006-03-19 21:00:00.000039936,25.720001,46.3,116.213,4.2640077e-05,7.716,260.0
2006-03-20 00:00:00.000039936,28.292,18.52,148.15999,4.2640077e-05,6.6872,260.0
2006-03-20 03:00:00.000039936,28.292,18.52,134.733,4.288343e-05,5.6584,260.0
2006-03-20 06:00:00.000039936,28.292,18.52,120.380005,4.3369746e-05,6.1728,265.0
2006-03-20 09:00:00.000039936,28.292,18.52,132.418,4.3612705e-05,6.6872,265.0
2006-03-20 12:00:00.000039936,28.292,18.52,143.53,4.3612705e-05,6.6872,265.0
2006-03-20 15:00:00.000039936,28.292,18.52,143.53,4.385554e-05,6.1728,260.0
2006-03-20 18:00:00.000039936,28.292,18.52,143.53,4.385554e-05,5.6584,265.0
2006-03-20 21:00:00.000039936,28.292,24.076,157.883,4.385554e-05,4.6296,265.0
2006-03-21 00:00:00.000039936,28.292,27.78,171.31,4.409823e-05,3.6008,265.0
2006-03-21 03:00:00.000039936,30.864,33.336,180.57,4.4340795e-05,2.572,265.0
2006-03-21 06:00:00.000039936,33.436,37.04,189.83,4.4340795e-05,3.0864,270.0
2006-03-21 09:00:00.000039936,33.436,33.336,168.532,4.4340795e-05,3.6008,275.0
2006-03-21 12:00:00.000039936,33.436,27.78,145.845,4.409823e-05,3.0864,270.0
2006-03-21 15:00:00.000039936,34.979202,27.78,153.25299,4.409823e-05,2.0576,260.0
2006-03-21 18:00:00.000039936,36.008,27.78,159.735,4.409823e-05,1.0288,235.0
2006-03-21 21:00:00.000039936,37.5512,24.076,163.902,4.4340795e-05,1.0288,170.0
2006-03-22 00:00:00.000039936,38.58,18.52,166.68,4.458322e-05,1.0288,175.0
2006-03-22 03:00:00.000039936,40.1232,24.076,176.403,4.4825505e-05,0.5144,170.0
2006-03-22 06:00:00.000039936,41.152,27.78,185.2,4.506766e-05,0.5144,150.0
2006-03-22 09:00:00.000039936,40.1232,27.78,185.2,4.5309676e-05,1.0288,120.0
2006-03-22 12:00:00.000039936,38.58,27.78,185.2,4.5551555e-05,1.5432,125.0
2006-03-22 15:00:00.000039936,38.58,27.78,190.293,4.5793287e-05,2.0576,125.0
2006-03-22 18:00:00.000039936,38.58,27.78,194.45999,4.6034886e-05,2.572,125.0
2006-03-22 21:00:00.000039936,37.5512,27.78,184.737,4.651767e-05,2.572,125.0
2006-03-23 00:00:00.000039936,36.008,27.78,173.625,4.675884e-05,3.0864,120.0
2006-03-23 03:00:00.000039936,34.979202,24.076,170.847,4.6999867e-05,3.6008,115.0
2006-03-23 06:00:00.000039936,33.436,18.52,166.68,4.7240763e-05,3.6008,105.0
2006-03-23 09:00:00.000039936,33.436,18.52,167.143,4.7722115e-05,4.1152,110.0
2006-03-23 12:00:00.000039936,33.436,18.52,166.68,4.844305e-05,5.6584,130.0
2006-03-23 15:00:00.000039936,33.436,18.52,166.68,4.916265e-05,7.2016,140.0
2006-03-23 18:00:00.000039936,33.436,18.52,166.68,5.012002e-05,7.716,130.0
2006-03-23 21:00:00.000039936,33.436,18.52,173.625,5.131329e-05,7.716,120.0
2006-03-24 00:00:00.000039936,33.436,18.52,180.57,5.2740055e-05,9.2592,135.0
2006-03-24 03:00:00.000039936,32.4072,18.52,171.31,5.439729e-05,10.288,145.0
2006-03-24 06:00:00.000039936,30.864,18.52,162.05,5.6046403e-05,9.2592,145.0
2006-03-24 09:00:00.000039936,27.2632,37.04,175.47699,5.768715e-05,8.2304,145.0
2006-03-24 12:00:00.000039936,23.148,55.56,187.51498,5.9319285e-05,7.716,145.0
2006-03-24 15:00:00.000039936,20.576,64.82,187.51498,6.0942573e-05,7.716,155.0
