Time,Vmax,Rmax_IBT,R34,fcor,u_trans,v_trans
2011-03-17 12:00:00.000039936,20.576,55.56,101.86,3.8483773e-05,5.144,245.0
2011-03-17 15:00:00.000039936,22.1192,61.116,101.86,3.897458e-05,4.6296,245.0
2011-03-17 18:00:00.000039936,23.148,64.82,101.86,3.9464914e-05,5.144,250.0
2011-03-17 21:00:00.000039936,23.148,61.116,111.119995,3.995476e-05,5.6584,250.0
2011-03-18 00:00:00.000039936,23.148,55.56,120.380005,4.0444127e-05,6.1728,250.0
2011-03-18 03:00:00.000039936,23.148,55.56,129.64,4.093299e-05,6.1728,255.0
2011-03-18 06:00:00.000039936,23.148,55.56,138.9,4.142137e-05,6.6872,250.0
2011-03-18 09:00:00.000039936,23.148,55.56,138.9,4.1909232e-05,6.6872,250.0
2011-03-18 12:00:00.000039936,23.148,55.56,138.9,4.2640077e-05,6.6872,250.0
2011-03-18 15:00:00.000039936,23.148,55.56,136.122,4.3369746e-05,6.1728,245.0
2011-03-18 18:00:00.000039936,23.148,55.56,131.955,4.4340795e-05,6.1728,230.0
2011-03-18 21:00:00.000039936,23.148,55.56,128.251,4.506766e-05,7.2016,220.0
2011-03-19 00:00:00.000039936,23.148,55.56,122.69499,4.6034886e-05,7.2016,230.0
2011-03-19 03:00:00.000039936,22.1192,55.56,119.454,4.6999867e-05,7.716,240.0
2011-03-19 06:00:00.000039936,20.576,55.56,115.75,4.7722115e-05,8.2304,250.0
2011-03-19 09:00:00.000039936,19.5472,55.56,115.75,4.8202877e-05,8.744801,255.0
2011-03-19 12:00:00.000039936,18.004,55.56,115.75,4.868306e-05,8.744801,260.0
2011-03-19 15:00:00.000039936,18.004,55.56,115.75,4.892293e-05,7.716,260.0
