Time,Vmax,Rmax_IBT,R34,fcor,u_trans,v_trans
2009-03-06 00:00:00.000039936,30.864,55.56,87.97,3.651592e-05,2.572,190.0
2009-03-06 03:00:00.000039936,32.4072,42.596,87.97,3.700857e-05,2.0576,185.0
2009-03-06 06:00:00.000039936,33.436,27.78,87.97,3.7746686e-05,2.572,155.0
2009-03-06 09:00:00.000039936,36.008,27.78,104.638,3.8238195e-05,3.6008,140.0
2009-03-06 12:00:00.000039936,38.58,27.78,120.38,3.897458e-05,4.1152,145.0
2009-03-06 15:00:00.000039936,42.6952,27.78,120.38,3.995476e-05,4.6296,150.0
2009-03-06 18:00:00.000039936,46.296,27.78,120.38,4.093299e-05,4.6296,150.0
2009-03-06 21:00:00.000039936,48.868,33.336,120.38,4.1909232e-05,4.6296,150.0
2009-03-07 00:00:00.000039936,51.440002,37.04,120.38,4.288343e-05,5.144,150.0
2009-03-07 03:00:00.000039936,56.584,33.336,159.272,4.385554e-05,5.144,150.0
2009-03-07 06:00:00.000039936,61.728,27.78,196.775,4.4825505e-05,4.6296,145.0
2009-03-07 09:00:00.000039936,64.3,24.076,210.202,4.5793287e-05,4.6296,140.0
2009-03-07 12:00:00.000039936,66.872,18.52,222.23999,4.651767e-05,4.6296,140.0
2009-03-07 15:00:00.000039936,68.4152,24.076,222.23999,4.7240763e-05,4.6296,140.0
2009-03-07 18:00:00.000039936,69.444,27.78,222.23999,4.796257e-05,4.6296,145.0
2009-03-07 21:00:00.000039936,69.444,27.78,222.23999,4.892293e-05,4.6296,145.0
2009-03-08 00:00:00.000039936,69.444,27.78,222.23999,4.9880902e-05,4.6296,150.0
2009-03-08 03:00:00.000039936,68.4152,24.076,216.68399,5.083645e-05,4.6296,145.0
2009-03-08 06:00:00.000039936,66.872,18.52,210.66501,5.155148e-05,4.1152,145.0
2009-03-08 09:00:00.000039936,64.3,18.52,224.092,5.22651e-05,3.6008,135.0
2009-03-08 12:00:00.000039936,61.728,18.52,236.12999,5.2740055e-05,3.0864,125.0
2009-03-08 15:00:00.000039936,60.6992,18.52,236.12999,5.2977284e-05,3.6008,125.0
2009-03-08 18:00:00.000039936,59.156002,18.52,236.12999,5.345127e-05,3.6008,130.0
2009-03-08 21:00:00.000039936,59.156002,18.52,244.464,5.4161024e-05,4.1152,140.0
2009-03-09 00:00:00.000039936,59.156002,18.52,252.335,5.4869302e-05,4.1152,140.0
2009-03-09 03:00:00.000039936,59.156002,24.076,252.33499,5.581132e-05,4.6296,140.0
2009-03-09 06:00:00.000039936,59.156002,27.78,252.335,5.6516048e-05,4.1152,135.0
2009-03-09 09:00:00.000039936,59.156002,33.336,249.09401,5.698501e-05,3.6008,130.0
2009-03-09 12:00:00.000039936,59.156002,37.04,245.39,5.7453286e-05,3.0864,140.0
2009-03-09 15:00:00.000039936,58.1272,37.04,245.39,5.7920843e-05,3.0864,145.0
2009-03-09 18:00:00.000039936,56.584,37.04,245.39,5.862087e-05,3.6008,140.0
2009-03-09 21:00:00.000039936,54.012,37.04,238.908,5.9319285e-05,4.1152,130.0
2009-03-10 00:00:00.000039936,51.440002,37.04,231.5,6.0016075e-05,4.6296,130.0
2009-03-10 03:00:00.000039936,48.868,37.04,200.94199,6.0711227e-05,4.1152,125.0
2009-03-10 06:00:00.000039936,46.296,37.04,168.995,6.0942573e-05,3.6008,110.0
2009-03-10 09:00:00.000039936,45.2672,37.04,170.38399,6.0942573e-05,2.0576,85.0
2009-03-10 12:00:00.000039936,43.724,37.04,171.31,6.0711227e-05,0.0,315.0
2009-03-10 15:00:00.000039936,42.6952,37.04,171.31,6.0711227e-05,2.0576,270.0
2009-03-10 18:00:00.000039936,41.152,37.04,171.31,6.0711227e-05,2.572,290.0
2009-03-10 21:00:00.000039936,36.008,37.04,164.36499,6.0479695e-05,3.0864,310.0
2009-03-11 00:00:00.000039936,30.864,37.04,157.42,6.0016075e-05,3.6008,335.0
2009-03-11 03:00:00.000039936,28.292,46.3,125.473,5.9319285e-05,4.6296,350.0
2009-03-11 06:00:00.000039936,25.720001,55.56,92.6,5.8154368e-05,4.6296,345.0
2009-03-11 09:00:00.000039936,25.720001,55.56,92.6,5.698501e-05,4.6296,335.0
2009-03-11 12:00:00.000039936,25.720001,55.56,92.6,5.581132e-05,4.6296,325.0
2009-03-11 15:00:00.000039936,22.1192,46.3,92.6,5.4869302e-05,5.144,315.0
