Time,Vmax,Rmax_IBT,R34,fcor,u_trans,v_trans
2023-04-09 00:00:00.000039936,20.0616,72.228,115.286995,3.0073232e-05,6.1728,245.0
2023-04-09 03:00:00.000039936,21.604801,72.228,99.545,3.0571195e-05,5.6584,245.0
2023-04-09 06:00:00.000039936,23.148,72.228,82.877,3.1068776e-05,5.6584,250.0
2023-04-09 09:00:00.000039936,23.148,72.228,94.915,3.156599e-05,6.1728,250.0
2023-04-09 12:00:00.000039936,23.148,72.228,105.101,3.231108e-05,5.144,245.0
2023-04-09 15:00:00.000039936,23.148,72.228,114.36099,3.305528e-05,4.6296,245.0
2023-04-09 18:00:00.000039936,23.148,72.228,123.158,3.3550914e-05,4.6296,245.0
2023-04-09 21:00:00.000039936,24.6912,61.116,132.418,3.404614e-05,4.6296,250.0
2023-04-10 00:00:00.000039936,26.2344,48.152,140.752,3.4293596e-05,3.6008,270.0
2023-04-10 03:00:00.000039936,24.6912,48.152,135.196,3.3550914e-05,3.0864,290.0
2023-04-10 06:00:00.000039936,23.148,48.152,129.177,3.305528e-05,2.572,260.0
2023-04-10 09:00:00.000039936,23.148,48.152,123.621,3.330315e-05,3.0864,225.0
2023-04-10 12:00:00.000039936,23.148,48.152,117.139,3.404614e-05,2.572,225.0
2023-04-10 15:00:00.000039936,24.6912,40.744,115.286995,3.4293596e-05,2.572,235.0
2023-04-10 18:00:00.000039936,26.2344,31.484,112.972,3.454095e-05,3.0864,245.0
2023-04-10 21:00:00.000039936,26.2344,31.484,112.972,3.47882e-05,3.6008,240.0
2023-04-11 00:00:00.000039936,26.2344,31.484,112.972,3.5282377e-05,2.0576,205.0
2023-04-11 03:00:00.000039936,27.2632,31.484,118.528,3.5529305e-05,2.0576,150.0
2023-04-11 06:00:00.000039936,27.7776,31.484,123.158,3.6022833e-05,2.572,190.0
2023-04-11 09:00:00.000039936,29.3208,31.484,108.80501,3.67623e-05,4.1152,220.0
2023-04-11 12:00:00.000039936,30.864,31.484,93.063,3.7500762e-05,5.144,225.0
2023-04-11 15:00:00.000039936,36.008,27.78,97.229996,3.8483773e-05,4.6296,230.0
2023-04-11 18:00:00.000039936,41.152,22.223999,100.934006,3.9464914e-05,3.6008,245.0
2023-04-11 21:00:00.000039936,41.152,22.223999,103.24901,3.9464914e-05,2.572,265.0
2023-04-12 00:00:00.000039936,41.152,22.223999,105.101,3.9464914e-05,2.0576,250.0
2023-04-12 03:00:00.000039936,43.724,22.223999,129.64,3.9709896e-05,2.572,220.0
2023-04-12 06:00:00.000039936,45.7816,22.223999,153.25299,4.0199502e-05,2.572,200.0
2023-04-12 09:00:00.000039936,48.3536,22.223999,152.79001,4.0688625e-05,2.572,190.0
2023-04-12 12:00:00.000039936,50.925602,22.223999,150.93799,4.142137e-05,3.0864,195.0
2023-04-12 15:00:00.000039936,52.4688,20.372,151.864,4.2152973e-05,3.6008,205.0
2023-04-12 18:00:00.000039936,54.012,16.668,152.79,4.288343e-05,3.0864,200.0
2023-04-12 21:00:00.000039936,56.584,16.668,158.346,4.3612705e-05,3.0864,195.0
2023-04-13 00:00:00.000039936,59.156002,16.668,162.976,4.4340795e-05,4.6296,200.0
2023-04-13 03:00:00.000039936,62.7568,12.964,166.217,4.5551555e-05,5.6584,200.0
2023-04-13 06:00:00.000039936,65.8432,7.408,168.532,4.675884e-05,4.6296,185.0
2023-04-13 09:00:00.000039936,65.8432,7.408,168.532,4.7722115e-05,4.6296,155.0
2023-04-13 12:00:00.000039936,65.8432,7.408,168.532,4.868306e-05,5.6584,140.0
2023-04-13 15:00:00.000039936,62.7568,7.408,149.086,4.9880902e-05,6.1728,140.0
