Time,Vmax,Rmax_IBT,R34,fcor,u_trans,v_trans
2015-03-11 06:00:00.000039936,20.576,83.34,87.97,4.142137e-05,2.572,190.0
2015-03-11 07:56:00.000027648,21.604801,83.34,97.229996,4.1909232e-05,2.572,0.0
2015-03-11 09:00:00.000039936,22.1192,83.34,102.785995,4.2152973e-05,2.572,175.0
2015-03-11 10:17:00.000046080,22.6336,83.34,108.341995,4.239659e-05,4.1152,205.0
2015-03-11 12:00:00.000039936,23.148,83.34,115.75,4.288343e-05,4.6296,215.0
2015-03-11 15:00:00.000039936,25.720001,70.376,126.399,4.3612705e-05,4.1152,220.0
2015-03-11 18:00:00.000039936,28.292,55.56,136.585,4.458322e-05,4.1152,220.0
2015-03-11 19:04:00.000053248,28.8064,55.56,143.993,4.4825505e-05,4.1152,215.0
2015-03-11 21:00:00.000039936,29.835201,55.56,159.272,4.5551555e-05,4.1152,205.0
2015-03-11 21:55:00.000045056,29.835201,55.56,164.828,4.5793287e-05,5.144,190.0
2015-03-12 00:00:00.000039936,30.864,55.56,180.56999,4.651767e-05,5.6584,190.0
2015-03-12 03:00:00.000039936,33.436,55.56,186.126,4.796257e-05,5.6584,195.0
2015-03-12 03:30:00.000053248,33.9504,55.56,186.126,4.8202877e-05,9.2592,195.0
2015-03-12 06:00:00.000039936,36.008,55.56,189.83,4.9641636e-05,8.2304,200.0
2015-03-12 09:00:00.000039936,37.5512,38.892,189.83,5.1074945e-05,6.1728,205.0
2015-03-12 12:00:00.000039936,38.58,22.223999,189.83,5.250265e-05,5.6584,200.0
2015-03-12 15:00:00.000039936,40.1232,18.52,189.83,5.3688025e-05,6.1728,195.0
2015-03-12 16:48:00.000056320,40.6376,14.816,189.83,5.4633376e-05,7.716,190.0
2015-03-12 18:00:00.000039936,41.152,12.964,189.83,5.510506e-05,7.716,190.0
2015-03-12 21:00:00.000039936,43.724,22.223999,192.608,5.6750614e-05,7.2016,185.0
2015-03-12 21:43:00.000047104,44.2384,24.076,192.608,5.721923e-05,7.716,185.0
2015-03-13 00:00:00.000039936,46.296,31.484,194.46,5.83877e-05,7.2016,190.0
2015-03-13 03:00:00.000039936,43.724,29.632,196.77501,6.0016075e-05,6.6872,190.0
2015-03-13 06:00:00.000039936,41.152,27.78,199.09001,6.14047e-05,6.1728,180.0
2015-03-13 07:46:00.000063488,39.0944,27.78,199.09001,6.20965e-05,6.1728,165.0
2015-03-13 09:00:00.000039936,37.5512,27.78,199.09001,6.278661e-05,7.2016,155.0
