Time,Vmax,Rmax_IBT,R34,fcor,u_trans,v_trans
2006-03-21 03:00:00.000039936,18.004,79.636,72.690994,3.131743e-05,3.6008,245.0
2006-03-21 06:00:00.000039936,20.576,74.08,145.845,3.1814445e-05,3.6008,240.0
2006-03-21 09:00:00.000039936,20.576,74.08,123.158005,3.206281e-05,3.0864,235.0
2006-03-21 12:00:00.000039936,20.576,74.08,99.545,3.2559245e-05,3.6008,245.0
2006-03-21 15:00:00.000039936,24.6912,46.3,102.323,3.305528e-05,4.6296,255.0
2006-03-21 18:00:00.000039936,28.292,18.52,104.175,3.330315e-05,4.6296,260.0
2006-03-21 21:00:00.000039936,29.835201,18.52,104.175,3.3550914e-05,4.6296,265.0
2006-03-22 00:00:00.000039936,30.864,18.52,104.175,3.3550914e-05,4.1152,270.0
2006-03-22 03:00:00.000039936,30.864,24.076,105.564,3.3550914e-05,4.1152,275.0
2006-03-22 06:00:00.000039936,30.864,27.78,106.49,3.330315e-05,3.6008,270.0
2006-03-22 09:00:00.000039936,33.436,24.076,115.75,3.330315e-05,3.6008,265.0
2006-03-22 12:00:00.000039936,36.008,18.52,125.009995,3.330315e-05,4.1152,270.0
2006-03-22 15:00:00.000039936,37.5512,18.52,148.16,3.330315e-05,3.6008,270.0
2006-03-22 18:00:00.000039936,38.58,18.52,171.31,3.330315e-05,3.6008,270.0
2006-03-22 21:00:00.000039936,38.58,18.52,171.31,3.330315e-05,3.6008,265.0
2006-03-23 00:00:00.000039936,38.58,18.52,171.31,3.3550914e-05,3.6008,265.0
2006-03-23 03:00:00.000039936,38.58,18.52,160.198,3.3798577e-05,4.1152,255.0
2006-03-23 06:00:00.000039936,38.58,18.52,148.16,3.404614e-05,3.6008,235.0
2006-03-23 09:00:00.000039936,42.6952,18.52,148.16,3.47882e-05,3.6008,215.0
2006-03-23 12:00:00.000039936,46.296,18.52,148.16,3.5529305e-05,4.1152,220.0
2006-03-23 15:00:00.000039936,50.4112,18.52,175.94,3.626943e-05,4.1152,225.0
2006-03-23 18:00:00.000039936,54.012,18.52,203.72,3.700857e-05,3.6008,220.0
2006-03-23 21:00:00.000039936,56.584,18.52,212.98001,3.7500762e-05,2.572,210.0
2006-03-24 00:00:00.000039936,59.156002,18.52,222.23999,3.7992504e-05,2.572,190.0
2006-03-24 03:00:00.000039936,59.156002,14.816,222.23999,3.872924e-05,3.6008,175.0
2006-03-24 06:00:00.000039936,59.156002,9.26,222.23999,3.9709896e-05,3.6008,170.0
2006-03-24 09:00:00.000039936,59.156002,9.26,214.369,4.0688625e-05,4.1152,165.0
2006-03-24 12:00:00.000039936,59.156002,9.26,206.035,4.142137e-05,4.1152,165.0
2006-03-24 15:00:00.000039936,54.012,18.52,198.164,4.239659e-05,3.6008,160.0
2006-03-24 18:00:00.000039936,48.868,27.78,189.82999,4.3126656e-05,3.0864,145.0
2006-03-24 21:00:00.000039936,47.8392,27.78,189.82999,4.3612705e-05,3.6008,130.0
2006-03-25 00:00:00.000039936,46.296,27.78,189.82999,4.409823e-05,4.6296,125.0
2006-03-25 03:00:00.000039936,46.296,27.78,189.82999,4.4825505e-05,5.144,125.0
2006-03-25 06:00:00.000039936,46.296,27.78,189.82999,4.5551555e-05,5.6584,125.0
2006-03-25 09:00:00.000039936,43.724,27.78,188.441,4.627635e-05,5.6584,125.0
2006-03-25 12:00:00.000039936,41.152,27.78,185.2,4.6999867e-05,5.144,120.0
2006-03-25 15:00:00.000039936,40.1232,27.78,185.2,4.7722115e-05,3.6008,115.0
2006-03-25 18:00:00.000039936,38.58,27.78,185.2,4.796257e-05,2.572,105.0
2006-03-25 21:00:00.000039936,34.979202,27.78,164.365,4.796257e-05,1.5432,90.0
2006-03-26 00:00:00.000039936,30.864,27.78,143.53,4.7722115e-05,1.0288,120.0
2006-03-26 03:00:00.000039936,28.292,33.336,129.64,4.796257e-05,1.5432,155.0
2006-03-26 06:00:00.000039936,25.720001,37.04,115.75,4.844305e-05,1.5432,170.0
2006-03-26 09:00:00.000039936,22.1192,42.596,107.416,4.868306e-05,2.0576,175.0
