Time,Vmax,Rmax_IBT,R34,fcor,u_trans,v_trans
2023-05-14 06:00:00.000039936,18.004,64.82,120.842995,1.1696372e-05,5.6584,265.0
2023-05-14 09:00:00.000039936,22.1192,44.447998,120.842995,1.1696372e-05,5.6584,265.0
2023-05-14 12:00:00.000039936,26.2344,22.223999,120.842995,1.19500755e-05,5.6584,260.0
2023-05-14 15:00:00.000039936,28.8064,22.223999,120.842995,1.2203745e-05,5.144,255.0
2023-05-14 18:00:00.000039936,30.864,22.223999,120.842995,1.2710968e-05,4.6296,255.0
2023-05-14 21:00:00.000039936,34.4648,22.223999,120.842995,1.2964522e-05,3.6008,255.0
2023-05-15 00:00:00.000039936,38.0656,22.223999,120.842995,1.3218036e-05,4.1152,250.0
2023-05-15 03:00:00.000039936,38.0656,20.372,108.805,1.3724946e-05,4.6296,250.0
2023-05-15 06:00:00.000039936,38.0656,16.668,96.767006,1.3978337e-05,5.144,265.0
2023-05-15 09:00:00.000039936,40.6376,16.668,96.767006,1.3978337e-05,5.144,270.0
2023-05-15 12:00:00.000039936,43.209602,16.668,96.767006,1.3978337e-05,5.144,255.0
2023-05-15 15:00:00.000039936,44.7528,16.668,89.822,1.4484991e-05,4.6296,240.0
2023-05-15 18:00:00.000039936,45.7816,16.668,82.877,1.524464e-05,4.1152,240.0
2023-05-15 21:00:00.000039936,45.7816,16.668,85.192,1.5497764e-05,3.0864,250.0
2023-05-16 00:00:00.000039936,45.7816,16.668,87.04401,1.5750842e-05,3.6008,240.0
2023-05-16 03:00:00.000039936,46.810402,12.964,103.249,1.6256854e-05,4.1152,230.0
2023-05-16 06:00:00.000039936,47.8392,7.408,118.991,1.7015493e-05,3.6008,220.0
2023-05-16 09:00:00.000039936,49.3824,12.964,118.991,1.777367e-05,3.6008,215.0
2023-05-16 12:00:00.000039936,50.925602,18.52,118.991,1.8531358e-05,4.6296,225.0
2023-05-16 15:00:00.000039936,50.925602,18.52,115.286995,1.9540814e-05,5.6584,230.0
2023-05-16 18:00:00.000039936,50.925602,18.52,110.657,2.0297284e-05,4.6296,225.0
2023-05-16 21:00:00.000039936,49.3824,18.52,110.657,2.1053198e-05,3.0864,210.0
2023-05-17 00:00:00.000039936,47.8392,18.52,110.657,2.1556822e-05,2.0576,205.0
2023-05-17 03:00:00.000039936,47.8392,20.372,110.657,2.206018e-05,2.0576,215.0
2023-05-17 06:00:00.000039936,47.8392,22.223999,110.657,2.231176e-05,2.0576,240.0
2023-05-17 09:00:00.000039936,46.810402,22.223999,110.657,2.2563274e-05,2.572,260.0
2023-05-17 12:00:00.000039936,45.7816,22.223999,110.657,2.2563274e-05,2.0576,275.0
2023-05-17 15:00:00.000039936,41.152,22.223999,114.824005,2.231176e-05,1.5432,290.0
2023-05-17 18:00:00.000039936,36.008,22.223999,118.991,2.231176e-05,2.0576,265.0
2023-05-17 21:00:00.000039936,34.4648,22.223999,118.991,2.2563274e-05,3.0864,250.0
2023-05-18 00:00:00.000039936,32.9216,22.223999,118.991,2.2814716e-05,3.0864,255.0
2023-05-18 03:00:00.000039936,29.835201,31.484,125.47299,2.2814716e-05,2.572,260.0
2023-05-18 06:00:00.000039936,26.2344,40.744,131.02899,2.306609e-05,2.572,245.0
2023-05-18 09:00:00.000039936,24.6912,48.152,131.02899,2.3568628e-05,3.0864,240.0
2023-05-18 12:00:00.000039936,23.148,55.56,131.02899,2.3819783e-05,2.572,255.0
2023-05-18 15:00:00.000039936,23.148,55.56,131.02899,2.3819783e-05,2.572,270.0
2023-05-18 18:00:00.000039936,23.148,55.56,131.02899,2.3819783e-05,2.0576,270.0
2023-05-18 21:00:00.000039936,21.604801,55.56,131.02899,2.3819783e-05,2.0576,255.0
2023-05-19 00:00:00.000039936,20.0616,55.56,131.02899,2.4070872e-05,2.572,240.0
2023-05-19 03:00:00.000039936,21.604801,55.56,131.02899,2.4572832e-05,3.0864,230.0
2023-05-19 06:00:00.000039936,23.148,55.56,131.02899,2.5074483e-05,3.0864,225.0
2023-05-19 09:00:00.000039936,23.148,51.856,131.02899,2.5575835e-05,2.0576,225.0
2023-05-19 12:00:00.000039936,23.148,48.152,131.02899,2.5826394e-05,1.5432,240.0
2023-05-19 15:00:00.000039936,23.148,48.152,135.196,2.5826394e-05,1.0288,270.0
2023-05-19 18:00:00.000039936,23.148,48.152,138.9,2.5826394e-05,1.5432,270.0
2023-05-19 21:00:00.000039936,23.148,48.152,138.9,2.5826394e-05,1.5432,270.0
2023-05-20 00:00:00.000039936,23.148,48.152,138.9,2.5826394e-05,1.0288,325.0
2023-05-20 03:00:00.000039936,24.6912,48.152,138.9,2.5575835e-05,1.0288,25.0
2023-05-20 06:00:00.000039936,26.2344,48.152,138.9,2.53252e-05,0.5144,20.0
2023-05-20 09:00:00.000039936,26.2344,48.152,138.9,2.53252e-05,0.5144,225.0
2023-05-20 12:00:00.000039936,26.2344,48.152,138.9,2.5575835e-05,0.0,0.0
2023-05-20 15:00:00.000039936,23.148,48.152,127.325,2.5575835e-05,0.5144,0.0
2023-05-20 18:00:00.000039936,20.0616,48.152,114.824,2.5826394e-05,4.1152,200.0
2023-05-20 21:00:00.000039936,19.0328,48.152,109.268005,2.7578055e-05,6.6872,200.0
2023-05-21 00:00:00.000039936,18.004,48.152,103.24901,2.882674e-05,1.5432,215.0
2023-05-21 03:00:00.000039936,18.004,48.152,103.24901,2.807779e-05,3.6008,15.0
2023-05-21 06:00:00.000039936,18.004,48.152,103.24901,2.707799e-05,2.0576,25.0
2023-05-21 09:00:00.000039936,18.004,48.152,103.24901,2.7328068e-05,1.5432,0.0
