Time,Vmax,Rmax_IBT,R34,fcor,u_trans,v_trans
2003-02-26 18:00:00.000040448,23.148,92.6,240.76,5.345127e-05,1.5432,300.0
2003-02-26 21:00:00.000040448,23.148,92.6,240.76,5.321436e-05,1.5432,280.0
2003-02-27 00:00:00.000040448,23.148,92.6,240.76,5.321436e-05,1.5432,240.0
2003-02-27 03:00:00.000040448,25.720001,79.636,225.018,5.345127e-05,2.0576,210.0
2003-02-27 06:00:00.000040448,28.292,64.82,208.35,5.3688025e-05,2.0576,210.0
2003-02-27 09:00:00.000040448,30.864,61.116,208.35,5.392461e-05,2.0576,220.0
2003-02-27 12:00:00.000040448,33.436,55.56,208.35,5.439729e-05,2.0576,225.0
2003-02-27 15:00:00.000040448,34.979202,55.56,208.35,5.4633376e-05,2.0576,230.0
2003-02-27 18:00:00.000040448,36.008,55.56,208.35,5.510506e-05,2.0576,235.0
2003-02-27 21:00:00.000040448,37.5512,55.56,220.388,5.5340646e-05,2.572,230.0
2003-02-28 00:00:00.000040448,38.58,55.56,231.5,5.581132e-05,2.572,220.0
2003-02-28 03:00:00.000040448,38.58,51.856,231.5,5.6281307e-05,2.572,210.0
2003-02-28 06:00:00.000040448,38.58,46.3,231.5,5.6750614e-05,2.0576,210.0
2003-02-28 09:00:00.000040448,41.152,37.04,231.5,5.698501e-05,2.0576,210.0
2003-02-28 12:00:00.000040448,43.724,27.78,231.5,5.7453286e-05,2.0576,205.0
2003-02-28 15:00:00.000040448,47.8392,33.336,231.5,5.8154368e-05,2.572,195.0
2003-02-28 18:00:00.000040448,51.440002,37.04,231.5,5.862087e-05,1.5432,175.0
2003-02-28 21:00:00.000040448,55.5552,37.04,231.5,5.8853857e-05,1.0288,135.0
2003-03-01 00:00:00.000040448,59.156002,37.04,231.5,5.9086666e-05,0.5144,100.0
2003-03-01 03:00:00.000040448,59.156002,37.04,229.185,5.9086666e-05,0.5144,25.0
2003-03-01 06:00:00.000040448,59.156002,37.04,226.87001,5.8853857e-05,0.5144,350.0
2003-03-01 09:00:00.000040448,59.156002,33.336,215.295,5.862087e-05,1.0288,330.0
2003-03-01 12:00:00.000040448,59.156002,27.78,203.72,5.83877e-05,1.5432,320.0
2003-03-01 15:00:00.000040448,59.156002,33.336,203.72,5.8154368e-05,2.0576,320.0
2003-03-01 18:00:00.000040448,59.156002,37.04,203.72,5.768715e-05,2.0576,315.0
2003-03-01 21:00:00.000040448,56.584,37.04,203.72,5.7453286e-05,2.572,310.0
2003-03-02 00:00:00.000040448,54.012,37.04,203.72,5.698501e-05,3.0864,310.0
2003-03-02 03:00:00.000040448,51.440002,51.856,203.72,5.6516048e-05,3.0864,310.0
2003-03-02 06:00:00.000040448,48.868,64.82,203.72,5.6046403e-05,3.6008,310.0
2003-03-02 09:00:00.000040448,47.8392,64.82,194.45999,5.5576067e-05,4.1152,310.0
