Time,Vmax,Rmax_IBT,R34,fcor,u_trans,v_trans
2018-04-08 18:00:00.000039936,18.004,64.82,162.05,4.093299e-05,3.6008,110.0
2018-04-08 21:00:00.000039936,19.5472,61.116,171.31,4.1177245e-05,4.6296,105.0
2018-04-09 00:00:00.000039936,20.576,55.56,180.56999,4.1665367e-05,5.144,110.0
2018-04-09 03:00:00.000039936,22.1192,55.56,182.885,4.1909232e-05,5.6584,110.0
2018-04-09 06:00:00.000039936,23.148,55.56,185.2,4.239659e-05,6.1728,110.0
2018-04-09 09:00:00.000039936,25.720001,51.856,201.405,4.288343e-05,6.1728,105.0
2018-04-09 12:00:00.000039936,28.292,46.3,217.61,4.3369746e-05,6.6872,105.0
2018-04-09 15:00:00.000039936,30.864,42.596,224.55501,4.409823e-05,7.716,110.0
2018-04-09 18:00:00.000039936,33.436,37.04,231.5,4.4825505e-05,8.744801,115.0
2018-04-09 21:00:00.000039936,36.008,42.596,245.39,4.5793287e-05,9.7736,115.0
2018-04-10 00:00:00.000039936,38.58,46.3,259.28,4.675884e-05,10.802401,115.0
2018-04-10 03:00:00.000039936,42.6952,35.188,268.54,4.7722115e-05,11.8312,115.0
2018-04-10 06:00:00.000039936,46.296,22.223999,277.8,4.892293e-05,12.3456,120.0
2018-04-10 09:00:00.000039936,45.2672,35.188,294.005,5.083645e-05,12.860001,130.0
2018-04-10 12:00:00.000039936,43.724,46.3,310.21,5.2977284e-05,14.4032,130.0
2018-04-10 15:00:00.000039936,41.152,46.3,314.84,5.510506e-05,15.432,135.0
2018-04-10 18:00:00.000039936,38.58,46.3,319.47,5.7453286e-05,13.8888,140.0
2018-04-10 21:00:00.000039936,36.008,55.56,331.04498,5.9784e-05,12.860001,145.0
2018-04-11 00:00:00.000039936,33.436,64.82,342.62,6.2326726e-05,13.3744,145.0
2018-04-11 03:00:00.000039936,32.4072,64.82,342.62,6.461839e-05,14.917601,145.0
2018-04-11 06:00:00.000039936,30.864,64.82,342.62,6.734234e-05,15.9464,145.0
2018-04-11 09:00:00.000039936,29.835201,64.82,310.21002,7.048288e-05,18.004,150.0
2018-04-11 12:00:00.000039936,28.292,64.82,277.8,7.380098e-05,21.0904,150.0
2018-04-11 15:00:00.000039936,27.2632,70.376,236.12999,7.750023e-05,23.6624,155.0
