Time,Vmax,Rmax_IBT,R34,fcor,u_trans,v_trans
2008-02-13 00:00:00.000039936,20.576,55.56,118.065,3.700857e-05,1.5432,75.0
2008-02-13 03:00:00.000039936,20.576,55.56,118.065,3.700857e-05,2.0576,95.0
2008-02-13 06:00:00.000039936,20.576,55.56,118.065,3.700857e-05,2.0576,100.0
2008-02-13 09:00:00.000039936,22.1192,61.116,128.71399,3.7254722e-05,2.0576,110.0
2008-02-13 12:00:00.000039936,23.148,64.82,138.9,3.7500762e-05,1.5432,150.0
2008-02-13 15:00:00.000039936,23.148,64.82,137.511,3.7992504e-05,2.0576,185.0
2008-02-13 18:00:00.000039936,23.148,64.82,134.26999,3.8483773e-05,2.572,205.0
2008-02-13 21:00:00.000039936,24.6912,64.82,134.26999,3.897458e-05,2.572,215.0
2008-02-14 00:00:00.000039936,25.720001,64.82,134.26999,3.9464914e-05,2.0576,230.0
2008-02-14 03:00:00.000039936,28.292,51.856,144.919,3.9709896e-05,1.5432,240.0
2008-02-14 06:00:00.000039936,30.864,37.04,155.105,3.995476e-05,2.0576,240.0
2008-02-14 09:00:00.000039936,32.4072,37.04,170.847,4.0199502e-05,2.0576,245.0
2008-02-14 12:00:00.000039936,33.436,37.04,185.20001,4.0444127e-05,2.0576,270.0
2008-02-14 15:00:00.000039936,33.436,46.3,197.238,4.0199502e-05,2.572,290.0
2008-02-14 18:00:00.000039936,33.436,55.56,208.34999,3.995476e-05,1.5432,305.0
2008-02-14 21:00:00.000039936,33.436,55.56,215.758,3.9709896e-05,1.0288,310.0
2008-02-15 00:00:00.000039936,33.436,55.56,222.23999,3.9464914e-05,1.0288,245.0
2008-02-15 03:00:00.000039936,33.436,51.856,222.23999,3.9709896e-05,2.0576,230.0
2008-02-15 06:00:00.000039936,33.436,46.3,222.23999,4.0199502e-05,2.572,240.0
2008-02-15 09:00:00.000039936,34.979202,42.596,222.23999,4.0444127e-05,2.572,250.0
2008-02-15 12:00:00.000039936,36.008,37.04,222.23999,4.0688625e-05,2.572,260.0
2008-02-15 15:00:00.000039936,37.5512,37.04,215.295,4.093299e-05,2.0576,265.0
2008-02-15 18:00:00.000039936,38.58,37.04,208.35,4.1177245e-05,2.0576,245.0
2008-02-15 21:00:00.000039936,38.58,37.04,208.35,4.142137e-05,2.0576,220.0
2008-02-16 00:00:00.000039936,38.58,37.04,208.35,4.1909232e-05,2.572,210.0
2008-02-16 03:00:00.000039936,40.1232,37.04,211.12799,4.239659e-05,3.0864,205.0
2008-02-16 06:00:00.000039936,41.152,37.04,212.98001,4.288343e-05,4.1152,215.0
2008-02-16 09:00:00.000039936,41.152,33.336,214.832,4.3612705e-05,4.1152,225.0
2008-02-16 12:00:00.000039936,41.152,27.78,215.295,4.409823e-05,3.0864,240.0
2008-02-16 15:00:00.000039936,40.1232,33.336,218.536,4.4340795e-05,2.572,270.0
2008-02-16 18:00:00.000039936,38.58,37.04,219.92499,4.458322e-05,2.572,255.0
2008-02-16 21:00:00.000039936,38.58,37.04,224.09201,4.4825505e-05,3.0864,240.0
2008-02-17 00:00:00.000039936,38.58,37.04,226.87,4.506766e-05,3.0864,240.0
2008-02-17 03:00:00.000039936,37.5512,37.04,225.018,4.5309676e-05,3.0864,240.0
2008-02-17 06:00:00.000039936,36.008,37.04,222.23999,4.5793287e-05,3.0864,235.0
2008-02-17 09:00:00.000039936,36.008,37.04,223.629,4.6034886e-05,2.572,235.0
2008-02-17 12:00:00.000039936,36.008,37.04,224.555,4.651767e-05,2.572,235.0
2008-02-17 15:00:00.000039936,36.008,37.04,224.555,4.6999867e-05,3.0864,235.0
2008-02-17 18:00:00.000039936,36.008,37.04,224.555,4.748151e-05,3.0864,230.0
2008-02-17 21:00:00.000039936,36.008,37.04,224.555,4.796257e-05,3.0864,225.0
2008-02-18 00:00:00.000039936,36.008,37.04,224.555,4.844305e-05,3.0864,220.0
2008-02-18 03:00:00.000039936,37.5512,33.336,227.33301,4.892293e-05,3.0864,215.0
2008-02-18 06:00:00.000039936,38.58,27.78,229.185,4.9402213e-05,3.0864,210.0
2008-02-18 09:00:00.000039936,37.5512,27.78,229.185,4.9880902e-05,2.572,205.0
2008-02-18 12:00:00.000039936,36.008,27.78,229.185,5.059779e-05,2.572,210.0
2008-02-18 15:00:00.000039936,34.979202,33.336,222.23999,5.131329e-05,3.0864,210.0
2008-02-18 18:00:00.000039936,33.436,37.04,215.29501,5.2027382e-05,3.0864,200.0
2008-02-18 21:00:00.000039936,33.436,37.04,166.217,5.2740055e-05,3.0864,185.0
2008-02-19 00:00:00.000039936,33.436,37.04,115.75,5.321436e-05,3.0864,0.0
2008-02-19 03:00:00.000039936,32.4072,33.336,136.12201,5.3688025e-05,2.572,175.0
2008-02-19 06:00:00.000039936,30.864,27.78,155.10501,5.439729e-05,2.572,170.0
2008-02-19 09:00:00.000039936,29.835201,27.78,155.10501,5.510506e-05,2.572,170.0
2008-02-19 12:00:00.000039936,28.292,27.78,155.10501,5.581132e-05,2.572,170.0
2008-02-19 15:00:00.000039936,27.2632,42.596,146.308,5.6516048e-05,3.0864,175.0
2008-02-19 18:00:00.000039936,25.720001,55.56,136.585,5.721923e-05,3.6008,175.0
2008-02-19 21:00:00.000039936,23.148,61.116,131.955,5.7920843e-05,3.6008,170.0
