Time,Vmax,Rmax_IBT,R34,fcor,u_trans,v_trans
2016-04-12 00:00:00.000039936,23.148,83.34,67.134995,3.330315e-05,4.1152,270.0
2016-04-12 03:00:00.000039936,27.2632,61.116,86.118,3.330315e-05,3.6008,275.0
2016-04-12 06:00:00.000039936,30.864,37.04,104.175,3.305528e-05,3.0864,280.0
2016-04-12 09:00:00.000039936,30.864,37.04,114.824005,3.280731e-05,3.0864,285.0
2016-04-12 12:00:00.000039936,30.864,37.04,125.01,3.280731e-05,2.572,285.0
2016-04-12 15:00:00.000039936,32.4072,37.04,114.824005,3.2559245e-05,2.572,280.0
2016-04-12 18:00:00.000039936,33.436,37.04,104.175,3.2559245e-05,3.6008,270.0
2016-04-12 21:00:00.000039936,34.979202,37.04,104.175,3.2559245e-05,4.6296,265.0
2016-04-13 00:00:00.000039936,36.008,37.04,104.175,3.2559245e-05,4.6296,275.0
2016-04-13 03:00:00.000039936,38.58,25.928,127.325,3.2559245e-05,4.6296,280.0
2016-04-13 06:00:00.000039936,41.152,12.964,150.475,3.231108e-05,4.1152,280.0
2016-04-13 09:00:00.000039936,43.724,20.372,187.978,3.206281e-05,4.1152,275.0
2016-04-13 12:00:00.000039936,46.296,27.78,224.55501,3.206281e-05,4.6296,275.0
2016-04-13 15:00:00.000039936,46.296,27.78,205.57199,3.1814445e-05,4.6296,275.0
2016-04-13 18:00:00.000039936,46.296,27.78,185.2,3.1814445e-05,4.1152,275.0
2016-04-13 21:00:00.000039936,47.8392,27.78,185.2,3.1814445e-05,3.6008,275.0
2016-04-14 00:00:00.000039936,48.868,27.78,185.2,3.1814445e-05,3.6008,275.0
2016-04-14 03:00:00.000039936,51.440002,25.928,154.642,3.1814445e-05,4.1152,275.0
2016-04-14 06:00:00.000039936,54.012,22.223999,122.69499,3.156599e-05,4.6296,275.0
2016-04-14 09:00:00.000039936,52.9832,20.372,122.69499,3.156599e-05,5.144,275.0
2016-04-14 12:00:00.000039936,51.440002,18.52,122.69499,3.131743e-05,4.6296,280.0
2016-04-14 15:00:00.000039936,51.440002,18.52,139.36299,3.1068776e-05,4.1152,280.0
2016-04-14 18:00:00.000039936,51.440002,18.52,155.10501,3.0820032e-05,5.144,275.0
2016-04-14 21:00:00.000039936,51.440002,18.52,155.10501,3.0820032e-05,4.6296,265.0
2016-04-15 00:00:00.000039936,48.868,18.52,164.365,3.1068776e-05,4.6296,265.0
2016-04-15 03:00:00.000039936,52.9832,18.52,168.069,3.1068776e-05,5.144,270.0
2016-04-15 06:00:00.000039936,56.584,18.52,171.31,3.1068776e-05,5.144,265.0
2016-04-15 09:00:00.000039936,60.6992,18.52,171.31,3.1068776e-05,4.6296,265.0
2016-04-15 12:00:00.000039936,64.3,18.52,171.31,3.131743e-05,4.1152,265.0
2016-04-15 15:00:00.000039936,65.8432,18.52,192.145,3.131743e-05,4.1152,265.0
2016-04-15 18:00:00.000039936,66.872,18.52,212.98,3.131743e-05,4.1152,270.0
2016-04-15 21:00:00.000039936,65.8432,18.52,212.98,3.131743e-05,4.1152,275.0
2016-04-16 00:00:00.000039936,64.3,18.52,212.98,3.131743e-05,4.1152,275.0
2016-04-16 03:00:00.000039936,64.3,18.52,212.98,3.131743e-05,4.1152,280.0
2016-04-16 06:00:00.000039936,64.3,18.52,212.98,3.1068776e-05,4.6296,280.0
2016-04-16 09:00:00.000039936,65.8432,18.52,212.98,3.0820032e-05,5.144,285.0
2016-04-16 12:00:00.000039936,66.872,18.52,212.98,3.0322259e-05,5.144,290.0
2016-04-16 15:00:00.000039936,68.4152,18.52,212.98,2.9824112e-05,4.6296,300.0
2016-04-16 18:00:00.000039936,69.444,18.52,212.98,2.9076216e-05,5.144,300.0
2016-04-16 21:00:00.000039936,69.444,20.372,212.98,2.857718e-05,5.144,295.0
2016-04-17 00:00:00.000039936,69.444,22.223999,212.98,2.807779e-05,5.144,300.0
2016-04-17 03:00:00.000039936,69.444,20.372,188.90399,2.7328068e-05,5.144,300.0
2016-04-17 06:00:00.000039936,69.444,18.52,164.36499,2.6827835e-05,5.144,295.0
2016-04-17 09:00:00.000039936,72.016,18.52,164.36499,2.6327272e-05,5.144,290.0
2016-04-17 12:00:00.000039936,74.588,18.52,164.36499,2.6076874e-05,5.144,295.0
2016-04-17 15:00:00.000039936,76.1312,24.076,164.36499,2.5575835e-05,5.6584,300.0
2016-04-17 18:00:00.000039936,77.16,27.78,164.36499,2.4823696e-05,4.6296,300.0
2016-04-17 21:00:00.000039936,78.7032,27.78,164.36499,2.432189e-05,3.6008,295.0
2016-04-18 00:00:00.000039936,79.732,27.78,164.36499,2.4070872e-05,3.0864,295.0
2016-04-18 03:00:00.000039936,79.732,25.928,164.36499,2.3819783e-05,2.572,295.0
2016-04-18 06:00:00.000039936,79.732,22.223999,164.36499,2.3568628e-05,2.0576,285.0
2016-04-18 09:00:00.000039936,77.16,22.223999,164.36499,2.3568628e-05,1.5432,270.0
2016-04-18 12:00:00.000039936,74.588,22.223999,164.36499,2.3568628e-05,1.0288,280.0
2016-04-18 15:00:00.000039936,72.016,22.223999,164.36499,2.3317392e-05,0.5144,335.0
2016-04-18 18:00:00.000039936,69.444,22.223999,164.36499,2.306609e-05,1.0288,55.0
2016-04-18 21:00:00.000039936,65.8432,22.223999,169.921,2.306609e-05,2.0576,75.0
2016-04-19 00:00:00.000039936,61.728,22.223999,173.625,2.306609e-05,2.0576,100.0
2016-04-19 03:00:00.000039936,58.1272,25.928,176.403,2.306609e-05,2.0576,115.0
2016-04-19 06:00:00.000039936,54.012,27.78,178.25499,2.3317392e-05,2.572,110.0
2016-04-19 09:00:00.000039936,51.440002,27.78,182.422,2.3568628e-05,2.572,100.0
2016-04-19 12:00:00.000039936,48.868,27.78,185.2,2.3819783e-05,2.572,110.0
2016-04-19 15:00:00.000039936,46.296,33.336,185.2,2.4070872e-05,3.0864,115.0
2016-04-19 18:00:00.000039936,43.724,37.04,185.2,2.432189e-05,3.6008,115.0
2016-04-19 21:00:00.000039936,46.296,35.188,184.274,2.4823696e-05,4.6296,115.0
2016-04-20 00:00:00.000039936,48.868,31.484,182.885,2.53252e-05,4.6296,115.0
2016-04-20 03:00:00.000039936,51.440002,29.632,187.97801,2.5826394e-05,4.6296,120.0
2016-04-20 06:00:00.000039936,54.012,27.78,192.145,2.6327272e-05,4.6296,120.0
2016-04-20 09:00:00.000039936,54.012,27.78,189.367,2.6827835e-05,4.6296,120.0
2016-04-20 12:00:00.000039936,54.012,27.78,185.2,2.7578055e-05,4.6296,125.0
2016-04-20 15:00:00.000039936,54.012,24.076,183.34799,2.807779e-05,4.6296,125.0
2016-04-20 18:00:00.000039936,54.012,18.52,180.56999,2.882674e-05,4.6296,125.0
2016-04-20 21:00:00.000039936,52.9832,18.52,180.56999,2.9574905e-05,4.6296,125.0
2016-04-21 00:00:00.000039936,51.440002,18.52,180.56999,3.0322259e-05,4.1152,120.0
2016-04-21 03:00:00.000039936,47.8392,24.076,176.40298,3.0820032e-05,3.6008,115.0
2016-04-21 06:00:00.000039936,43.724,27.78,171.31,3.1068776e-05,3.6008,120.0
2016-04-21 09:00:00.000039936,42.6952,27.78,171.31,3.156599e-05,3.6008,125.0
2016-04-21 12:00:00.000039936,41.152,27.78,171.31,3.206281e-05,3.0864,120.0
2016-04-21 15:00:00.000039936,41.152,33.336,171.31,3.231108e-05,2.0576,115.0
2016-04-21 18:00:00.000039936,41.152,37.04,171.31,3.2559245e-05,2.0576,120.0
2016-04-21 21:00:00.000039936,43.724,27.78,177.79199,3.280731e-05,2.0576,120.0
2016-04-22 00:00:00.000039936,46.296,18.52,182.88501,3.305528e-05,1.5432,110.0
2016-04-22 03:00:00.000039936,46.296,18.52,154.642,3.305528e-05,1.0288,90.0
2016-04-22 06:00:00.000039936,46.296,18.52,125.009995,3.305528e-05,1.0288,70.0
2016-04-22 09:00:00.000039936,45.2672,18.52,125.009995,3.305528e-05,0.5144,45.0
2016-04-22 12:00:00.000039936,43.724,18.52,125.009995,3.280731e-05,1.0288,30.0
2016-04-22 15:00:00.000039936,42.6952,18.52,125.009995,3.2559245e-05,1.0288,10.0
2016-04-22 18:00:00.000039936,41.152,18.52,125.009995,3.231108e-05,2.0576,310.0
2016-04-22 21:00:00.000039936,37.5512,18.52,125.009995,3.206281e-05,3.0864,295.0
2016-04-23 00:00:00.000039936,33.436,18.52,125.009995,3.156599e-05,4.1152,295.0
2016-04-23 03:00:00.000039936,29.835201,33.336,121.769,3.131743e-05,4.1152,295.0
2016-04-23 06:00:00.000039936,25.720001,46.3,118.064995,3.0820032e-05,4.1152,300.0
2016-04-23 09:00:00.000039936,24.6912,42.596,112.509,3.0322259e-05,4.1152,300.0
2016-04-23 12:00:00.000039936,23.148,37.04,106.49,2.9824112e-05,4.1152,295.0
2016-04-23 15:00:00.000039936,20.576,37.04,106.49,2.9325609e-05,4.6296,295.0
