Time,Vmax,Rmax_IBT,R34,fcor,u_trans,v_trans
2011-03-23 18:00:00.000039936,18.004,83.34,74.08,5.083645e-05,3.0864,220.0
2011-03-23 21:00:00.000039936,19.5472,83.34,74.08,5.1074945e-05,3.0864,235.0
2011-03-24 00:00:00.000039936,20.576,83.34,74.08,5.131329e-05,2.572,230.0
2011-03-24 03:00:00.000039936,23.148,74.08,81.488,5.178951e-05,1.5432,210.0
2011-03-24 06:00:00.000039936,25.720001,64.82,87.97,5.22651e-05,1.5432,210.0
2011-03-24 09:00:00.000039936,27.2632,55.56,104.638,5.2740055e-05,1.0288,205.0
2011-03-24 12:00:00.000039936,28.292,46.3,120.38,5.2977284e-05,1.0288,170.0
2011-03-24 15:00:00.000039936,29.835201,46.3,132.418,5.345127e-05,1.5432,145.0
2011-03-24 18:00:00.000039936,30.864,46.3,143.53,5.3688025e-05,2.0576,135.0
2011-03-24 21:00:00.000039936,32.4072,46.3,167.143,5.392461e-05,2.0576,135.0
2011-03-25 00:00:00.000039936,33.436,46.3,189.83,5.439729e-05,2.572,150.0
2011-03-25 03:00:00.000039936,34.979202,46.3,197.70099,5.4869302e-05,2.572,170.0
2011-03-25 06:00:00.000039936,36.008,46.3,203.72,5.5340646e-05,2.0576,185.0
2011-03-25 09:00:00.000039936,36.008,46.3,219.462,5.5576067e-05,1.5432,220.0
2011-03-25 12:00:00.000039936,36.008,46.3,233.815,5.581132e-05,1.0288,235.0
2011-03-25 15:00:00.000039936,36.008,46.3,235.204,5.581132e-05,1.0288,235.0
2011-03-25 18:00:00.000039936,36.008,46.3,236.13,5.6046403e-05,1.0288,215.0
2011-03-25 21:00:00.000039936,36.008,46.3,236.13,5.6281307e-05,1.5432,205.0
2011-03-26 00:00:00.000039936,36.008,46.3,236.13,5.6750614e-05,1.5432,220.0
2011-03-26 03:00:00.000039936,36.008,46.3,248.168,5.721923e-05,1.5432,240.0
2011-03-26 06:00:00.000039936,36.008,46.3,259.28,5.7453286e-05,2.0576,245.0
2011-03-26 09:00:00.000039936,36.008,46.3,259.28,5.768715e-05,2.0576,240.0
2011-03-26 12:00:00.000039936,36.008,46.3,259.28,5.7920843e-05,2.572,220.0
2011-03-26 15:00:00.000039936,37.5512,46.3,263.91,5.83877e-05,3.0864,205.0
2011-03-26 18:00:00.000039936,38.58,46.3,268.54,5.8853857e-05,3.0864,205.0
2011-03-26 21:00:00.000039936,37.5512,46.3,271.31802,5.9319285e-05,3.0864,205.0
2011-03-27 00:00:00.000039936,36.008,46.3,273.17,5.9784e-05,3.0864,200.0
2011-03-27 03:00:00.000039936,34.979202,51.856,282.893,6.0479695e-05,3.0864,190.0
2011-03-27 06:00:00.000039936,33.436,55.56,291.69,6.1173734e-05,3.6008,170.0
2011-03-27 09:00:00.000039936,33.436,61.116,291.69,6.20965e-05,4.6296,155.0
2011-03-27 12:00:00.000039936,33.436,64.82,291.69,6.324571e-05,5.144,145.0
2011-03-27 15:00:00.000039936,32.4072,64.82,271.318,6.416161e-05,5.6584,140.0
2011-03-27 18:00:00.000039936,30.864,64.82,250.02,6.530208e-05,6.1728,140.0
2011-03-27 21:00:00.000039936,28.292,70.376,260.669,6.643758e-05,6.6872,140.0
2011-03-28 00:00:00.000039936,25.720001,74.08,270.855,6.756802e-05,6.6872,140.0
2011-03-28 03:00:00.000039936,25.720001,74.08,279.652,6.869332e-05,7.2016,135.0
2011-03-28 06:00:00.000039936,25.720001,74.08,287.06,6.981338e-05,8.744801,130.0
2011-03-28 09:00:00.000039936,24.6912,74.08,287.06,7.07056e-05,9.2592,125.0
2011-03-28 12:00:00.000039936,23.148,74.08,287.06,7.181604e-05,8.2304,145.0
2011-03-28 15:00:00.000039936,23.148,55.56,269.003,7.3581316e-05,7.716,175.0
2011-03-28 18:00:00.000039936,23.148,37.04,250.01999,7.5550095e-05,8.2304,175.0
2011-03-28 21:00:00.000039936,23.148,37.04,259.28,7.728449e-05,8.2304,175.0
