Time,Vmax,Rmax_IBT,R34,fcor,u_trans,v_trans
2017-05-08 12:00:00.000039936,20.576,83.34,101.86,3.995476e-05,0.5144,35.0
2017-05-08 15:00:00.000039936,20.576,83.34,103.24901,3.995476e-05,0.5144,0.0
2017-05-08 18:00:00.000039936,20.576,83.34,104.175,3.9709896e-05,2.0576,330.0
2017-05-08 21:00:00.000039936,22.1192,74.08,93.989006,3.897458e-05,3.6008,330.0
2017-05-09 00:00:00.000039936,23.148,64.82,83.34,3.8238195e-05,2.572,325.0
2017-05-09 03:00:00.000039936,23.148,64.82,112.972,3.7992504e-05,1.5432,320.0
2017-05-09 06:00:00.000039936,23.148,64.82,141.215,3.7746686e-05,1.0288,310.0
2017-05-09 09:00:00.000039936,23.148,64.82,101.397,3.7500762e-05,1.0288,280.0
2017-05-09 12:00:00.000039936,23.148,64.82,60.190002,3.7500762e-05,2.0576,270.0
2017-05-09 15:00:00.000039936,23.148,64.82,60.190002,3.7500762e-05,3.6008,270.0
2017-05-09 18:00:00.000039936,23.148,64.82,60.190002,3.7500762e-05,4.6296,280.0
2017-05-09 21:00:00.000039936,24.6912,64.82,82.414,3.7500762e-05,5.144,290.0
2017-05-10 00:00:00.000039936,25.720001,64.82,104.175,3.7254722e-05,4.1152,280.0
2017-05-10 03:00:00.000039936,25.720001,64.82,104.175,3.700857e-05,2.572,270.0
2017-05-10 06:00:00.000039936,25.720001,64.82,104.175,3.67623e-05,3.0864,290.0
2017-05-10 09:00:00.000039936,25.720001,64.82,107.879,3.626943e-05,3.6008,300.0
2017-05-10 12:00:00.000039936,25.720001,64.82,111.119995,3.6022833e-05,2.0576,290.0
2017-05-10 15:00:00.000039936,27.2632,46.3,111.119995,3.6022833e-05,1.0288,260.0
2017-05-10 18:00:00.000039936,28.292,27.78,111.119995,3.6022833e-05,1.5432,275.0
2017-05-10 21:00:00.000039936,28.292,27.78,112.508995,3.6022833e-05,2.572,290.0
2017-05-11 00:00:00.000039936,28.292,27.78,113.435,3.577612e-05,2.0576,280.0
2017-05-11 03:00:00.000039936,29.835201,27.78,113.435,3.5529305e-05,2.0576,270.0
2017-05-11 06:00:00.000039936,30.864,27.78,113.435,3.5529305e-05,2.0576,265.0
2017-05-11 09:00:00.000039936,32.4072,27.78,107.879,3.5529305e-05,1.5432,270.0
2017-05-11 12:00:00.000039936,33.436,27.78,101.85999,3.5529305e-05,1.5432,280.0
2017-05-11 15:00:00.000039936,33.436,27.78,103.71199,3.5529305e-05,1.5432,295.0
2017-05-11 18:00:00.000039936,33.436,27.78,104.175,3.5282377e-05,2.0576,315.0
2017-05-11 21:00:00.000039936,34.979202,24.076,107.879,3.5035337e-05,2.0576,320.0
2017-05-12 00:00:00.000039936,36.008,18.52,111.119995,3.47882e-05,1.5432,320.0
2017-05-12 03:00:00.000039936,36.008,18.52,111.119995,3.454095e-05,1.0288,310.0
2017-05-12 06:00:00.000039936,36.008,18.52,111.119995,3.4293596e-05,1.0288,295.0
2017-05-12 09:00:00.000039936,36.008,18.52,94.452,3.404614e-05,1.0288,285.0
2017-05-12 12:00:00.000039936,36.008,18.52,76.395,3.404614e-05,1.0288,275.0
2017-05-12 15:00:00.000039936,34.979202,18.52,76.395,3.404614e-05,1.0288,270.0
2017-05-12 18:00:00.000039936,33.436,18.52,76.395,3.4293596e-05,1.0288,260.0
2017-05-12 21:00:00.000039936,32.4072,18.52,76.395,3.4293596e-05,1.0288,255.0
2017-05-13 00:00:00.000039936,30.864,18.52,76.395,3.4293596e-05,0.5144,255.0
2017-05-13 03:00:00.000039936,29.835201,18.52,87.506996,3.4293596e-05,0.5144,270.0
2017-05-13 06:00:00.000039936,28.292,18.52,97.23,3.404614e-05,1.5432,280.0
2017-05-13 09:00:00.000039936,27.2632,27.78,97.23,3.404614e-05,2.0576,285.0
2017-05-13 12:00:00.000039936,25.720001,37.04,97.23,3.3798577e-05,1.5432,300.0
2017-05-13 15:00:00.000039936,24.6912,37.04,97.23,3.3550914e-05,2.0576,315.0
2017-05-13 18:00:00.000039936,23.148,37.04,97.23,3.305528e-05,3.0864,295.0
2017-05-13 21:00:00.000039936,22.1192,37.04,83.80299,3.280731e-05,5.144,285.0
2017-05-14 00:00:00.000039936,20.576,37.04,69.450005,3.2559245e-05,8.2304,285.0
