Time,Vmax,Rmax_IBT,R34,fcor,u_trans,v_trans
2021-02-05 06:00:00.000039936,20.576,55.56,78.71,3.1814445e-05,3.6008,225.0
2021-02-05 09:00:00.000039936,20.576,46.3,84.729,3.231108e-05,3.0864,230.0
2021-02-05 12:00:00.000039936,20.576,37.04,90.285,3.280731e-05,2.572,230.0
2021-02-05 15:00:00.000039936,23.148,37.04,96.304,3.305528e-05,2.572,230.0
2021-02-05 18:00:00.000039936,25.720001,37.04,101.86,3.3550914e-05,2.572,225.0
2021-02-05 21:00:00.000039936,27.2632,37.04,106.49,3.404614e-05,2.572,220.0
2021-02-06 00:00:00.000039936,28.292,37.04,111.119995,3.454095e-05,2.0576,215.0
2021-02-06 03:00:00.000039936,29.835201,37.04,118.528,3.47882e-05,1.5432,210.0
2021-02-06 06:00:00.000039936,30.864,37.04,125.01,3.5035337e-05,1.5432,200.0
2021-02-06 09:00:00.000039936,33.436,37.04,127.787994,3.5529305e-05,2.0576,195.0
2021-02-06 12:00:00.000039936,36.008,37.04,129.64,3.6022833e-05,2.0576,195.0
2021-02-06 15:00:00.000039936,38.58,25.928,132.881,3.626943e-05,1.5432,195.0
2021-02-06 18:00:00.000039936,41.152,12.964,134.27,3.651592e-05,1.5432,195.0
2021-02-06 21:00:00.000039936,46.296,11.1119995,147.234,3.700857e-05,1.5432,190.0
2021-02-07 00:00:00.000039936,51.440002,9.26,159.735,3.7500762e-05,0.5144,160.0
2021-02-07 03:00:00.000039936,55.5552,18.52,147.697,3.7500762e-05,0.5144,90.0
2021-02-07 06:00:00.000039936,59.156002,27.78,134.26999,3.7500762e-05,1.0288,70.0
2021-02-07 09:00:00.000039936,56.584,27.78,137.048,3.7500762e-05,1.0288,65.0
2021-02-07 12:00:00.000039936,54.012,27.78,138.9,3.7254722e-05,1.0288,50.0
2021-02-07 15:00:00.000039936,54.012,27.78,137.04799,3.700857e-05,1.0288,50.0
2021-02-07 18:00:00.000039936,54.012,27.78,134.26999,3.67623e-05,2.572,65.0
2021-02-07 21:00:00.000039936,54.012,33.336,140.289,3.651592e-05,3.6008,70.0
2021-02-08 00:00:00.000039936,54.012,37.04,145.845,3.626943e-05,3.0864,70.0
2021-02-08 03:00:00.000039936,58.1272,33.336,150.012,3.6022833e-05,2.572,70.0
2021-02-08 06:00:00.000039936,61.728,27.78,152.79,3.577612e-05,3.0864,85.0
2021-02-08 09:00:00.000039936,65.8432,27.78,149.54901,3.577612e-05,3.6008,95.0
2021-02-08 12:00:00.000039936,69.444,27.78,145.845,3.6022833e-05,3.0864,95.0
2021-02-08 15:00:00.000039936,70.9872,27.78,141.678,3.6022833e-05,2.0576,90.0
2021-02-08 18:00:00.000039936,72.016,27.78,136.58499,3.6022833e-05,2.0576,85.0
2021-02-08 21:00:00.000039936,70.9872,25.928,133.807,3.6022833e-05,2.572,80.0
2021-02-09 00:00:00.000039936,69.444,22.223999,129.64,3.577612e-05,3.0864,75.0
2021-02-09 03:00:00.000039936,66.872,16.668,132.418,3.5529305e-05,3.0864,80.0
2021-02-09 06:00:00.000039936,64.3,9.26,134.27,3.5529305e-05,3.0864,95.0
2021-02-09 09:00:00.000039936,61.728,14.816,137.048,3.577612e-05,2.572,110.0
2021-02-09 12:00:00.000039936,59.156002,18.52,138.9,3.6022833e-05,2.572,130.0
2021-02-09 15:00:00.000039936,56.584,18.52,149.549,3.626943e-05,2.572,140.0
2021-02-09 18:00:00.000039936,54.012,18.52,159.735,3.67623e-05,2.572,135.0
2021-02-09 21:00:00.000039936,51.440002,27.78,158.809,3.7254722e-05,2.572,130.0
2021-02-10 00:00:00.000039936,48.868,37.04,157.42,3.7500762e-05,1.5432,140.0
2021-02-10 03:00:00.000039936,47.8392,37.04,153.25299,3.7746686e-05,1.0288,155.0
2021-02-10 06:00:00.000039936,46.296,37.04,148.15999,3.8238195e-05,1.5432,145.0
2021-02-10 09:00:00.000039936,45.2672,33.336,150.47499,3.872924e-05,2.572,140.0
2021-02-10 12:00:00.000039936,43.724,27.78,152.79,3.897458e-05,2.0576,155.0
2021-02-10 15:00:00.000039936,45.2672,25.928,146.308,3.9219805e-05,1.5432,185.0
2021-02-10 18:00:00.000039936,46.296,22.223999,138.90001,3.9709896e-05,1.5432,210.0
2021-02-10 21:00:00.000039936,46.296,16.668,135.659,3.995476e-05,2.0576,220.0
2021-02-11 00:00:00.000039936,46.296,9.26,131.955,4.0444127e-05,2.0576,220.0
2021-02-11 03:00:00.000039936,47.8392,9.26,131.492,4.0688625e-05,1.5432,225.0
2021-02-11 06:00:00.000039936,48.868,9.26,129.64,4.1177245e-05,2.572,225.0
2021-02-11 09:00:00.000039936,46.296,14.816,128.71399,4.142137e-05,3.0864,225.0
2021-02-11 12:00:00.000039936,43.724,18.52,127.325005,4.1909232e-05,3.6008,225.0
2021-02-11 15:00:00.000039936,43.724,18.52,126.862,4.2640077e-05,3.6008,225.0
2021-02-11 18:00:00.000039936,43.724,18.52,125.01,4.3369746e-05,4.1152,220.0
2021-02-11 21:00:00.000039936,40.1232,18.52,125.473,4.409823e-05,4.1152,225.0
2021-02-12 00:00:00.000039936,36.008,18.52,125.01,4.4825505e-05,4.6296,235.0
2021-02-12 03:00:00.000039936,34.979202,18.52,131.49199,4.5309676e-05,4.6296,245.0
2021-02-12 06:00:00.000039936,33.436,18.52,136.58499,4.5793287e-05,4.6296,250.0
2021-02-12 09:00:00.000039936,32.4072,27.78,143.993,4.6034886e-05,4.1152,250.0
