Time,Vmax,Rmax_IBT,R34,fcor,u_trans,v_trans
2019-03-14 00:00:00.000039936,18.004,55.56,50.93,2.9076216e-05,3.0864,215.0
2019-03-14 03:00:00.000039936,19.5472,55.56,62.968002,2.9824112e-05,2.572,210.0
2019-03-14 06:00:00.000039936,20.576,55.56,74.08,3.0571195e-05,2.572,205.0
2019-03-14 09:00:00.000039936,20.576,55.56,83.803,3.131743e-05,2.572,200.0
2019-03-14 12:00:00.000039936,20.576,55.56,92.6,3.1814445e-05,2.572,210.0
2019-03-14 15:00:00.000039936,22.1192,55.56,89.822,3.231108e-05,2.572,215.0
2019-03-14 18:00:00.000039936,23.148,55.56,85.655,3.280731e-05,2.572,205.0
2019-03-14 21:00:00.000039936,23.148,55.56,93.062996,3.330315e-05,3.0864,195.0
2019-03-15 00:00:00.000039936,23.148,55.56,99.545,3.404614e-05,3.0864,200.0
2019-03-15 03:00:00.000039936,23.148,42.596,103.712006,3.454095e-05,2.572,205.0
2019-03-15 06:00:00.000039936,23.148,27.78,106.49,3.5035337e-05,2.0576,200.0
2019-03-15 09:00:00.000039936,24.6912,27.78,110.657,3.5529305e-05,2.0576,200.0
2019-03-15 12:00:00.000039936,25.720001,27.78,113.435,3.6022833e-05,2.572,220.0
2019-03-15 15:00:00.000039936,27.2632,27.78,106.953,3.651592e-05,2.572,235.0
2019-03-15 18:00:00.000039936,28.292,27.78,99.545006,3.700857e-05,2.572,245.0
2019-03-15 21:00:00.000039936,30.864,27.78,100.934,3.7254722e-05,2.572,250.0
2019-03-16 00:00:00.000039936,33.436,27.78,101.86,3.7500762e-05,2.0576,245.0
2019-03-16 03:00:00.000039936,33.436,33.336,109.268,3.7746686e-05,2.0576,235.0
2019-03-16 06:00:00.000039936,33.436,37.04,115.75001,3.7992504e-05,2.572,235.0
2019-03-16 09:00:00.000039936,36.008,37.04,120.843,3.8238195e-05,3.0864,240.0
2019-03-16 12:00:00.000039936,38.58,37.04,125.009995,3.8483773e-05,3.0864,240.0
2019-03-16 15:00:00.000039936,42.6952,24.076,132.418,3.872924e-05,3.6008,240.0
2019-03-16 18:00:00.000039936,46.296,9.26,138.90001,3.9219805e-05,4.1152,240.0
2019-03-16 21:00:00.000039936,46.296,9.26,143.067,3.9709896e-05,4.6296,245.0
2019-03-17 00:00:00.000039936,46.296,9.26,145.845,4.0199502e-05,3.6008,250.0
2019-03-17 03:00:00.000039936,50.4112,9.26,153.25299,4.0444127e-05,2.572,260.0
2019-03-17 06:00:00.000039936,54.012,9.26,159.73499,4.0444127e-05,2.0576,255.0
2019-03-17 09:00:00.000039936,52.9832,9.26,157.883,4.0688625e-05,2.0576,245.0
2019-03-17 12:00:00.000039936,51.440002,9.26,155.105,4.093299e-05,2.0576,245.0
2019-03-17 15:00:00.000039936,50.4112,9.26,150.012,4.1177245e-05,2.572,250.0
2019-03-17 18:00:00.000039936,48.868,9.26,143.53,4.142137e-05,3.0864,245.0
2019-03-17 21:00:00.000039936,45.2672,14.816,147.69699,4.1665367e-05,3.6008,240.0
2019-03-18 00:00:00.000039936,41.152,18.52,150.475,4.2152973e-05,3.6008,235.0
2019-03-18 03:00:00.000039936,40.1232,27.78,154.642,4.2640077e-05,3.6008,230.0
2019-03-18 06:00:00.000039936,38.58,37.04,157.41998,4.3369746e-05,3.6008,235.0
2019-03-18 09:00:00.000039936,34.979202,37.04,160.198,4.385554e-05,3.6008,245.0
2019-03-18 12:00:00.000039936,30.864,37.04,162.05,4.409823e-05,3.6008,245.0
2019-03-18 15:00:00.000039936,29.835201,42.596,156.957,4.458322e-05,3.6008,250.0
2019-03-18 18:00:00.000039936,28.292,46.3,150.475,4.4825505e-05,4.6296,255.0
2019-03-18 21:00:00.000039936,27.2632,46.3,152.327,4.506766e-05,5.144,255.0
2019-03-19 00:00:00.000039936,25.720001,46.3,152.79,4.5309676e-05,5.144,260.0
2019-03-19 03:00:00.000039936,24.6912,46.3,147.697,4.5551555e-05,4.6296,260.0
2019-03-19 06:00:00.000039936,23.148,46.3,141.215,4.5793287e-05,3.6008,260.0
2019-03-19 09:00:00.000039936,22.1192,46.3,140.289,4.5793287e-05,2.572,260.0
2019-03-19 12:00:00.000039936,20.576,46.3,138.9,4.5793287e-05,2.572,245.0
2019-03-19 15:00:00.000039936,20.576,55.56,141.678,4.627635e-05,3.0864,235.0
2019-03-19 18:00:00.000039936,20.576,64.82,143.53,4.675884e-05,3.6008,240.0
2019-03-19 21:00:00.000039936,20.576,64.82,141.67801,4.7240763e-05,3.6008,245.0
2019-03-20 00:00:00.000039936,20.576,64.82,138.90001,4.748151e-05,2.572,240.0
2019-03-20 03:00:00.000039936,20.576,64.82,146.308,4.7722115e-05,1.0288,190.0
2019-03-20 06:00:00.000039936,20.576,64.82,152.79,4.7722115e-05,1.0288,80.0
2019-03-20 09:00:00.000039936,23.148,64.82,168.995,4.7240763e-05,3.0864,100.0
2019-03-20 12:00:00.000039936,23.148,55.56,159.735,4.796257e-05,3.6008,120.0
2019-03-20 15:00:00.000039936,24.6912,55.56,168.532,4.844305e-05,2.0576,140.0
2019-03-20 18:00:00.000039936,25.720001,55.56,175.94,4.868306e-05,1.5432,180.0
2019-03-20 21:00:00.000039936,23.148,64.82,179.64401,4.916265e-05,1.5432,210.0
2019-03-21 00:00:00.000039936,20.576,74.08,182.88501,4.9402213e-05,1.5432,235.0
2019-03-21 03:00:00.000039936,19.5472,74.08,172.236,4.9641636e-05,1.5432,260.0
