Time,Vmax,Rmax_IBT,R34,fcor,u_trans,v_trans
2020-02-23 18:00:00.000039936,18.004,55.56,118.065,3.3798577e-05,2.572,210.0
2020-02-23 21:00:00.000039936,19.5472,55.56,122.23201,3.454095e-05,3.0864,215.0
2020-02-24 00:00:00.000039936,20.576,55.56,125.01,3.5035337e-05,3.0864,220.0
2020-02-24 03:00:00.000039936,22.1192,51.856,109.268,3.5529305e-05,3.0864,225.0
2020-02-24 06:00:00.000039936,23.148,46.3,92.6,3.6022833e-05,3.0864,220.0
2020-02-24 09:00:00.000039936,25.720001,42.596,84.26601,3.651592e-05,2.572,210.0
2020-02-24 12:00:00.000039936,28.292,37.04,74.08,3.700857e-05,2.0576,205.0
2020-02-24 15:00:00.000039936,29.835201,37.04,81.488,3.7500762e-05,1.5432,205.0
2020-02-24 18:00:00.000039936,30.864,37.04,87.96999,3.7746686e-05,1.5432,205.0
2020-02-24 21:00:00.000039936,33.436,33.336,93.526,3.8238195e-05,2.0576,215.0
2020-02-25 00:00:00.000039936,36.008,27.78,97.23,3.8483773e-05,2.0576,230.0
2020-02-25 03:00:00.000039936,42.6952,20.372,95.378006,3.872924e-05,2.572,240.0
2020-02-25 06:00:00.000039936,48.868,12.964,92.600006,3.897458e-05,2.0576,230.0
2020-02-25 09:00:00.000039936,50.4112,12.964,89.822,3.9219805e-05,1.5432,220.0
2020-02-25 12:00:00.000039936,51.440002,12.964,85.655,3.9464914e-05,2.0576,235.0
2020-02-25 15:00:00.000039936,51.440002,11.1119995,90.748,3.9709896e-05,2.572,250.0
2020-02-25 18:00:00.000039936,51.440002,9.26,94.915,3.995476e-05,2.572,255.0
2020-02-25 21:00:00.000039936,48.868,14.816,98.156006,4.0199502e-05,2.0576,255.0
2020-02-26 00:00:00.000039936,46.296,18.52,99.545,4.0199502e-05,2.572,260.0
2020-02-26 03:00:00.000039936,47.8392,18.52,93.526,4.0199502e-05,2.0576,255.0
2020-02-26 06:00:00.000039936,48.868,18.52,85.655,4.0444127e-05,2.0576,250.0
2020-02-26 09:00:00.000039936,47.8392,18.52,78.71,4.0688625e-05,1.5432,240.0
2020-02-26 12:00:00.000039936,46.296,18.52,71.765,4.093299e-05,1.5432,230.0
2020-02-26 15:00:00.000039936,43.724,18.52,69.912994,4.1177245e-05,1.5432,225.0
2020-02-26 18:00:00.000039936,41.152,18.52,67.134995,4.142137e-05,1.0288,225.0
2020-02-26 21:00:00.000039936,40.1232,18.52,66.209,4.1665367e-05,1.0288,235.0
2020-02-27 00:00:00.000039936,38.58,18.52,64.82,4.1665367e-05,1.0288,240.0
2020-02-27 03:00:00.000039936,36.008,18.52,64.82,4.1665367e-05,1.0288,240.0
2020-02-27 06:00:00.000039936,33.436,18.52,64.82,4.1909232e-05,1.0288,250.0
2020-02-27 09:00:00.000039936,30.864,24.076,66.209,4.2152973e-05,1.0288,260.0
2020-02-27 12:00:00.000039936,28.292,27.78,67.135,4.2152973e-05,1.5432,265.0
2020-02-27 15:00:00.000039936,27.2632,27.78,67.59801,4.2152973e-05,1.5432,270.0
2020-02-27 18:00:00.000039936,25.720001,27.78,67.135,4.2152973e-05,2.0576,280.0
2020-02-27 21:00:00.000039936,24.6912,27.78,62.968,4.1909232e-05,2.0576,290.0
2020-02-28 00:00:00.000039936,23.148,27.78,57.875004,4.1665367e-05,2.0576,295.0
2020-02-28 03:00:00.000039936,23.148,27.78,71.302,4.142137e-05,1.5432,300.0
2020-02-28 06:00:00.000039936,23.148,27.78,83.34,4.1177245e-05,2.0576,295.0
2020-02-28 09:00:00.000039936,23.148,27.78,76.858,4.093299e-05,2.572,290.0
2020-02-28 12:00:00.000039936,23.148,27.78,69.45,4.093299e-05,2.0576,285.0
2020-02-28 15:00:00.000039936,23.148,27.78,69.45,4.093299e-05,2.0576,285.0
2020-02-28 18:00:00.000039936,23.148,27.78,69.45,4.0688625e-05,3.0864,285.0
2020-02-28 21:00:00.000039936,22.1192,27.78,62.968002,4.0444127e-05,3.6008,290.0
2020-02-29 00:00:00.000039936,20.576,27.78,55.559998,4.0199502e-05,2.572,305.0
2020-02-29 03:00:00.000039936,19.5472,46.3,60.653,3.9709896e-05,1.5432,320.0
