Time,Vmax,Rmax_IBT,R34,fcor,u_trans,v_trans
2009-03-11 18:00:00.000039936,28.292,18.52,60.19,5.4869302e-05,2.572,205.0
2009-03-11 21:00:00.000039936,28.292,18.52,60.19,5.5340646e-05,3.0864,215.0
2009-03-12 00:00:00.000039936,28.292,18.52,60.19,5.6046403e-05,3.0864,205.0
2009-03-12 03:00:00.000039936,28.292,33.336,85.192,5.6750614e-05,3.6008,190.0
2009-03-12 06:00:00.000039936,28.292,46.3,108.805,5.768715e-05,3.6008,195.0
2009-03-12 09:00:00.000039936,28.292,51.856,113.898,5.83877e-05,3.6008,200.0
2009-03-12 12:00:00.000039936,28.292,55.56,118.064995,5.9086666e-05,4.1152,190.0
2009-03-12 15:00:00.000039936,28.292,37.04,124.084,6.0247978e-05,5.144,190.0
2009-03-12 18:00:00.000039936,28.292,18.52,129.63998,6.14047e-05,5.6584,185.0
2009-03-12 21:00:00.000039936,28.292,18.52,129.63998,6.278661e-05,6.6872,180.0
2009-03-13 00:00:00.000039936,28.292,18.52,129.63998,6.416161e-05,7.716,180.0
2009-03-13 03:00:00.000039936,28.292,42.596,145.382,6.5983986e-05,8.2304,180.0
2009-03-13 06:00:00.000039936,28.292,64.82,159.73499,6.7793495e-05,8.744801,175.0
2009-03-13 09:00:00.000039936,25.720001,61.116,145.382,6.958979e-05,8.744801,175.0
2009-03-13 12:00:00.000039936,23.148,55.56,129.64,7.159438e-05,9.2592,175.0
2009-03-13 15:00:00.000039936,20.576,55.56,129.64,7.380098e-05,10.288,175.0
2009-03-13 18:00:00.000039936,18.004,55.56,129.64,7.620224e-05,11.8312,170.0
2009-03-13 21:00:00.000039936,18.004,55.56,129.64,7.878973e-05,12.860001,170.0
