Time,Vmax,Rmax_IBT,R34,fcor,u_trans,v_trans
2016-04-20 12:00:00.000039936,20.576,74.08,175.94,3.206281e-05,3.0864,280.0
2016-04-20 15:00:00.000039936,23.148,74.08,175.94,3.1814445e-05,2.0576,305.0
2016-04-20 18:00:00.000039936,25.720001,74.08,175.94,3.156599e-05,0.5144,345.0
2016-04-20 21:00:00.000039936,25.720001,74.08,175.94,3.1814445e-05,1.5432,120.0
2016-04-21 00:00:00.000039936,25.720001,74.08,175.94,3.231108e-05,1.5432,125.0
2016-04-21 03:00:00.000039936,25.720001,74.08,166.68,3.231108e-05,1.5432,110.0
2016-04-21 06:00:00.000039936,25.720001,74.08,157.42,3.206281e-05,1.5432,80.0
2016-04-21 09:00:00.000039936,27.2632,61.116,157.42,3.1814445e-05,2.0576,65.0
2016-04-21 12:00:00.000039936,28.292,46.3,157.42,3.1814445e-05,2.0576,85.0
2016-04-21 15:00:00.000039936,29.835201,46.3,157.42,3.206281e-05,2.572,95.0
2016-04-21 18:00:00.000039936,30.864,46.3,157.42,3.206281e-05,4.1152,85.0
2016-04-21 19:00:00.000066560,31.8928,46.3,148.16,3.206281e-05,6.1728,80.0
2016-04-21 21:00:00.000039936,33.436,46.3,131.492,3.1814445e-05,4.1152,80.0
2016-04-22 00:00:00.000039936,36.008,46.3,104.175,3.156599e-05,3.0864,75.0
2016-04-22 03:00:00.000039936,38.58,37.04,103.712006,3.156599e-05,2.0576,85.0
2016-04-22 06:00:00.000039936,41.152,27.78,101.86,3.131743e-05,2.572,80.0
2016-04-22 09:00:00.000039936,43.724,27.78,101.86,3.1068776e-05,3.0864,85.0
2016-04-22 12:00:00.000039936,46.296,27.78,101.86,3.1068776e-05,3.0864,90.0
2016-04-22 15:00:00.000039936,46.296,27.78,101.86,3.1068776e-05,4.1152,90.0
2016-04-22 18:00:00.000039936,46.296,27.78,101.86,3.1068776e-05,4.6296,85.0
2016-04-22 21:00:00.000039936,45.2672,24.076,90.748,3.1068776e-05,4.6296,90.0
2016-04-23 00:00:00.000039936,43.724,18.52,78.71,3.131743e-05,6.1728,100.0
2016-04-23 03:00:00.000039936,42.6952,18.52,96.767006,3.1814445e-05,7.2016,110.0
2016-04-23 06:00:00.000039936,41.152,18.52,113.435,3.2559245e-05,8.2304,110.0
2016-04-23 09:00:00.000039936,34.979202,18.52,119.91701,3.330315e-05,8.2304,110.0
2016-04-23 12:00:00.000039936,28.292,18.52,125.009995,3.404614e-05,6.1728,110.0
2016-04-23 15:00:00.000039936,24.6912,18.52,120.38,3.4293596e-05,4.1152,105.0
2016-04-23 18:00:00.000039936,20.576,18.52,115.75,3.454095e-05,3.6008,100.0
2016-04-23 21:00:00.000039936,19.5472,18.52,93.062996,3.454095e-05,3.0864,100.0
