Time,Vmax,Rmax_IBT,R34,fcor,u_trans,v_trans
2004-03-23 18:00:00.000040448,18.004,74.08,185.20001,3.67623e-05,4.1152,275.0
2004-03-23 21:00:00.000040448,20.576,70.376,185.20001,3.651592e-05,4.1152,270.0
2004-03-24 00:00:00.000040448,23.148,64.82,185.20001,3.651592e-05,4.1152,270.0
2004-03-24 03:00:00.000040448,24.6912,64.82,185.20001,3.651592e-05,3.6008,265.0
2004-03-24 06:00:00.000040448,25.720001,64.82,185.20001,3.651592e-05,4.1152,260.0
2004-03-24 09:00:00.000040448,27.2632,46.3,185.20001,3.651592e-05,4.1152,255.0
2004-03-24 12:00:00.000040448,28.292,27.78,185.20001,3.67623e-05,4.1152,255.0
2004-03-24 15:00:00.000040448,29.835201,27.78,185.20001,3.700857e-05,4.1152,250.0
2004-03-24 18:00:00.000040448,30.864,27.78,185.20001,3.7500762e-05,4.1152,250.0
2004-03-24 21:00:00.000040448,32.4072,27.78,194.45999,3.7992504e-05,4.1152,245.0
2004-03-25 00:00:00.000040448,33.436,27.78,203.72,3.8483773e-05,4.1152,235.0
2004-03-25 03:00:00.000040448,34.979202,27.78,203.72,3.897458e-05,4.1152,225.0
2004-03-25 06:00:00.000040448,36.008,27.78,203.72,3.9709896e-05,3.6008,225.0
2004-03-25 09:00:00.000040448,38.58,27.78,203.72,4.0199502e-05,2.572,220.0
2004-03-25 12:00:00.000040448,41.152,27.78,203.72,4.0688625e-05,2.572,220.0
2004-03-25 15:00:00.000040448,47.8392,37.04,166.68,4.1177245e-05,2.572,215.0
2004-03-25 18:00:00.000040448,54.012,46.3,129.64,4.142137e-05,2.0576,210.0
2004-03-25 21:00:00.000040448,56.584,33.336,138.9,4.1665367e-05,2.0576,210.0
2004-03-26 00:00:00.000040448,59.156002,18.52,148.16,4.2152973e-05,1.5432,205.0
2004-03-26 03:00:00.000040448,59.156002,18.52,148.16,4.239659e-05,1.5432,205.0
2004-03-26 06:00:00.000040448,59.156002,18.52,148.16,4.288343e-05,1.5432,210.0
2004-03-26 09:00:00.000040448,58.1272,18.52,148.16,4.3126656e-05,2.0576,215.0
2004-03-26 12:00:00.000040448,56.584,18.52,148.16,4.3612705e-05,2.0576,230.0
2004-03-26 15:00:00.000040448,54.012,18.52,138.9,4.385554e-05,2.0576,240.0
2004-03-26 18:00:00.000040448,51.440002,18.52,129.64,4.4340795e-05,2.572,240.0
2004-03-26 21:00:00.000040448,47.8392,24.076,129.64,4.4825505e-05,3.0864,230.0
2004-03-27 00:00:00.000040448,43.724,27.78,129.64,4.5309676e-05,3.0864,225.0
2004-03-27 03:00:00.000040448,37.5512,27.78,90.748,4.5793287e-05,3.0864,220.0
2004-03-27 06:00:00.000040448,30.864,27.78,50.93,4.627635e-05,3.0864,220.0
2004-03-27 09:00:00.000040448,29.835201,27.78,50.93,4.6999867e-05,3.0864,220.0
