Time,Vmax,Rmax_IBT,R34,fcor,u_trans,v_trans
2022-03-14 00:00:00.000039936,23.148,64.82,71.765,3.651592e-05,7.2016,235.0
2022-03-14 03:00:00.000039936,25.720001,55.56,87.97,3.7746686e-05,7.716,230.0
2022-03-14 06:00:00.000039936,28.292,46.3,104.175,3.897458e-05,7.2016,230.0
2022-03-14 09:00:00.000039936,30.864,46.3,117.13899,3.995476e-05,6.6872,230.0
2022-03-14 12:00:00.000039936,33.436,46.3,129.64,4.093299e-05,6.1728,235.0
2022-03-14 15:00:00.000039936,33.436,42.596,133.344,4.142137e-05,5.6584,245.0
2022-03-14 18:00:00.000039936,33.436,37.04,136.58499,4.1909232e-05,4.6296,250.0
2022-03-14 21:00:00.000039936,32.4072,37.04,138.9,4.2152973e-05,3.6008,255.0
2022-03-15 00:00:00.000039936,30.864,37.04,141.215,4.239659e-05,3.6008,255.0
2022-03-15 03:00:00.000039936,29.835201,42.596,137.974,4.2640077e-05,4.1152,250.0
2022-03-15 06:00:00.000039936,28.292,46.3,134.26999,4.288343e-05,4.1152,255.0
2022-03-15 09:00:00.000039936,28.292,46.3,135.659,4.3126656e-05,4.1152,255.0
2022-03-15 12:00:00.000039936,28.292,46.3,136.58499,4.3369746e-05,4.6296,255.0
2022-03-15 15:00:00.000039936,28.292,46.3,137.04799,4.3612705e-05,5.144,255.0
2022-03-15 18:00:00.000039936,28.292,46.3,136.58499,4.409823e-05,4.6296,250.0
2022-03-15 21:00:00.000039936,25.720001,46.3,137.974,4.4340795e-05,4.1152,250.0
2022-03-16 00:00:00.000039936,23.148,46.3,138.9,4.4825505e-05,4.6296,250.0
2022-03-16 03:00:00.000039936,23.148,64.82,122.232,4.5309676e-05,5.144,245.0
2022-03-16 06:00:00.000039936,23.148,83.34,104.175,4.5793287e-05,5.6584,230.0
2022-03-16 09:00:00.000039936,22.1192,83.34,103.712006,4.675884e-05,5.6584,215.0
