Time,Vmax,Rmax_IBT,R34,fcor,u_trans,v_trans
2018-04-23 00:00:00.000039936,18.004,83.34,106.490005,3.330315e-05,7.716,155.0
2018-04-23 03:00:00.000039936,19.5472,83.34,111.12,3.47882e-05,8.2304,155.0
2018-04-23 06:00:00.000039936,20.576,83.34,115.75,3.651592e-05,8.2304,155.0
2018-04-23 09:00:00.000039936,23.148,83.34,115.75,3.8238195e-05,7.716,150.0
2018-04-23 12:00:00.000039936,25.720001,83.34,115.75,3.995476e-05,9.2592,150.0
2018-04-23 15:00:00.000039936,28.292,74.08,122.69499,4.1909232e-05,10.288,155.0
2018-04-23 18:00:00.000039936,30.864,64.82,129.64,4.409823e-05,10.288,150.0
2018-04-23 21:00:00.000039936,34.979202,64.82,141.215,4.627635e-05,10.288,150.0
2018-04-24 00:00:00.000039936,38.58,64.82,152.79001,4.844305e-05,11.3168,150.0
2018-04-24 03:00:00.000039936,37.5512,61.116,152.79001,5.083645e-05,12.3456,150.0
2018-04-24 06:00:00.000039936,36.008,55.56,152.79001,5.321436e-05,11.3168,145.0
2018-04-24 09:00:00.000039936,32.4072,55.56,152.79001,5.510506e-05,9.7736,140.0
2018-04-24 12:00:00.000039936,28.292,55.56,152.79001,5.6516048e-05,8.2304,140.0
2018-04-24 15:00:00.000039936,25.720001,55.56,152.79001,5.7920843e-05,6.6872,145.0
2018-04-24 18:00:00.000039936,23.148,55.56,152.79001,5.9086666e-05,5.6584,145.0
2018-04-24 21:00:00.000039936,22.1192,55.56,155.10501,6.0016075e-05,5.144,140.0
2018-04-25 00:00:00.000039936,20.576,55.56,157.42,6.0711227e-05,5.144,140.0
2018-04-25 03:00:00.000039936,20.576,74.08,148.16,6.1635496e-05,5.144,140.0
2018-04-25 06:00:00.000039936,20.576,92.6,138.9,6.278661e-05,5.144,145.0
2018-04-25 09:00:00.000039936,20.576,101.86,127.325,6.393293e-05,5.144,145.0
2018-04-25 12:00:00.000039936,20.576,111.12,115.75,6.4846485e-05,4.6296,145.0
2018-04-25 15:00:00.000039936,20.576,111.12,108.80499,6.575688e-05,4.1152,145.0
2018-04-25 18:00:00.000039936,20.576,111.12,101.86,6.643758e-05,5.144,145.0
2018-04-25 21:00:00.000039936,20.576,111.12,101.86,6.711647e-05,6.1728,140.0
