Time,Vmax,Rmax_IBT,R34,fcor,u_trans,v_trans
2015-04-05 12:00:00.000039936,20.576,83.34,87.96999,3.1068776e-05,4.1152,135.0
2015-04-05 15:00:00.000039936,22.1192,83.34,87.96999,3.156599e-05,5.144,130.0
2015-04-05 18:00:00.000039936,23.148,83.34,87.96999,3.231108e-05,4.6296,135.0
2015-04-05 21:00:00.000039936,27.2632,70.376,107.879,3.305528e-05,4.1152,140.0
2015-04-06 00:00:00.000039936,30.864,55.56,127.325,3.404614e-05,4.6296,135.0
2015-04-06 03:00:00.000039936,34.979202,55.56,134.27,3.47882e-05,4.6296,135.0
2015-04-06 06:00:00.000039936,38.58,55.56,141.215,3.577612e-05,5.144,135.0
2015-04-06 09:00:00.000039936,42.6952,42.596,152.327,3.67623e-05,5.6584,135.0
2015-04-06 12:00:00.000039936,46.296,27.78,162.05,3.7746686e-05,6.1728,135.0
2015-04-06 15:00:00.000039936,50.4112,20.372,164.365,3.872924e-05,6.6872,135.0
2015-04-06 18:00:00.000039936,54.012,12.964,166.68,3.995476e-05,6.6872,135.0
2015-04-06 21:00:00.000039936,56.584,16.668,166.68,4.1177245e-05,7.2016,135.0
2015-04-07 00:00:00.000039936,59.156002,18.52,166.68,4.239659e-05,8.2304,135.0
2015-04-07 03:00:00.000039936,55.5552,16.668,183.34799,4.385554e-05,8.744801,130.0
2015-04-07 06:00:00.000039936,51.440002,12.964,199.09,4.5309676e-05,8.744801,130.0
2015-04-07 09:00:00.000039936,46.296,29.632,199.09,4.651767e-05,8.2304,130.0
2015-04-07 12:00:00.000039936,41.152,46.3,199.09,4.7722115e-05,8.744801,130.0
2015-04-07 15:00:00.000039936,36.008,46.3,196.31201,4.916265e-05,9.2592,130.0
2015-04-07 18:00:00.000039936,30.864,46.3,192.145,5.059779e-05,8.744801,130.0
2015-04-07 21:00:00.000039936,27.2632,42.596,192.145,5.155148e-05,7.716,125.0
2015-04-08 00:00:00.000039936,23.148,37.04,192.145,5.250265e-05,6.1728,120.0
