Time,Vmax,Rmax_IBT,R34,fcor,u_trans,v_trans
2002-04-07 00:00:00.000040448,18.004,129.64,129.64,3.0820032e-05,5.144,265.0
2002-04-07 03:00:00.000040448,20.576,92.6,129.64,3.1068776e-05,5.6584,255.0
2002-04-07 06:00:00.000040448,23.148,55.56,129.64,3.156599e-05,5.6584,240.0
2002-04-07 09:00:00.000040448,25.720001,51.856,157.42,3.231108e-05,6.6872,230.0
2002-04-07 12:00:00.000040448,28.292,46.3,185.2,3.330315e-05,7.716,235.0
2002-04-07 15:00:00.000040448,29.835201,46.3,185.2,3.4293596e-05,8.2304,245.0
2002-04-07 18:00:00.000040448,30.864,46.3,185.2,3.5035337e-05,7.716,250.0
2002-04-07 21:00:00.000040448,32.4072,46.3,185.2,3.577612e-05,7.2016,250.0
2002-04-08 00:00:00.000040448,33.436,46.3,185.2,3.626943e-05,6.6872,250.0
2002-04-08 03:00:00.000040448,36.008,42.596,196.77501,3.67623e-05,6.1728,250.0
2002-04-08 06:00:00.000040448,38.58,37.04,208.35,3.7254722e-05,5.6584,250.0
2002-04-08 09:00:00.000040448,40.1232,37.04,229.185,3.7746686e-05,5.6584,245.0
2002-04-08 12:00:00.000040448,41.152,37.04,250.01999,3.8238195e-05,5.144,245.0
2002-04-08 15:00:00.000040448,43.724,37.04,250.01999,3.897458e-05,4.6296,240.0
2002-04-08 18:00:00.000040448,46.296,37.04,250.01999,3.9709896e-05,5.144,230.0
2002-04-08 21:00:00.000040448,46.296,37.04,245.38998,4.0444127e-05,5.144,225.0
2002-04-09 00:00:00.000040448,46.296,37.04,240.75998,4.142137e-05,5.144,225.0
2002-04-09 03:00:00.000040448,46.296,37.04,231.49998,4.239659e-05,5.144,230.0
2002-04-09 06:00:00.000040448,46.296,37.04,222.23999,4.3126656e-05,4.6296,230.0
2002-04-09 09:00:00.000040448,50.4112,37.04,222.23999,4.385554e-05,3.0864,220.0
2002-04-09 12:00:00.000040448,54.012,37.04,222.23999,4.4340795e-05,2.572,205.0
2002-04-09 15:00:00.000040448,52.9832,37.04,222.23999,4.506766e-05,3.0864,190.0
2002-04-09 18:00:00.000040448,51.440002,37.04,222.23999,4.5793287e-05,3.0864,180.0
2002-04-09 21:00:00.000040448,50.4112,37.04,201.405,4.651767e-05,3.0864,180.0
2002-04-10 00:00:00.000040448,48.868,37.04,180.56999,4.7240763e-05,3.6008,180.0
2002-04-10 03:00:00.000040448,43.724,37.04,180.56999,4.8202877e-05,3.6008,180.0
2002-04-10 06:00:00.000040448,38.58,37.04,180.56999,4.892293e-05,3.0864,175.0
2002-04-10 09:00:00.000040448,36.008,37.04,180.56999,4.9641636e-05,2.572,165.0
2002-04-10 12:00:00.000040448,33.436,37.04,180.56999,5.035898e-05,3.0864,170.0
2002-04-10 15:00:00.000040448,33.436,37.04,180.56999,5.131329e-05,3.0864,170.0
2002-04-10 18:00:00.000040448,33.436,37.04,180.56999,5.2027382e-05,3.0864,155.0
2002-04-10 21:00:00.000040448,32.4072,37.04,178.255,5.250265e-05,2.572,135.0
2002-04-11 00:00:00.000040448,30.864,37.04,175.94,5.2740055e-05,3.6008,145.0
2002-04-11 03:00:00.000040448,25.720001,42.596,138.9,5.345127e-05,4.6296,155.0
