Time,Vmax,Rmax_IBT,R34,fcor,u_trans,v_trans
2014-03-29 00:00:00.000039936,20.576,74.08,78.71,3.231108e-05,2.0576,110.0
2014-03-29 03:00:00.000039936,22.1192,64.82,90.748,3.231108e-05,1.5432,115.0
2014-03-29 06:00:00.000039936,23.148,55.56,101.86,3.2559245e-05,2.0576,115.0
2014-03-29 09:00:00.000039936,25.720001,55.56,107.416,3.280731e-05,2.572,120.0
2014-03-29 12:00:00.000039936,28.292,55.56,111.12,3.305528e-05,3.0864,130.0
2014-03-29 15:00:00.000039936,30.864,55.56,104.638,3.3550914e-05,3.6008,140.0
2014-03-29 18:00:00.000039936,33.436,55.56,97.23,3.4293596e-05,3.6008,145.0
2014-03-29 21:00:00.000039936,40.1232,37.04,139.82599,3.5035337e-05,3.0864,150.0
2014-03-30 00:00:00.000039936,46.296,18.52,180.56999,3.5529305e-05,2.572,150.0
2014-03-30 03:00:00.000039936,52.9832,20.372,201.868,3.6022833e-05,2.0576,140.0
2014-03-30 06:00:00.000039936,59.156002,22.223999,222.23999,3.626943e-05,2.0576,130.0
2014-03-30 09:00:00.000039936,63.271202,22.223999,222.23999,3.651592e-05,2.572,130.0
2014-03-30 12:00:00.000039936,66.872,22.223999,222.23999,3.700857e-05,2.572,130.0
2014-03-30 15:00:00.000039936,66.872,22.223999,218.073,3.7500762e-05,2.572,130.0
2014-03-30 18:00:00.000039936,66.872,22.223999,212.98001,3.7992504e-05,2.572,120.0
2014-03-30 21:00:00.000039936,65.8432,25.928,208.35,3.8238195e-05,2.572,110.0
2014-03-31 00:00:00.000039936,64.3,27.78,203.72,3.8483773e-05,1.5432,115.0
2014-03-31 03:00:00.000039936,58.1272,27.78,203.72,3.8483773e-05,0.5144,135.0
2014-03-31 06:00:00.000039936,51.440002,27.78,203.72,3.872924e-05,1.0288,150.0
2014-03-31 09:00:00.000039936,45.2672,27.78,203.72,3.897458e-05,1.0288,155.0
2014-03-31 12:00:00.000039936,38.58,27.78,203.72,3.9219805e-05,1.5432,165.0
2014-03-31 15:00:00.000039936,34.979202,33.336,203.72,3.9464914e-05,1.5432,0.0
2014-03-31 18:00:00.000039936,30.864,37.04,203.72,3.9709896e-05,1.5432,260.0
2014-03-31 21:00:00.000039936,25.720001,46.3,203.72,3.9709896e-05,3.0864,290.0
2014-04-01 00:00:00.000039936,20.576,55.56,203.72,3.9464914e-05,2.572,300.0
