Time,Vmax,Rmax_IBT,R34,fcor,u_trans,v_trans
2006-04-05 09:00:00.000039936,18.004,37.04,48.614998,4.1177245e-05,3.0864,185.0
2006-04-05 12:00:00.000039936,20.576,37.04,97.229996,4.1909232e-05,3.0864,190.0
2006-04-05 15:00:00.000039936,22.1192,24.076,109.730995,4.2640077e-05,3.0864,195.0
2006-04-05 18:00:00.000039936,23.148,9.26,120.37999,4.3369746e-05,2.572,200.0
2006-04-05 21:00:00.000039936,24.6912,9.26,116.675995,4.409823e-05,2.572,210.0
2006-04-06 00:00:00.000039936,25.720001,9.26,111.12,4.458322e-05,3.0864,215.0
2006-04-06 03:00:00.000039936,27.2632,24.076,151.86401,4.506766e-05,3.6008,215.0
2006-04-06 06:00:00.000039936,28.292,37.04,192.14499,4.5793287e-05,3.6008,210.0
2006-04-06 09:00:00.000039936,28.292,37.04,184.27399,4.651767e-05,3.6008,200.0
2006-04-06 12:00:00.000039936,28.292,37.04,175.94,4.748151e-05,3.6008,200.0
2006-04-06 15:00:00.000039936,28.292,27.78,169.458,4.8202877e-05,3.0864,200.0
2006-04-06 18:00:00.000039936,28.292,18.52,162.05,4.892293e-05,3.0864,195.0
2006-04-06 21:00:00.000039936,28.292,18.52,163.439,4.9641636e-05,3.0864,190.0
2006-04-07 00:00:00.000039936,28.292,18.52,164.365,5.035898e-05,3.0864,0.0
2006-04-07 03:00:00.000039936,27.2632,18.52,150.012,5.1074945e-05,3.0864,170.0
2006-04-07 06:00:00.000039936,25.720001,18.52,134.27,5.155148e-05,3.0864,155.0
2006-04-07 09:00:00.000039936,24.6912,18.52,113.89801,5.2027382e-05,2.572,145.0
