Time,Vmax,Rmax_IBT,R34,fcor,u_trans,v_trans
2018-04-28 06:00:00.000039936,18.004,74.08,83.340004,2.2563274e-05,8.2304,250.0
2018-04-28 09:00:00.000039936,19.5472,70.376,97.229996,2.3317392e-05,6.6872,245.0
2018-04-28 12:00:00.000039936,20.576,64.82,111.119995,2.432189e-05,5.6584,235.0
2018-04-28 15:00:00.000039936,22.1192,64.82,122.695,2.5074483e-05,5.6584,230.0
2018-04-28 18:00:00.000039936,23.148,64.82,134.26999,2.5826394e-05,7.2016,225.0
2018-04-28 21:00:00.000039936,24.6912,61.116,150.475,2.707799e-05,8.744801,230.0
2018-04-29 00:00:00.000039936,25.720001,55.56,166.68001,2.8327528e-05,8.744801,235.0
2018-04-29 03:00:00.000039936,27.2632,55.56,168.99501,2.9325609e-05,8.2304,240.0
2018-04-29 06:00:00.000039936,28.292,55.56,171.31001,3.0322259e-05,7.716,240.0
2018-04-29 09:00:00.000039936,28.292,51.856,173.62502,3.1068776e-05,6.6872,240.0
2018-04-29 12:00:00.000039936,28.292,46.3,175.94,3.206281e-05,6.6872,235.0
2018-04-29 15:00:00.000039936,28.292,46.3,178.255,3.305528e-05,6.1728,230.0
2018-04-29 18:00:00.000039936,28.292,46.3,180.57,3.404614e-05,5.144,225.0
2018-04-29 21:00:00.000039936,29.835201,46.3,189.82999,3.47882e-05,4.1152,225.0
2018-04-30 00:00:00.000039936,30.864,46.3,199.09,3.577612e-05,4.1152,215.0
2018-04-30 03:00:00.000039936,32.4072,46.3,210.665,3.67623e-05,4.1152,200.0
2018-04-30 06:00:00.000039936,33.436,46.3,222.24,3.7746686e-05,4.6296,195.0
2018-04-30 09:00:00.000039936,34.979202,46.3,222.24,3.872924e-05,4.6296,195.0
2018-04-30 12:00:00.000039936,36.008,46.3,222.24,3.9464914e-05,4.1152,200.0
2018-04-30 15:00:00.000039936,34.979202,37.04,231.5,4.0444127e-05,4.1152,210.0
2018-04-30 18:00:00.000039936,33.436,27.78,240.76,4.1177245e-05,4.1152,210.0
2018-04-30 21:00:00.000039936,32.4072,27.78,245.39,4.1909232e-05,3.0864,210.0
2018-05-01 00:00:00.000039936,30.864,27.78,250.01999,4.2640077e-05,2.0576,200.0
2018-05-01 03:00:00.000039936,29.835201,42.596,250.01999,4.288343e-05,1.5432,170.0
2018-05-01 06:00:00.000039936,28.292,55.56,250.01999,4.3126656e-05,1.5432,150.0
2018-05-01 09:00:00.000039936,25.720001,55.56,254.65,4.3612705e-05,2.0576,150.0
2018-05-01 12:00:00.000039936,23.148,55.56,259.28,4.409823e-05,2.572,150.0
2018-05-01 15:00:00.000039936,22.1192,55.56,266.225,4.4825505e-05,3.0864,150.0
2018-05-01 18:00:00.000039936,20.576,55.56,273.17,4.5551555e-05,3.0864,155.0
2018-05-01 21:00:00.000039936,20.576,55.56,273.17,4.627635e-05,3.0864,160.0
