Time,Vmax,Rmax_IBT,R34,fcor,u_trans,v_trans
2011-04-15 00:00:00.000039936,20.576,64.82,85.655,3.2559245e-05,0.5144,300.0
2011-04-15 03:00:00.000039936,20.576,61.116,88.433,3.231108e-05,0.5144,315.0
2011-04-15 06:00:00.000039936,20.576,55.56,90.285,3.206281e-05,1.5432,335.0
2011-04-15 09:00:00.000039936,22.1192,51.856,94.451996,3.156599e-05,2.0576,335.0
2011-04-15 12:00:00.000039936,23.148,46.3,97.229996,3.1068776e-05,2.572,320.0
2011-04-15 15:00:00.000039936,23.148,46.3,97.229996,3.0571195e-05,2.572,305.0
2011-04-15 18:00:00.000039936,23.148,46.3,97.229996,3.0322259e-05,2.572,310.0
2011-04-15 21:00:00.000039936,24.6912,46.3,101.397,2.9824112e-05,2.572,320.0
2011-04-16 00:00:00.000039936,25.720001,46.3,104.174995,2.9574905e-05,2.572,320.0
2011-04-16 03:00:00.000039936,25.720001,51.856,103.249,2.9076216e-05,2.572,320.0
2011-04-16 06:00:00.000039936,25.720001,55.56,101.86,2.882674e-05,1.5432,335.0
2011-04-16 09:00:00.000039936,27.2632,51.856,101.86,2.857718e-05,1.5432,0.0
2011-04-16 12:00:00.000039936,28.292,46.3,101.86,2.8327528e-05,0.5144,350.0
2011-04-16 15:00:00.000039936,27.2632,46.3,112.509,2.8327528e-05,0.5144,310.0
2011-04-16 18:00:00.000039936,25.720001,46.3,122.695,2.8327528e-05,0.5144,320.0
2011-04-16 21:00:00.000039936,24.6912,46.3,97.693,2.807779e-05,1.0288,340.0
2011-04-17 00:00:00.000039936,23.148,46.3,71.765,2.7827968e-05,1.5432,0.0
2011-04-17 03:00:00.000039936,22.1192,46.3,71.765,2.707799e-05,2.0576,0.0
2011-04-17 06:00:00.000039936,20.576,46.3,71.765,2.6327272e-05,2.0576,350.0
2011-04-17 09:00:00.000039936,19.5472,46.3,71.765,2.5826394e-05,1.5432,340.0
2011-04-17 12:00:00.000039936,18.004,46.3,71.765,2.5575835e-05,1.0288,345.0
2011-04-17 15:00:00.000039936,18.004,42.596,63.893997,2.53252e-05,1.0288,350.0
