Time,Vmax,Rmax_IBT,R34,fcor,u_trans,v_trans
2019-03-19 12:00:00.000039936,18.004,55.56,136.58499,3.67623e-05,2.572,205.0
2019-03-19 15:00:00.000039936,22.1192,55.56,136.12201,3.7254722e-05,3.6008,205.0
2019-03-19 18:00:00.000039936,25.720001,55.56,134.27,3.7746686e-05,3.6008,230.0
2019-03-19 21:00:00.000039936,27.2632,55.56,145.382,3.8238195e-05,4.1152,255.0
2019-03-20 00:00:00.000039936,28.292,55.56,155.105,3.8483773e-05,4.1152,255.0
2019-03-20 03:00:00.000039936,29.835201,55.56,156.49399,3.872924e-05,4.1152,250.0
2019-03-20 06:00:00.000039936,30.864,55.56,157.42,3.897458e-05,3.0864,245.0
2019-03-20 09:00:00.000039936,34.979202,55.56,143.067,3.9219805e-05,2.0576,235.0
2019-03-20 12:00:00.000039936,38.58,55.56,127.325,3.9464914e-05,2.0576,245.0
2019-03-20 15:00:00.000039936,47.8392,42.596,148.623,3.9709896e-05,2.0576,245.0
2019-03-20 18:00:00.000039936,56.584,27.78,168.995,3.995476e-05,1.5432,200.0
2019-03-20 21:00:00.000039936,61.728,27.78,227.796,4.0444127e-05,2.572,175.0
2019-03-21 00:00:00.000039936,66.872,27.78,284.745,4.1177245e-05,2.572,185.0
2019-03-21 03:00:00.000039936,65.8432,24.076,251.409,4.1665367e-05,2.572,205.0
2019-03-21 06:00:00.000039936,64.3,18.52,217.61,4.2152973e-05,2.572,205.0
2019-03-21 09:00:00.000039936,61.728,27.78,218.536,4.2640077e-05,2.0576,205.0
2019-03-21 12:00:00.000039936,59.156002,37.04,217.61,4.3126656e-05,2.0576,220.0
2019-03-21 15:00:00.000039936,58.1272,37.04,218.999,4.3369746e-05,1.5432,235.0
2019-03-21 18:00:00.000039936,56.584,37.04,219.925,4.3612705e-05,1.5432,230.0
2019-03-21 21:00:00.000039936,56.584,29.632,229.648,4.385554e-05,1.0288,220.0
2019-03-22 00:00:00.000039936,56.584,22.223999,238.445,4.409823e-05,0.5144,210.0
2019-03-22 03:00:00.000039936,55.5552,16.668,256.50198,4.409823e-05,0.5144,0.0
2019-03-22 06:00:00.000039936,54.012,9.26,273.16998,4.4340795e-05,1.0288,165.0
2019-03-22 09:00:00.000039936,51.440002,9.26,254.187,4.458322e-05,1.5432,170.0
2019-03-22 12:00:00.000039936,48.868,9.26,233.815,4.506766e-05,1.5432,170.0
2019-03-22 15:00:00.000039936,48.868,16.668,234.278,4.5309676e-05,1.5432,175.0
2019-03-22 18:00:00.000039936,48.868,22.223999,233.815,4.5793287e-05,1.5432,0.0
2019-03-22 21:00:00.000039936,46.296,35.188,231.037,4.6034886e-05,2.0576,0.0
2019-03-23 00:00:00.000039936,43.724,46.3,226.87,4.651767e-05,2.0576,175.0
2019-03-23 03:00:00.000039936,42.6952,46.3,229.648,4.6999867e-05,2.0576,170.0
2019-03-23 06:00:00.000039936,41.152,46.3,231.5,4.748151e-05,2.0576,160.0
2019-03-23 09:00:00.000039936,43.724,46.3,248.168,4.796257e-05,2.0576,150.0
2019-03-23 12:00:00.000039936,46.296,46.3,263.91,4.844305e-05,2.0576,150.0
2019-03-23 15:00:00.000039936,50.4112,42.596,255.57602,4.892293e-05,2.0576,155.0
2019-03-23 18:00:00.000039936,54.012,37.04,245.38998,4.9402213e-05,2.0576,160.0
2019-03-23 21:00:00.000039936,56.584,29.632,231.963,4.9880902e-05,1.5432,165.0
2019-03-24 00:00:00.000039936,59.156002,22.223999,217.61,5.012002e-05,1.0288,160.0
2019-03-24 03:00:00.000039936,56.584,16.668,198.164,5.035898e-05,0.5144,165.0
2019-03-24 06:00:00.000039936,54.012,9.26,178.25499,5.035898e-05,0.5144,165.0
2019-03-24 09:00:00.000039936,48.868,14.816,197.23799,5.059779e-05,1.0288,170.0
2019-03-24 12:00:00.000039936,43.724,18.52,215.29498,5.059779e-05,0.5144,150.0
2019-03-24 15:00:00.000039936,41.152,24.076,193.07098,5.059779e-05,0.0,0.0
2019-03-24 18:00:00.000039936,38.58,27.78,168.995,5.059779e-05,0.5144,230.0
2019-03-24 21:00:00.000039936,33.436,37.04,171.773,5.083645e-05,1.0288,230.0
2019-03-25 00:00:00.000039936,28.292,46.3,173.625,5.1074945e-05,1.5432,260.0
2019-03-25 03:00:00.000039936,25.720001,46.3,140.752,5.1074945e-05,1.5432,280.0
2019-03-25 06:00:00.000039936,23.148,46.3,106.490005,5.083645e-05,1.5432,280.0
2019-03-25 09:00:00.000039936,23.148,46.3,98.619,5.083645e-05,1.5432,270.0
2019-03-25 12:00:00.000039936,23.148,46.3,90.285,5.083645e-05,2.0576,275.0
2019-03-25 15:00:00.000039936,22.1192,46.3,103.249,5.083645e-05,2.572,270.0
2019-03-25 18:00:00.000039936,20.576,46.3,115.75,5.083645e-05,3.0864,245.0
2019-03-25 21:00:00.000039936,19.5472,33.336,82.877,5.131329e-05,4.1152,230.0
