Time,Vmax,Rmax_IBT,R34,fcor,u_trans,v_trans
2007-03-26 18:00:00.000039936,25.720001,74.08,106.490005,3.4293596e-05,5.6584,125.0
2007-03-26 21:00:00.000039936,27.2632,55.56,100.934006,3.5282377e-05,6.1728,130.0
2007-03-27 00:00:00.000039936,28.292,37.04,94.91499,3.626943e-05,6.1728,135.0
2007-03-27 03:00:00.000039936,29.835201,37.04,100.47099,3.7254722e-05,5.6584,140.0
2007-03-27 06:00:00.000039936,30.864,37.04,104.175,3.8238195e-05,5.6584,145.0
2007-03-27 09:00:00.000039936,32.4072,37.04,114.824005,3.9464914e-05,6.1728,150.0
2007-03-27 12:00:00.000039936,33.436,37.04,125.009995,4.0688625e-05,6.1728,150.0
2007-03-27 15:00:00.000039936,33.436,37.04,125.009995,4.1909232e-05,6.1728,150.0
2007-03-27 18:00:00.000039936,33.436,37.04,125.009995,4.3126656e-05,5.6584,150.0
2007-03-27 21:00:00.000039936,33.436,37.04,123.158,4.4340795e-05,5.6584,150.0
2007-03-28 00:00:00.000039936,33.436,37.04,120.38,4.5551555e-05,6.1728,155.0
2007-03-28 03:00:00.000039936,33.436,37.04,120.38,4.675884e-05,5.6584,160.0
2007-03-28 06:00:00.000039936,33.436,37.04,120.38,4.7722115e-05,4.6296,160.0
2007-03-28 09:00:00.000039936,34.979202,33.336,120.38,4.844305e-05,3.6008,155.0
2007-03-28 12:00:00.000039936,36.008,27.78,120.38,4.916265e-05,3.6008,170.0
2007-03-28 15:00:00.000039936,32.4072,33.336,116.676,4.9880902e-05,3.6008,190.0
2007-03-28 18:00:00.000039936,28.292,37.04,111.119995,5.059779e-05,3.0864,210.0
2007-03-28 21:00:00.000039936,25.720001,46.3,108.34201,5.1074945e-05,2.572,235.0
2007-03-29 00:00:00.000039936,23.148,55.56,104.175,5.155148e-05,2.0576,255.0
