Time,Vmax,Rmax_IBT,R34,fcor,u_trans,v_trans
2024-04-06 00:00:00.000039936,20.0616,40.744,58.338,3.231108e-05,3.0864,90.0
2024-04-06 03:00:00.000039936,23.148,31.484,64.82,3.2559245e-05,1.5432,165.0
2024-04-06 06:00:00.000039936,26.2344,22.223999,70.376,3.305528e-05,2.0576,0.0
2024-04-06 09:00:00.000039936,27.2632,22.223999,73.154,3.3550914e-05,2.572,180.0
2024-04-06 12:00:00.000039936,27.7776,22.223999,75.006004,3.4293596e-05,3.6008,200.0
2024-04-06 15:00:00.000039936,30.3496,14.816,82.877,3.5282377e-05,4.6296,215.0
2024-04-06 18:00:00.000039936,32.9216,7.408,89.359,3.6022833e-05,3.6008,225.0
2024-04-06 21:00:00.000039936,35.4936,12.964,89.359,3.626943e-05,2.0576,245.0
2024-04-07 00:00:00.000039936,38.0656,18.52,89.359,3.651592e-05,1.5432,230.0
2024-04-07 03:00:00.000039936,44.7528,12.964,89.359,3.67623e-05,1.5432,195.0
2024-04-07 06:00:00.000039936,50.925602,7.408,89.359,3.7254722e-05,2.572,0.0
2024-04-07 09:00:00.000039936,56.0696,7.408,91.211,3.7992504e-05,3.0864,180.0
2024-04-07 12:00:00.000039936,61.2136,7.408,93.063,3.872924e-05,3.0864,195.0
2024-04-07 15:00:00.000039936,60.1848,7.408,93.063,3.9219805e-05,3.0864,210.0
2024-04-07 18:00:00.000039936,59.156002,7.408,93.063,3.995476e-05,4.1152,210.0
2024-04-07 21:00:00.000039936,56.584,7.408,93.063,4.093299e-05,4.1152,210.0
2024-04-08 00:00:00.000039936,54.012,7.408,93.063,4.1665367e-05,1.5432,205.0
2024-04-08 03:00:00.000039936,46.296,14.816,95.841,4.1665367e-05,0.5144,45.0
2024-04-08 06:00:00.000039936,38.0656,22.223999,98.618996,4.142137e-05,0.5144,85.0
2024-04-08 09:00:00.000039936,34.4648,27.78,98.618996,4.1665367e-05,1.0288,170.0
2024-04-08 12:00:00.000039936,30.864,31.484,98.618996,4.1909232e-05,1.5432,230.0
2024-04-08 15:00:00.000039936,27.2632,37.04,105.101,4.2152973e-05,2.572,245.0
2024-04-08 18:00:00.000039936,23.148,40.744,110.657,4.239659e-05,3.0864,245.0
2024-04-08 21:00:00.000039936,24.6912,44.447998,124.547,4.2640077e-05,3.0864,240.0
2024-04-09 00:00:00.000039936,26.2344,48.152,137.511,4.3126656e-05,4.6296,245.0
2024-04-09 03:00:00.000039936,24.6912,40.744,137.511,4.3612705e-05,4.6296,245.0
2024-04-09 06:00:00.000039936,23.148,31.484,137.511,4.409823e-05,3.6008,230.0
2024-04-09 09:00:00.000039936,23.148,31.484,137.511,4.458322e-05,2.572,200.0
