Time,Vmax,Rmax_IBT,R34,fcor,u_trans,v_trans
2013-04-08 00:00:00.000039936,18.004,64.82,78.71,2.882674e-05,6.1728,285.0
2013-04-08 03:00:00.000039936,18.004,61.116,80.562,2.807779e-05,4.6296,280.0
2013-04-08 06:00:00.000039936,18.004,55.56,81.025,2.7578055e-05,5.144,270.0
2013-04-08 09:00:00.000039936,18.004,55.56,81.025,2.7578055e-05,5.144,260.0
2013-04-08 12:00:00.000039936,18.004,55.56,81.025,2.7827968e-05,5.144,255.0
2013-04-08 15:00:00.000039936,19.5472,55.56,89.359,2.807779e-05,5.144,255.0
2013-04-08 18:00:00.000039936,20.576,55.56,97.23,2.8327528e-05,5.144,255.0
2013-04-08 21:00:00.000039936,22.1192,55.56,102.323,2.857718e-05,5.144,260.0
2013-04-09 00:00:00.000039936,23.148,55.56,106.49,2.882674e-05,5.6584,265.0
2013-04-09 03:00:00.000039936,24.6912,55.56,111.583,2.9076216e-05,5.6584,265.0
2013-04-09 06:00:00.000039936,25.720001,55.56,115.75001,2.9076216e-05,5.144,270.0
2013-04-09 09:00:00.000039936,27.2632,51.856,115.75001,2.9076216e-05,4.1152,275.0
2013-04-09 12:00:00.000039936,28.292,46.3,115.75001,2.9076216e-05,4.1152,265.0
2013-04-09 15:00:00.000039936,29.835201,46.3,134.733,2.9325609e-05,4.1152,255.0
2013-04-09 18:00:00.000039936,30.864,46.3,152.79,2.9574905e-05,4.1152,250.0
2013-04-09 21:00:00.000039936,33.436,42.596,160.198,2.9824112e-05,4.1152,250.0
2013-04-10 00:00:00.000039936,36.008,37.04,166.68,3.0073232e-05,3.0864,250.0
2013-04-10 03:00:00.000039936,36.008,37.04,172.23601,3.0322259e-05,2.0576,250.0
2013-04-10 06:00:00.000039936,36.008,37.04,175.94,3.0571195e-05,2.0576,245.0
2013-04-10 09:00:00.000039936,37.5512,37.04,181.496,3.0820032e-05,2.0576,245.0
2013-04-10 12:00:00.000039936,38.58,37.04,185.2,3.0820032e-05,1.5432,245.0
2013-04-10 14:00:00.000053248,38.58,37.04,185.2,3.0820032e-05,1.0288,255.0
2013-04-10 15:00:00.000039936,39.6088,37.04,185.2,3.0571195e-05,0.5144,0.0
2013-04-10 16:00:00.000066560,41.152,37.04,185.2,3.0571195e-05,1.0288,150.0
2013-04-10 18:00:00.000039936,43.724,37.04,203.72,3.0820032e-05,1.5432,170.0
2013-04-10 21:00:00.000039936,42.6952,37.04,203.72,3.131743e-05,1.5432,180.0
2013-04-11 00:00:00.000039936,41.152,37.04,203.72,3.1814445e-05,1.0288,170.0
2013-04-11 03:00:00.000039936,40.1232,42.596,205.10901,3.231108e-05,1.0288,155.0
2013-04-11 06:00:00.000039936,38.58,46.3,206.035,3.2559245e-05,1.0288,150.0
2013-04-11 09:00:00.000039936,36.008,55.56,206.035,3.280731e-05,1.0288,145.0
2013-04-11 12:00:00.000039936,33.436,64.82,206.035,3.305528e-05,1.5432,135.0
2013-04-11 15:00:00.000039936,30.864,64.82,206.035,3.305528e-05,2.0576,130.0
2013-04-11 18:00:00.000039936,28.292,64.82,206.035,3.330315e-05,2.0576,145.0
2013-04-11 21:00:00.000039936,27.2632,64.82,206.035,3.3550914e-05,2.0576,155.0
2013-04-12 00:00:00.000039936,25.720001,64.82,206.035,3.404614e-05,2.572,155.0
2013-04-12 03:00:00.000039936,24.6912,64.82,206.035,3.47882e-05,3.0864,150.0
2013-04-12 06:00:00.000039936,23.148,64.82,206.035,3.5529305e-05,3.0864,155.0
2013-04-12 09:00:00.000039936,22.1192,64.82,186.58899,3.626943e-05,3.6008,160.0
2013-04-12 12:00:00.000039936,20.576,64.82,166.68001,3.700857e-05,3.6008,155.0
2013-04-12 15:00:00.000039936,19.5472,64.82,166.68001,3.7746686e-05,3.6008,160.0
2013-04-12 18:00:00.000039936,18.004,64.82,166.68001,3.8483773e-05,2.572,165.0
2013-04-12 21:00:00.000039936,18.004,64.82,166.68001,3.9219805e-05,2.572,0.0
2013-04-13 00:00:00.000039936,18.004,64.82,166.68001,3.9709896e-05,2.572,190.0
2013-04-13 03:00:00.000039936,18.004,70.376,166.68001,4.0444127e-05,3.0864,200.0
2013-04-13 06:00:00.000039936,18.004,74.08,166.68001,4.093299e-05,2.572,205.0
2013-04-13 09:00:00.000039936,22.1192,70.376,120.843,4.142137e-05,2.0576,215.0
2013-04-13 12:00:00.000039936,25.720001,64.82,74.08,4.1665367e-05,1.0288,215.0
2013-04-13 15:00:00.000039936,27.2632,64.82,81.488,4.1909232e-05,0.5144,0.0
2013-04-13 18:00:00.000039936,28.292,64.82,87.97,4.2152973e-05,0.5144,130.0
2013-04-13 21:00:00.000039936,29.835201,51.856,94.452,4.239659e-05,1.0288,130.0
2013-04-14 00:00:00.000039936,30.864,37.04,99.545006,4.2640077e-05,1.5432,135.0
2013-04-14 03:00:00.000039936,30.864,37.04,112.509,4.288343e-05,2.572,140.0
2013-04-14 06:00:00.000039936,30.864,37.04,125.01,4.3369746e-05,3.0864,135.0
2013-04-14 09:00:00.000039936,36.008,37.04,134.27,4.385554e-05,3.6008,135.0
2013-04-14 12:00:00.000039936,41.152,37.04,143.53,4.4340795e-05,4.1152,135.0
2013-04-14 15:00:00.000039936,41.152,37.04,154.179,4.506766e-05,4.1152,135.0
2013-04-14 18:00:00.000039936,41.152,37.04,164.36499,4.5793287e-05,4.1152,130.0
2013-04-14 21:00:00.000039936,41.152,37.04,164.36499,4.627635e-05,4.6296,130.0
2013-04-15 00:00:00.000039936,41.152,37.04,164.36499,4.6999867e-05,4.6296,135.0
2013-04-15 03:00:00.000039936,40.1232,37.04,163.439,4.796257e-05,4.1152,140.0
2013-04-15 06:00:00.000039936,38.58,37.04,162.04999,4.868306e-05,3.6008,140.0
2013-04-15 09:00:00.000039936,37.5512,37.04,155.568,4.916265e-05,3.0864,135.0
2013-04-15 12:00:00.000039936,36.008,37.04,148.16,4.9641636e-05,2.572,150.0
2013-04-15 15:00:00.000039936,33.436,42.596,148.16,5.012002e-05,2.0576,165.0
2013-04-15 18:00:00.000039936,30.864,46.3,148.16,5.059779e-05,1.5432,160.0
2013-04-15 21:00:00.000039936,27.2632,51.856,148.16,5.083645e-05,1.5432,145.0
2013-04-16 00:00:00.000039936,23.148,55.56,148.16,5.131329e-05,2.572,135.0
2013-04-16 03:00:00.000039936,22.1192,55.56,148.16,5.178951e-05,3.0864,140.0
2013-04-16 06:00:00.000039936,20.576,55.56,148.16,5.22651e-05,3.0864,155.0
