Time,Vmax,Rmax_IBT,R34,fcor,u_trans,v_trans
2010-03-23 00:00:00.000039936,18.004,64.82,74.08,3.1068776e-05,3.6008,225.0
2010-03-23 03:00:00.000039936,19.5472,64.82,74.08,3.1814445e-05,3.6008,235.0
2010-03-23 06:00:00.000039936,20.576,64.82,74.08,3.231108e-05,3.6008,235.0
2010-03-23 09:00:00.000039936,22.1192,64.82,79.636,3.280731e-05,4.1152,230.0
2010-03-23 12:00:00.000039936,23.148,64.82,83.34,3.3550914e-05,4.1152,225.0
2010-03-23 15:00:00.000039936,24.6912,55.56,83.34,3.4293596e-05,4.1152,220.0
2010-03-23 18:00:00.000039936,25.720001,46.3,83.34,3.5282377e-05,4.6296,220.0
2010-03-23 21:00:00.000039936,27.2632,42.596,88.895996,3.626943e-05,5.144,215.0
2010-03-24 00:00:00.000039936,28.292,37.04,92.6,3.7254722e-05,5.144,210.0
2010-03-24 03:00:00.000039936,29.835201,37.04,92.6,3.8238195e-05,5.144,205.0
2010-03-24 06:00:00.000039936,30.864,37.04,92.6,3.9464914e-05,5.6584,200.0
2010-03-24 09:00:00.000039936,32.4072,37.04,100.934,4.0688625e-05,5.6584,200.0
2010-03-24 12:00:00.000039936,33.436,37.04,108.80499,4.1909232e-05,6.1728,205.0
2010-03-24 15:00:00.000039936,34.979202,37.04,130.103,4.3126656e-05,5.6584,205.0
2010-03-24 18:00:00.000039936,36.008,37.04,150.475,4.409823e-05,5.144,195.0
2010-03-24 21:00:00.000039936,37.5512,37.04,161.587,4.5309676e-05,4.6296,175.0
2010-03-25 00:00:00.000039936,38.58,37.04,171.31,4.651767e-05,4.1152,170.0
2010-03-25 03:00:00.000039936,38.58,37.04,181.03299,4.748151e-05,4.1152,165.0
2010-03-25 06:00:00.000039936,38.58,37.04,189.83,4.8202877e-05,4.1152,160.0
2010-03-25 09:00:00.000039936,40.1232,42.596,188.904,4.916265e-05,3.6008,160.0
2010-03-25 12:00:00.000039936,41.152,46.3,187.51501,4.9880902e-05,2.572,165.0
2010-03-25 15:00:00.000039936,37.5512,46.3,196.775,5.035898e-05,2.0576,165.0
2010-03-25 18:00:00.000039936,33.436,46.3,206.035,5.083645e-05,2.0576,165.0
2010-03-25 21:00:00.000039936,29.835201,46.3,206.035,5.131329e-05,2.0576,160.0
2010-03-26 00:00:00.000039936,25.720001,46.3,206.035,5.155148e-05,2.0576,155.0
2010-03-26 03:00:00.000039936,24.6912,61.116,164.82799,5.2027382e-05,2.572,150.0
2010-03-26 06:00:00.000039936,23.148,74.08,122.69499,5.250265e-05,2.572,130.0
2010-03-26 09:00:00.000039936,20.576,74.08,122.69499,5.2740055e-05,2.572,115.0
