Time,Vmax,Rmax_IBT,R34,fcor,u_trans,v_trans
2020-03-10 12:00:00.000039936,18.004,46.3,74.08,3.5035337e-05,4.6296,155.0
2020-03-10 15:00:00.000039936,18.004,42.596,73.617004,3.6022833e-05,4.6296,160.0
2020-03-10 18:00:00.000039936,18.004,37.04,71.765,3.700857e-05,4.1152,160.0
2020-03-10 21:00:00.000039936,18.004,42.596,75.932,3.7992504e-05,4.1152,165.0
2020-03-11 00:00:00.000039936,18.004,46.3,78.71,3.897458e-05,4.6296,175.0
2020-03-11 03:00:00.000039936,18.004,70.376,80.562,3.995476e-05,5.144,190.0
2020-03-11 06:00:00.000039936,18.004,92.6,81.025,4.1177245e-05,5.6584,200.0
2020-03-11 09:00:00.000039936,19.5472,98.156,85.19199,4.2640077e-05,6.1728,205.0
2020-03-11 12:00:00.000039936,20.576,101.86,87.97,4.409823e-05,5.6584,210.0
2020-03-11 15:00:00.000039936,19.5472,92.6,88.43301,4.506766e-05,5.144,210.0
2020-03-11 18:00:00.000039936,18.004,83.34,87.97,4.6034886e-05,4.6296,220.0
2020-03-11 21:00:00.000039936,18.004,79.636,84.266,4.675884e-05,4.6296,225.0
2020-03-12 00:00:00.000039936,18.004,74.08,78.71,4.748151e-05,4.6296,210.0
2020-03-12 03:00:00.000039936,18.004,74.08,73.617,4.844305e-05,4.6296,190.0
2020-03-12 06:00:00.000039936,18.004,74.08,67.135,4.9641636e-05,5.144,185.0
2020-03-12 09:00:00.000039936,19.5472,74.08,59.727,5.083645e-05,5.6584,185.0
