Time,Vmax,Rmax_IBT,R34,fcor,u_trans,v_trans
2015-04-06 00:00:00.000039936,18.004,74.08,69.45,3.700857e-05,3.6008,285.0
2015-04-06 03:00:00.000039936,19.5472,79.636,75.932,3.67623e-05,3.0864,290.0
2015-04-06 06:00:00.000039936,20.576,83.34,81.024994,3.651592e-05,2.572,295.0
2015-04-06 09:00:00.000039936,22.1192,83.34,84.729004,3.626943e-05,2.0576,305.0
2015-04-06 12:00:00.000039936,23.148,83.34,87.96999,3.6022833e-05,2.0576,330.0
2015-04-06 15:00:00.000039936,22.1192,83.34,88.433,3.5529305e-05,2.0576,345.0
2015-04-06 18:00:00.000039936,20.576,83.34,87.97,3.5035337e-05,2.0576,0.0
2015-04-06 21:00:00.000039936,22.1192,74.08,103.712006,3.454095e-05,2.0576,35.0
2015-04-07 00:00:00.000039936,23.148,64.82,118.065,3.4293596e-05,2.572,90.0
2015-04-07 03:00:00.000039936,25.720001,64.82,118.065,3.454095e-05,2.572,130.0
2015-04-07 06:00:00.000039936,33.436,27.78,118.065,3.5282377e-05,2.0576,170.0
2015-04-07 09:00:00.000039936,36.008,24.076,148.62299,3.577612e-05,1.5432,165.0
2015-04-07 12:00:00.000039936,38.58,18.52,178.255,3.6022833e-05,2.0576,145.0
2015-04-07 15:00:00.000039936,38.58,18.52,178.255,3.626943e-05,2.572,140.0
2015-04-07 18:00:00.000039936,46.296,18.52,178.255,3.67623e-05,1.5432,125.0
2015-04-07 21:00:00.000039936,46.296,24.076,187.978,3.67623e-05,1.5432,65.0
2015-04-08 00:00:00.000039936,46.296,27.78,196.77501,3.651592e-05,2.0576,80.0
2015-04-08 03:00:00.000039936,45.2672,33.336,196.77501,3.651592e-05,3.0864,100.0
2015-04-08 06:00:00.000039936,43.724,37.04,196.77501,3.67623e-05,4.1152,115.0
2015-04-08 09:00:00.000039936,43.724,37.04,196.77501,3.7500762e-05,4.6296,130.0
2015-04-08 12:00:00.000039936,43.724,27.78,196.77501,3.8238195e-05,4.1152,140.0
2015-04-08 15:00:00.000039936,42.6952,25.928,196.77501,3.897458e-05,3.6008,150.0
2015-04-08 18:00:00.000039936,41.152,22.223999,196.77501,3.9709896e-05,2.572,150.0
2015-04-08 21:00:00.000039936,41.152,22.223999,196.77501,4.0199502e-05,1.5432,140.0
2015-04-09 00:00:00.000039936,41.152,22.223999,196.77501,4.0444127e-05,2.0576,145.0
2015-04-09 03:00:00.000039936,40.1232,22.223999,198.164,4.093299e-05,2.572,150.0
2015-04-09 06:00:00.000039936,38.58,22.223999,199.09001,4.142137e-05,2.572,160.0
2015-04-09 09:00:00.000039936,38.58,20.372,199.09001,4.1909232e-05,2.572,170.0
2015-04-09 12:00:00.000039936,38.58,18.52,199.09001,4.2640077e-05,3.0864,170.0
2015-04-09 15:00:00.000039936,38.58,18.52,175.477,4.3369746e-05,3.6008,170.0
2015-04-09 18:00:00.000039936,38.58,18.52,150.475,4.409823e-05,3.0864,170.0
2015-04-09 21:00:00.000039936,38.58,18.52,164.828,4.4825505e-05,2.0576,165.0
2015-04-10 00:00:00.000039936,38.58,18.52,178.25499,4.5309676e-05,2.0576,150.0
2015-04-10 03:00:00.000039936,38.58,18.52,182.885,4.5793287e-05,2.572,140.0
2015-04-10 06:00:00.000039936,38.58,18.52,187.515,4.627635e-05,2.572,145.0
2015-04-10 09:00:00.000039936,38.58,24.076,187.515,4.675884e-05,2.572,150.0
2015-04-10 12:00:00.000039936,38.58,27.78,187.515,4.7240763e-05,2.572,150.0
2015-04-10 15:00:00.000039936,38.58,27.78,211.128,4.7722115e-05,3.0864,145.0
2015-04-10 18:00:00.000039936,38.58,27.78,233.815,4.844305e-05,4.1152,145.0
2015-04-10 21:00:00.000039936,41.152,27.78,233.815,4.9402213e-05,4.6296,150.0
2015-04-11 00:00:00.000039936,43.724,27.78,233.815,5.035898e-05,5.144,155.0
2015-04-11 03:00:00.000039936,42.6952,27.78,233.815,5.155148e-05,4.6296,165.0
2015-04-11 06:00:00.000039936,41.152,27.78,233.815,5.250265e-05,4.1152,160.0
2015-04-11 09:00:00.000039936,41.152,27.78,233.815,5.321436e-05,4.1152,165.0
2015-04-11 12:00:00.000039936,41.152,27.78,233.815,5.4161024e-05,5.6584,170.0
2015-04-11 15:00:00.000039936,40.1232,29.632,224.555,5.581132e-05,7.2016,175.0
2015-04-11 18:00:00.000039936,38.58,31.484,215.295,5.768715e-05,7.2016,175.0
2015-04-11 21:00:00.000039936,36.008,44.447998,214.369,5.9319285e-05,7.2016,180.0
2015-04-12 00:00:00.000039936,33.436,55.56,212.98001,6.0711227e-05,7.2016,185.0
2015-04-12 03:00:00.000039936,32.4072,55.56,245.853,6.2326726e-05,7.2016,190.0
2015-04-12 06:00:00.000039936,30.864,55.56,277.8,6.370404e-05,6.1728,195.0
2015-04-12 09:00:00.000039936,29.835201,55.56,277.8,6.4846485e-05,5.144,200.0
2015-04-12 12:00:00.000039936,28.292,55.56,277.8,6.575688e-05,4.6296,205.0
2015-04-12 15:00:00.000039936,27.2632,55.56,276.874,6.666408e-05,4.1152,215.0
2015-04-12 18:00:00.000039936,25.720001,55.56,275.485,6.756802e-05,4.1152,220.0
2015-04-12 21:00:00.000039936,25.720001,61.116,292.153,6.8468675e-05,4.6296,225.0
2015-04-13 00:00:00.000039936,25.720001,64.82,307.89502,6.914198e-05,5.6584,225.0
2015-04-13 03:00:00.000039936,25.720001,64.82,307.89502,7.003676e-05,5.6584,225.0
2015-04-13 06:00:00.000039936,25.720001,64.82,307.89502,7.07056e-05,4.1152,210.0
2015-04-13 09:00:00.000039936,25.720001,64.82,307.89502,7.115043e-05,3.0864,175.0
2015-04-13 12:00:00.000039936,25.720001,64.82,307.89502,7.181604e-05,4.1152,165.0
2015-04-13 15:00:00.000039936,25.720001,64.82,307.89502,7.2921e-05,5.6584,165.0
2015-04-13 18:00:00.000039936,25.720001,64.82,307.89502,7.423962e-05,6.6872,160.0
2015-04-13 21:00:00.000039936,25.720001,64.82,307.89502,7.5550095e-05,7.2016,155.0
2015-04-14 00:00:00.000039936,25.720001,64.82,307.89502,7.70685e-05,7.2016,150.0
2015-04-14 03:00:00.000039936,27.2632,64.82,307.89502,7.814606e-05,7.716,145.0
