Time,Vmax,Rmax_IBT,R34,fcor,u_trans,v_trans
2021-02-25 18:00:00.000039936,18.004,101.86,171.31,3.47882e-05,9.2592,255.0
2021-02-25 21:00:00.000039936,20.576,116.676,182.88501,3.5282377e-05,9.2592,255.0
2021-02-26 00:00:00.000039936,23.148,129.64,194.45999,3.577612e-05,8.744801,260.0
2021-02-26 03:00:00.000039936,24.6912,120.38,199.09,3.6022833e-05,8.2304,265.0
2021-02-26 06:00:00.000039936,25.720001,111.12,203.72,3.6022833e-05,8.744801,265.0
2021-02-26 09:00:00.000039936,27.2632,83.34,204.183,3.626943e-05,8.744801,265.0
2021-02-26 12:00:00.000039936,28.292,55.56,203.72,3.651592e-05,7.2016,270.0
2021-02-26 15:00:00.000039936,29.835201,55.56,215.758,3.651592e-05,5.6584,265.0
2021-02-26 18:00:00.000039936,30.864,55.56,226.87,3.67623e-05,5.144,265.0
2021-02-26 21:00:00.000039936,30.864,51.856,255.113,3.700857e-05,5.144,255.0
2021-02-27 00:00:00.000039936,30.864,46.3,282.43,3.7254722e-05,5.144,245.0
2021-02-27 03:00:00.000039936,32.4072,42.596,278.263,3.7746686e-05,5.144,240.0
2021-02-27 06:00:00.000039936,33.436,37.04,273.17,3.8483773e-05,4.6296,230.0
2021-02-27 09:00:00.000039936,36.008,37.04,279.189,3.897458e-05,4.6296,230.0
2021-02-27 12:00:00.000039936,38.58,37.04,284.745,3.9709896e-05,4.6296,235.0
2021-02-27 15:00:00.000039936,40.1232,33.336,283.819,4.0444127e-05,4.6296,235.0
2021-02-27 18:00:00.000039936,41.152,27.78,282.43,4.1177245e-05,3.6008,230.0
2021-02-27 21:00:00.000039936,41.152,27.78,275.948,4.1665367e-05,3.0864,225.0
2021-02-28 00:00:00.000039936,41.152,27.78,268.53998,4.2152973e-05,2.572,230.0
2021-02-28 03:00:00.000039936,43.724,27.78,265.29898,4.239659e-05,2.572,235.0
2021-02-28 06:00:00.000039936,46.296,27.78,261.595,4.288343e-05,2.572,230.0
2021-02-28 09:00:00.000039936,48.868,33.336,268.54,4.3369746e-05,3.0864,225.0
2021-02-28 12:00:00.000039936,51.440002,37.04,275.485,4.385554e-05,2.572,230.0
2021-02-28 15:00:00.000039936,50.4112,37.04,277.8,4.409823e-05,2.572,245.0
2021-02-28 18:00:00.000039936,48.868,37.04,280.115,4.4340795e-05,2.572,255.0
2021-02-28 21:00:00.000039936,48.868,37.04,283.819,4.458322e-05,2.572,260.0
2021-03-01 00:00:00.000039936,48.868,37.04,287.06,4.458322e-05,2.0576,260.0
2021-03-01 03:00:00.000039936,47.8392,37.04,287.06,4.458322e-05,1.5432,255.0
2021-03-01 06:00:00.000039936,46.296,37.04,287.06,4.4825505e-05,2.0576,240.0
2021-03-01 09:00:00.000039936,46.296,37.04,287.523,4.506766e-05,2.0576,235.0
2021-03-01 12:00:00.000039936,46.296,37.04,287.06,4.5309676e-05,1.5432,225.0
2021-03-01 15:00:00.000039936,47.8392,37.04,272.244,4.5551555e-05,1.0288,205.0
2021-03-01 18:00:00.000039936,48.868,37.04,256.965,4.5793287e-05,1.0288,200.0
2021-03-01 21:00:00.000039936,47.8392,35.188,256.039,4.6034886e-05,1.0288,195.0
2021-03-02 00:00:00.000039936,46.296,31.484,254.65,4.627635e-05,0.5144,160.0
2021-03-02 03:00:00.000039936,46.296,31.484,253.724,4.651767e-05,1.0288,110.0
2021-03-02 06:00:00.000039936,46.296,31.484,252.335,4.651767e-05,1.5432,90.0
2021-03-02 09:00:00.000039936,43.724,31.484,262.98398,4.651767e-05,2.0576,90.0
2021-03-02 12:00:00.000039936,41.152,31.484,273.16998,4.651767e-05,1.5432,95.0
2021-03-02 15:00:00.000039936,37.5512,35.188,264.373,4.651767e-05,1.5432,100.0
2021-03-02 18:00:00.000039936,33.436,37.04,254.65001,4.675884e-05,1.5432,105.0
2021-03-02 21:00:00.000039936,29.835201,42.596,244.927,4.675884e-05,2.0576,105.0
2021-03-03 00:00:00.000039936,25.720001,46.3,233.815,4.6999867e-05,2.572,105.0
2021-03-03 03:00:00.000039936,25.720001,51.856,241.22299,4.7240763e-05,3.0864,110.0
2021-03-03 06:00:00.000039936,25.720001,55.56,247.70499,4.748151e-05,3.0864,105.0
2021-03-03 09:00:00.000039936,25.720001,61.116,243.53801,4.7722115e-05,3.0864,110.0
2021-03-03 12:00:00.000039936,25.720001,64.82,238.445,4.796257e-05,4.1152,125.0
2021-03-03 15:00:00.000039936,24.6912,64.82,233.352,4.844305e-05,5.144,135.0
2021-03-03 18:00:00.000039936,23.148,64.82,226.87001,4.916265e-05,4.6296,140.0
2021-03-03 21:00:00.000039936,22.1192,92.6,231.963,4.9880902e-05,4.1152,145.0
2021-03-04 00:00:00.000039936,20.576,120.38,236.12999,5.059779e-05,4.1152,145.0
2021-03-04 03:00:00.000039936,20.576,120.38,229.64801,5.155148e-05,4.1152,145.0
2021-03-04 06:00:00.000039936,20.576,120.38,222.23999,5.250265e-05,3.6008,145.0
2021-03-04 09:00:00.000039936,20.576,120.38,230.57399,5.2977284e-05,3.6008,145.0
2021-03-04 12:00:00.000039936,20.576,120.38,238.445,5.3688025e-05,4.1152,145.0
2021-03-04 15:00:00.000039936,20.576,120.38,231.5,5.4633376e-05,4.6296,150.0
2021-03-04 18:00:00.000039936,20.576,120.38,224.555,5.5576067e-05,4.1152,155.0
2021-03-04 21:00:00.000039936,22.1192,120.38,221.77701,5.6281307e-05,3.0864,165.0
2021-03-05 00:00:00.000039936,23.148,120.38,217.61002,5.698501e-05,3.6008,170.0
2021-03-05 03:00:00.000039936,23.148,120.38,229.648,5.7920843e-05,4.1152,170.0
2021-03-05 06:00:00.000039936,23.148,120.38,240.76001,5.8853857e-05,3.6008,160.0
2021-03-05 09:00:00.000039936,20.576,120.38,250.946,5.9551734e-05,3.6008,150.0
