Time,Vmax,Rmax_IBT,R34,fcor,u_trans,v_trans
2020-03-13 12:00:00.000039936,20.576,46.3,74.08,3.700857e-05,2.572,240.0
2020-03-13 15:00:00.000039936,22.1192,46.3,83.80299,3.7254722e-05,3.0864,255.0
2020-03-13 18:00:00.000039936,23.148,46.3,92.6,3.7500762e-05,3.0864,250.0
2020-03-13 21:00:00.000039936,25.720001,46.3,100.934,3.7992504e-05,2.572,240.0
2020-03-14 00:00:00.000039936,28.292,46.3,108.805,3.8238195e-05,1.5432,245.0
2020-03-14 03:00:00.000039936,29.835201,46.3,114.824,3.8238195e-05,0.5144,295.0
2020-03-14 06:00:00.000039936,30.864,46.3,120.38,3.7992504e-05,0.5144,0.0
2020-03-14 09:00:00.000039936,30.864,46.3,116.675995,3.7746686e-05,1.0288,30.0
2020-03-14 12:00:00.000039936,30.864,46.3,111.119995,3.7746686e-05,1.0288,75.0
2020-03-14 15:00:00.000039936,30.864,37.04,106.953,3.7746686e-05,1.0288,105.0
2020-03-14 18:00:00.000039936,30.864,27.78,101.86,3.7746686e-05,1.0288,90.0
2020-03-14 21:00:00.000039936,32.4072,27.78,108.341995,3.7746686e-05,1.0288,70.0
2020-03-15 00:00:00.000039936,33.436,27.78,113.435,3.7746686e-05,1.0288,95.0
2020-03-15 03:00:00.000039936,33.436,27.78,109.268,3.7746686e-05,1.5432,110.0
2020-03-15 06:00:00.000039936,33.436,27.78,104.174995,3.7746686e-05,2.0576,105.0
2020-03-15 09:00:00.000039936,33.436,33.336,111.583,3.7992504e-05,2.0576,105.0
2020-03-15 12:00:00.000039936,33.436,37.04,118.065,3.8238195e-05,2.572,105.0
2020-03-15 15:00:00.000039936,34.979202,33.336,121.769,3.8483773e-05,3.0864,105.0
2020-03-15 18:00:00.000039936,36.008,27.78,125.009995,3.8483773e-05,3.0864,100.0
2020-03-15 21:00:00.000039936,34.979202,27.78,129.177,3.8483773e-05,3.0864,100.0
2020-03-16 00:00:00.000039936,33.436,27.78,131.955,3.872924e-05,3.6008,100.0
2020-03-16 03:00:00.000039936,34.979202,24.076,132.41798,3.897458e-05,4.1152,100.0
2020-03-16 06:00:00.000039936,36.008,18.52,131.95499,3.9219805e-05,5.144,105.0
2020-03-16 09:00:00.000039936,37.5512,24.076,137.048,3.9709896e-05,6.1728,115.0
2020-03-16 12:00:00.000039936,38.58,27.78,141.215,4.0199502e-05,7.716,115.0
2020-03-16 15:00:00.000039936,40.1232,18.52,143.99301,4.093299e-05,8.744801,120.0
2020-03-16 18:00:00.000039936,41.152,9.26,145.845,4.1909232e-05,9.7736,120.0
2020-03-16 21:00:00.000039936,43.724,9.26,151.86401,4.3369746e-05,9.7736,125.0
2020-03-17 00:00:00.000039936,46.296,9.26,157.42,4.4825505e-05,10.288,125.0
2020-03-17 03:00:00.000039936,51.440002,9.26,168.995,4.627635e-05,10.288,125.0
2020-03-17 06:00:00.000039936,51.440002,22.223999,173.625,4.748151e-05,10.288,120.0
2020-03-17 09:00:00.000039936,48.868,25.928,170.847,4.868306e-05,9.7736,120.0
2020-03-17 12:00:00.000039936,46.296,27.78,166.68,4.9880902e-05,9.2592,120.0
2020-03-17 15:00:00.000039936,43.724,27.78,162.513,5.1074945e-05,8.744801,125.0
2020-03-17 18:00:00.000039936,41.152,27.78,157.41998,5.2027382e-05,8.744801,120.0
2020-03-17 21:00:00.000039936,38.58,37.04,154.642,5.321436e-05,8.744801,125.0
2020-03-18 00:00:00.000039936,36.008,46.3,150.475,5.4161024e-05,7.716,125.0
2020-03-18 03:00:00.000039936,33.436,51.856,149.549,5.5340646e-05,7.2016,130.0
2020-03-18 06:00:00.000039936,30.864,55.56,148.16,5.6281307e-05,6.6872,125.0
2020-03-18 09:00:00.000039936,29.835201,55.56,142.604,5.721923e-05,7.2016,120.0
2020-03-18 12:00:00.000039936,28.292,55.56,136.58499,5.7920843e-05,7.2016,120.0
2020-03-18 15:00:00.000039936,25.720001,55.56,134.733,5.862087e-05,7.2016,120.0
2020-03-18 18:00:00.000039936,23.148,55.56,131.955,5.9551734e-05,6.6872,120.0
2020-03-18 21:00:00.000039936,23.148,55.56,126.399,6.0479695e-05,6.1728,125.0
