Time,Vmax,Rmax_IBT,R34,fcor,u_trans,v_trans
2019-03-22 06:00:00.000039936,18.004,64.82,141.215,3.67623e-05,2.0576,0.0
2019-03-22 09:00:00.000039936,19.5472,64.82,159.272,3.7254722e-05,2.572,195.0
2019-03-22 12:00:00.000039936,20.576,64.82,175.94,3.7746686e-05,3.0864,200.0
2019-03-22 15:00:00.000039936,22.1192,64.82,193.534,3.8483773e-05,3.0864,200.0
2019-03-22 18:00:00.000039936,23.148,64.82,210.665,3.9219805e-05,2.572,190.0
2019-03-22 21:00:00.000039936,25.720001,55.56,213.443,3.995476e-05,2.0576,185.0
2019-03-23 00:00:00.000039936,28.292,46.3,215.295,4.0444127e-05,1.5432,205.0
2019-03-23 03:00:00.000039936,28.292,61.116,204.183,4.0688625e-05,1.0288,230.0
2019-03-23 06:00:00.000039936,28.292,74.08,192.14499,4.093299e-05,1.5432,225.0
2019-03-23 09:00:00.000039936,30.864,74.08,208.813,4.1177245e-05,2.0576,215.0
2019-03-23 12:00:00.000039936,33.436,74.08,224.555,4.142137e-05,2.0576,215.0
2019-03-23 15:00:00.000039936,34.979202,70.376,225.944,4.1909232e-05,1.5432,215.0
2019-03-23 18:00:00.000039936,36.008,64.82,226.87001,4.2152973e-05,1.5432,215.0
2019-03-23 21:00:00.000039936,38.58,55.56,224.092,4.239659e-05,1.0288,205.0
2019-03-24 00:00:00.000039936,41.152,46.3,219.925,4.2640077e-05,0.5144,190.0
2019-03-24 03:00:00.000039936,41.152,46.3,228.722,4.288343e-05,0.5144,135.0
2019-03-24 06:00:00.000039936,41.152,46.3,236.13,4.288343e-05,0.5144,115.0
2019-03-24 09:00:00.000039936,42.6952,33.336,235.20401,4.288343e-05,1.0288,125.0
2019-03-24 12:00:00.000039936,43.724,18.52,233.815,4.3126656e-05,1.0288,145.0
2019-03-24 15:00:00.000039936,46.296,14.816,216.68399,4.3369746e-05,1.5432,160.0
2019-03-24 18:00:00.000039936,48.868,9.26,199.09001,4.3612705e-05,1.5432,150.0
2019-03-24 21:00:00.000039936,48.868,18.52,225.018,4.385554e-05,1.5432,135.0
2019-03-25 00:00:00.000039936,48.868,27.78,250.01999,4.409823e-05,2.0576,120.0
2019-03-25 03:00:00.000039936,50.4112,27.78,248.16798,4.4340795e-05,2.572,120.0
2019-03-25 06:00:00.000039936,51.440002,27.78,245.39,4.4825505e-05,2.572,140.0
2019-03-25 09:00:00.000039936,52.9832,27.78,247.242,4.5309676e-05,2.572,155.0
2019-03-25 12:00:00.000039936,54.012,27.78,247.705,4.5793287e-05,2.0576,135.0
2019-03-25 15:00:00.000039936,54.012,27.78,231.963,4.6034886e-05,2.572,110.0
2019-03-25 18:00:00.000039936,54.012,27.78,215.295,4.627635e-05,2.572,125.0
2019-03-25 21:00:00.000039936,56.584,27.78,235.66699,4.675884e-05,3.0864,135.0
2019-03-26 00:00:00.000039936,59.156002,27.78,254.65,4.7240763e-05,3.0864,125.0
2019-03-26 03:00:00.000039936,59.156002,18.52,253.724,4.7722115e-05,3.0864,115.0
2019-03-26 06:00:00.000039936,59.156002,9.26,252.33499,4.796257e-05,3.6008,115.0
2019-03-26 09:00:00.000039936,60.6992,16.668,255.57602,4.8202877e-05,3.6008,120.0
2019-03-26 12:00:00.000039936,61.728,22.223999,256.965,4.868306e-05,3.6008,125.0
2019-03-26 15:00:00.000039936,60.6992,18.52,242.612,4.916265e-05,3.6008,130.0
2019-03-26 18:00:00.000039936,59.156002,12.964,226.87,4.9641636e-05,2.572,125.0
2019-03-26 21:00:00.000039936,56.584,12.964,234.278,4.9880902e-05,2.0576,120.0
2019-03-27 00:00:00.000039936,54.012,12.964,240.76,5.012002e-05,2.0576,110.0
2019-03-27 03:00:00.000039936,55.5552,18.52,244.927,5.035898e-05,2.0576,105.0
2019-03-27 06:00:00.000039936,56.584,22.223999,247.70499,5.035898e-05,2.0576,100.0
2019-03-27 09:00:00.000039936,56.584,22.223999,251.87201,5.035898e-05,2.0576,105.0
2019-03-27 12:00:00.000039936,56.584,22.223999,254.65,5.059779e-05,2.0576,110.0
2019-03-27 15:00:00.000039936,58.1272,25.928,273.17,5.083645e-05,2.0576,120.0
2019-03-27 18:00:00.000039936,59.156002,27.78,291.69,5.1074945e-05,1.5432,125.0
2019-03-27 21:00:00.000039936,60.6992,33.336,294.468,5.131329e-05,1.5432,135.0
2019-03-28 00:00:00.000039936,61.728,37.04,296.31998,5.155148e-05,2.0576,150.0
2019-03-28 03:00:00.000039936,60.6992,33.336,288.912,5.2027382e-05,2.0576,155.0
2019-03-28 06:00:00.000039936,59.156002,27.78,280.115,5.250265e-05,2.0576,165.0
2019-03-28 09:00:00.000039936,56.584,29.632,284.282,5.2977284e-05,2.0576,175.0
2019-03-28 12:00:00.000039936,54.012,31.484,287.06,5.345127e-05,2.0576,170.0
2019-03-28 15:00:00.000039936,51.440002,35.188,293.079,5.392461e-05,2.572,165.0
2019-03-28 18:00:00.000039936,48.868,37.04,298.63498,5.439729e-05,2.572,160.0
2019-03-28 21:00:00.000039936,47.8392,42.596,312.062,5.4869302e-05,2.572,160.0
2019-03-29 00:00:00.000039936,46.296,46.3,324.1,5.5576067e-05,2.572,155.0
2019-03-29 03:00:00.000039936,43.724,46.3,320.859,5.6281307e-05,2.0576,155.0
2019-03-29 06:00:00.000039936,41.152,46.3,317.155,5.6750614e-05,2.0576,155.0
2019-03-29 09:00:00.000039936,40.1232,46.3,316.69202,5.721923e-05,2.572,150.0
2019-03-29 12:00:00.000039936,38.58,46.3,314.84,5.768715e-05,3.0864,150.0
2019-03-29 15:00:00.000039936,37.5512,46.3,324.56302,5.8154368e-05,4.1152,150.0
2019-03-29 18:00:00.000039936,36.008,46.3,333.36,5.8853857e-05,3.6008,145.0
2019-03-29 21:00:00.000039936,34.979202,46.3,332.434,5.9551734e-05,3.6008,145.0
2019-03-30 00:00:00.000039936,33.436,46.3,331.04498,6.0479695e-05,4.1152,150.0
2019-03-30 03:00:00.000039936,32.4072,64.82,323.174,6.14047e-05,4.6296,150.0
2019-03-30 06:00:00.000039936,30.864,83.34,314.84,6.20965e-05,3.6008,155.0
2019-03-30 09:00:00.000039936,30.864,83.34,314.377,6.278661e-05,2.572,160.0
2019-03-30 12:00:00.000039936,30.864,83.34,312.525,6.324571e-05,2.572,160.0
2019-03-30 15:00:00.000039936,29.835201,79.636,275.948,6.393293e-05,3.0864,165.0
2019-03-30 18:00:00.000039936,28.292,74.08,238.445,6.461839e-05,2.0576,185.0
2019-03-30 21:00:00.000039936,27.2632,74.08,281.96698,6.4846485e-05,2.0576,215.0
2019-03-31 00:00:00.000039936,25.720001,74.08,324.1,6.507438e-05,2.0576,235.0
2019-03-31 03:00:00.000039936,23.148,74.08,278.72598,6.530208e-05,2.0576,245.0
2019-03-31 06:00:00.000039936,20.576,74.08,231.5,6.530208e-05,2.0576,260.0
2019-03-31 09:00:00.000039936,20.576,70.376,218.073,6.530208e-05,1.5432,270.0
