Time,Vmax,Rmax_IBT,R34,fcor,u_trans,v_trans
2006-04-13 00:00:00.000039936,20.576,55.56,120.380005,3.330315e-05,1.5432,240.0
2006-04-13 03:00:00.000039936,22.1192,55.56,120.380005,3.3550914e-05,2.0576,245.0
2006-04-13 06:00:00.000039936,23.148,55.56,120.380005,3.3550914e-05,1.5432,250.0
2006-04-13 09:00:00.000039936,23.148,55.56,120.380005,3.3550914e-05,1.5432,255.0
2006-04-13 12:00:00.000039936,23.148,55.56,120.380005,3.3550914e-05,1.5432,250.0
2006-04-13 15:00:00.000039936,23.148,51.856,115.75,3.3798577e-05,1.5432,235.0
2006-04-13 18:00:00.000039936,23.148,46.3,111.12,3.404614e-05,1.5432,225.0
2006-04-13 21:00:00.000039936,23.148,46.3,111.12,3.4293596e-05,2.0576,220.0
2006-04-14 00:00:00.000039936,23.148,46.3,111.12,3.47882e-05,2.0576,225.0
2006-04-14 03:00:00.000039936,24.6912,46.3,116.213,3.5282377e-05,2.572,230.0
2006-04-14 06:00:00.000039936,25.720001,46.3,120.37999,3.577612e-05,2.572,235.0
2006-04-14 09:00:00.000039936,25.720001,42.596,119.453995,3.626943e-05,2.572,235.0
2006-04-14 12:00:00.000039936,25.720001,37.04,118.065,3.67623e-05,3.6008,240.0
2006-04-14 15:00:00.000039936,25.720001,37.04,118.065,3.7254722e-05,4.1152,245.0
2006-04-14 18:00:00.000039936,25.720001,37.04,118.065,3.7500762e-05,4.1152,245.0
2006-04-14 21:00:00.000039936,24.6912,37.04,113.897995,3.7746686e-05,4.1152,250.0
2006-04-15 00:00:00.000039936,23.148,37.04,108.80499,3.7992504e-05,3.6008,255.0
2006-04-15 03:00:00.000039936,20.576,46.3,108.80499,3.7992504e-05,3.0864,255.0
2006-04-15 06:00:00.000039936,18.004,55.56,108.80499,3.8238195e-05,3.6008,250.0
2006-04-15 09:00:00.000039936,18.004,55.56,108.80499,3.8483773e-05,3.6008,240.0
