Time,Vmax,Rmax_IBT,R34,fcor,u_trans,v_trans
2009-03-18 06:00:00.000039936,25.720001,74.08,55.56,3.4293596e-05,6.1728,265.0
2009-03-18 09:00:00.000039936,27.2632,46.3,80.09901,3.4293596e-05,5.144,260.0
2009-03-18 12:00:00.000039936,28.292,18.52,104.175,3.454095e-05,5.6584,245.0
2009-03-18 15:00:00.000039936,30.864,18.52,104.175,3.5529305e-05,6.6872,235.0
2009-03-18 18:00:00.000039936,33.436,18.52,104.175,3.67623e-05,6.6872,230.0
2009-03-18 21:00:00.000039936,34.979202,18.52,113.435,3.7746686e-05,6.1728,230.0
2009-03-19 00:00:00.000039936,36.008,18.52,122.695,3.872924e-05,6.6872,235.0
2009-03-19 03:00:00.000039936,40.1232,24.076,142.141,3.9464914e-05,6.1728,240.0
2009-03-19 06:00:00.000039936,43.724,27.78,159.73499,3.995476e-05,5.144,240.0
2009-03-19 09:00:00.000039936,47.8392,24.076,181.496,4.0444127e-05,4.1152,245.0
2009-03-19 12:00:00.000039936,51.440002,18.52,201.405,4.093299e-05,4.1152,260.0
2009-03-19 15:00:00.000039936,51.440002,24.076,201.405,4.093299e-05,4.6296,275.0
2009-03-19 18:00:00.000039936,51.440002,27.78,201.405,4.093299e-05,4.1152,275.0
2009-03-19 21:00:00.000039936,50.4112,27.78,198.164,4.093299e-05,3.6008,275.0
2009-03-20 00:00:00.000039936,48.868,27.78,194.45999,4.0688625e-05,3.6008,275.0
2009-03-20 03:00:00.000039936,48.868,24.076,194.923,4.0444127e-05,3.6008,280.0
2009-03-20 06:00:00.000039936,48.868,18.52,194.46,4.0444127e-05,3.0864,280.0
2009-03-20 09:00:00.000039936,47.8392,24.076,196.312,4.0199502e-05,2.572,280.0
2009-03-20 12:00:00.000039936,46.296,27.78,196.77501,4.0199502e-05,3.0864,280.0
2009-03-20 15:00:00.000039936,46.296,33.336,170.384,3.995476e-05,3.6008,280.0
2009-03-20 18:00:00.000039936,46.296,37.04,143.53,3.995476e-05,3.6008,275.0
2009-03-20 21:00:00.000039936,46.296,37.04,139.82599,3.995476e-05,3.6008,265.0
2009-03-21 00:00:00.000039936,46.296,37.04,134.27,4.0199502e-05,4.1152,260.0
2009-03-21 03:00:00.000039936,45.2672,37.04,134.27,4.0444127e-05,4.1152,260.0
2009-03-21 06:00:00.000039936,43.724,37.04,134.27,4.0444127e-05,3.6008,260.0
2009-03-21 09:00:00.000039936,42.6952,37.04,134.27,4.0444127e-05,3.0864,265.0
2009-03-21 12:00:00.000039936,41.152,37.04,134.27,4.0444127e-05,3.6008,270.0
2009-03-21 15:00:00.000039936,40.1232,33.336,132.418,4.0444127e-05,4.1152,270.0
2009-03-21 18:00:00.000039936,38.58,27.78,129.64,4.0444127e-05,3.6008,265.0
2009-03-21 21:00:00.000039936,37.5512,27.78,125.936005,4.0444127e-05,3.6008,255.0
2009-03-22 00:00:00.000039936,36.008,27.78,120.37999,4.0688625e-05,3.6008,255.0
2009-03-22 03:00:00.000039936,36.008,27.78,120.37999,4.093299e-05,3.6008,255.0
2009-03-22 06:00:00.000039936,36.008,27.78,120.37999,4.1177245e-05,4.1152,250.0
2009-03-22 09:00:00.000039936,34.979202,24.076,120.37999,4.1665367e-05,4.6296,250.0
2009-03-22 12:00:00.000039936,33.436,18.52,120.37999,4.2152973e-05,5.144,250.0
2009-03-22 15:00:00.000039936,30.864,24.076,107.879005,4.2640077e-05,5.6584,255.0
2009-03-22 18:00:00.000039936,28.292,27.78,94.915,4.288343e-05,6.1728,260.0
2009-03-22 21:00:00.000039936,25.720001,27.78,94.915,4.3126656e-05,6.1728,260.0
2009-03-23 00:00:00.000039936,23.148,27.78,94.915,4.3369746e-05,6.1728,260.0
2009-03-23 03:00:00.000039936,22.1192,27.78,94.451996,4.3612705e-05,6.6872,260.0
2009-03-23 06:00:00.000039936,20.576,27.78,92.6,4.409823e-05,6.6872,250.0
2009-03-23 09:00:00.000039936,19.5472,27.78,92.6,4.4825505e-05,7.2016,245.0
2009-03-23 12:00:00.000039936,18.004,27.78,92.6,4.5551555e-05,7.716,245.0
2009-03-23 15:00:00.000039936,18.004,55.56,92.6,4.6034886e-05,7.2016,250.0
