Time,Vmax,Rmax_IBT,R34,fcor,u_trans,v_trans
2007-03-30 06:00:00.000039936,23.148,64.82,138.9,3.330315e-05,3.0864,260.0
2007-03-30 09:00:00.000039936,25.720001,55.56,138.9,3.3550914e-05,3.0864,255.0
2007-03-30 12:00:00.000039936,28.292,46.3,138.9,3.3798577e-05,3.0864,255.0
2007-03-30 15:00:00.000039936,29.835201,42.596,134.26999,3.404614e-05,3.0864,250.0
2007-03-30 18:00:00.000039936,30.864,37.04,129.64,3.4293596e-05,3.6008,250.0
2007-03-30 21:00:00.000039936,34.979202,33.336,144.456,3.454095e-05,4.1152,245.0
2007-03-31 00:00:00.000039936,38.58,27.78,157.42,3.5035337e-05,5.144,250.0
2007-03-31 03:00:00.000039936,42.6952,37.04,162.976,3.5282377e-05,5.144,255.0
2007-03-31 06:00:00.000039936,46.296,46.3,166.68,3.577612e-05,5.6584,255.0
2007-03-31 09:00:00.000039936,48.868,46.3,172.23601,3.626943e-05,5.6584,255.0
2007-03-31 12:00:00.000039936,51.440002,46.3,175.94,3.651592e-05,5.6584,255.0
2007-03-31 15:00:00.000039936,52.9832,37.04,183.34799,3.67623e-05,5.6584,260.0
2007-03-31 18:00:00.000039936,54.012,27.78,189.83,3.700857e-05,5.6584,265.0
2007-03-31 21:00:00.000039936,55.5552,27.78,189.83,3.700857e-05,5.6584,265.0
2007-04-01 00:00:00.000039936,56.584,27.78,189.83,3.7254722e-05,6.1728,265.0
2007-04-01 03:00:00.000039936,54.012,33.336,180.57,3.7500762e-05,6.1728,260.0
2007-04-01 06:00:00.000039936,51.440002,37.04,171.31,3.7746686e-05,6.1728,265.0
2007-04-01 09:00:00.000039936,51.440002,37.04,167.606,3.7992504e-05,6.1728,265.0
2007-04-01 12:00:00.000039936,51.440002,37.04,162.05,3.7992504e-05,5.6584,270.0
2007-04-01 15:00:00.000039936,50.4112,37.04,167.606,3.7992504e-05,5.6584,270.0
2007-04-01 18:00:00.000039936,48.868,37.04,171.31,3.7992504e-05,5.6584,270.0
2007-04-01 21:00:00.000039936,48.868,33.336,176.866,3.7746686e-05,5.144,275.0
2007-04-02 00:00:00.000039936,48.868,27.78,180.57,3.7746686e-05,5.144,270.0
2007-04-02 03:00:00.000039936,50.4112,27.78,180.57,3.7992504e-05,5.6584,265.0
2007-04-02 06:00:00.000039936,51.440002,27.78,180.57,3.8238195e-05,5.144,260.0
2007-04-02 09:00:00.000039936,52.9832,27.78,186.126,3.8483773e-05,5.144,265.0
2007-04-02 12:00:00.000039936,54.012,27.78,189.83,3.8483773e-05,5.144,270.0
2007-04-02 15:00:00.000039936,54.012,27.78,189.83,3.8238195e-05,5.144,280.0
2007-04-02 18:00:00.000039936,54.012,27.78,189.83,3.7992504e-05,5.144,280.0
2007-04-02 21:00:00.000039936,51.440002,33.336,189.83,3.7746686e-05,5.144,285.0
2007-04-03 00:00:00.000039936,48.868,37.04,189.83,3.7500762e-05,5.144,290.0
2007-04-03 03:00:00.000039936,45.2672,37.04,180.57,3.700857e-05,5.6584,290.0
2007-04-03 06:00:00.000039936,41.152,37.04,171.31,3.67623e-05,5.6584,280.0
