Time,Vmax,Rmax_IBT,R34,fcor,u_trans,v_trans
2021-03-01 00:00:00.000039936,18.004,74.08,78.71,4.3369746e-05,2.572,310.0
2021-03-01 03:00:00.000039936,19.5472,74.08,87.506996,4.288343e-05,3.6008,325.0
2021-03-01 06:00:00.000039936,20.576,74.08,94.91499,4.2152973e-05,3.0864,340.0
2021-03-01 09:00:00.000039936,20.576,70.376,97.693,4.142137e-05,2.572,5.0
2021-03-01 12:00:00.000039936,20.576,64.82,99.545,4.0444127e-05,3.6008,15.0
2021-03-01 15:00:00.000039936,22.1192,51.856,101.397,3.9709896e-05,4.6296,20.0
2021-03-01 18:00:00.000039936,23.148,37.04,101.86,3.897458e-05,3.6008,30.0
2021-03-01 21:00:00.000039936,23.148,42.596,102.323,3.8483773e-05,2.572,50.0
2021-03-02 00:00:00.000039936,23.148,46.3,101.86,3.7992504e-05,2.0576,60.0
2021-03-02 03:00:00.000039936,25.720001,46.3,108.805,3.7746686e-05,2.0576,60.0
2021-03-02 06:00:00.000039936,28.292,46.3,115.75,3.7500762e-05,1.5432,60.0
2021-03-02 09:00:00.000039936,28.292,51.856,120.843,3.7254722e-05,0.5144,45.0
2021-03-02 12:00:00.000039936,28.292,55.56,125.009995,3.7254722e-05,1.0288,320.0
2021-03-02 15:00:00.000039936,28.292,55.56,132.418,3.700857e-05,1.5432,300.0
2021-03-02 18:00:00.000039936,28.292,55.56,138.9,3.700857e-05,0.0,0.0
2021-03-02 21:00:00.000039936,29.835201,55.56,141.67801,3.700857e-05,1.0288,130.0
2021-03-03 00:00:00.000039936,30.864,55.56,143.53,3.7254722e-05,0.5144,165.0
2021-03-03 03:00:00.000039936,33.436,46.3,145.382,3.7254722e-05,1.0288,250.0
2021-03-03 06:00:00.000039936,36.008,37.04,145.845,3.7254722e-05,0.5144,255.0
2021-03-03 09:00:00.000039936,33.436,37.04,150.475,3.7254722e-05,0.5144,90.0
2021-03-03 12:00:00.000039936,30.864,37.04,155.105,3.7500762e-05,0.5144,90.0
2021-03-03 15:00:00.000039936,36.008,29.632,189.82999,3.7500762e-05,1.0288,105.0
2021-03-03 18:00:00.000039936,41.152,22.223999,224.55501,3.7500762e-05,1.5432,120.0
2021-03-03 21:00:00.000039936,42.6952,25.928,237.982,3.7746686e-05,2.572,125.0
2021-03-04 00:00:00.000039936,43.724,27.78,250.02,3.8238195e-05,3.6008,120.0
2021-03-04 03:00:00.000039936,46.296,25.928,268.077,3.872924e-05,4.6296,110.0
2021-03-04 06:00:00.000039936,48.868,22.223999,284.745,3.897458e-05,4.6296,100.0
2021-03-04 09:00:00.000039936,47.8392,22.223999,290.764,3.897458e-05,5.144,90.0
2021-03-04 12:00:00.000039936,46.296,22.223999,296.32,3.9219805e-05,7.716,95.0
2021-03-04 15:00:00.000039936,47.8392,22.223999,302.339,3.9464914e-05,10.288,100.0
2021-03-04 18:00:00.000039936,48.868,22.223999,307.895,3.995476e-05,10.802401,105.0
2021-03-04 21:00:00.000039936,54.012,22.223999,319.47,4.0688625e-05,10.802401,115.0
2021-03-05 00:00:00.000039936,59.156002,22.223999,331.04498,4.1909232e-05,11.8312,115.0
2021-03-05 03:00:00.000039936,63.271202,16.668,339.842,4.3369746e-05,12.860001,120.0
2021-03-05 06:00:00.000039936,66.872,9.26,347.25,4.4825505e-05,12.3456,115.0
2021-03-05 09:00:00.000039936,69.444,9.26,349.102,4.6034886e-05,11.8312,115.0
2021-03-05 12:00:00.000039936,72.016,9.26,349.565,4.6999867e-05,12.3456,115.0
2021-03-05 15:00:00.000039936,69.444,9.26,350.028,4.8202877e-05,12.3456,115.0
2021-03-05 18:00:00.000039936,66.872,9.26,349.565,4.9641636e-05,12.860001,120.0
2021-03-05 21:00:00.000039936,61.728,9.26,345.398,5.155148e-05,13.8888,125.0
2021-03-06 00:00:00.000039936,56.584,9.26,340.30502,5.345127e-05,14.4032,120.0
2021-03-06 03:00:00.000039936,55.5552,9.26,333.823,5.510506e-05,14.917601,120.0
2021-03-06 06:00:00.000039936,54.012,9.26,326.415,5.6750614e-05,15.432,120.0
2021-03-06 09:00:00.000039936,50.4112,9.26,320.859,5.862087e-05,16.4608,120.0
2021-03-06 12:00:00.000039936,46.296,9.26,314.84,6.0479695e-05,18.5184,120.0
2021-03-06 15:00:00.000039936,40.1232,9.26,290.764,6.255676e-05,19.0328,120.0
2021-03-06 18:00:00.000039936,33.436,9.26,266.225,6.43901e-05,15.9464,115.0
2021-03-06 21:00:00.000039936,30.864,61.116,246.779,6.575688e-05,15.432,115.0
2021-03-07 00:00:00.000039936,28.292,111.12,226.87,6.689037e-05,16.9752,110.0
2021-03-07 03:00:00.000039936,24.6912,111.12,208.34999,6.8468675e-05,18.004,110.0
