Time,Vmax,Rmax_IBT,R34,fcor,u_trans,v_trans
2010-04-02 18:00:00.000039936,20.576,27.78,69.450005,3.0820032e-05,2.572,0.0
2010-04-02 21:00:00.000039936,22.1192,27.78,69.450005,3.156599e-05,2.572,180.0
2010-04-03 00:00:00.000039936,23.148,27.78,69.450005,3.206281e-05,2.572,0.0
2010-04-03 03:00:00.000039936,24.6912,27.78,75.006004,3.2559245e-05,2.0576,0.0
2010-04-03 06:00:00.000039936,25.720001,27.78,78.71,3.305528e-05,2.0576,0.0
2010-04-03 09:00:00.000039936,25.720001,27.78,78.71,3.3550914e-05,2.0576,0.0
2010-04-03 12:00:00.000039936,25.720001,27.78,78.71,3.404614e-05,1.5432,180.0
2010-04-03 15:00:00.000039936,25.720001,27.78,81.488,3.454095e-05,2.0576,0.0
2010-04-03 18:00:00.000039936,25.720001,27.78,83.34,3.5035337e-05,2.0576,0.0
2010-04-03 21:00:00.000039936,25.720001,27.78,83.34,3.577612e-05,2.0576,190.0
2010-04-04 00:00:00.000039936,25.720001,27.78,83.34,3.626943e-05,2.0576,205.0
2010-04-04 03:00:00.000039936,27.2632,27.78,83.34,3.67623e-05,2.0576,225.0
2010-04-04 06:00:00.000039936,28.292,27.78,83.34,3.700857e-05,2.0576,230.0
2010-04-04 09:00:00.000039936,28.292,18.52,88.895996,3.7254722e-05,2.0576,235.0
2010-04-04 12:00:00.000039936,28.292,9.26,92.6,3.7500762e-05,2.572,230.0
2010-04-04 15:00:00.000039936,29.835201,24.076,112.509,3.7746686e-05,2.572,225.0
2010-04-04 18:00:00.000039936,30.864,37.04,131.955,3.8238195e-05,2.0576,200.0
2010-04-04 21:00:00.000039936,32.4072,37.04,131.955,3.872924e-05,2.572,175.0
2010-04-05 00:00:00.000039936,33.436,37.04,131.955,3.9464914e-05,2.572,160.0
2010-04-05 03:00:00.000039936,32.4072,37.04,124.084,3.995476e-05,2.572,150.0
2010-04-05 06:00:00.000039936,30.864,37.04,115.75,4.0444127e-05,2.572,125.0
2010-04-05 09:00:00.000039936,29.835201,33.336,115.75,4.0688625e-05,2.0576,95.0
2010-04-05 12:00:00.000039936,28.292,27.78,115.75,4.0688625e-05,1.5432,75.0
2010-04-05 15:00:00.000039936,27.2632,27.78,120.843,4.0444127e-05,1.0288,30.0
2010-04-05 18:00:00.000039936,25.720001,27.78,125.009995,4.0199502e-05,1.0288,350.0
2010-04-05 21:00:00.000039936,24.6912,27.78,121.306,3.995476e-05,1.5432,330.0
2010-04-06 00:00:00.000039936,23.148,27.78,115.75,3.9464914e-05,2.0576,325.0
2010-04-06 03:00:00.000039936,20.576,27.78,115.75,3.897458e-05,2.0576,320.0
