Time,Vmax,Rmax_IBT,R34,fcor,u_trans,v_trans
2006-04-17 03:00:00.000039936,18.004,46.3,46.3,3.0571195e-05,3.6008,225.0
2006-04-17 06:00:00.000039936,20.576,46.3,92.6,3.156599e-05,3.0864,230.0
2006-04-17 09:00:00.000039936,22.1192,33.336,129.64,3.231108e-05,3.0864,245.0
2006-04-17 12:00:00.000039936,23.148,18.52,166.68,3.2559245e-05,3.6008,255.0
2006-04-17 15:00:00.000039936,24.6912,18.52,157.883,3.280731e-05,4.1152,260.0
2006-04-17 18:00:00.000039936,25.720001,18.52,148.16,3.280731e-05,4.6296,265.0
2006-04-17 21:00:00.000039936,25.720001,24.076,143.99301,3.280731e-05,4.6296,265.0
2006-04-18 00:00:00.000039936,25.720001,27.78,138.9,3.280731e-05,4.6296,265.0
2006-04-18 03:00:00.000039936,27.2632,27.78,141.67801,3.280731e-05,4.6296,265.0
2006-04-18 06:00:00.000039936,28.292,27.78,143.53,3.280731e-05,4.6296,270.0
2006-04-18 09:00:00.000039936,29.835201,27.78,157.883,3.280731e-05,4.6296,275.0
2006-04-18 12:00:00.000039936,30.864,27.78,171.31,3.280731e-05,4.1152,280.0
2006-04-18 15:00:00.000039936,33.436,27.78,181.959,3.2559245e-05,3.6008,275.0
2006-04-18 18:00:00.000039936,36.008,27.78,192.145,3.231108e-05,3.6008,270.0
2006-04-18 21:00:00.000039936,41.152,27.78,189.367,3.231108e-05,3.6008,260.0
2006-04-19 00:00:00.000039936,46.296,27.78,185.2,3.2559245e-05,4.1152,250.0
2006-04-19 03:00:00.000039936,45.2672,24.076,174.08801,3.305528e-05,4.1152,245.0
