Time,Vmax,Rmax_IBT,R34,fcor,u_trans,v_trans
2019-04-05 00:00:00.000039936,18.004,74.08,150.47499,2.9076216e-05,3.6008,255.0
2019-04-05 03:00:00.000039936,18.004,74.08,157.883,2.9325609e-05,3.6008,265.0
2019-04-05 06:00:00.000039936,18.004,74.08,164.365,2.9325609e-05,4.1152,265.0
2019-04-05 09:00:00.000039936,19.5472,74.08,143.993,2.9325609e-05,4.6296,265.0
2019-04-05 12:00:00.000039936,20.576,74.08,122.695,2.9574905e-05,4.1152,265.0
2019-04-05 15:00:00.000039936,20.576,74.08,89.359,2.9574905e-05,3.6008,270.0
2019-04-05 18:00:00.000039936,20.576,74.08,55.559998,2.9824112e-05,4.1152,265.0
2019-04-05 21:00:00.000039936,22.1192,74.08,110.194,3.0073232e-05,4.6296,255.0
2019-04-06 00:00:00.000039936,23.148,74.08,164.36499,3.0322259e-05,4.6296,250.0
2019-04-06 03:00:00.000039936,23.148,70.376,164.36499,3.0820032e-05,5.144,250.0
2019-04-06 06:00:00.000039936,23.148,64.82,164.36499,3.131743e-05,5.144,250.0
2019-04-06 09:00:00.000039936,23.148,64.82,165.754,3.1814445e-05,5.6584,255.0
2019-04-06 12:00:00.000039936,23.148,64.82,166.68,3.231108e-05,5.6584,260.0
2019-04-06 15:00:00.000039936,23.148,64.82,147.234,3.2559245e-05,5.6584,260.0
2019-04-06 18:00:00.000039936,23.148,64.82,127.325,3.2559245e-05,5.6584,260.0
2019-04-06 21:00:00.000039936,23.148,64.82,127.787994,3.231108e-05,6.1728,260.0
2019-04-07 00:00:00.000039936,23.148,64.82,127.325,3.231108e-05,5.6584,260.0
2019-04-07 03:00:00.000039936,23.148,64.82,133.344,3.2559245e-05,5.144,255.0
2019-04-07 06:00:00.000039936,23.148,64.82,138.9,3.305528e-05,5.144,250.0
2019-04-07 09:00:00.000039936,23.148,64.82,138.9,3.3550914e-05,5.144,250.0
2019-04-07 12:00:00.000039936,23.148,64.82,138.9,3.404614e-05,5.144,250.0
2019-04-07 15:00:00.000039936,24.6912,64.82,137.048,3.47882e-05,5.6584,245.0
2019-04-07 18:00:00.000039936,25.720001,64.82,134.27,3.5529305e-05,5.6584,235.0
2019-04-07 21:00:00.000039936,25.720001,64.82,133.344,3.651592e-05,5.6584,225.0
2019-04-08 00:00:00.000039936,25.720001,64.82,131.955,3.7500762e-05,5.144,220.0
2019-04-08 03:00:00.000039936,27.2632,64.82,125.473,3.8238195e-05,4.6296,220.0
2019-04-08 06:00:00.000039936,28.292,64.82,118.064995,3.897458e-05,4.6296,220.0
2019-04-08 09:00:00.000039936,28.292,51.856,125.936005,3.9709896e-05,4.1152,225.0
2019-04-08 12:00:00.000039936,28.292,37.04,131.955,4.0444127e-05,3.6008,235.0
2019-04-08 15:00:00.000039936,29.835201,37.04,129.177,4.093299e-05,3.0864,250.0
2019-04-08 18:00:00.000039936,30.864,37.04,125.009995,4.093299e-05,2.572,265.0
2019-04-08 21:00:00.000039936,28.292,37.04,132.881,4.093299e-05,2.0576,275.0
2019-04-09 00:00:00.000039936,25.720001,37.04,138.9,4.0688625e-05,2.0576,275.0
2019-04-09 03:00:00.000039936,25.720001,46.3,140.289,4.0688625e-05,1.5432,265.0
2019-04-09 06:00:00.000039936,25.720001,55.56,141.215,4.093299e-05,2.0576,245.0
2019-04-09 09:00:00.000039936,24.6912,55.56,138.437,4.142137e-05,2.572,240.0
2019-04-09 12:00:00.000039936,23.148,55.56,134.26999,4.1909232e-05,4.1152,250.0
2019-04-09 15:00:00.000039936,22.1192,55.56,127.788,4.1909232e-05,5.144,255.0
2019-04-09 18:00:00.000039936,20.576,55.56,120.380005,4.1909232e-05,4.1152,260.0
2019-04-09 21:00:00.000039936,20.576,55.56,119.917,4.1909232e-05,3.0864,265.0
2019-04-10 00:00:00.000039936,20.576,55.56,118.064995,4.2152973e-05,3.6008,270.0
2019-04-10 03:00:00.000039936,19.5472,55.56,124.084,4.2152973e-05,4.1152,265.0
