Time,Vmax,Rmax_IBT,R34,fcor,u_trans,v_trans
2008-03-07 09:00:00.000039936,18.004,51.856,50.467003,3.0322259e-05,0.5144,295.0
2008-03-07 12:00:00.000039936,20.576,46.3,101.86,3.0322259e-05,0.5144,230.0
2008-03-07 15:00:00.000039936,22.1192,46.3,110.194,3.0322259e-05,1.5432,230.0
2008-03-07 18:00:00.000039936,23.148,46.3,118.064995,3.0571195e-05,2.0576,235.0
2008-03-07 21:00:00.000039936,24.6912,46.3,123.158005,3.0820032e-05,2.0576,245.0
2008-03-08 00:00:00.000039936,25.720001,46.3,127.325,3.1068776e-05,2.0576,240.0
2008-03-08 03:00:00.000039936,27.2632,42.596,132.418,3.131743e-05,2.0576,240.0
2008-03-08 06:00:00.000039936,28.292,37.04,136.58499,3.156599e-05,2.0576,240.0
2008-03-08 09:00:00.000039936,28.292,37.04,142.14099,3.1814445e-05,2.572,245.0
2008-03-08 12:00:00.000039936,28.292,37.04,145.845,3.231108e-05,4.1152,245.0
2008-03-08 15:00:00.000039936,28.292,42.596,145.845,3.280731e-05,5.144,245.0
2008-03-08 18:00:00.000039936,28.292,46.3,145.845,3.330315e-05,6.1728,245.0
2008-03-08 21:00:00.000039936,29.835201,46.3,145.845,3.3798577e-05,6.6872,245.0
2008-03-09 00:00:00.000039936,30.864,46.3,145.845,3.454095e-05,7.2016,245.0
2008-03-09 03:00:00.000039936,30.864,42.596,150.012,3.5035337e-05,6.6872,250.0
2008-03-09 06:00:00.000039936,30.864,37.04,152.79001,3.5529305e-05,6.6872,250.0
2008-03-09 09:00:00.000039936,32.4072,37.04,152.79001,3.6022833e-05,6.1728,250.0
2008-03-09 12:00:00.000039936,33.436,37.04,152.79001,3.67623e-05,6.1728,245.0
2008-03-09 15:00:00.000039936,34.979202,37.04,155.568,3.7500762e-05,6.1728,245.0
2008-03-09 18:00:00.000039936,36.008,37.04,157.42,3.8238195e-05,6.1728,240.0
2008-03-09 21:00:00.000039936,40.1232,37.04,162.976,3.897458e-05,6.6872,235.0
2008-03-10 00:00:00.000039936,43.724,37.04,166.68,3.995476e-05,6.1728,225.0
2008-03-10 03:00:00.000039936,45.2672,27.78,172.69899,4.1177245e-05,6.1728,215.0
2008-03-10 06:00:00.000039936,46.296,18.52,178.255,4.239659e-05,6.6872,205.0
2008-03-10 09:00:00.000039936,51.440002,18.52,196.775,4.385554e-05,6.6872,200.0
2008-03-10 12:00:00.000039936,56.584,18.52,215.295,4.5309676e-05,6.6872,195.0
2008-03-10 15:00:00.000039936,58.1272,18.52,200.479,4.675884e-05,6.6872,195.0
2008-03-10 18:00:00.000039936,59.156002,18.52,185.20001,4.844305e-05,6.6872,190.0
2008-03-10 21:00:00.000039936,59.156002,24.076,185.20001,4.9880902e-05,6.6872,185.0
2008-03-11 00:00:00.000039936,59.156002,27.78,185.20001,5.155148e-05,7.2016,185.0
2008-03-11 03:00:00.000039936,55.5552,27.78,215.758,5.321436e-05,7.2016,0.0
2008-03-11 06:00:00.000039936,51.440002,27.78,245.39,5.4633376e-05,6.6872,180.0
2008-03-11 09:00:00.000039936,46.296,27.78,242.149,5.6046403e-05,6.1728,175.0
2008-03-11 12:00:00.000039936,41.152,27.78,238.445,5.7453286e-05,5.144,170.0
2008-03-11 15:00:00.000039936,38.58,27.78,235.204,5.8853857e-05,4.6296,160.0
2008-03-11 18:00:00.000039936,36.008,27.78,231.5,6.0016075e-05,4.6296,145.0
2008-03-11 21:00:00.000039936,29.835201,33.336,209.276,6.0942573e-05,4.6296,130.0
