Time,Vmax,Rmax_IBT,R34,fcor,u_trans,v_trans
2024-05-01 12:00:00.000039936,18.004,64.82,80.562004,2.1808535e-05,1.0288,230.0
2024-05-01 15:00:00.000039936,18.004,64.82,82.877,2.206018e-05,1.5432,225.0
2024-05-01 18:00:00.000039936,18.004,64.82,84.729004,2.231176e-05,2.0576,220.0
2024-05-01 21:00:00.000039936,18.004,53.708,96.767,2.2814716e-05,2.0576,225.0
2024-05-02 00:00:00.000039936,18.004,40.744,108.34201,2.306609e-05,2.0576,260.0
2024-05-02 03:00:00.000039936,20.576,37.04,117.602,2.2814716e-05,2.0576,295.0
2024-05-02 06:00:00.000039936,23.148,31.484,126.862,2.2563274e-05,1.5432,315.0
2024-05-02 09:00:00.000039936,24.6912,27.78,131.02899,2.231176e-05,1.0288,335.0
2024-05-02 12:00:00.000039936,26.2344,22.223999,135.196,2.206018e-05,1.0288,305.0
2024-05-02 15:00:00.000039936,27.2632,22.223999,132.418,2.206018e-05,1.5432,270.0
2024-05-02 18:00:00.000039936,27.7776,22.223999,129.177,2.206018e-05,2.0576,255.0
2024-05-02 21:00:00.000039936,32.9216,20.372,129.64,2.231176e-05,2.572,260.0
2024-05-03 00:00:00.000039936,38.0656,18.52,129.177,2.231176e-05,3.0864,285.0
2024-05-03 03:00:00.000039936,39.6088,18.52,129.177,2.1808535e-05,3.6008,305.0
2024-05-03 06:00:00.000039936,41.152,18.52,129.177,2.130504e-05,3.6008,300.0
2024-05-03 09:00:00.000039936,39.6088,20.372,129.177,2.1053198e-05,3.6008,285.0
2024-05-03 12:00:00.000039936,38.0656,22.223999,129.177,2.0801292e-05,3.6008,280.0
2024-05-03 15:00:00.000039936,34.4648,31.484,121.306,2.0549318e-05,3.0864,280.0
2024-05-03 18:00:00.000039936,30.864,40.744,112.972,2.0549318e-05,3.0864,285.0
2024-05-03 21:00:00.000039936,29.3208,53.708,112.972,2.0297284e-05,3.0864,290.0
2024-05-04 00:00:00.000039936,27.7776,64.82,112.972,2.0045187e-05,4.1152,285.0
2024-05-04 03:00:00.000039936,29.3208,53.708,107.416,1.9793031e-05,5.144,280.0
2024-05-04 06:00:00.000039936,30.864,40.744,100.934006,1.9540814e-05,5.6584,275.0
