Time,Vmax,Rmax_IBT,R34,fcor,u_trans,v_trans
2015-04-10 00:00:00.000039936,23.148,92.6,64.82,3.5282377e-05,4.6296,205.0
2015-04-10 03:00:00.000039936,23.148,83.34,76.395,3.651592e-05,5.6584,185.0
2015-04-10 06:00:00.000039936,23.148,74.08,87.97,3.7746686e-05,5.144,0.0
2015-04-10 09:00:00.000039936,24.6912,64.82,93.063,3.872924e-05,4.6296,170.0
2015-04-10 12:00:00.000039936,25.720001,55.56,97.23,3.9709896e-05,4.6296,165.0
2015-04-10 15:00:00.000039936,27.2632,51.856,97.23,4.0444127e-05,4.6296,165.0
2015-04-10 18:00:00.000039936,28.292,46.3,97.23,4.142137e-05,5.144,160.0
2015-04-10 20:00:00.000053248,28.292,42.596,100.934,4.239659e-05,5.6584,155.0
2015-04-10 21:00:00.000039936,28.292,42.596,102.785995,4.288343e-05,5.144,150.0
2015-04-11 00:00:00.000039936,28.292,37.04,106.49,4.409823e-05,4.1152,155.0
2015-04-11 03:00:00.000039936,27.2632,37.04,106.49,4.458322e-05,4.1152,155.0
2015-04-11 06:00:00.000039936,25.720001,37.04,106.49,4.506766e-05,5.6584,130.0
2015-04-11 09:00:00.000039936,25.720001,42.596,115.287,4.5793287e-05,6.1728,110.0
