Time,Vmax,Rmax_IBT,R34,fcor,u_trans,v_trans
2014-04-05 00:00:00.000039936,20.576,74.08,78.71,2.9574905e-05,1.0288,240.0
2014-04-05 03:00:00.000039936,20.576,74.08,78.71,2.9574905e-05,1.5432,250.0
2014-04-05 06:00:00.000039936,20.576,74.08,78.71,2.9824112e-05,1.5432,250.0
2014-04-05 09:00:00.000039936,20.576,74.08,78.71,3.0073232e-05,2.0576,250.0
2014-04-05 12:00:00.000039936,20.576,74.08,78.71,3.0322259e-05,3.0864,250.0
2014-04-05 15:00:00.000039936,20.576,70.376,86.118,3.0571195e-05,3.6008,255.0
2014-04-05 18:00:00.000039936,20.576,64.82,92.600006,3.0820032e-05,4.1152,265.0
2014-04-05 21:00:00.000039936,20.576,64.82,108.341995,3.0820032e-05,3.6008,275.0
2014-04-06 00:00:00.000039936,20.576,64.82,122.69499,3.0571195e-05,2.0576,275.0
2014-04-06 03:00:00.000039936,22.1192,64.82,114.824005,3.0571195e-05,0.5144,270.0
2014-04-06 06:00:00.000039936,23.148,64.82,106.490005,3.0571195e-05,0.5144,260.0
2014-04-06 09:00:00.000039936,23.148,64.82,106.490005,3.0571195e-05,1.0288,255.0
2014-04-06 12:00:00.000039936,23.148,64.82,106.490005,3.0820032e-05,1.0288,245.0
2014-04-06 15:00:00.000039936,23.148,64.82,125.473,3.1068776e-05,1.0288,245.0
2014-04-06 18:00:00.000039936,23.148,64.82,143.53,3.1068776e-05,1.0288,260.0
2014-04-06 21:00:00.000039936,23.148,64.82,143.53,3.1068776e-05,1.0288,305.0
2014-04-07 00:00:00.000039936,23.148,64.82,143.53,3.0820032e-05,1.0288,345.0
2014-04-07 03:00:00.000039936,23.148,64.82,143.53,3.0322259e-05,1.0288,25.0
2014-04-07 06:00:00.000039936,25.720001,64.82,143.53,3.0073232e-05,0.5144,55.0
2014-04-07 09:00:00.000039936,28.292,64.82,143.53,3.0322259e-05,1.0288,330.0
2014-04-07 12:00:00.000039936,28.292,55.56,143.53,2.9824112e-05,2.0576,310.0
2014-04-07 15:00:00.000039936,29.835201,55.56,150.93799,2.9574905e-05,1.5432,290.0
2014-04-07 18:00:00.000039936,30.864,55.56,157.42,2.9574905e-05,1.5432,285.0
2014-04-07 21:00:00.000039936,32.4072,55.56,157.42,2.9325609e-05,1.5432,290.0
2014-04-08 00:00:00.000039936,33.436,55.56,157.42,2.9325609e-05,1.5432,295.0
2014-04-08 03:00:00.000039936,33.436,55.56,164.36499,2.9076216e-05,1.5432,300.0
2014-04-08 06:00:00.000039936,33.436,55.56,171.31,2.9076216e-05,1.5432,300.0
2014-04-08 09:00:00.000039936,33.436,55.56,171.31,2.882674e-05,1.5432,290.0
2014-04-08 12:00:00.000039936,33.436,55.56,171.31,2.882674e-05,1.5432,280.0
2014-04-08 15:00:00.000039936,34.979202,46.3,178.25499,2.882674e-05,2.0576,270.0
2014-04-08 18:00:00.000039936,36.008,37.04,185.2,2.882674e-05,3.0864,270.0
2014-04-08 21:00:00.000039936,37.5512,37.04,190.75598,2.882674e-05,4.1152,275.0
2014-04-09 00:00:00.000039936,38.58,37.04,194.45999,2.882674e-05,4.1152,275.0
2014-04-09 03:00:00.000039936,40.1232,37.04,194.45999,2.857718e-05,3.6008,275.0
2014-04-09 06:00:00.000039936,41.152,37.04,194.45999,2.857718e-05,4.1152,265.0
2014-04-09 09:00:00.000039936,43.724,37.04,206.498,2.882674e-05,4.6296,260.0
2014-04-09 12:00:00.000039936,46.296,37.04,217.61,2.9076216e-05,4.6296,260.0
2014-04-09 15:00:00.000039936,47.8392,37.04,217.61,2.9325609e-05,4.1152,255.0
2014-04-09 18:00:00.000039936,48.868,37.04,217.61,2.9574905e-05,4.1152,245.0
2014-04-09 21:00:00.000039936,51.440002,37.04,217.61,3.0073232e-05,4.6296,240.0
2014-04-10 00:00:00.000039936,54.012,37.04,217.61,3.0571195e-05,4.6296,240.0
2014-04-10 03:00:00.000039936,58.1272,27.78,227.333,3.1068776e-05,4.6296,240.0
2014-04-10 06:00:00.000039936,61.728,18.52,236.13,3.156599e-05,4.1152,245.0
2014-04-10 09:00:00.000039936,66.872,18.52,245.38998,3.1814445e-05,3.6008,250.0
2014-04-10 12:00:00.000039936,72.016,18.52,254.65,3.231108e-05,3.0864,235.0
2014-04-10 15:00:00.000039936,72.016,20.372,254.65,3.280731e-05,3.0864,220.0
2014-04-10 18:00:00.000039936,72.016,22.223999,254.65,3.330315e-05,3.0864,215.0
2014-04-10 21:00:00.000039936,70.9872,22.223999,254.65,3.404614e-05,3.0864,215.0
2014-04-11 00:00:00.000039936,69.444,22.223999,254.65,3.47882e-05,3.6008,210.0
2014-04-11 03:00:00.000039936,66.872,20.372,239.83398,3.5529305e-05,3.6008,205.0
2014-04-11 06:00:00.000039936,64.3,18.52,224.555,3.626943e-05,3.6008,200.0
2014-04-11 09:00:00.000039936,55.5552,18.52,224.555,3.67623e-05,3.0864,195.0
2014-04-11 11:00:00.000053248,49.3824,18.52,224.555,3.7254722e-05,2.572,205.0
