Time,Vmax,Rmax_IBT,R34,fcor,u_trans,v_trans
2003-03-05 18:00:00.000040448,20.576,92.6,157.42,2.7578055e-05,1.0288,275.0
2003-03-05 21:00:00.000040448,20.576,88.895996,160.198,2.7827968e-05,1.5432,245.0
2003-03-06 00:00:00.000040448,20.576,83.34,162.04999,2.807779e-05,2.0576,240.0
2003-03-06 03:00:00.000040448,22.1192,83.34,163.439,2.807779e-05,2.0576,245.0
2003-03-06 06:00:00.000040448,23.148,83.34,164.36499,2.8327528e-05,2.572,245.0
2003-03-06 09:00:00.000040448,25.720001,74.08,164.36499,2.857718e-05,3.0864,245.0
2003-03-06 12:00:00.000040448,28.292,64.82,164.36499,2.9076216e-05,3.0864,245.0
2003-03-06 15:00:00.000040448,28.292,64.82,172.699,2.9574905e-05,3.6008,245.0
2003-03-06 18:00:00.000040448,28.292,64.82,180.57,2.9824112e-05,3.6008,245.0
2003-03-06 21:00:00.000040448,30.864,64.82,180.57,3.0073232e-05,4.1152,240.0
2003-03-07 00:00:00.000040448,33.436,64.82,180.57,3.0571195e-05,4.1152,240.0
2003-03-07 03:00:00.000040448,36.008,51.856,196.775,3.1068776e-05,4.6296,240.0
2003-03-07 06:00:00.000040448,38.58,37.04,212.98,3.156599e-05,4.6296,240.0
2003-03-07 09:00:00.000040448,45.2672,37.04,212.98,3.206281e-05,4.6296,240.0
2003-03-07 12:00:00.000040448,51.440002,37.04,212.98,3.280731e-05,4.6296,240.0
2003-03-07 15:00:00.000040448,52.9832,42.596,208.35,3.330315e-05,4.6296,245.0
2003-03-07 18:00:00.000040448,54.012,46.3,203.72,3.3798577e-05,4.1152,245.0
2003-03-07 21:00:00.000040448,60.6992,46.3,217.61,3.4293596e-05,4.1152,250.0
2003-03-08 00:00:00.000040448,66.872,46.3,231.5,3.454095e-05,4.1152,250.0
2003-03-08 03:00:00.000040448,69.444,46.3,229.648,3.47882e-05,4.1152,250.0
2003-03-08 06:00:00.000040448,72.016,46.3,226.87,3.5282377e-05,4.1152,245.0
2003-03-08 09:00:00.000040448,69.444,46.3,229.648,3.577612e-05,4.1152,240.0
2003-03-08 12:00:00.000040448,66.872,46.3,231.5,3.626943e-05,3.6008,235.0
2003-03-08 15:00:00.000040448,66.872,46.3,231.5,3.67623e-05,3.0864,230.0
2003-03-08 18:00:00.000040448,66.872,46.3,231.5,3.7254722e-05,3.6008,225.0
2003-03-08 21:00:00.000040448,64.3,46.3,231.5,3.7746686e-05,3.6008,220.0
2003-03-09 00:00:00.000040448,61.728,46.3,231.5,3.8483773e-05,3.6008,225.0
2003-03-09 03:00:00.000040448,61.728,42.596,231.5,3.897458e-05,3.0864,230.0
2003-03-09 06:00:00.000040448,61.728,37.04,231.5,3.9464914e-05,2.572,225.0
2003-03-09 09:00:00.000040448,60.6992,37.04,226.87,3.995476e-05,2.572,220.0
2003-03-09 12:00:00.000040448,59.156002,37.04,222.23999,4.0444127e-05,2.572,225.0
2003-03-09 15:00:00.000040448,59.156002,37.04,217.61002,4.093299e-05,2.572,230.0
2003-03-09 18:00:00.000040448,59.156002,37.04,212.98001,4.1177245e-05,2.572,235.0
2003-03-09 21:00:00.000040448,59.156002,27.78,207.887,4.142137e-05,2.572,230.0
2003-03-10 00:00:00.000040448,59.156002,18.52,201.40501,4.1909232e-05,2.572,230.0
2003-03-10 03:00:00.000040448,59.156002,18.52,201.40501,4.2152973e-05,2.572,230.0
2003-03-10 06:00:00.000040448,59.156002,18.52,201.40501,4.2640077e-05,2.572,225.0
2003-03-10 09:00:00.000040448,55.5552,27.78,201.40501,4.3126656e-05,2.572,220.0
2003-03-10 12:00:00.000040448,51.440002,37.04,201.40501,4.3612705e-05,2.572,225.0
2003-03-10 15:00:00.000040448,51.440002,37.04,201.40501,4.409823e-05,2.572,230.0
2003-03-10 18:00:00.000040448,51.440002,37.04,201.40501,4.4340795e-05,2.572,235.0
2003-03-10 21:00:00.000040448,51.440002,37.04,203.25699,4.458322e-05,2.572,240.0
2003-03-11 00:00:00.000040448,51.440002,37.04,203.72,4.4825505e-05,2.0576,240.0
2003-03-11 03:00:00.000040448,51.440002,37.04,203.72,4.506766e-05,2.0576,240.0
2003-03-11 06:00:00.000040448,51.440002,37.04,203.72,4.5309676e-05,2.0576,235.0
2003-03-11 09:00:00.000040448,51.440002,37.04,203.72,4.5551555e-05,2.0576,225.0
2003-03-11 12:00:00.000040448,51.440002,37.04,203.72,4.6034886e-05,2.0576,225.0
2003-03-11 15:00:00.000040448,51.440002,37.04,203.72,4.627635e-05,2.0576,230.0
2003-03-11 18:00:00.000040448,51.440002,37.04,203.72,4.651767e-05,2.0576,240.0
2003-03-11 21:00:00.000040448,52.9832,37.04,206.035,4.675884e-05,2.0576,240.0
2003-03-12 00:00:00.000040448,54.012,37.04,208.35,4.6999867e-05,1.5432,230.0
2003-03-12 03:00:00.000040448,54.012,37.04,208.35,4.7240763e-05,2.0576,210.0
2003-03-12 06:00:00.000040448,54.012,37.04,208.35,4.7722115e-05,2.0576,205.0
2003-03-12 09:00:00.000040448,54.012,37.04,208.35,4.8202877e-05,2.572,200.0
2003-03-12 12:00:00.000040448,54.012,37.04,208.35,4.868306e-05,2.572,195.0
2003-03-12 15:00:00.000040448,50.4112,37.04,202.794,4.916265e-05,2.572,185.0
2003-03-12 18:00:00.000040448,46.296,37.04,196.77501,4.9880902e-05,2.572,175.0
2003-03-12 21:00:00.000040448,46.296,37.04,196.77501,5.035898e-05,2.572,165.0
2003-03-13 00:00:00.000040448,46.296,37.04,196.77501,5.1074945e-05,2.572,165.0
2003-03-13 03:00:00.000040448,46.296,37.04,196.77501,5.178951e-05,3.0864,165.0
2003-03-13 06:00:00.000040448,46.296,37.04,196.77501,5.250265e-05,3.6008,165.0
2003-03-13 09:00:00.000040448,45.2672,37.04,196.77501,5.321436e-05,4.1152,165.0
2003-03-13 12:00:00.000040448,43.724,37.04,196.77501,5.4161024e-05,4.1152,160.0
2003-03-13 15:00:00.000040448,42.6952,37.04,206.035,5.4869302e-05,4.1152,160.0
2003-03-13 18:00:00.000040448,41.152,37.04,215.29498,5.5576067e-05,4.1152,165.0
2003-03-13 21:00:00.000040448,37.5512,37.04,215.29498,5.6516048e-05,4.1152,175.0
2003-03-14 00:00:00.000040448,33.436,37.04,215.29498,5.7453286e-05,4.1152,170.0
2003-03-14 03:00:00.000040448,33.436,37.04,228.259,5.83877e-05,4.1152,165.0
2003-03-14 06:00:00.000040448,33.436,37.04,240.75998,5.9319285e-05,4.1152,165.0
2003-03-14 09:00:00.000040448,30.864,46.3,210.66501,6.0247978e-05,4.1152,170.0
2003-03-14 12:00:00.000040448,28.292,55.56,180.56999,6.1173734e-05,4.1152,170.0
2003-03-14 15:00:00.000040448,27.2632,55.56,180.56999,6.20965e-05,4.1152,170.0
2003-03-14 18:00:00.000040448,25.720001,55.56,180.56999,6.3016254e-05,4.1152,165.0
2003-03-14 21:00:00.000040448,23.148,55.56,180.56999,6.393293e-05,4.6296,160.0
2003-03-15 00:00:00.000040448,20.576,55.56,180.56999,6.507438e-05,5.144,155.0
2003-03-15 03:00:00.000040448,19.5472,55.56,180.56999,6.621089e-05,5.6584,155.0
