Time,Vmax,Rmax_IBT,R34,fcor,u_trans,v_trans
2020-03-14 18:00:00.000039936,23.148,157.42,206.035,4.7240763e-05,9.7736,125.0
2020-03-14 21:00:00.000039936,25.720001,129.64,214.832,4.868306e-05,10.288,135.0
2020-03-15 00:00:00.000039936,28.292,101.86,222.23999,5.035898e-05,11.3168,135.0
2020-03-15 03:00:00.000039936,30.864,98.156,279.652,5.2027382e-05,12.3456,130.0
2020-03-15 06:00:00.000039936,33.436,92.6,335.675,5.392461e-05,12.3456,130.0
2020-03-15 09:00:00.000039936,32.4072,83.34,340.768,5.5576067e-05,12.3456,130.0
2020-03-15 12:00:00.000039936,30.864,74.08,344.935,5.721923e-05,14.4032,130.0
2020-03-15 15:00:00.000039936,29.835201,92.6,365.307,5.9319285e-05,14.917601,130.0
2020-03-15 18:00:00.000039936,28.292,111.12,384.29,6.14047e-05,13.3744,135.0
2020-03-15 21:00:00.000039936,27.2632,120.38,396.328,6.370404e-05,12.860001,135.0
2020-03-16 00:00:00.000039936,25.720001,129.64,407.44,6.575688e-05,14.917601,125.0
2020-03-16 03:00:00.000039936,27.2632,129.64,423.18204,6.756802e-05,15.432,120.0
2020-03-16 06:00:00.000039936,28.292,129.64,437.535,6.914198e-05,14.917601,125.0
2020-03-16 09:00:00.000039936,28.292,135.196,452.814,7.115043e-05,15.432,130.0
2020-03-16 12:00:00.000039936,28.292,138.9,467.63,7.314133e-05,14.4032,120.0
2020-03-16 15:00:00.000039936,28.292,138.9,481.52,7.467736e-05,12.860001,115.0
