Time,Vmax,Rmax_IBT,R34,fcor,u_trans,v_trans
2019-04-23 00:00:00.000039936,20.576,46.3,37.04,2.5575835e-05,4.1152,260.0
2019-04-23 03:00:00.000039936,22.1192,70.376,62.505,2.5826394e-05,5.144,265.0
2019-04-23 06:00:00.000039936,23.148,92.6,87.97,2.6076874e-05,4.6296,260.0
2019-04-23 09:00:00.000039936,25.720001,92.6,96.304,2.6577594e-05,4.1152,255.0
2019-04-23 12:00:00.000039936,28.292,92.6,104.175,2.6827835e-05,5.6584,260.0
2019-04-23 15:00:00.000039936,30.864,83.34,108.341995,2.6827835e-05,6.6872,265.0
2019-04-23 18:00:00.000039936,33.436,74.08,111.119995,2.6827835e-05,5.6584,265.0
2019-04-23 21:00:00.000039936,34.979202,46.3,126.399,2.6827835e-05,4.6296,265.0
2019-04-24 00:00:00.000039936,36.008,18.52,141.215,2.707799e-05,5.144,260.0
2019-04-24 03:00:00.000039936,38.58,24.076,147.23401,2.7328068e-05,5.6584,255.0
2019-04-24 06:00:00.000039936,41.152,27.78,152.79001,2.7578055e-05,6.6872,260.0
2019-04-24 09:00:00.000039936,43.724,27.78,162.513,2.7827968e-05,6.6872,260.0
2019-04-24 12:00:00.000039936,46.296,27.78,171.31,2.807779e-05,5.6584,265.0
2019-04-24 15:00:00.000039936,50.4112,18.52,172.699,2.807779e-05,4.1152,270.0
2019-04-24 18:00:00.000039936,54.012,9.26,173.625,2.807779e-05,4.1152,260.0
2019-04-24 21:00:00.000039936,58.1272,9.26,175.014,2.8327528e-05,4.6296,250.0
2019-04-25 00:00:00.000039936,61.728,9.26,175.94,2.882674e-05,4.6296,250.0
2019-04-25 03:00:00.000039936,63.271202,9.26,194.92299,2.9076216e-05,4.1152,250.0
2019-04-25 06:00:00.000039936,64.3,9.26,212.98,2.9574905e-05,4.6296,250.0
2019-04-25 09:00:00.000039936,63.271202,14.816,216.684,2.9824112e-05,5.144,250.0
2019-04-25 12:00:00.000039936,61.728,18.52,219.925,3.0322259e-05,5.144,255.0
