Time,Vmax,Rmax_IBT,R34,fcor,u_trans,v_trans
2021-03-04 18:00:00.000039936,23.148,74.08,99.545,4.1665367e-05,4.6296,95.0
2021-03-04 21:00:00.000039936,24.6912,46.3,98.619,4.1665367e-05,4.6296,90.0
2021-03-05 00:00:00.000039936,25.720001,18.52,97.229996,4.1665367e-05,4.6296,80.0
2021-03-05 03:00:00.000039936,36.008,14.816,97.693,4.142137e-05,5.144,75.0
2021-03-05 06:00:00.000039936,46.296,9.26,97.23,4.1177245e-05,4.6296,80.0
2021-03-05 09:00:00.000039936,52.9832,9.26,106.953,4.093299e-05,4.1152,85.0
2021-03-05 12:00:00.000039936,59.156002,9.26,115.75,4.093299e-05,4.1152,80.0
2021-03-05 15:00:00.000039936,60.6992,9.26,120.843,4.0688625e-05,3.6008,75.0
2021-03-05 18:00:00.000039936,61.728,9.26,125.009995,4.0444127e-05,3.0864,80.0
2021-03-05 21:00:00.000039936,61.728,11.1119995,131.492,4.0444127e-05,2.0576,90.0
2021-03-06 00:00:00.000039936,61.728,12.964,136.585,4.0444127e-05,2.0576,95.0
2021-03-06 03:00:00.000039936,63.271202,11.1119995,129.177,4.0444127e-05,2.0576,95.0
2021-03-06 06:00:00.000039936,64.3,9.26,120.38,4.0444127e-05,2.0576,105.0
2021-03-06 09:00:00.000039936,64.3,9.26,127.787994,4.0688625e-05,1.5432,120.0
2021-03-06 12:00:00.000039936,64.3,9.26,134.26999,4.093299e-05,2.0576,120.0
2021-03-06 15:00:00.000039936,63.271202,9.26,129.177,4.1177245e-05,2.0576,115.0
2021-03-06 18:00:00.000039936,61.728,9.26,122.695,4.142137e-05,2.0576,120.0
2021-03-06 21:00:00.000039936,60.6992,9.26,116.213,4.1665367e-05,2.572,125.0
2021-03-07 00:00:00.000039936,59.156002,9.26,108.80499,4.1909232e-05,2.572,115.0
2021-03-07 03:00:00.000039936,56.584,9.26,103.249,4.2152973e-05,3.0864,110.0
2021-03-07 06:00:00.000039936,54.012,9.26,97.23,4.239659e-05,3.0864,110.0
2021-03-07 09:00:00.000039936,51.440002,9.26,93.063,4.2640077e-05,3.0864,115.0
2021-03-07 12:00:00.000039936,48.868,9.26,87.97,4.288343e-05,3.0864,120.0
2021-03-07 15:00:00.000039936,47.8392,9.26,104.638,4.3369746e-05,3.0864,130.0
2021-03-07 18:00:00.000039936,46.296,9.26,120.380005,4.385554e-05,2.572,135.0
2021-03-07 21:00:00.000039936,43.724,9.26,122.232,4.4340795e-05,2.572,145.0
2021-03-08 00:00:00.000039936,41.152,9.26,122.695,4.4825505e-05,2.0576,155.0
2021-03-08 03:00:00.000039936,41.152,9.26,113.897995,4.5309676e-05,2.0576,165.0
2021-03-08 06:00:00.000039936,41.152,9.26,104.175,4.5793287e-05,1.0288,185.0
2021-03-08 09:00:00.000039936,38.58,9.26,104.638,4.6034886e-05,1.0288,210.0
2021-03-08 12:00:00.000039936,36.008,9.26,104.175,4.6034886e-05,1.0288,230.0
2021-03-08 15:00:00.000039936,36.008,14.816,106.953,4.627635e-05,1.5432,240.0
2021-03-08 18:00:00.000039936,36.008,18.52,108.805,4.627635e-05,2.0576,255.0
2021-03-08 21:00:00.000039936,36.008,18.52,110.194,4.627635e-05,2.572,270.0
2021-03-09 00:00:00.000039936,36.008,18.52,111.119995,4.627635e-05,3.0864,280.0
2021-03-09 03:00:00.000039936,37.5512,14.816,112.509,4.627635e-05,3.0864,285.0
2021-03-09 06:00:00.000039936,38.58,9.26,113.435,4.6034886e-05,3.6008,285.0
2021-03-09 09:00:00.000039936,38.58,9.26,112.509,4.6034886e-05,3.6008,285.0
2021-03-09 12:00:00.000039936,38.58,9.26,111.12,4.5793287e-05,3.6008,290.0
2021-03-09 15:00:00.000039936,41.152,9.26,116.213,4.5309676e-05,4.1152,300.0
2021-03-09 18:00:00.000039936,43.724,9.26,120.380005,4.4825505e-05,4.1152,295.0
2021-03-09 21:00:00.000039936,47.8392,16.668,124.084,4.458322e-05,4.1152,290.0
2021-03-10 00:00:00.000039936,51.440002,22.223999,127.325,4.4340795e-05,3.6008,285.0
2021-03-10 03:00:00.000039936,55.5552,16.668,125.47299,4.409823e-05,3.0864,280.0
2021-03-10 06:00:00.000039936,59.156002,9.26,122.69499,4.409823e-05,3.6008,280.0
2021-03-10 09:00:00.000039936,64.3,9.26,126.86199,4.385554e-05,3.6008,280.0
2021-03-10 12:00:00.000039936,69.444,9.26,129.64,4.3612705e-05,3.0864,280.0
2021-03-10 15:00:00.000039936,66.872,18.52,127.787994,4.3612705e-05,3.0864,280.0
2021-03-10 18:00:00.000039936,64.3,27.78,125.009995,4.3612705e-05,2.572,275.0
2021-03-10 21:00:00.000039936,64.3,27.78,118.528,4.3612705e-05,2.572,265.0
2021-03-11 00:00:00.000039936,64.3,27.78,111.12,4.3612705e-05,2.572,255.0
2021-03-11 03:00:00.000039936,63.271202,27.78,119.91701,4.3612705e-05,3.0864,250.0
2021-03-11 06:00:00.000039936,61.728,27.78,127.325,4.385554e-05,3.0864,250.0
2021-03-11 09:00:00.000039936,63.271202,27.78,137.048,4.4340795e-05,3.6008,250.0
2021-03-11 12:00:00.000039936,64.3,27.78,145.845,4.4825505e-05,3.6008,250.0
2021-03-11 15:00:00.000039936,64.3,27.78,149.54898,4.506766e-05,3.0864,245.0
2021-03-11 18:00:00.000039936,64.3,27.78,152.79001,4.5309676e-05,3.6008,245.0
2021-03-11 21:00:00.000039936,66.872,27.78,156.957,4.5551555e-05,4.1152,245.0
2021-03-12 00:00:00.000039936,69.444,27.78,159.735,4.6034886e-05,4.1152,240.0
2021-03-12 03:00:00.000039936,66.872,29.632,160.198,4.651767e-05,3.6008,235.0
2021-03-12 06:00:00.000039936,64.3,31.484,159.735,4.7240763e-05,3.6008,235.0
2021-03-12 09:00:00.000039936,61.728,29.632,164.828,4.7722115e-05,3.6008,230.0
2021-03-12 12:00:00.000039936,59.156002,27.78,168.995,4.8202877e-05,3.0864,220.0
2021-03-12 15:00:00.000039936,58.1272,25.928,175.94,4.892293e-05,3.0864,205.0
2021-03-12 18:00:00.000039936,56.584,22.223999,182.885,4.9641636e-05,2.572,210.0
2021-03-12 21:00:00.000039936,54.012,22.223999,185.2,5.012002e-05,2.572,215.0
2021-03-13 00:00:00.000039936,51.440002,22.223999,187.515,5.035898e-05,2.572,215.0
2021-03-13 03:00:00.000039936,48.868,25.928,191.219,5.083645e-05,3.0864,215.0
2021-03-13 06:00:00.000039936,46.296,27.78,194.45999,5.155148e-05,3.0864,210.0
2021-03-13 09:00:00.000039936,43.724,29.632,192.608,5.22651e-05,2.572,205.0
2021-03-13 12:00:00.000039936,41.152,31.484,189.83,5.2740055e-05,1.5432,200.0
2021-03-13 15:00:00.000039936,40.1232,29.632,188.441,5.2977284e-05,1.0288,165.0
2021-03-13 18:00:00.000039936,38.58,27.78,185.2,5.321436e-05,1.5432,150.0
2021-03-13 21:00:00.000039936,38.58,33.336,184.274,5.392461e-05,2.572,150.0
2021-03-14 00:00:00.000039936,38.58,37.04,182.885,5.439729e-05,2.0576,145.0
2021-03-14 03:00:00.000039936,36.008,37.04,188.90399,5.4633376e-05,1.5432,135.0
2021-03-14 06:00:00.000039936,33.436,37.04,194.45999,5.4633376e-05,1.0288,110.0
2021-03-14 09:00:00.000039936,32.4072,42.596,189.82999,5.4633376e-05,1.5432,100.0
2021-03-14 12:00:00.000039936,30.864,46.3,185.2,5.4869302e-05,1.5432,125.0
2021-03-14 15:00:00.000039936,30.864,46.3,199.09,5.510506e-05,2.0576,130.0
2021-03-14 18:00:00.000039936,28.292,46.3,194.46,5.510506e-05,2.572,110.0
2021-03-14 21:00:00.000039936,25.720001,46.3,192.145,5.510506e-05,2.0576,110.0
2021-03-15 00:00:00.000039936,23.148,46.3,189.83,5.5340646e-05,1.0288,140.0
2021-03-15 03:00:00.000039936,24.6912,46.3,189.367,5.5576067e-05,1.0288,210.0
