Time,Vmax,Rmax_IBT,R34,fcor,u_trans,v_trans
2014-04-19 00:00:00.000039936,23.148,55.56,85.655,3.2559245e-05,3.0864,205.0
2014-04-19 03:00:00.000039936,25.720001,51.856,91.673996,3.330315e-05,3.0864,205.0
2014-04-19 06:00:00.000039936,28.292,46.3,97.23,3.404614e-05,3.0864,205.0
2014-04-19 06:50:00.000062464,28.8064,46.3,99.545,3.4293596e-05,2.572,210.0
2014-04-19 09:00:00.000039936,30.864,46.3,107.879,3.454095e-05,2.572,210.0
2014-04-19 12:00:00.000039936,33.436,46.3,118.065,3.5035337e-05,2.572,205.0
2014-04-19 14:06:00.000031744,37.0368,42.596,141.215,3.5282377e-05,2.0576,200.0
2014-04-19 15:00:00.000039936,38.58,42.596,152.327,3.5529305e-05,1.5432,165.0
2014-04-19 18:00:00.000039936,43.724,37.04,185.2,3.6022833e-05,1.5432,165.0
2014-04-19 18:20:00.000049152,43.724,37.04,186.126,3.6022833e-05,1.5432,175.0
2014-04-19 21:00:00.000039936,45.2672,33.336,189.83,3.651592e-05,1.5432,170.0
2014-04-20 00:00:00.000039936,46.296,27.78,194.46,3.67623e-05,1.0288,175.0
2014-04-20 03:00:00.000039936,46.296,27.78,202.331,3.700857e-05,1.0288,185.0
2014-04-20 04:57:00.000064512,46.296,27.78,205.572,3.7254722e-05,0.5144,150.0
2014-04-20 06:00:00.000039936,46.296,27.78,208.34999,3.7254722e-05,1.0288,115.0
2014-04-20 09:00:00.000039936,45.2672,27.78,208.34999,3.7254722e-05,1.0288,115.0
2014-04-20 12:00:00.000039936,43.724,27.78,208.34999,3.7500762e-05,1.5432,115.0
2014-04-20 12:35:00.000035840,43.724,27.78,207.887,3.7500762e-05,3.0864,130.0
2014-04-20 15:00:00.000039936,42.6952,27.78,204.18298,3.7992504e-05,3.6008,135.0
2014-04-20 18:00:00.000039936,41.152,27.78,199.09,3.8483773e-05,3.6008,135.0
2014-04-20 19:05:00.000049152,39.6088,27.78,197.238,3.8483773e-05,3.0864,110.0
2014-04-20 21:00:00.000039936,37.5512,27.78,194.923,3.872924e-05,3.0864,105.0
2014-04-20 23:42:00.000064512,33.9504,27.78,189.82999,3.897458e-05,3.0864,110.0
2014-04-21 00:00:00.000039936,33.436,27.78,189.82999,3.897458e-05,3.6008,140.0
2014-04-21 03:00:00.000039936,32.4072,27.78,189.82999,3.9709896e-05,4.1152,140.0
2014-04-21 04:02:00.000059392,31.8928,27.78,189.82999,3.995476e-05,4.6296,140.0
2014-04-21 06:00:00.000039936,30.864,27.78,189.82999,4.0444127e-05,4.6296,135.0
2014-04-21 06:38:00.000065536,30.3496,27.78,189.82999,4.0688625e-05,4.1152,130.0
2014-04-21 09:00:00.000039936,28.292,27.78,189.82999,4.1177245e-05,3.6008,125.0
2014-04-21 12:00:00.000039936,25.720001,27.78,189.82999,4.1665367e-05,3.0864,120.0
2014-04-21 12:16:00.000063488,25.720001,27.78,188.44101,4.1665367e-05,2.0576,125.0
2014-04-21 15:00:00.000039936,23.148,37.04,172.699,4.2152973e-05,1.5432,120.0
