Time,Vmax,Rmax_IBT,R34,fcor,u_trans,v_trans
2013-05-08 18:00:00.000039936,18.004,55.56,55.56,1.5750842e-05,2.0576,165.0
2013-05-08 21:00:00.000039936,19.5472,55.56,55.56,1.6256854e-05,2.0576,170.0
2013-05-09 00:00:00.000039936,20.576,55.56,55.56,1.6762664e-05,2.0576,160.0
2013-05-09 03:00:00.000039936,20.576,51.856,70.376,1.7268272e-05,2.572,145.0
2013-05-09 06:00:00.000039936,20.576,46.3,83.34,1.777367e-05,3.0864,140.0
2013-05-09 09:00:00.000039936,20.576,46.3,83.34,1.8278848e-05,3.0864,140.0
2013-05-09 12:00:00.000039936,20.576,46.3,83.34,1.9036203e-05,2.572,160.0
2013-05-09 15:00:00.000039936,22.1192,46.3,90.748,1.9793031e-05,2.0576,190.0
2013-05-09 18:00:00.000039936,23.148,46.3,97.229996,2.0297284e-05,2.0576,0.0
2013-05-09 21:00:00.000039936,23.148,46.3,97.229996,2.0801292e-05,2.0576,155.0
2013-05-10 00:00:00.000039936,23.148,46.3,97.229996,2.1053198e-05,1.0288,145.0
2013-05-10 03:00:00.000039936,23.148,46.3,101.86,2.0801292e-05,0.5144,115.0
2013-05-10 06:00:00.000039936,23.148,46.3,106.490005,2.0801292e-05,1.5432,140.0
2013-05-10 09:00:00.000039936,20.576,46.3,106.490005,2.130504e-05,2.572,150.0
2013-05-10 12:00:00.000039936,18.004,46.3,106.490005,2.206018e-05,3.0864,160.0
2013-05-10 15:00:00.000039936,18.004,70.376,106.490005,2.2814716e-05,3.6008,165.0
2013-05-10 18:00:00.000039936,18.004,92.6,106.490005,2.3819783e-05,3.6008,155.0
2013-05-10 21:00:00.000039936,18.004,101.86,106.490005,2.4572832e-05,3.6008,150.0
2013-05-11 00:00:00.000039936,18.004,111.12,106.490005,2.53252e-05,3.6008,150.0
2013-05-11 03:00:00.000039936,18.004,92.6,106.490005,2.6076874e-05,3.0864,150.0
