Time,Vmax,Rmax_IBT,R34,fcor,u_trans,v_trans
2015-04-29 00:00:00.000039936,23.148,83.34,118.064995,3.7992504e-05,3.0864,235.0
2015-04-29 03:00:00.000039936,25.720001,70.376,118.064995,3.8238195e-05,2.0576,235.0
2015-04-29 06:00:00.000039936,28.292,55.56,118.064995,3.872924e-05,2.0576,215.0
2015-04-29 09:00:00.000039936,30.864,55.56,133.344,3.9219805e-05,2.572,200.0
2015-04-29 10:35:00.000062464,32.4072,55.56,140.752,3.9464914e-05,2.572,195.0
2015-04-29 12:00:00.000039936,33.436,55.56,148.16,3.9709896e-05,2.572,200.0
2015-04-29 15:00:00.000039936,40.1232,37.04,148.16,4.0199502e-05,2.0576,185.0
2015-04-29 18:00:00.000039936,46.296,18.52,148.16,4.0688625e-05,3.0864,165.0
2015-04-29 19:32:00.000032768,49.3824,20.372,157.883,4.1177245e-05,4.1152,160.0
2015-04-29 21:00:00.000039936,52.9832,20.372,168.06898,4.1665367e-05,4.1152,165.0
2015-04-30 00:00:00.000039936,59.156002,22.223999,187.515,4.2640077e-05,4.1152,160.0
2015-04-30 03:00:00.000039936,60.6992,20.372,188.904,4.3612705e-05,5.144,145.0
2015-04-30 06:00:00.000039936,61.728,18.52,189.83,4.458322e-05,7.2016,140.0
2015-04-30 09:00:00.000039936,60.6992,18.52,187.978,4.5793287e-05,7.2016,145.0
2015-04-30 11:51:00.000031744,59.156002,18.52,185.2,4.7240763e-05,6.6872,140.0
2015-04-30 12:00:00.000039936,59.156002,18.52,185.2,4.7240763e-05,7.2016,135.0
2015-04-30 15:00:00.000039936,56.584,18.52,196.312,4.844305e-05,6.6872,135.0
2015-04-30 18:00:00.000039936,54.012,18.52,206.03499,4.9641636e-05,7.2016,135.0
2015-04-30 20:48:00.000043008,51.440002,22.223999,203.71999,5.083645e-05,7.2016,130.0
2015-04-30 21:00:00.000039936,51.440002,24.076,203.71999,5.083645e-05,7.2016,120.0
2015-04-30 23:04:00.000038912,49.8968,25.928,202.33101,5.155148e-05,7.2016,125.0
2015-05-01 00:00:00.000039936,48.868,27.78,201.405,5.2027382e-05,8.2304,135.0
2015-05-01 03:00:00.000039936,40.1232,27.78,201.405,5.321436e-05,7.716,135.0
2015-05-01 06:00:00.000039936,30.864,27.78,201.405,5.4161024e-05,5.6584,135.0
