Time,Vmax,Rmax_IBT,R34,fcor,u_trans,v_trans
2020-04-02 12:00:00.000039936,25.720001,74.08,180.56999,3.5035337e-05,6.6872,140.0
2020-04-02 15:00:00.000039936,25.720001,70.376,180.56999,3.651592e-05,7.2016,155.0
2020-04-02 18:00:00.000039936,25.720001,64.82,180.56999,3.7992504e-05,7.2016,155.0
2020-04-02 21:00:00.000039936,27.2632,61.116,188.90399,3.9464914e-05,6.6872,145.0
2020-04-03 00:00:00.000039936,28.292,55.56,196.77501,4.093299e-05,7.2016,145.0
2020-04-03 03:00:00.000039936,29.835201,51.856,198.627,4.239659e-05,7.2016,145.0
2020-04-03 06:00:00.000039936,30.864,46.3,199.09,4.385554e-05,7.716,140.0
2020-04-03 09:00:00.000039936,32.4072,46.3,216.684,4.5309676e-05,7.716,140.0
2020-04-03 12:00:00.000039936,33.436,46.3,233.815,4.651767e-05,7.716,135.0
2020-04-03 15:00:00.000039936,37.5512,33.336,240.29701,4.7722115e-05,7.716,135.0
2020-04-03 18:00:00.000039936,41.152,18.52,245.38998,4.892293e-05,7.716,130.0
2020-04-03 21:00:00.000039936,45.2672,16.668,258.354,5.035898e-05,8.2304,130.0
2020-04-04 00:00:00.000039936,48.868,12.964,270.85498,5.155148e-05,8.2304,125.0
2020-04-04 03:00:00.000039936,51.440002,11.1119995,278.263,5.2740055e-05,8.2304,120.0
2020-04-04 06:00:00.000039936,54.012,9.26,284.745,5.3688025e-05,8.2304,125.0
2020-04-04 09:00:00.000039936,54.012,9.26,279.652,5.4869302e-05,8.2304,125.0
2020-04-04 12:00:00.000039936,54.012,9.26,273.16998,5.581132e-05,8.2304,120.0
2020-04-04 15:00:00.000039936,52.9832,9.26,269.466,5.6516048e-05,8.2304,115.0
2020-04-04 18:00:00.000039936,51.440002,9.26,263.91,5.721923e-05,9.2592,115.0
2020-04-04 21:00:00.000039936,48.868,9.26,262.058,5.8154368e-05,9.7736,110.0
2020-04-05 00:00:00.000039936,46.296,9.26,259.28,5.9086666e-05,8.744801,110.0
2020-04-05 03:00:00.000039936,43.724,9.26,259.74298,5.9551734e-05,7.716,110.0
2020-04-05 06:00:00.000039936,41.152,9.26,259.28,6.0016075e-05,8.2304,105.0
2020-04-05 09:00:00.000039936,37.5512,27.78,241.686,6.0479695e-05,8.744801,105.0
2020-04-05 12:00:00.000039936,33.436,46.3,222.23999,6.0942573e-05,8.2304,115.0
2020-04-05 15:00:00.000039936,29.835201,51.856,203.25699,6.186609e-05,7.716,125.0
2020-04-05 18:00:00.000039936,25.720001,55.56,182.88501,6.3016254e-05,6.1728,125.0
2020-04-05 21:00:00.000039936,24.6912,61.116,176.40302,6.370404e-05,5.6584,120.0
2020-04-06 00:00:00.000039936,23.148,64.82,168.995,6.416161e-05,6.1728,105.0
2020-04-06 03:00:00.000039936,22.1192,101.86,163.439,6.461839e-05,7.2016,100.0
2020-04-06 06:00:00.000039936,20.576,138.9,157.42,6.507438e-05,8.744801,105.0
2020-04-06 09:00:00.000039936,19.5472,138.9,145.845,6.530208e-05,9.7736,105.0
