Time,Vmax,Rmax_IBT,R34,fcor,u_trans,v_trans
2002-05-11 06:00:00.000040448,23.148,37.04,83.34,1.4738254e-05,2.572,275.0
2002-05-11 09:00:00.000040448,23.148,37.04,83.34,1.4991469e-05,2.572,255.0
2002-05-11 12:00:00.000040448,23.148,37.04,83.34,1.524464e-05,2.572,250.0
2002-05-11 15:00:00.000040448,23.148,37.04,98.156,1.5497764e-05,2.572,250.0
2002-05-11 18:00:00.000040448,23.148,37.04,111.12,1.5750842e-05,1.5432,240.0
2002-05-11 21:00:00.000040448,22.1192,37.04,111.12,1.600387e-05,1.0288,225.0
2002-05-12 00:00:00.000040448,20.576,37.04,111.12,1.6256854e-05,0.5144,165.0
2002-05-12 03:00:00.000040448,20.576,37.04,97.229996,1.6509784e-05,0.0,125.0
2002-05-12 06:00:00.000040448,20.576,37.04,83.340004,1.6509784e-05,1.0288,225.0
2002-05-12 09:00:00.000040448,20.576,37.04,83.340004,1.6509784e-05,2.572,220.0
2002-05-12 12:00:00.000040448,20.576,37.04,83.340004,1.7015493e-05,4.1152,210.0
2002-05-12 15:00:00.000040448,20.576,37.04,83.340004,1.8026287e-05,4.6296,195.0
2002-05-12 18:00:00.000040448,20.576,37.04,83.340004,1.9036203e-05,4.1152,165.0
2002-05-12 21:00:00.000040448,20.576,37.04,83.340004,1.9793031e-05,4.1152,140.0
