Time,Vmax,Rmax_IBT,R34,fcor,u_trans,v_trans
2015-07-01 00:00:00.000039936,23.148,83.34,94.915,1.6509784e-05,3.6008,235.0
2015-07-01 03:00:00.000039936,23.148,83.34,129.17699,1.7015493e-05,3.0864,230.0
2015-07-01 06:00:00.000039936,23.148,83.34,162.04999,1.7268272e-05,2.0576,225.0
2015-07-01 09:00:00.000039936,23.148,83.34,162.04999,1.7520999e-05,1.0288,205.0
2015-07-01 12:00:00.000039936,23.148,83.34,162.04999,1.777367e-05,0.5144,110.0
2015-07-01 15:00:00.000039936,23.148,83.34,162.04999,1.7520999e-05,1.0288,55.0
2015-07-01 18:00:00.000039936,23.148,83.34,162.04999,1.7268272e-05,2.0576,60.0
2015-07-01 21:00:00.000039936,22.1192,83.34,162.04999,1.6762664e-05,2.572,65.0
2015-07-02 00:00:00.000039936,20.576,83.34,162.04999,1.6509784e-05,3.0864,65.0
2015-07-02 03:00:00.000039936,19.5472,83.34,162.04999,1.6256854e-05,3.0864,65.0
2015-07-02 06:00:00.000039936,18.004,83.34,162.04999,1.6256854e-05,2.0576,75.0
2015-07-02 09:00:00.000039936,18.004,83.34,162.04999,1.6256854e-05,1.5432,100.0
2015-07-02 12:00:00.000039936,18.004,83.34,162.04999,1.6256854e-05,1.5432,135.0
2015-07-02 15:00:00.000039936,18.004,83.34,162.04999,1.6509784e-05,2.0576,155.0
2015-07-02 18:00:00.000039936,18.004,83.34,162.04999,1.6762664e-05,2.0576,155.0
2015-07-02 21:00:00.000039936,18.004,83.34,162.04999,1.7015493e-05,2.0576,155.0
2015-07-03 00:00:00.000039936,18.004,83.34,162.04999,1.7520999e-05,1.5432,165.0
2015-07-03 03:00:00.000039936,18.004,88.895996,162.04999,1.8026287e-05,2.0576,195.0
