Time,Vmax,Rmax_IBT,R34,fcor,u_trans,v_trans
2003-03-11 00:00:00.000040448,23.148,55.56,127.325005,4.506766e-05,4.6296,170.0
2003-03-11 03:00:00.000040448,25.720001,55.56,127.325005,4.627635e-05,4.1152,160.0
2003-03-11 06:00:00.000040448,28.292,55.56,127.325005,4.7240763e-05,4.1152,150.0
2003-03-11 09:00:00.000040448,28.292,55.56,147.69699,4.8202877e-05,4.6296,140.0
2003-03-11 12:00:00.000040448,28.292,55.56,166.68,4.892293e-05,5.6584,135.0
2003-03-11 15:00:00.000040448,29.835201,61.116,166.68,4.9880902e-05,6.6872,130.0
2003-03-11 18:00:00.000040448,30.864,64.82,166.68,5.083645e-05,7.2016,140.0
2003-03-11 21:00:00.000040448,32.4072,51.856,166.68,5.2027382e-05,7.2016,140.0
2003-03-12 00:00:00.000040448,33.436,37.04,166.68001,5.321436e-05,6.1728,125.0
2003-03-12 03:00:00.000040448,33.436,37.04,166.68001,5.3688025e-05,6.1728,100.0
2003-03-12 06:00:00.000040448,33.436,37.04,166.68001,5.3688025e-05,7.2016,95.0
2003-03-12 09:00:00.000040448,34.979202,37.04,152.79001,5.392461e-05,8.2304,95.0
2003-03-12 12:00:00.000040448,36.008,37.04,138.9,5.4161024e-05,8.2304,95.0
2003-03-12 15:00:00.000040448,41.152,37.04,138.9,5.439729e-05,8.744801,95.0
2003-03-12 17:00:00.000053760,44.7528,37.04,138.9,5.439729e-05,10.288,95.0
2003-03-12 18:00:00.000040448,46.296,37.04,138.9,5.439729e-05,10.802401,90.0
2003-03-12 21:00:00.000040448,48.868,37.04,138.9,5.439729e-05,10.802401,90.0
2003-03-13 00:00:00.000040448,51.440002,37.04,138.9,5.439729e-05,11.3168,95.0
2003-03-13 03:00:00.000040448,51.440002,37.04,138.9,5.4869302e-05,12.3456,95.0
2003-03-13 06:00:00.000040448,51.440002,37.04,138.9,5.5340646e-05,12.860001,100.0
2003-03-13 09:00:00.000040448,54.012,37.04,138.9,5.6046403e-05,13.3744,100.0
2003-03-13 12:00:00.000040448,56.584,37.04,138.9,5.6750614e-05,14.4032,100.0
2003-03-13 15:00:00.000040448,48.868,37.04,138.9,5.698501e-05,15.432,100.0
2003-03-13 18:00:00.000040448,41.152,37.04,138.9,5.768715e-05,17.489601,110.0
2003-03-13 21:00:00.000040448,37.5512,33.336,150.938,5.9784e-05,20.576,120.0
