Time,Vmax,Rmax_IBT,R34,fcor,u_trans,v_trans
2020-04-03 00:00:00.000039936,20.576,46.3,118.065,2.807779e-05,7.716,120.0
2020-04-03 03:00:00.000039936,23.148,46.3,132.418,2.882674e-05,6.6872,145.0
2020-04-03 06:00:00.000039936,25.720001,46.3,145.845,2.9824112e-05,6.1728,145.0
2020-04-03 09:00:00.000039936,28.292,46.3,149.549,3.0820032e-05,6.1728,135.0
2020-04-03 12:00:00.000039936,30.864,46.3,152.79001,3.206281e-05,6.6872,135.0
2020-04-03 15:00:00.000039936,33.436,46.3,154.642,3.330315e-05,6.6872,135.0
2020-04-03 18:00:00.000039936,36.008,46.3,155.10501,3.4293596e-05,4.1152,135.0
2020-04-03 21:00:00.000039936,41.152,29.632,153.25299,3.47882e-05,2.0576,135.0
2020-04-04 00:00:00.000039936,46.296,12.964,150.475,3.5035337e-05,2.572,125.0
2020-04-04 03:00:00.000039936,51.440002,11.1119995,150.012,3.5529305e-05,4.1152,120.0
2020-04-04 06:00:00.000039936,56.584,9.26,148.16,3.6022833e-05,3.6008,125.0
2020-04-04 09:00:00.000039936,58.1272,9.26,148.623,3.651592e-05,2.572,130.0
2020-04-04 12:00:00.000039936,59.156002,9.26,148.15999,3.700857e-05,2.572,130.0
2020-04-04 15:00:00.000039936,55.5552,9.26,150.938,3.7500762e-05,2.572,140.0
2020-04-04 18:00:00.000039936,51.440002,9.26,152.79,3.7992504e-05,2.572,165.0
2020-04-04 21:00:00.000039936,50.4112,9.26,152.327,3.8238195e-05,2.572,190.0
2020-04-05 00:00:00.000039936,48.868,9.26,150.47499,3.8483773e-05,1.5432,210.0
2020-04-05 03:00:00.000039936,51.440002,9.26,150.01201,3.872924e-05,0.5144,245.0
2020-04-05 06:00:00.000039936,54.012,9.26,148.16,3.897458e-05,0.5144,345.0
2020-04-05 09:00:00.000039936,58.1272,9.26,146.308,3.897458e-05,1.0288,50.0
2020-04-05 12:00:00.000039936,61.728,9.26,143.53,3.897458e-05,1.5432,75.0
2020-04-05 15:00:00.000039936,63.271202,9.26,150.012,3.872924e-05,2.572,95.0
2020-04-05 18:00:00.000039936,64.3,9.26,155.105,3.872924e-05,3.0864,100.0
2020-04-05 21:00:00.000039936,63.271202,16.668,160.19801,3.897458e-05,3.6008,100.0
