Time,Vmax,Rmax_IBT,R34,fcor,u_trans,v_trans
2022-05-07 06:00:00.000039936,18.004,74.08,69.45,1.9793031e-05,4.6296,140.0
2022-05-07 09:00:00.000039936,19.5472,70.376,139.363,2.0549318e-05,5.6584,150.0
2022-05-07 12:00:00.000039936,20.576,64.82,208.34999,2.1556822e-05,4.6296,160.0
2022-05-07 15:00:00.000039936,22.1192,64.82,197.238,2.2563274e-05,4.1152,175.0
2022-05-07 18:00:00.000039936,23.148,64.82,185.2,2.3568628e-05,3.6008,180.0
2022-05-07 21:00:00.000039936,24.6912,51.856,192.608,2.432189e-05,3.0864,175.0
2022-05-08 00:00:00.000039936,25.720001,37.04,199.09,2.4823696e-05,2.572,175.0
2022-05-08 03:00:00.000039936,27.2632,42.596,199.09,2.5575835e-05,2.0576,170.0
2022-05-08 06:00:00.000039936,28.292,46.3,199.09,2.6076874e-05,1.5432,155.0
2022-05-08 09:00:00.000039936,28.292,42.596,222.70302,2.6577594e-05,1.5432,140.0
2022-05-08 12:00:00.000039936,28.292,37.04,245.39,2.6827835e-05,2.0576,150.0
2022-05-08 15:00:00.000039936,29.835201,27.78,220.388,2.7328068e-05,2.572,160.0
2022-05-08 18:00:00.000039936,30.864,18.52,194.46,2.7827968e-05,3.0864,165.0
2022-05-08 21:00:00.000039936,30.864,24.076,200.01599,2.857718e-05,4.1152,170.0
2022-05-09 00:00:00.000039936,30.864,27.78,203.72,2.9325609e-05,3.6008,175.0
2022-05-09 03:00:00.000039936,30.864,27.78,202.79399,3.0073232e-05,3.6008,175.0
2022-05-09 06:00:00.000039936,30.864,27.78,201.405,3.1068776e-05,3.6008,175.0
2022-05-09 09:00:00.000039936,30.864,27.78,198.627,3.206281e-05,4.1152,170.0
2022-05-09 12:00:00.000039936,30.864,27.78,194.45999,3.330315e-05,4.1152,170.0
2022-05-09 15:00:00.000039936,30.864,27.78,194.923,3.404614e-05,4.1152,170.0
2022-05-09 18:00:00.000039936,30.864,27.78,194.45999,3.5035337e-05,5.6584,165.0
2022-05-09 21:00:00.000039936,30.864,42.596,200.942,3.67623e-05,6.6872,160.0
2022-05-10 00:00:00.000039936,30.864,55.56,206.035,3.872924e-05,6.6872,160.0
2022-05-10 03:00:00.000039936,29.835201,55.56,213.443,3.995476e-05,6.6872,160.0
2022-05-10 06:00:00.000039936,28.292,55.56,219.92499,4.1177245e-05,7.2016,155.0
2022-05-10 09:00:00.000039936,27.2632,88.895996,205.57199,4.288343e-05,7.716,150.0
2022-05-10 12:00:00.000039936,25.720001,120.38,189.83002,4.458322e-05,6.6872,150.0
2022-05-10 15:00:00.000039936,24.6912,88.895996,289.838,4.5793287e-05,5.6584,150.0
2022-05-10 18:00:00.000039936,23.148,55.56,388.92,4.675884e-05,5.144,150.0
2022-05-10 21:00:00.000039936,24.6912,55.56,312.988,4.7722115e-05,4.6296,140.0
2022-05-11 00:00:00.000039936,25.720001,55.56,236.12999,4.844305e-05,5.144,105.0
2022-05-11 03:00:00.000039936,24.6912,55.56,222.703,4.844305e-05,6.6872,85.0
2022-05-11 06:00:00.000039936,23.148,55.56,208.35,4.8202877e-05,7.2016,80.0
2022-05-11 09:00:00.000039936,22.1192,51.856,225.018,4.796257e-05,7.2016,80.0
2022-05-11 12:00:00.000039936,20.576,46.3,240.76,4.748151e-05,6.6872,80.0
2022-05-11 15:00:00.000039936,19.5472,46.3,271.318,4.7240763e-05,6.1728,80.0
