Time,Vmax,Rmax_IBT,R34,fcor,u_trans,v_trans
2009-04-04 03:00:00.000039936,18.004,92.6,31.021,4.506766e-05,4.6296,160.0
2009-04-04 06:00:00.000039936,20.576,92.6,62.504997,4.6034886e-05,4.1152,170.0
2009-04-04 09:00:00.000039936,22.1192,92.6,63.893997,4.6999867e-05,4.1152,180.0
2009-04-04 12:00:00.000039936,23.148,92.6,64.82,4.8202877e-05,4.6296,175.0
2009-04-04 15:00:00.000039936,24.6912,92.6,83.34,4.9402213e-05,5.144,170.0
2009-04-04 18:00:00.000039936,25.720001,92.6,101.86,5.059779e-05,5.6584,170.0
2009-04-04 21:00:00.000039936,27.2632,98.156,98.619,5.2027382e-05,5.6584,170.0
2009-04-05 00:00:00.000039936,28.292,101.86,94.91501,5.3688025e-05,6.6872,165.0
2009-04-05 03:00:00.000039936,27.2632,101.86,94.91501,5.510506e-05,7.716,165.0
2009-04-05 06:00:00.000039936,25.720001,101.86,94.91501,5.6516048e-05,7.2016,165.0
2009-04-05 09:00:00.000039936,25.720001,64.82,94.91501,5.8154368e-05,6.6872,160.0
2009-04-05 12:00:00.000039936,25.720001,27.78,94.91501,5.9784e-05,7.2016,155.0
2009-04-05 15:00:00.000039936,23.148,27.78,94.91501,6.14047e-05,7.716,155.0
