Time,Vmax,Rmax_IBT,R34,fcor,u_trans,v_trans
2008-03-25 00:00:00.000039936,20.576,64.82,99.545,3.47882e-05,2.0576,155.0
2008-03-25 03:00:00.000039936,22.1192,64.82,96.304,3.5282377e-05,2.0576,170.0
2008-03-25 06:00:00.000039936,23.148,64.82,92.6,3.577612e-05,2.572,175.0
2008-03-25 09:00:00.000039936,24.6912,61.116,102.323,3.626943e-05,2.572,0.0
2008-03-25 12:00:00.000039936,25.720001,55.56,111.12,3.67623e-05,2.0576,185.0
2008-03-25 15:00:00.000039936,27.2632,79.636,137.04799,3.7254722e-05,1.5432,175.0
2008-03-25 18:00:00.000039936,28.292,101.86,162.04999,3.7746686e-05,2.0576,165.0
2008-03-25 21:00:00.000039936,30.864,70.376,158.80899,3.8238195e-05,3.0864,155.0
2008-03-26 00:00:00.000039936,33.436,37.04,155.105,3.897458e-05,3.6008,155.0
2008-03-26 03:00:00.000039936,34.979202,33.336,158.80899,3.9709896e-05,4.1152,155.0
2008-03-26 06:00:00.000039936,36.008,27.78,162.04999,4.0688625e-05,4.6296,155.0
2008-03-26 09:00:00.000039936,40.1232,24.076,171.31,4.1665367e-05,5.6584,155.0
2008-03-26 12:00:00.000039936,43.724,18.52,180.57,4.288343e-05,5.6584,160.0
2008-03-26 15:00:00.000039936,45.2672,18.52,177.329,4.409823e-05,5.6584,165.0
2008-03-26 18:00:00.000039936,46.296,18.52,173.625,4.5551555e-05,5.6584,165.0
2008-03-26 21:00:00.000039936,48.868,18.52,173.625,4.675884e-05,6.1728,160.0
2008-03-27 00:00:00.000039936,51.440002,18.52,173.625,4.8202877e-05,6.6872,160.0
2008-03-27 03:00:00.000039936,50.4112,24.076,182.422,4.9641636e-05,6.6872,165.0
2008-03-27 06:00:00.000039936,48.868,27.78,189.83,5.1074945e-05,6.6872,160.0
2008-03-27 09:00:00.000039936,47.8392,27.78,192.608,5.250265e-05,6.1728,150.0
2008-03-27 12:00:00.000039936,46.296,27.78,194.46,5.3688025e-05,6.1728,150.0
2008-03-27 15:00:00.000039936,46.296,27.78,194.46,5.4869302e-05,6.1728,155.0
2008-03-27 18:00:00.000039936,46.296,27.78,194.46,5.6046403e-05,6.1728,150.0
2008-03-27 21:00:00.000039936,45.2672,27.78,201.40501,5.721923e-05,5.6584,145.0
2008-03-28 00:00:00.000039936,43.724,27.78,208.35,5.8154368e-05,5.144,140.0
2008-03-28 03:00:00.000039936,41.152,33.336,207.424,5.9086666e-05,4.6296,140.0
2008-03-28 06:00:00.000039936,38.58,37.04,206.035,5.9784e-05,4.6296,140.0
2008-03-28 09:00:00.000039936,36.008,46.3,199.09001,6.0479695e-05,4.1152,145.0
2008-03-28 12:00:00.000039936,33.436,55.56,192.145,6.1173734e-05,3.6008,125.0
2008-03-28 15:00:00.000039936,28.292,74.08,187.978,6.1635496e-05,3.6008,105.0
2008-03-28 18:00:00.000039936,23.148,92.6,182.885,6.186609e-05,3.6008,95.0
