Time,Vmax,Rmax_IBT,R34,fcor,u_trans,v_trans
2021-04-20 12:00:00.000039936,18.004,46.3,50.93,2.6827835e-05,6.6872,285.0
2021-04-20 15:00:00.000039936,19.5472,46.3,62.042,2.6327272e-05,6.1728,290.0
2021-04-20 18:00:00.000039936,20.576,46.3,71.765,2.5575835e-05,5.6584,285.0
2021-04-20 21:00:00.000039936,22.1192,46.3,84.729004,2.53252e-05,5.144,280.0
2021-04-21 00:00:00.000039936,23.148,46.3,97.229996,2.5074483e-05,4.1152,285.0
2021-04-21 03:00:00.000039936,25.720001,33.336,93.989,2.4823696e-05,3.6008,290.0
2021-04-21 06:00:00.000039936,28.292,18.52,90.284996,2.4572832e-05,3.0864,280.0
2021-04-21 09:00:00.000039936,28.292,18.52,87.044,2.4572832e-05,3.0864,265.0
2021-04-21 12:00:00.000039936,28.292,18.52,83.34,2.4572832e-05,2.572,260.0
2021-04-21 15:00:00.000039936,28.292,18.52,84.729004,2.4572832e-05,2.572,255.0
2021-04-21 18:00:00.000039936,28.292,18.52,85.655,2.4572832e-05,2.572,265.0
2021-04-21 21:00:00.000039936,28.292,18.52,86.118004,2.4572832e-05,3.0864,275.0
2021-04-22 00:00:00.000039936,28.292,18.52,85.65501,2.4572832e-05,3.0864,275.0
2021-04-22 03:00:00.000039936,28.292,27.78,86.118004,2.4572832e-05,3.0864,275.0
2021-04-22 06:00:00.000039936,28.292,37.04,85.655,2.4572832e-05,3.0864,275.0
2021-04-22 09:00:00.000039936,27.2632,37.04,86.118,2.4572832e-05,3.0864,275.0
2021-04-22 12:00:00.000039936,25.720001,37.04,85.655,2.4572832e-05,3.0864,290.0
2021-04-22 15:00:00.000039936,24.6912,37.04,79.173,2.432189e-05,3.0864,300.0
2021-04-22 18:00:00.000039936,23.148,37.04,71.76499,2.3819783e-05,2.572,295.0
2021-04-22 21:00:00.000039936,23.148,37.04,68.523994,2.3819783e-05,2.0576,290.0
2021-04-23 00:00:00.000039936,23.148,37.04,64.82,2.3568628e-05,2.572,305.0
2021-04-23 03:00:00.000039936,23.148,37.04,62.505,2.306609e-05,3.0864,310.0
2021-04-23 06:00:00.000039936,23.148,37.04,60.19,2.231176e-05,3.0864,310.0
2021-04-23 09:00:00.000039936,22.1192,37.04,55.56,2.1808535e-05,3.6008,300.0
2021-04-23 12:00:00.000039936,20.576,37.04,50.930004,2.130504e-05,4.1152,295.0
2021-04-23 15:00:00.000039936,19.5472,37.04,44.447998,2.0801292e-05,5.144,290.0
2021-04-23 18:00:00.000039936,18.004,37.04,37.04,2.0549318e-05,4.6296,290.0
2021-04-23 21:00:00.000039936,18.004,37.04,31.484,2.0297284e-05,4.6296,285.0
