Time,Vmax,Rmax_IBT,R34,fcor,u_trans,v_trans
2020-05-12 12:00:00.000039936,18.004,55.56,37.04,2.882674e-05,2.572,345.0
2020-05-12 15:00:00.000039936,22.1192,42.596,54.634,2.9325609e-05,2.572,330.0
2020-05-12 18:00:00.000039936,25.720001,27.78,71.765,2.9574905e-05,2.0576,315.0
2020-05-12 21:00:00.000039936,28.292,27.78,76.858,2.9824112e-05,1.5432,300.0
2020-05-13 00:00:00.000039936,30.864,27.78,81.025,3.0073232e-05,2.0576,290.0
2020-05-13 03:00:00.000039936,32.4072,27.78,77.784,3.0322259e-05,2.572,290.0
2020-05-13 06:00:00.000039936,33.436,27.78,74.08,3.0322259e-05,2.572,285.0
2020-05-13 09:00:00.000039936,40.1232,18.52,75.006,3.0571195e-05,3.0864,280.0
2020-05-13 12:00:00.000039936,46.296,9.26,74.08,3.0571195e-05,3.6008,275.0
2020-05-13 15:00:00.000039936,48.868,9.26,79.636,3.0571195e-05,4.1152,270.0
2020-05-13 18:00:00.000039936,51.440002,9.26,83.34,3.0571195e-05,4.1152,270.0
2020-05-13 21:00:00.000039936,50.4112,9.26,86.118,3.0571195e-05,4.1152,265.0
2020-05-14 00:00:00.000039936,48.868,9.26,87.97,3.0571195e-05,4.1152,270.0
2020-05-14 03:00:00.000039936,50.4112,9.26,98.619,3.0571195e-05,4.6296,275.0
