Time,Vmax,Rmax_IBT,R34,fcor,u_trans,v_trans
2021-02-18 00:00:00.000039936,18.004,55.56,115.75,1.8026287e-05,2.0576,310.0
2021-02-18 03:00:00.000039936,18.004,55.56,132.418,1.8278848e-05,2.572,300.0
2021-02-18 06:00:00.000039936,18.004,55.56,148.16,1.8531358e-05,2.0576,280.0
2021-02-18 09:00:00.000039936,19.5472,55.56,137.974,1.8531358e-05,1.5432,255.0
2021-02-18 12:00:00.000039936,20.576,55.56,127.325,1.8278848e-05,1.5432,245.0
2021-02-18 15:00:00.000039936,20.576,55.56,210.202,1.8026287e-05,1.0288,245.0
2021-02-18 18:00:00.000039936,20.576,55.56,291.69,1.8026287e-05,1.5432,250.0
2021-02-18 21:00:00.000039936,22.1192,55.56,281.504,1.8026287e-05,2.0576,260.0
2021-02-19 00:00:00.000039936,23.148,55.56,270.855,1.8026287e-05,4.1152,265.0
2021-02-19 03:00:00.000039936,23.148,55.56,275.022,1.8026287e-05,4.6296,265.0
2021-02-19 06:00:00.000039936,23.148,55.56,277.8,1.777367e-05,3.0864,235.0
2021-02-19 09:00:00.000039936,22.1192,55.56,268.54,1.6762664e-05,2.572,170.0
2021-02-19 12:00:00.000039936,20.576,55.56,259.28,1.600387e-05,2.572,140.0
