Time,Vmax,Rmax_IBT,R34,fcor,u_trans,v_trans
2007-04-01 00:00:00.000039936,23.148,55.56,131.955,2.432189e-05,6.6872,310.0
2007-04-01 03:00:00.000039936,24.6912,55.56,131.955,2.53252e-05,4.1152,315.0
2007-04-01 06:00:00.000039936,25.720001,55.56,131.955,2.5826394e-05,3.6008,300.0
2007-04-01 09:00:00.000039936,27.2632,55.56,141.215,2.5826394e-05,3.6008,290.0
2007-04-01 12:00:00.000039936,28.292,55.56,150.475,2.6076874e-05,4.1152,300.0
2007-04-01 15:00:00.000039936,29.835201,55.56,154.642,2.6827835e-05,4.6296,310.0
2007-04-01 18:00:00.000039936,30.864,55.56,157.42,2.7827968e-05,6.1728,315.0
2007-04-01 21:00:00.000039936,30.864,51.856,163.439,2.9325609e-05,7.716,315.0
2007-04-02 00:00:00.000039936,30.864,46.3,168.995,3.0820032e-05,7.716,325.0
2007-04-02 03:00:00.000039936,32.4072,46.3,168.995,3.2559245e-05,7.716,330.0
2007-04-02 06:00:00.000039936,33.436,46.3,168.995,3.404614e-05,8.2304,320.0
2007-04-02 09:00:00.000039936,33.436,46.3,168.995,3.5282377e-05,8.2304,315.0
2007-04-02 12:00:00.000039936,33.436,46.3,168.995,3.626943e-05,6.6872,310.0
2007-04-02 15:00:00.000039936,33.436,42.596,154.179,3.700857e-05,5.6584,310.0
2007-04-02 18:00:00.000039936,33.436,37.04,138.90001,3.7992504e-05,6.1728,310.0
2007-04-02 21:00:00.000039936,36.008,27.78,132.418,3.9219805e-05,7.2016,310.0
2007-04-03 00:00:00.000039936,38.58,18.52,125.009995,4.0444127e-05,7.2016,310.0
2007-04-03 03:00:00.000039936,40.1232,24.076,130.566,4.142137e-05,6.6872,310.0
2007-04-03 06:00:00.000039936,41.152,27.78,134.26999,4.239659e-05,5.144,320.0
2007-04-03 09:00:00.000039936,46.296,27.78,143.53,4.3369746e-05,4.6296,340.0
2007-04-03 12:00:00.000039936,51.440002,27.78,152.79,4.4340795e-05,5.144,345.0
2007-04-03 15:00:00.000039936,48.868,27.78,152.79,4.5309676e-05,5.144,350.0
2007-04-03 18:00:00.000039936,46.296,27.78,152.79,4.651767e-05,5.6584,360.0
2007-04-03 21:00:00.000039936,43.724,27.78,170.38399,4.796257e-05,6.1728,10.0
2007-04-04 00:00:00.000039936,41.152,27.78,187.515,4.9402213e-05,6.6872,20.0
2007-04-04 03:00:00.000039936,38.58,33.336,175.477,5.1074945e-05,6.6872,35.0
2007-04-04 06:00:00.000039936,36.008,37.04,162.04999,5.250265e-05,6.6872,45.0
2007-04-04 09:00:00.000039936,33.436,42.596,152.79001,5.392461e-05,7.2016,50.0
2007-04-04 12:00:00.000039936,30.864,46.3,143.53,5.510506e-05,8.2304,55.0
2007-04-04 15:00:00.000039936,25.720001,70.376,180.57,5.6516048e-05,9.7736,55.0
