Time,Vmax,Rmax_IBT,R34,fcor,u_trans,v_trans
2002-01-12 00:00:00.000040448,20.576,83.34,83.34,3.0571195e-05,6.6872,300.0
2002-01-12 03:00:00.000040448,22.1192,74.08,87.97,3.156599e-05,7.2016,300.0
2002-01-12 06:00:00.000040448,23.148,64.82,92.600006,3.2559245e-05,7.2016,305.0
2002-01-12 09:00:00.000040448,24.6912,55.56,104.638,3.3550914e-05,7.2016,305.0
2002-01-12 12:00:00.000040448,25.720001,46.3,115.75,3.454095e-05,6.6872,305.0
2002-01-12 15:00:00.000040448,24.6912,55.56,113.897995,3.5282377e-05,5.6584,305.0
2002-01-12 18:00:00.000040448,23.148,64.82,111.119995,3.6022833e-05,5.144,305.0
2002-01-12 21:00:00.000040448,23.148,64.82,111.119995,3.67623e-05,4.6296,305.0
2002-01-13 00:00:00.000040448,23.148,64.82,111.119995,3.7500762e-05,4.6296,305.0
2002-01-13 03:00:00.000040448,22.1192,61.116,111.119995,3.8238195e-05,5.144,310.0
2002-01-13 06:00:00.000040448,20.576,55.56,111.119995,3.9219805e-05,5.144,320.0
2002-01-13 09:00:00.000040448,20.576,55.56,111.119995,4.0688625e-05,5.144,330.0
2002-01-13 12:00:00.000040448,20.576,55.56,111.119995,4.2152973e-05,5.6584,340.0
