Time,Vmax,Rmax_IBT,R34,fcor,u_trans,v_trans
2009-05-04 00:00:00.000039936,20.576,83.34,67.135,2.7328068e-05,2.0576,10.0
2009-05-04 03:00:00.000039936,22.1192,64.82,73.617004,2.7578055e-05,1.5432,340.0
2009-05-04 06:00:00.000039936,23.148,46.3,78.71,2.7827968e-05,2.0576,340.0
2009-05-04 09:00:00.000039936,22.1192,46.3,75.006004,2.807779e-05,2.0576,345.0
2009-05-04 12:00:00.000039936,20.576,46.3,69.450005,2.857718e-05,1.5432,340.0
2009-05-04 15:00:00.000039936,22.1192,46.3,66.209,2.882674e-05,1.0288,340.0
2009-05-04 18:00:00.000039936,23.148,46.3,62.504997,2.9325609e-05,1.0288,350.0
2009-05-04 21:00:00.000039936,25.720001,46.3,83.803,2.9824112e-05,1.5432,0.0
2009-05-05 00:00:00.000039936,28.292,46.3,104.175,3.0571195e-05,2.0576,355.0
2009-05-05 03:00:00.000039936,28.292,46.3,104.175,3.156599e-05,3.0864,355.0
2009-05-05 06:00:00.000039936,28.292,46.3,104.175,3.231108e-05,3.0864,5.0
2009-05-05 09:00:00.000039936,28.292,46.3,104.175,3.280731e-05,3.0864,20.0
2009-05-05 12:00:00.000039936,28.292,46.3,104.175,3.330315e-05,3.0864,30.0
2009-05-05 15:00:00.000039936,28.292,46.3,100.934006,3.3550914e-05,3.0864,40.0
2009-05-05 18:00:00.000039936,28.292,46.3,97.23,3.3798577e-05,3.0864,50.0
2009-05-05 21:00:00.000039936,29.835201,46.3,106.953,3.404614e-05,3.0864,60.0
2009-05-06 00:00:00.000039936,30.864,46.3,115.75,3.454095e-05,4.1152,60.0
2009-05-06 03:00:00.000039936,30.864,46.3,115.75,3.5035337e-05,5.144,60.0
2009-05-06 06:00:00.000039936,30.864,46.3,115.75,3.5529305e-05,4.6296,65.0
2009-05-06 09:00:00.000039936,32.4072,46.3,115.75,3.6022833e-05,4.6296,70.0
2009-05-06 12:00:00.000039936,33.436,46.3,115.75,3.651592e-05,5.6584,70.0
2009-05-06 15:00:00.000039936,36.008,33.336,115.75,3.700857e-05,6.6872,70.0
2009-05-06 18:00:00.000039936,38.58,18.52,115.75,3.7500762e-05,6.6872,70.0
2009-05-06 21:00:00.000039936,38.58,18.52,120.38,3.7992504e-05,7.2016,70.0
2009-05-07 00:00:00.000039936,38.58,18.52,125.01,3.8483773e-05,7.2016,70.0
2009-05-07 03:00:00.000039936,42.6952,24.076,124.547,3.897458e-05,7.716,70.0
2009-05-07 06:00:00.000039936,46.296,27.78,122.69499,3.9709896e-05,7.716,65.0
2009-05-07 09:00:00.000039936,42.6952,33.336,137.974,4.0444127e-05,7.716,65.0
2009-05-07 12:00:00.000039936,38.58,37.04,152.79001,4.1177245e-05,7.716,70.0
