Time,Vmax,Rmax_IBT,R34,fcor,u_trans,v_trans
2012-03-29 12:00:00.000039936,23.148,74.08,62.505,2.4823696e-05,1.0288,275.0
2012-03-29 15:00:00.000039936,25.720001,70.376,78.246994,2.4823696e-05,1.0288,270.0
2012-03-29 18:00:00.000039936,28.292,64.82,92.59999,2.4572832e-05,1.0288,270.0
2012-03-29 21:00:00.000039936,29.835201,55.56,125.93599,2.432189e-05,1.5432,270.0
2012-03-30 00:00:00.000039936,30.864,46.3,157.42,2.432189e-05,1.5432,270.0
2012-03-30 03:00:00.000039936,30.864,46.3,157.42,2.432189e-05,1.5432,275.0
2012-03-30 06:00:00.000039936,30.864,46.3,157.42,2.432189e-05,1.5432,275.0
2012-03-30 09:00:00.000039936,30.864,46.3,157.42,2.4572832e-05,1.5432,275.0
2012-03-30 12:00:00.000039936,30.864,46.3,157.42,2.4572832e-05,1.5432,270.0
2012-03-30 15:00:00.000039936,30.864,46.3,157.42,2.4572832e-05,1.5432,265.0
2012-03-30 18:00:00.000039936,30.864,46.3,157.42,2.432189e-05,1.5432,265.0
2012-03-30 21:00:00.000039936,28.292,46.3,157.42,2.4070872e-05,2.0576,265.0
2012-03-31 00:00:00.000039936,25.720001,46.3,157.42,2.4070872e-05,2.0576,270.0
2012-03-31 03:00:00.000039936,24.6912,46.3,144.919,2.4070872e-05,2.0576,275.0
2012-03-31 06:00:00.000039936,23.148,46.3,131.955,2.4070872e-05,2.0576,270.0
2012-03-31 09:00:00.000039936,23.148,46.3,131.955,2.3819783e-05,2.0576,270.0
