Time,Vmax,Rmax_IBT,R34,fcor,u_trans,v_trans
2023-05-20 18:00:00.000039936,23.148,40.744,50.004,1.5497764e-05,2.572,350.0
2023-05-20 21:00:00.000039936,24.6912,40.744,66.672,1.6256854e-05,3.0864,345.0
2023-05-21 00:00:00.000039936,26.2344,40.744,82.414,1.7268272e-05,3.6008,335.0
2023-05-21 03:00:00.000039936,28.8064,40.744,82.414,1.8278848e-05,3.6008,325.0
2023-05-21 06:00:00.000039936,30.864,40.744,82.414,1.9288536e-05,3.6008,320.0
2023-05-21 09:00:00.000039936,31.8928,40.744,82.414,2.0045187e-05,3.0864,315.0
2023-05-21 12:00:00.000039936,32.9216,40.744,82.414,2.0801292e-05,2.572,320.0
2023-05-21 15:00:00.000039936,35.4936,40.744,89.82201,2.1053198e-05,2.0576,330.0
2023-05-21 18:00:00.000039936,38.0656,40.744,96.767,2.1556822e-05,3.0864,330.0
2023-05-21 21:00:00.000039936,40.6376,40.744,111.58299,2.231176e-05,3.6008,330.0
2023-05-22 00:00:00.000039936,43.209602,40.744,125.009995,2.306609e-05,3.6008,320.0
2023-05-22 03:00:00.000039936,44.7528,40.744,139.826,2.3568628e-05,3.6008,315.0
2023-05-22 06:00:00.000039936,45.7816,40.744,153.25299,2.4070872e-05,3.0864,330.0
2023-05-22 09:00:00.000039936,45.7816,40.744,157.42001,2.4572832e-05,3.0864,345.0
2023-05-22 12:00:00.000039936,45.7816,40.744,161.124,2.53252e-05,3.0864,355.0
2023-05-22 15:00:00.000039936,48.3536,37.04,141.215,2.5826394e-05,3.0864,355.0
2023-05-22 18:00:00.000039936,50.925602,31.484,120.843,2.6577594e-05,3.0864,5.0
2023-05-22 21:00:00.000039936,55.040802,31.484,120.843,2.7328068e-05,3.6008,5.0
2023-05-23 00:00:00.000039936,59.156002,31.484,120.843,2.8327528e-05,3.6008,345.0
2023-05-23 03:00:00.000039936,64.3,20.372,149.54901,2.9076216e-05,3.6008,330.0
2023-05-23 06:00:00.000039936,68.9296,7.408,177.329,2.9824112e-05,3.6008,320.0
2023-05-23 09:00:00.000039936,68.9296,7.408,179.181,3.0322259e-05,3.0864,310.0
2023-05-23 12:00:00.000039936,68.9296,7.408,181.03299,3.0820032e-05,2.572,310.0
2023-05-23 15:00:00.000039936,65.328804,7.408,169.45801,3.1068776e-05,2.572,310.0
2023-05-23 18:00:00.000039936,61.2136,7.408,156.957,3.156599e-05,2.572,330.0
2023-05-23 21:00:00.000039936,61.2136,7.408,160.661,3.206281e-05,3.0864,340.0
2023-05-24 00:00:00.000039936,61.2136,7.408,163.43901,3.280731e-05,3.0864,340.0
2023-05-24 03:00:00.000039936,61.2136,14.816,175.94,3.3550914e-05,3.0864,330.0
2023-05-24 06:00:00.000039936,61.2136,22.223999,187.052,3.4293596e-05,2.572,315.0
2023-05-24 09:00:00.000039936,61.2136,22.223999,192.145,3.454095e-05,2.572,295.0
2023-05-24 12:00:00.000039936,61.2136,22.223999,196.775,3.47882e-05,3.0864,295.0
2023-05-24 15:00:00.000039936,63.7856,14.816,230.11102,3.5035337e-05,3.0864,295.0
2023-05-24 18:00:00.000039936,65.8432,7.408,262.05798,3.5529305e-05,3.0864,290.0
2023-05-24 21:00:00.000039936,67.3864,7.408,262.05798,3.577612e-05,3.0864,285.0
2023-05-25 00:00:00.000039936,68.9296,7.408,262.05798,3.6022833e-05,3.0864,290.0
2023-05-25 03:00:00.000039936,71.5016,18.52,262.05798,3.626943e-05,3.6008,295.0
2023-05-25 06:00:00.000039936,74.0736,27.78,262.05798,3.651592e-05,5.144,285.0
2023-05-25 09:00:00.000039936,75.1024,25.928,252.335,3.67623e-05,6.1728,280.0
2023-05-25 12:00:00.000039936,76.1312,22.223999,241.22299,3.700857e-05,6.1728,280.0
2023-05-25 15:00:00.000039936,77.6744,22.223999,241.22299,3.7254722e-05,5.6584,280.0
2023-05-25 18:00:00.000039936,79.2176,22.223999,241.22299,3.7500762e-05,5.6584,280.0
2023-05-25 21:00:00.000039936,80.7608,22.223999,244.464,3.7746686e-05,6.1728,280.0
2023-05-26 00:00:00.000039936,81.789604,22.223999,247.242,3.7992504e-05,6.1728,280.0
2023-05-26 03:00:00.000039936,80.7608,25.928,249.094,3.8238195e-05,6.6872,280.0
2023-05-26 06:00:00.000039936,79.2176,27.78,249.557,3.8483773e-05,7.2016,285.0
2023-05-26 09:00:00.000039936,76.6456,27.78,256.965,3.897458e-05,7.716,285.0
2023-05-26 12:00:00.000039936,74.0736,27.78,263.91,3.9464914e-05,8.2304,285.0
2023-05-26 15:00:00.000039936,74.0736,27.78,263.91,3.995476e-05,8.2304,280.0
2023-05-26 18:00:00.000039936,74.0736,27.78,263.91,4.0444127e-05,8.2304,285.0
2023-05-26 21:00:00.000039936,71.5016,27.78,278.726,4.093299e-05,7.2016,285.0
2023-05-27 00:00:00.000039936,68.9296,27.78,293.542,4.1177245e-05,6.6872,280.0
2023-05-27 03:00:00.000039936,68.9296,29.632,296.32,4.142137e-05,6.1728,280.0
2023-05-27 06:00:00.000039936,68.9296,31.484,299.09802,4.1665367e-05,6.1728,280.0
2023-05-27 09:00:00.000039936,67.3864,29.632,312.98798,4.1909232e-05,6.6872,280.0
2023-05-27 12:00:00.000039936,65.8432,27.78,325.952,4.2152973e-05,6.1728,280.0
2023-05-27 15:00:00.000039936,63.7856,27.78,302.339,4.239659e-05,6.1728,280.0
2023-05-27 18:00:00.000039936,61.2136,27.78,277.8,4.2640077e-05,5.6584,280.0
2023-05-27 21:00:00.000039936,58.6416,27.78,288.912,4.288343e-05,5.144,285.0
2023-05-28 00:00:00.000039936,56.0696,27.78,299.56097,4.3369746e-05,4.6296,285.0
2023-05-28 03:00:00.000039936,55.040802,18.52,298.172,4.3612705e-05,4.1152,290.0
2023-05-28 06:00:00.000039936,54.012,7.408,295.857,4.385554e-05,3.6008,300.0
2023-05-28 09:00:00.000039936,54.012,14.816,306.969,4.4340795e-05,3.6008,305.0
2023-05-28 12:00:00.000039936,54.012,22.223999,317.61798,4.4825505e-05,3.6008,315.0
2023-05-28 15:00:00.000039936,54.012,22.223999,306.04297,4.5551555e-05,4.1152,320.0
2023-05-28 18:00:00.000039936,54.012,22.223999,294.005,4.627635e-05,4.1152,315.0
2023-05-28 21:00:00.000039936,54.012,22.223999,294.005,4.6999867e-05,4.1152,310.0
2023-05-29 00:00:00.000039936,54.012,22.223999,294.005,4.7722115e-05,3.6008,310.0
2023-05-29 03:00:00.000039936,54.012,25.928,308.358,4.8202877e-05,2.572,315.0
2023-05-29 06:00:00.000039936,54.012,27.78,321.785,4.844305e-05,2.0576,320.0
2023-05-29 09:00:00.000039936,52.4688,27.78,325.95203,4.868306e-05,2.0576,330.0
2023-05-29 12:00:00.000039936,50.925602,27.78,330.11902,4.916265e-05,2.0576,335.0
2023-05-29 15:00:00.000039936,48.3536,27.78,330.11902,4.9641636e-05,2.0576,335.0
2023-05-29 18:00:00.000039936,45.7816,27.78,330.11902,5.012002e-05,2.0576,325.0
2023-05-29 21:00:00.000039936,43.724,29.632,275.485,5.059779e-05,2.0576,315.0
2023-05-30 00:00:00.000039936,41.152,31.484,220.851,5.083645e-05,1.5432,315.0
2023-05-30 03:00:00.000039936,39.6088,31.484,263.447,5.1074945e-05,1.0288,330.0
2023-05-30 06:00:00.000039936,38.0656,31.484,304.19098,5.1074945e-05,1.0288,345.0
2023-05-30 09:00:00.000039936,37.0368,31.484,304.19098,5.131329e-05,1.0288,10.0
2023-05-30 12:00:00.000039936,36.008,31.484,304.19098,5.155148e-05,1.5432,0.0
2023-05-30 15:00:00.000039936,34.4648,40.744,288.91202,5.2027382e-05,2.0576,0.0
2023-05-30 18:00:00.000039936,32.9216,48.152,272.24402,5.250265e-05,2.0576,10.0
2023-05-30 21:00:00.000039936,31.8928,48.152,261.595,5.2977284e-05,2.0576,20.0
2023-05-31 00:00:00.000039936,30.864,48.152,249.557,5.345127e-05,3.0864,15.0
2023-05-31 03:00:00.000039936,31.8928,44.447998,262.05798,5.439729e-05,4.1152,10.0
2023-05-31 06:00:00.000039936,32.9216,40.744,273.17,5.5340646e-05,3.6008,15.0
2023-05-31 09:00:00.000039936,32.9216,24.076,256.039,5.581132e-05,2.572,15.0
2023-05-31 12:00:00.000039936,32.9216,7.408,237.519,5.6281307e-05,3.0864,10.0
2023-05-31 15:00:00.000039936,31.8928,7.408,250.483,5.721923e-05,4.1152,10.0
2023-05-31 18:00:00.000039936,30.864,7.408,262.984,5.8154368e-05,4.1152,15.0
2023-05-31 21:00:00.000039936,29.3208,7.408,262.984,5.9086666e-05,3.6008,20.0
2023-06-01 00:00:00.000039936,27.7776,7.408,262.984,5.9784e-05,4.1152,20.0
2023-06-01 03:00:00.000039936,27.2632,27.78,288.912,6.0711227e-05,4.6296,20.0
2023-06-01 06:00:00.000039936,26.2344,48.152,313.914,6.1635496e-05,5.144,35.0
2023-06-01 09:00:00.000039936,26.2344,48.152,298.635,6.255676e-05,6.1728,45.0
2023-06-01 12:00:00.000039936,26.2344,48.152,281.96698,6.3474974e-05,6.6872,50.0
2023-06-01 15:00:00.000039936,26.2344,48.152,281.96698,6.416161e-05,6.6872,50.0
2023-06-01 18:00:00.000039936,26.2344,48.152,281.96698,6.4846485e-05,6.6872,55.0
2023-06-01 21:00:00.000039936,24.6912,61.116,262.05798,6.530208e-05,6.6872,60.0
2023-06-02 00:00:00.000039936,23.148,72.228,241.22299,6.621089e-05,7.716,60.0
2023-06-02 03:00:00.000039936,23.148,75.932,270.392,6.756802e-05,9.2592,55.0
2023-06-02 06:00:00.000039936,23.148,79.636,298.172,6.914198e-05,9.2592,60.0
2023-06-02 09:00:00.000039936,23.148,88.895996,301.41302,7.025991e-05,9.2592,65.0
