Time,Vmax,Rmax_IBT,R34,fcor,u_trans,v_trans
2003-04-09 18:00:00.000040448,18.004,92.6,185.20001,1.3724946e-05,4.1152,355.0
2003-04-09 21:00:00.000040448,19.5472,92.6,185.20001,1.4991469e-05,4.1152,350.0
2003-04-10 00:00:00.000040448,20.576,92.6,185.20001,1.6509784e-05,5.144,340.0
2003-04-10 03:00:00.000040448,20.576,92.6,185.20001,1.777367e-05,5.6584,330.0
2003-04-10 06:00:00.000040448,20.576,92.6,185.20001,1.9036203e-05,5.144,320.0
2003-04-10 09:00:00.000040448,20.576,92.6,185.20001,1.9793031e-05,4.1152,305.0
2003-04-10 12:00:00.000040448,20.576,92.6,185.20001,2.0549318e-05,4.6296,300.0
2003-04-10 15:00:00.000040448,20.576,83.34,177.329,2.130504e-05,4.6296,305.0
2003-04-10 18:00:00.000040448,20.576,74.08,168.995,2.1808535e-05,4.6296,305.0
2003-04-10 21:00:00.000040448,20.576,74.08,168.995,2.231176e-05,4.6296,305.0
2003-04-11 00:00:00.000040448,20.576,74.08,168.995,2.306609e-05,5.144,300.0
2003-04-11 03:00:00.000040448,20.576,74.08,168.995,2.3819783e-05,5.6584,300.0
2003-04-11 06:00:00.000040448,20.576,74.08,168.995,2.432189e-05,5.144,295.0
2003-04-11 09:00:00.000040448,20.576,74.08,168.995,2.4823696e-05,4.1152,290.0
2003-04-11 12:00:00.000040448,20.576,74.08,168.995,2.53252e-05,3.6008,285.0
2003-04-11 15:00:00.000040448,23.148,79.636,168.995,2.5575835e-05,3.6008,280.0
2003-04-11 18:00:00.000040448,25.720001,83.34,168.995,2.5826394e-05,4.1152,275.0
2003-04-11 21:00:00.000040448,27.2632,79.636,166.217,2.5826394e-05,4.6296,275.0
2003-04-12 00:00:00.000040448,28.292,74.08,162.05,2.5826394e-05,5.144,275.0
2003-04-12 03:00:00.000040448,28.292,64.82,162.05,2.5826394e-05,5.144,275.0
2003-04-12 06:00:00.000040448,28.292,55.56,162.05,2.5826394e-05,4.6296,275.0
2003-04-12 09:00:00.000040448,28.292,55.56,162.05,2.5826394e-05,4.1152,275.0
2003-04-12 12:00:00.000040448,28.292,55.56,162.05,2.5826394e-05,4.1152,270.0
2003-04-12 15:00:00.000040448,30.864,55.56,185.663,2.5575835e-05,4.1152,270.0
2003-04-12 18:00:00.000040448,33.436,55.56,208.35,2.5575835e-05,4.1152,270.0
2003-04-12 21:00:00.000040448,33.436,55.56,208.35,2.5575835e-05,4.1152,270.0
2003-04-13 00:00:00.000040448,33.436,55.56,208.35,2.5575835e-05,4.1152,270.0
2003-04-13 03:00:00.000040448,33.436,55.56,208.35,2.5575835e-05,4.6296,275.0
2003-04-13 06:00:00.000040448,33.436,55.56,208.35,2.5826394e-05,4.1152,270.0
2003-04-13 09:00:00.000040448,36.008,55.56,208.35,2.5826394e-05,4.1152,270.0
2003-04-13 12:00:00.000040448,38.58,55.56,208.35,2.5826394e-05,3.6008,280.0
2003-04-13 15:00:00.000040448,38.58,55.56,208.35,2.5826394e-05,4.1152,285.0
2003-04-13 18:00:00.000040448,38.58,55.56,208.35,2.6076874e-05,4.6296,280.0
2003-04-13 21:00:00.000040448,42.6952,61.116,208.35,2.6076874e-05,5.144,275.0
2003-04-14 00:00:00.000040448,46.296,64.82,208.35,2.6327272e-05,5.144,275.0
2003-04-14 03:00:00.000040448,48.868,64.82,208.35,2.6577594e-05,5.6584,280.0
2003-04-14 06:00:00.000040448,51.440002,64.82,208.35,2.6827835e-05,5.144,280.0
2003-04-14 09:00:00.000040448,54.012,64.82,208.35,2.6827835e-05,5.144,280.0
2003-04-14 12:00:00.000040448,56.584,64.82,208.35,2.707799e-05,6.1728,285.0
2003-04-14 15:00:00.000040448,59.156002,64.82,211.12799,2.7578055e-05,7.2016,285.0
2003-04-14 18:00:00.000040448,61.728,64.82,212.98,2.807779e-05,7.716,285.0
2003-04-14 21:00:00.000040448,63.271202,51.856,231.5,2.8327528e-05,7.716,285.0
2003-04-15 00:00:00.000040448,64.3,37.04,250.01999,2.882674e-05,7.716,285.0
2003-04-15 03:00:00.000040448,64.3,33.336,247.70499,2.9325609e-05,7.2016,290.0
2003-04-15 06:00:00.000040448,64.3,27.78,245.39001,3.0073232e-05,7.716,285.0
2003-04-15 09:00:00.000040448,64.3,27.78,245.39001,3.0571195e-05,7.716,285.0
2003-04-15 12:00:00.000040448,64.3,27.78,245.39001,3.1068776e-05,7.2016,285.0
2003-04-15 15:00:00.000040448,65.8432,33.336,245.39001,3.131743e-05,6.6872,290.0
2003-04-15 18:00:00.000040448,66.872,37.04,245.39001,3.1814445e-05,6.6872,290.0
2003-04-15 21:00:00.000040448,68.4152,33.336,245.39001,3.231108e-05,6.6872,290.0
2003-04-16 00:00:00.000040448,69.444,27.78,245.39001,3.280731e-05,6.1728,290.0
2003-04-16 03:00:00.000040448,69.444,27.78,245.39001,3.330315e-05,5.144,295.0
2003-04-16 06:00:00.000040448,69.444,27.78,245.39001,3.3798577e-05,4.6296,290.0
2003-04-16 09:00:00.000040448,68.4152,27.78,245.39001,3.4293596e-05,4.6296,290.0
2003-04-16 12:00:00.000040448,66.872,27.78,245.39001,3.47882e-05,4.6296,285.0
2003-04-16 15:00:00.000040448,63.271202,37.04,238.445,3.5035337e-05,4.1152,280.0
2003-04-16 18:00:00.000040448,59.156002,46.3,231.5,3.5282377e-05,3.6008,280.0
2003-04-16 21:00:00.000040448,59.156002,46.3,231.5,3.5282377e-05,3.0864,275.0
2003-04-17 00:00:00.000040448,59.156002,46.3,231.5,3.5282377e-05,3.6008,265.0
2003-04-17 03:00:00.000040448,58.1272,46.3,231.5,3.5035337e-05,4.1152,260.0
2003-04-17 06:00:00.000040448,56.584,46.3,231.5,3.454095e-05,4.1152,260.0
2003-04-17 09:00:00.000040448,55.5552,46.3,231.5,3.4293596e-05,4.1152,260.0
2003-04-17 12:00:00.000040448,54.012,46.3,231.5,3.4293596e-05,4.1152,260.0
2003-04-17 15:00:00.000040448,54.012,46.3,231.5,3.404614e-05,4.1152,260.0
2003-04-17 18:00:00.000040448,54.012,46.3,231.5,3.404614e-05,3.6008,265.0
2003-04-17 21:00:00.000040448,56.584,46.3,231.5,3.404614e-05,3.6008,265.0
2003-04-18 00:00:00.000040448,59.156002,46.3,231.5,3.404614e-05,3.0864,265.0
2003-04-18 03:00:00.000040448,61.728,46.3,231.5,3.404614e-05,3.0864,270.0
2003-04-18 06:00:00.000040448,64.3,46.3,231.5,3.404614e-05,2.572,275.0
2003-04-18 09:00:00.000040448,64.3,46.3,241.686,3.404614e-05,2.572,285.0
2003-04-18 12:00:00.000040448,64.3,46.3,250.01999,3.4293596e-05,2.572,295.0
2003-04-18 15:00:00.000040448,63.271202,37.04,250.01999,3.454095e-05,2.572,300.0
2003-04-18 18:00:00.000040448,61.728,27.78,250.01999,3.5035337e-05,2.0576,305.0
2003-04-18 21:00:00.000040448,60.6992,27.78,250.01999,3.5282377e-05,2.0576,310.0
2003-04-19 00:00:00.000040448,59.156002,27.78,250.01999,3.577612e-05,3.0864,315.0
2003-04-19 03:00:00.000040448,56.584,24.076,250.01999,3.626943e-05,3.6008,320.0
2003-04-19 06:00:00.000040448,54.012,18.52,250.01999,3.700857e-05,3.6008,320.0
2003-04-19 09:00:00.000040448,51.440002,18.52,246.77899,3.7500762e-05,3.0864,320.0
2003-04-19 12:00:00.000040448,48.868,18.52,243.075,3.8238195e-05,3.6008,315.0
2003-04-19 15:00:00.000040448,47.8392,18.52,244.46399,3.872924e-05,4.1152,315.0
2003-04-19 18:00:00.000040448,46.296,18.52,245.39001,3.9464914e-05,4.1152,315.0
2003-04-19 21:00:00.000040448,45.2672,24.076,245.39001,4.0199502e-05,3.6008,315.0
2003-04-20 00:00:00.000040448,43.724,27.78,245.39001,4.0688625e-05,4.1152,310.0
2003-04-20 03:00:00.000040448,46.296,24.076,245.39001,4.1177245e-05,4.1152,310.0
2003-04-20 06:00:00.000040448,48.868,18.52,245.39001,4.1909232e-05,3.6008,310.0
2003-04-20 09:00:00.000040448,50.4112,24.076,245.39001,4.239659e-05,3.0864,320.0
2003-04-20 12:00:00.000040448,51.440002,27.78,245.39001,4.3126656e-05,3.6008,325.0
2003-04-20 15:00:00.000040448,51.440002,24.076,234.278,4.385554e-05,4.6296,325.0
2003-04-20 18:00:00.000040448,51.440002,18.52,222.23999,4.4825505e-05,4.1152,320.0
2003-04-20 21:00:00.000040448,51.440002,24.076,222.23999,4.5551555e-05,3.6008,310.0
2003-04-21 00:00:00.000040448,51.440002,27.78,222.23999,4.6034886e-05,3.0864,315.0
2003-04-21 03:00:00.000040448,50.4112,27.78,222.23999,4.627635e-05,2.572,330.0
2003-04-21 06:00:00.000040448,48.868,27.78,222.23999,4.675884e-05,2.572,340.0
2003-04-21 09:00:00.000040448,46.296,27.78,212.98001,4.7240763e-05,2.572,350.0
2003-04-21 12:00:00.000040448,43.724,27.78,203.72,4.796257e-05,2.572,350.0
2003-04-21 15:00:00.000040448,41.152,33.336,203.72,4.868306e-05,2.572,340.0
2003-04-21 18:00:00.000040448,38.58,37.04,203.72,4.916265e-05,2.572,335.0
2003-04-21 21:00:00.000040448,33.436,37.04,203.72,4.9402213e-05,2.572,330.0
2003-04-22 00:00:00.000040448,28.292,37.04,203.72,4.9641636e-05,2.572,310.0
2003-04-22 03:00:00.000040448,27.2632,37.04,194.45999,5.012002e-05,2.572,300.0
2003-04-22 06:00:00.000040448,25.720001,37.04,185.20001,5.059779e-05,2.0576,310.0
2003-04-22 09:00:00.000040448,24.6912,37.04,183.34799,5.1074945e-05,1.5432,330.0
2003-04-22 12:00:00.000040448,23.148,37.04,180.57,5.155148e-05,1.5432,330.0
2003-04-22 15:00:00.000040448,23.148,37.04,180.57,5.178951e-05,1.5432,315.0
2003-04-22 18:00:00.000040448,23.148,37.04,180.57,5.178951e-05,1.5432,285.0
2003-04-22 21:00:00.000040448,20.576,37.04,180.57,5.178951e-05,2.0576,270.0
2003-04-23 00:00:00.000040448,18.004,37.04,180.57,5.178951e-05,1.5432,270.0
2003-04-23 03:00:00.000040448,18.004,74.08,164.828,5.178951e-05,0.5144,290.0
2003-04-23 06:00:00.000040448,18.004,111.12,148.16,5.2027382e-05,0.5144,335.0
2003-04-23 09:00:00.000040448,18.004,111.12,159.735,5.22651e-05,1.0288,0.0
