Time,Vmax,Rmax_IBT,R34,fcor,u_trans,v_trans
2006-05-09 12:00:00.000039936,20.576,55.56,74.08,2.130504e-05,3.0864,290.0
2006-05-09 15:00:00.000039936,22.1192,55.56,79.636,2.1808535e-05,3.0864,295.0
2006-05-09 18:00:00.000039936,23.148,55.56,83.34,2.2563274e-05,3.6008,300.0
2006-05-09 21:00:00.000039936,25.720001,42.596,101.86,2.306609e-05,4.1152,300.0
2006-05-10 00:00:00.000039936,28.292,27.78,120.38,2.3568628e-05,5.144,300.0
2006-05-10 03:00:00.000039936,28.292,24.076,120.38,2.4070872e-05,5.144,300.0
2006-05-10 06:00:00.000039936,28.292,18.52,120.38,2.4572832e-05,4.1152,295.0
2006-05-10 09:00:00.000039936,29.835201,18.52,152.79001,2.4823696e-05,2.572,295.0
2006-05-10 12:00:00.000039936,30.864,18.52,185.20001,2.53252e-05,2.572,305.0
2006-05-10 15:00:00.000039936,34.979202,24.076,189.83,2.5826394e-05,3.6008,315.0
2006-05-10 18:00:00.000039936,38.58,27.78,194.46,2.6577594e-05,4.1152,310.0
2006-05-10 21:00:00.000039936,38.58,27.78,199.09001,2.707799e-05,4.6296,305.0
2006-05-11 00:00:00.000039936,38.58,27.78,203.72,2.7827968e-05,6.1728,300.0
2006-05-11 03:00:00.000039936,38.58,27.78,197.238,2.8327528e-05,6.6872,295.0
2006-05-11 06:00:00.000039936,38.58,27.78,189.83,2.9076216e-05,6.6872,295.0
2006-05-11 09:00:00.000039936,38.58,27.78,192.608,2.9824112e-05,6.6872,295.0
2006-05-11 12:00:00.000039936,38.58,27.78,194.45999,3.0571195e-05,6.1728,295.0
