Time,Vmax,Rmax_IBT,R34,fcor,u_trans,v_trans
2002-02-28 12:00:00.000040448,20.576,74.08,101.86,1.8026287e-05,5.144,270.0
2002-02-28 15:00:00.000040448,22.1192,64.82,101.86,1.777367e-05,5.144,265.0
2002-02-28 18:00:00.000040448,23.148,55.56,101.86,1.7520999e-05,6.1728,260.0
2002-02-28 21:00:00.000040448,23.148,55.56,109.730995,1.7268272e-05,7.2016,255.0
2002-03-01 00:00:00.000040448,23.148,55.56,115.75,1.7015493e-05,6.1728,260.0
2002-03-01 03:00:00.000040448,29.835201,55.56,134.733,1.6762664e-05,5.6584,265.0
2002-03-01 06:00:00.000040448,36.008,55.56,152.79,1.6762664e-05,5.144,265.0
2002-03-01 09:00:00.000040448,36.008,55.56,152.79,1.6762664e-05,5.144,270.0
2002-03-01 12:00:00.000040448,36.008,55.56,152.79,1.6762664e-05,6.1728,270.0
2002-03-01 15:00:00.000040448,36.008,51.856,160.198,1.6762664e-05,7.2016,275.0
2002-03-01 18:00:00.000040448,36.008,46.3,166.68,1.7015493e-05,7.2016,280.0
2002-03-01 21:00:00.000040448,36.008,46.3,153.716,1.7520999e-05,7.2016,285.0
2002-03-02 00:00:00.000040448,36.008,46.3,138.9,1.8026287e-05,7.2016,290.0
2002-03-02 03:00:00.000040448,37.5512,46.3,150.93799,1.8531358e-05,7.716,290.0
2002-03-02 06:00:00.000040448,38.58,46.3,162.04999,1.9288536e-05,8.744801,285.0
2002-03-02 09:00:00.000040448,42.6952,46.3,192.60799,1.9793031e-05,9.2592,285.0
2002-03-02 12:00:00.000040448,46.296,46.3,222.24,2.0297284e-05,8.744801,285.0
2002-03-02 15:00:00.000040448,48.868,37.04,222.24,2.0801292e-05,8.2304,285.0
2002-03-02 18:00:00.000040448,51.440002,27.78,222.24,2.130504e-05,8.2304,285.0
2002-03-02 21:00:00.000040448,51.440002,27.78,212.98001,2.1808535e-05,7.716,285.0
2002-03-03 00:00:00.000040448,51.440002,27.78,203.72,2.231176e-05,7.2016,290.0
2002-03-03 03:00:00.000040448,51.440002,27.78,226.87,2.306609e-05,7.2016,295.0
2002-03-03 06:00:00.000040448,51.440002,27.78,250.01999,2.4070872e-05,7.716,295.0
2002-03-03 09:00:00.000040448,51.440002,27.78,254.65001,2.5074483e-05,8.2304,295.0
2002-03-03 12:00:00.000040448,51.440002,27.78,259.28,2.5826394e-05,7.2016,295.0
2002-03-03 15:00:00.000040448,52.9832,24.076,254.65,2.6327272e-05,6.1728,290.0
2002-03-03 18:00:00.000040448,54.012,18.52,250.01999,2.6577594e-05,5.6584,285.0
2002-03-03 21:00:00.000040448,56.584,33.336,259.28,2.707799e-05,5.6584,285.0
2002-03-04 00:00:00.000040448,59.156002,46.3,268.53998,2.7578055e-05,4.6296,285.0
2002-03-04 03:00:00.000040448,59.156002,46.3,268.53998,2.807779e-05,3.6008,300.0
2002-03-04 06:00:00.000040448,59.156002,46.3,268.53998,2.857718e-05,4.1152,315.0
2002-03-04 09:00:00.000040448,60.6992,46.3,268.53998,2.9325609e-05,4.6296,325.0
2002-03-04 12:00:00.000040448,61.728,46.3,268.53998,3.0322259e-05,5.144,320.0
2002-03-04 15:00:00.000040448,63.271202,46.3,268.53998,3.1068776e-05,5.144,310.0
2002-03-04 18:00:00.000040448,64.3,46.3,268.53998,3.156599e-05,4.6296,310.0
2002-03-04 21:00:00.000040448,65.8432,46.3,273.16998,3.231108e-05,4.6296,315.0
2002-03-05 00:00:00.000040448,66.872,46.3,277.8,3.305528e-05,4.6296,315.0
2002-03-05 03:00:00.000040448,69.444,46.3,296.32,3.3798577e-05,4.1152,320.0
2002-03-05 06:00:00.000040448,72.016,46.3,314.84,3.454095e-05,3.6008,330.0
2002-03-05 09:00:00.000040448,72.016,46.3,314.84,3.5035337e-05,3.0864,345.0
2002-03-05 12:00:00.000040448,72.016,46.3,314.84,3.577612e-05,3.0864,355.0
2002-03-05 15:00:00.000040448,72.016,46.3,314.84,3.651592e-05,3.0864,0.0
2002-03-05 18:00:00.000040448,72.016,46.3,314.84,3.7254722e-05,3.0864,10.0
2002-03-05 21:00:00.000040448,69.444,46.3,314.84,3.8238195e-05,3.6008,15.0
2002-03-06 00:00:00.000040448,66.872,46.3,314.84,3.897458e-05,3.0864,20.0
2002-03-06 03:00:00.000040448,65.8432,46.3,298.635,3.9709896e-05,3.0864,30.0
2002-03-06 06:00:00.000040448,64.3,46.3,282.43002,4.0199502e-05,3.6008,35.0
2002-03-06 09:00:00.000040448,63.271202,46.3,273.17,4.093299e-05,4.1152,40.0
2002-03-06 12:00:00.000040448,61.728,46.3,263.91,4.1665367e-05,4.1152,45.0
2002-03-06 15:00:00.000040448,60.6992,46.3,263.91,4.239659e-05,3.6008,50.0
2002-03-06 18:00:00.000040448,59.156002,46.3,263.91,4.288343e-05,4.1152,55.0
2002-03-06 21:00:00.000040448,54.012,46.3,233.815,4.3612705e-05,4.6296,60.0
2002-03-07 00:00:00.000040448,48.868,46.3,203.72,4.409823e-05,5.6584,65.0
2002-03-07 03:00:00.000040448,43.724,55.56,226.87,4.458322e-05,6.1728,70.0
2002-03-07 06:00:00.000040448,38.58,64.82,250.01999,4.4825505e-05,5.6584,70.0
2002-03-07 09:00:00.000040448,36.008,70.376,245.38998,4.506766e-05,4.6296,80.0
2002-03-07 12:00:00.000040448,33.436,74.08,240.76,4.506766e-05,4.1152,85.0
2002-03-07 15:00:00.000040448,30.864,70.376,236.13,4.506766e-05,3.0864,95.0
2002-03-07 18:00:00.000040448,28.292,64.82,231.5,4.4825505e-05,3.0864,120.0
2002-03-07 21:00:00.000040448,23.148,64.82,168.53201,4.458322e-05,3.0864,145.0
