Time,Vmax,Rmax_IBT,R34,fcor,u_trans,v_trans
2007-05-17 12:00:00.000039936,23.148,46.3,94.915,2.4572832e-05,6.1728,305.0
2007-05-17 15:00:00.000039936,23.148,46.3,95.378006,2.5826394e-05,6.1728,315.0
2007-05-17 18:00:00.000039936,23.148,46.3,94.91499,2.707799e-05,6.1728,315.0
2007-05-17 21:00:00.000039936,25.720001,42.596,100.47099,2.8327528e-05,6.6872,315.0
2007-05-18 00:00:00.000039936,28.292,37.04,104.174995,2.9325609e-05,7.716,305.0
2007-05-18 03:00:00.000039936,29.835201,37.04,106.952995,3.0322259e-05,8.2304,305.0
2007-05-18 06:00:00.000039936,30.864,37.04,108.80499,3.131743e-05,7.716,305.0
2007-05-18 09:00:00.000039936,32.4072,37.04,114.361,3.231108e-05,6.6872,310.0
2007-05-18 12:00:00.000039936,33.436,37.04,118.065,3.330315e-05,6.1728,315.0
2007-05-18 15:00:00.000039936,33.436,37.04,119.454,3.4293596e-05,6.1728,320.0
2007-05-18 18:00:00.000039936,33.436,37.04,120.38,3.5282377e-05,5.6584,330.0
2007-05-18 21:00:00.000039936,36.008,37.04,140.289,3.651592e-05,5.6584,335.0
2007-05-19 00:00:00.000039936,38.58,37.04,159.73499,3.7746686e-05,5.6584,340.0
2007-05-19 03:00:00.000039936,41.152,37.04,162.513,3.9219805e-05,5.6584,350.0
2007-05-19 06:00:00.000039936,43.724,37.04,164.36499,4.0444127e-05,5.144,355.0
2007-05-19 09:00:00.000039936,46.296,37.04,168.532,4.142137e-05,4.6296,5.0
2007-05-19 12:00:00.000039936,48.868,37.04,171.31,4.239659e-05,4.1152,20.0
2007-05-19 15:00:00.000039936,51.440002,33.336,180.107,4.3369746e-05,4.1152,30.0
2007-05-19 18:00:00.000039936,54.012,27.78,187.515,4.4340795e-05,4.1152,45.0
2007-05-19 21:00:00.000039936,54.012,27.78,186.58899,4.506766e-05,4.6296,50.0
2007-05-20 00:00:00.000039936,54.012,27.78,185.2,4.5793287e-05,5.144,50.0
2007-05-20 03:00:00.000039936,56.584,24.076,193.534,4.675884e-05,5.6584,45.0
2007-05-20 06:00:00.000039936,59.156002,18.52,201.40501,4.7722115e-05,6.1728,50.0
2007-05-20 09:00:00.000039936,63.271202,18.52,220.851,4.868306e-05,6.1728,50.0
2007-05-20 12:00:00.000039936,66.872,18.52,238.44499,4.9641636e-05,6.6872,50.0
2007-05-20 15:00:00.000039936,66.872,24.076,234.741,5.059779e-05,7.2016,50.0
2007-05-20 18:00:00.000039936,66.872,27.78,229.185,5.155148e-05,7.716,50.0
2007-05-20 21:00:00.000039936,64.3,27.78,222.70299,5.250265e-05,7.716,55.0
2007-05-21 00:00:00.000039936,61.728,27.78,215.295,5.3688025e-05,8.2304,50.0
2007-05-21 03:00:00.000039936,61.728,24.076,218.073,5.510506e-05,9.2592,50.0
2007-05-21 06:00:00.000039936,61.728,18.52,219.925,5.6516048e-05,9.2592,50.0
2007-05-21 09:00:00.000039936,60.6992,18.52,193.99698,5.768715e-05,9.2592,50.0
2007-05-21 12:00:00.000039936,59.156002,18.52,166.68,5.9086666e-05,9.7736,50.0
2007-05-21 15:00:00.000039936,52.9832,18.52,185.663,6.0711227e-05,10.288,55.0
2007-05-21 18:00:00.000039936,46.296,18.52,203.72,6.20965e-05,10.802401,55.0
2007-05-21 21:00:00.000039936,40.1232,27.78,203.72,6.324571e-05,10.802401,60.0
