Time,Vmax,Rmax_IBT,R34,fcor,u_trans,v_trans
2016-07-03 12:00:00.000039936,18.004,92.6,120.38,2.6076874e-05,5.144,320.0
2016-07-03 15:00:00.000039936,20.576,92.6,125.009995,2.6827835e-05,5.6584,320.0
2016-07-03 18:00:00.000039936,23.148,92.6,129.64,2.7578055e-05,6.6872,310.0
2016-07-03 21:00:00.000039936,24.6912,92.6,138.90001,2.8327528e-05,7.716,305.0
2016-07-04 00:00:00.000039936,25.720001,92.6,148.16,2.9325609e-05,7.716,305.0
2016-07-04 03:00:00.000039936,25.720001,92.6,157.42,3.0322259e-05,7.2016,305.0
2016-07-04 06:00:00.000039936,25.720001,92.6,166.68,3.131743e-05,7.716,305.0
2016-07-04 09:00:00.000039936,27.2632,92.6,166.68,3.280731e-05,8.2304,300.0
2016-07-04 12:00:00.000039936,28.292,92.6,166.68,3.4293596e-05,8.744801,305.0
2016-07-04 15:00:00.000039936,30.864,79.636,166.68,3.577612e-05,8.744801,305.0
2016-07-04 18:00:00.000039936,33.436,64.82,166.68,3.700857e-05,8.744801,300.0
2016-07-04 21:00:00.000039936,36.008,64.82,178.255,3.7992504e-05,9.2592,300.0
2016-07-05 00:00:00.000039936,38.58,64.82,189.82999,3.872924e-05,9.2592,300.0
2016-07-05 03:00:00.000039936,43.724,51.856,203.72,3.9709896e-05,8.744801,305.0
2016-07-05 06:00:00.000039936,48.868,37.04,217.61,4.093299e-05,8.744801,300.0
2016-07-05 09:00:00.000039936,56.584,27.78,233.815,4.1909232e-05,8.744801,300.0
2016-07-05 12:00:00.000039936,64.3,18.52,250.01999,4.288343e-05,8.744801,300.0
2016-07-05 15:00:00.000039936,66.872,20.372,250.01999,4.409823e-05,9.2592,300.0
2016-07-05 18:00:00.000039936,69.444,22.223999,250.01999,4.506766e-05,9.2592,295.0
2016-07-05 21:00:00.000039936,72.016,22.223999,250.01999,4.6034886e-05,9.2592,295.0
2016-07-06 00:00:00.000039936,74.588,22.223999,250.01999,4.675884e-05,9.2592,295.0
2016-07-06 03:00:00.000039936,77.16,20.372,266.225,4.7722115e-05,8.744801,295.0
2016-07-06 06:00:00.000039936,79.732,18.52,282.43,4.868306e-05,8.744801,295.0
2016-07-06 09:00:00.000039936,79.732,18.52,282.43,4.9641636e-05,8.2304,295.0
2016-07-06 12:00:00.000039936,79.732,18.52,282.43,5.035898e-05,7.716,295.0
2016-07-06 15:00:00.000039936,78.7032,16.668,275.485,5.1074945e-05,7.2016,295.0
2016-07-06 18:00:00.000039936,77.16,12.964,268.53998,5.155148e-05,7.2016,295.0
2016-07-06 21:00:00.000039936,76.1312,16.668,266.22498,5.22651e-05,6.6872,295.0
2016-07-07 00:00:00.000039936,74.588,18.52,263.90997,5.2740055e-05,5.6584,295.0
2016-07-07 03:00:00.000039936,73.559204,24.076,259.28,5.321436e-05,4.6296,290.0
2016-07-07 06:00:00.000039936,72.016,27.78,254.65,5.3688025e-05,4.1152,295.0
2016-07-07 09:00:00.000039936,70.9872,25.928,247.70502,5.4161024e-05,4.1152,300.0
2016-07-07 12:00:00.000039936,69.444,22.223999,240.76001,5.4633376e-05,4.6296,300.0
2016-07-07 15:00:00.000039936,65.8432,20.372,240.76001,5.510506e-05,5.144,295.0
2016-07-07 18:00:00.000039936,61.728,18.52,240.76001,5.5576067e-05,5.144,290.0
2016-07-07 21:00:00.000039936,58.1272,18.52,240.76001,5.6046403e-05,5.6584,285.0
2016-07-07 22:00:00.000066560,56.584,18.52,240.76001,5.6046403e-05,5.144,285.0
