Time,Vmax,Rmax_IBT,R34,fcor,u_trans,v_trans
2019-02-19 15:00:00.000039936,18.004,83.34,69.45,1.1696372e-05,5.6584,270.0
2019-02-19 18:00:00.000039936,20.576,83.34,138.9,1.1696372e-05,5.144,275.0
2019-02-19 21:00:00.000039936,22.1192,83.34,148.16,1.1696372e-05,5.144,275.0
2019-02-20 00:00:00.000039936,23.148,83.34,157.42,1.19500755e-05,4.6296,275.0
2019-02-20 03:00:00.000039936,24.6912,79.636,166.68,1.2203745e-05,4.1152,280.0
2019-02-20 06:00:00.000039936,25.720001,74.08,175.94,1.2710968e-05,5.144,280.0
2019-02-20 09:00:00.000039936,27.2632,64.82,182.88501,1.2964522e-05,6.1728,280.0
2019-02-20 12:00:00.000039936,28.292,55.56,189.83,1.3471513e-05,6.6872,290.0
2019-02-20 15:00:00.000039936,29.835201,55.56,196.77501,1.3978337e-05,6.1728,295.0
2019-02-20 18:00:00.000039936,30.864,55.56,203.72,1.4738254e-05,6.1728,295.0
2019-02-20 21:00:00.000039936,32.4072,51.856,208.34999,1.524464e-05,5.6584,295.0
2019-02-21 00:00:00.000039936,33.436,46.3,212.98,1.5750842e-05,5.144,295.0
2019-02-21 03:00:00.000039936,36.008,46.3,217.61,1.6256854e-05,5.144,295.0
2019-02-21 06:00:00.000039936,38.58,46.3,222.24,1.6762664e-05,5.144,295.0
2019-02-21 09:00:00.000039936,40.1232,51.856,231.5,1.7268272e-05,5.144,295.0
2019-02-21 12:00:00.000039936,41.152,55.56,240.76,1.8026287e-05,4.6296,300.0
2019-02-21 15:00:00.000039936,41.152,55.56,243.075,1.8783807e-05,4.6296,305.0
2019-02-21 18:00:00.000039936,41.152,55.56,245.39,1.9540814e-05,5.6584,305.0
2019-02-21 21:00:00.000039936,42.6952,55.56,245.39,2.0297284e-05,6.6872,305.0
2019-02-22 00:00:00.000039936,43.724,55.56,245.39,2.1053198e-05,6.6872,315.0
2019-02-22 03:00:00.000039936,45.2672,55.56,245.39,2.206018e-05,6.1728,320.0
2019-02-22 06:00:00.000039936,46.296,55.56,245.39,2.306609e-05,6.6872,310.0
2019-02-22 09:00:00.000039936,47.8392,42.596,247.705,2.4070872e-05,6.6872,300.0
2019-02-22 12:00:00.000039936,48.868,27.78,250.02,2.5074483e-05,6.1728,290.0
2019-02-22 15:00:00.000039936,50.4112,25.928,250.02,2.5575835e-05,5.144,285.0
2019-02-22 18:00:00.000039936,51.440002,22.223999,250.02,2.5826394e-05,3.6008,295.0
2019-02-22 21:00:00.000039936,52.9832,25.928,247.705,2.6327272e-05,3.0864,320.0
2019-02-23 00:00:00.000039936,54.012,27.78,245.39,2.707799e-05,3.6008,330.0
2019-02-23 03:00:00.000039936,56.584,25.928,243.075,2.7827968e-05,4.6296,330.0
2019-02-23 06:00:00.000039936,59.156002,22.223999,240.76,2.882674e-05,4.6296,330.0
2019-02-23 09:00:00.000039936,70.4728,22.223999,237.519,2.9824112e-05,4.1152,325.0
2019-02-23 10:00:00.000066560,74.588,22.223999,236.13,3.0073232e-05,3.6008,320.0
2019-02-23 12:00:00.000039936,72.016,22.223999,240.76001,3.0322259e-05,3.0864,320.0
2019-02-23 15:00:00.000039936,69.444,22.223999,240.76001,3.0820032e-05,2.572,315.0
2019-02-23 18:00:00.000039936,66.872,22.223999,240.76001,3.131743e-05,2.572,315.0
2019-02-23 21:00:00.000039936,64.3,22.223999,243.07501,3.156599e-05,2.0576,315.0
2019-02-24 00:00:00.000039936,61.728,22.223999,245.39001,3.1814445e-05,2.0576,305.0
2019-02-24 03:00:00.000039936,59.156002,22.223999,245.39001,3.231108e-05,2.0576,300.0
2019-02-24 06:00:00.000039936,56.584,22.223999,245.39001,3.2559245e-05,2.572,295.0
2019-02-24 09:00:00.000039936,55.5552,22.223999,240.76001,3.280731e-05,2.572,290.0
2019-02-24 12:00:00.000039936,54.012,22.223999,236.13,3.280731e-05,2.572,280.0
2019-02-24 15:00:00.000039936,56.584,22.223999,231.5,3.280731e-05,2.572,275.0
2019-02-24 18:00:00.000039936,59.156002,22.223999,226.87001,3.305528e-05,2.0576,290.0
2019-02-24 21:00:00.000039936,61.728,22.223999,222.24,3.330315e-05,2.0576,315.0
2019-02-25 00:00:00.000039936,64.3,22.223999,217.61,3.3798577e-05,2.0576,325.0
2019-02-25 03:00:00.000039936,68.4152,27.78,212.98,3.4293596e-05,2.572,325.0
2019-02-25 06:00:00.000039936,72.016,31.484,208.34999,3.47882e-05,2.572,340.0
2019-02-25 09:00:00.000039936,70.9872,31.484,203.71999,3.5282377e-05,2.572,345.0
2019-02-25 12:00:00.000039936,69.444,31.484,199.09,3.577612e-05,2.0576,345.0
2019-02-25 15:00:00.000039936,66.872,29.632,194.46,3.626943e-05,2.0576,340.0
2019-02-25 18:00:00.000039936,64.3,27.78,189.83,3.67623e-05,1.5432,345.0
2019-02-25 21:00:00.000039936,63.271202,27.78,180.56999,3.7254722e-05,1.5432,0.0
2019-02-26 00:00:00.000039936,61.728,27.78,171.31,3.7500762e-05,1.5432,0.0
2019-02-26 03:00:00.000039936,60.6992,25.928,162.05,3.7992504e-05,1.5432,0.0
2019-02-26 06:00:00.000039936,59.156002,22.223999,152.79,3.8238195e-05,1.5432,20.0
2019-02-26 09:00:00.000039936,56.584,22.223999,152.79,3.8483773e-05,1.5432,40.0
2019-02-26 12:00:00.000039936,54.012,22.223999,152.79,3.872924e-05,1.5432,25.0
2019-02-26 15:00:00.000039936,50.4112,25.928,152.79,3.897458e-05,1.5432,0.0
2019-02-26 18:00:00.000039936,46.296,27.78,152.79,3.9219805e-05,1.5432,0.0
2019-02-26 21:00:00.000039936,45.2672,24.076,148.16,3.9464914e-05,1.5432,350.0
2019-02-27 00:00:00.000039936,43.724,18.52,143.53,3.9709896e-05,1.5432,350.0
2019-02-27 03:00:00.000039936,41.152,33.336,138.9,4.0199502e-05,1.5432,335.0
2019-02-27 06:00:00.000039936,38.58,46.3,134.27,4.0688625e-05,2.572,300.0
2019-02-27 09:00:00.000039936,32.4072,37.04,120.38,4.093299e-05,4.1152,280.0
2019-02-27 12:00:00.000039936,25.720001,27.78,106.490005,4.1177245e-05,5.6584,280.0
2019-02-27 15:00:00.000039936,22.1192,51.856,81.02501,4.142137e-05,6.6872,280.0
