Time,Vmax,Rmax_IBT,R34,fcor,u_trans,v_trans
2018-02-11 00:00:00.000039936,18.004,83.34,129.64,1.6762664e-05,7.2016,270.0
2018-02-11 03:00:00.000039936,18.004,74.08,129.64,1.7268272e-05,7.2016,280.0
2018-02-11 06:00:00.000039936,18.004,64.82,129.64,1.7520999e-05,7.2016,280.0
2018-02-11 09:00:00.000039936,19.5472,74.08,127.325,1.777367e-05,7.2016,280.0
2018-02-11 12:00:00.000039936,20.576,83.34,125.01,1.8026287e-05,7.2016,275.0
2018-02-11 15:00:00.000039936,19.5472,83.34,125.01,1.777367e-05,6.6872,275.0
2018-02-11 18:00:00.000039936,18.004,83.34,125.01,1.7268272e-05,6.6872,270.0
2018-02-11 21:00:00.000039936,18.004,83.34,125.01,1.7268272e-05,6.1728,270.0
2018-02-12 00:00:00.000039936,18.004,83.34,125.01,1.7520999e-05,6.1728,270.0
2018-02-12 03:00:00.000039936,18.004,83.34,127.325,1.7520999e-05,6.1728,275.0
2018-02-12 06:00:00.000039936,18.004,83.34,129.64,1.8026287e-05,7.716,285.0
2018-02-12 09:00:00.000039936,18.004,74.08,136.58499,1.9036203e-05,8.744801,290.0
2018-02-12 12:00:00.000039936,18.004,64.82,143.53,2.0549318e-05,8.744801,295.0
2018-02-12 15:00:00.000039936,18.004,64.82,150.475,2.1808535e-05,8.744801,295.0
2018-02-12 18:00:00.000039936,18.004,64.82,157.42,2.2814716e-05,8.744801,295.0
2018-02-12 21:00:00.000039936,18.004,64.82,157.42,2.3819783e-05,8.2304,295.0
