Time,Vmax,Rmax_IBT,R34,fcor,u_trans,v_trans
2015-02-08 00:00:00.000039936,20.576,46.3,60.190002,3.0322259e-05,1.5432,320.0
2015-02-08 03:00:00.000039936,23.148,46.3,75.932,3.0571195e-05,1.5432,295.0
2015-02-08 06:00:00.000039936,25.720001,46.3,90.285,3.0571195e-05,1.5432,280.0
2015-02-08 09:00:00.000039936,28.292,46.3,90.285,3.0820032e-05,1.5432,260.0
2015-02-08 12:00:00.000039936,28.292,27.78,90.285,3.0073232e-05,1.0288,235.0
2015-02-08 15:00:00.000039936,30.864,27.78,90.285,2.9574905e-05,0.5144,270.0
2015-02-08 18:00:00.000039936,30.864,27.78,108.80501,3.0073232e-05,1.0288,295.0
2015-02-08 21:00:00.000039936,33.436,27.78,108.80501,3.0322259e-05,1.5432,300.0
2015-02-09 00:00:00.000039936,33.436,37.04,127.325,3.0820032e-05,2.0576,305.0
2015-02-09 03:00:00.000039936,34.979202,37.04,143.99301,3.1068776e-05,2.0576,300.0
2015-02-09 06:00:00.000039936,36.008,37.04,159.735,3.131743e-05,2.0576,300.0
2015-02-09 09:00:00.000039936,37.5512,37.04,145.38199,3.131743e-05,2.0576,300.0
2015-02-09 12:00:00.000039936,38.58,37.04,129.64,3.156599e-05,2.572,305.0
2015-02-09 15:00:00.000039936,41.152,37.04,129.177,3.231108e-05,3.0864,310.0
2015-02-09 18:00:00.000039936,43.724,37.04,127.325,3.305528e-05,3.6008,315.0
2015-02-09 21:00:00.000039936,47.8392,33.336,141.678,3.3550914e-05,4.1152,320.0
2015-02-10 00:00:00.000039936,51.440002,27.78,155.105,3.4293596e-05,4.1152,320.0
2015-02-10 03:00:00.000039936,59.156002,24.076,166.21701,3.5035337e-05,3.6008,320.0
2015-02-10 06:00:00.000039936,66.872,18.52,175.94,3.577612e-05,3.0864,335.0
2015-02-10 09:00:00.000039936,61.728,24.076,159.73499,3.651592e-05,3.0864,345.0
2015-02-10 12:00:00.000039936,56.584,27.78,143.53,3.700857e-05,2.572,325.0
2015-02-10 15:00:00.000039936,50.4112,27.78,144.919,3.7500762e-05,2.572,305.0
2015-02-10 18:00:00.000039936,43.724,27.78,145.845,3.7992504e-05,2.572,300.0
2015-02-10 21:00:00.000039936,38.58,33.336,144.919,3.8238195e-05,2.572,300.0
2015-02-11 00:00:00.000039936,33.436,37.04,143.53,3.8483773e-05,2.0576,300.0
2015-02-11 03:00:00.000039936,28.292,46.3,137.048,3.872924e-05,2.0576,305.0
2015-02-11 06:00:00.000039936,23.148,55.56,129.64,3.897458e-05,2.572,320.0
