Time,Vmax,Rmax_IBT,R34,fcor,u_trans,v_trans
2010-07-12 00:00:00.000039936,25.720001,55.56,50.93,3.6022833e-05,6.6872,270.0
2010-07-12 03:00:00.000039936,27.2632,42.596,56.949,3.6022833e-05,5.6584,265.0
2010-07-12 06:00:00.000039936,28.292,27.78,62.505,3.577612e-05,6.6872,270.0
2010-07-12 09:00:00.000039936,29.835201,33.336,68.987,3.577612e-05,7.2016,275.0
2010-07-12 12:00:00.000039936,30.864,37.04,74.08,3.6022833e-05,6.6872,270.0
2010-07-12 15:00:00.000039936,33.436,37.04,81.488,3.6022833e-05,6.1728,270.0
2010-07-12 18:00:00.000039936,36.008,37.04,87.97,3.577612e-05,7.2016,270.0
2010-07-12 21:00:00.000039936,37.5512,27.78,92.13701,3.577612e-05,8.2304,270.0
2010-07-13 00:00:00.000039936,38.58,18.52,94.91499,3.577612e-05,7.2016,270.0
2010-07-13 03:00:00.000039936,36.008,27.78,101.396996,3.577612e-05,6.6872,270.0
2010-07-13 06:00:00.000039936,33.436,37.04,106.49,3.6022833e-05,6.1728,275.0
2010-07-13 09:00:00.000039936,32.4072,33.336,106.49,3.626943e-05,6.1728,275.0
2010-07-13 12:00:00.000039936,30.864,27.78,106.49,3.651592e-05,6.1728,270.0
