Time,Vmax,Rmax_IBT,R34,fcor,u_trans,v_trans
2018-03-27 18:00:00.000039936,18.004,74.08,175.94,2.8327528e-05,4.6296,5.0
2018-03-27 21:00:00.000039936,19.5472,83.34,180.56999,2.9574905e-05,4.6296,5.0
2018-03-28 00:00:00.000039936,20.576,92.6,185.2,3.1068776e-05,5.6584,360.0
2018-03-28 03:00:00.000039936,22.1192,79.636,185.2,3.280731e-05,6.6872,355.0
2018-03-28 06:00:00.000039936,23.148,64.82,185.2,3.454095e-05,5.6584,360.0
2018-03-28 09:00:00.000039936,24.6912,55.56,187.515,3.5529305e-05,4.6296,5.0
2018-03-28 12:00:00.000039936,25.720001,46.3,189.83,3.626943e-05,4.1152,5.0
2018-03-28 15:00:00.000039936,27.2632,46.3,189.83,3.7500762e-05,3.6008,0.0
2018-03-28 18:00:00.000039936,28.292,46.3,189.83,3.8238195e-05,2.0576,5.0
2018-03-28 21:00:00.000039936,28.292,51.856,187.515,3.8483773e-05,1.0288,40.0
2018-03-29 00:00:00.000039936,28.292,55.56,185.2,3.8238195e-05,1.0288,75.0
2018-03-29 03:00:00.000039936,28.292,55.56,185.2,3.8238195e-05,1.5432,85.0
2018-03-29 06:00:00.000039936,28.292,55.56,185.2,3.8238195e-05,2.0576,90.0
2018-03-29 09:00:00.000039936,29.835201,55.56,187.515,3.8238195e-05,2.572,90.0
2018-03-29 12:00:00.000039936,30.864,55.56,189.83,3.8238195e-05,3.0864,85.0
2018-03-29 15:00:00.000039936,33.436,42.596,192.145,3.8238195e-05,3.0864,75.0
2018-03-29 18:00:00.000039936,36.008,27.78,194.45999,3.8483773e-05,3.0864,70.0
2018-03-29 21:00:00.000039936,41.152,27.78,199.09,3.897458e-05,3.0864,60.0
2018-03-30 00:00:00.000039936,46.296,27.78,203.72,3.9464914e-05,3.6008,55.0
2018-03-30 03:00:00.000039936,52.9832,18.52,206.035,3.995476e-05,4.6296,55.0
2018-03-30 06:00:00.000039936,59.156002,9.26,208.35,4.0688625e-05,5.144,55.0
2018-03-30 09:00:00.000039936,63.271202,11.1119995,212.98001,4.142137e-05,5.144,55.0
2018-03-30 12:00:00.000039936,66.872,12.964,217.60999,4.2152973e-05,5.6584,50.0
2018-03-30 15:00:00.000039936,64.3,16.668,222.23999,4.288343e-05,5.6584,45.0
2018-03-30 18:00:00.000039936,61.728,18.52,226.87,4.385554e-05,5.6584,50.0
2018-03-30 21:00:00.000039936,56.584,24.076,231.5,4.458322e-05,5.6584,55.0
2018-03-31 00:00:00.000039936,51.440002,27.78,236.13,4.5309676e-05,5.144,60.0
2018-03-31 03:00:00.000039936,45.2672,33.336,243.07501,4.5551555e-05,4.1152,60.0
2018-03-31 06:00:00.000039936,38.58,37.04,250.02,4.5793287e-05,4.1152,65.0
2018-03-31 09:00:00.000039936,33.436,42.596,250.02,4.5793287e-05,4.1152,70.0
2018-03-31 12:00:00.000039936,28.292,46.3,250.02,4.6034886e-05,4.6296,75.0
2018-03-31 15:00:00.000039936,27.2632,55.56,254.65,4.651767e-05,5.6584,80.0
2018-03-31 18:00:00.000039936,25.720001,64.82,259.28,4.6999867e-05,6.1728,80.0
2018-03-31 21:00:00.000039936,24.6912,64.82,259.28,4.748151e-05,6.6872,80.0
2018-04-01 00:00:00.000039936,23.148,64.82,259.28,4.8202877e-05,6.1728,75.0
2018-04-01 03:00:00.000039936,22.1192,64.82,261.595,4.892293e-05,5.6584,70.0
2018-04-01 06:00:00.000039936,20.576,64.82,263.90997,4.9402213e-05,5.144,65.0
2018-04-01 09:00:00.000039936,20.576,111.12,270.85498,4.9641636e-05,4.6296,75.0
2018-04-01 12:00:00.000039936,20.576,157.42,277.8,4.9641636e-05,4.6296,90.0
2018-04-01 15:00:00.000039936,20.576,157.42,268.53998,4.9641636e-05,4.6296,90.0
2018-04-01 18:00:00.000039936,20.576,157.42,259.27997,4.9641636e-05,4.6296,90.0
2018-04-01 21:00:00.000039936,20.576,157.42,247.70499,4.9641636e-05,4.1152,90.0
2018-04-02 00:00:00.000039936,20.576,157.42,236.12999,4.9641636e-05,3.6008,95.0
2018-04-02 03:00:00.000039936,19.5472,157.42,201.405,4.9641636e-05,3.6008,100.0
2018-04-02 06:00:00.000039936,18.004,157.42,166.68001,4.9402213e-05,3.6008,100.0
2018-04-02 09:00:00.000039936,18.004,157.42,157.42,4.916265e-05,4.1152,100.0
