Time,Vmax,Rmax_IBT,R34,fcor,u_trans,v_trans
2013-06-09 06:00:00.000039936,18.004,74.08,74.08,5.131329e-05,4.1152,40.0
2013-06-09 09:00:00.000039936,18.004,74.08,83.34,5.178951e-05,4.1152,45.0
2013-06-09 12:00:00.000039936,18.004,74.08,92.6,5.250265e-05,4.1152,55.0
2013-06-09 15:00:00.000039936,18.004,74.08,92.6,5.321436e-05,4.1152,55.0
2013-06-09 18:00:00.000039936,18.004,74.08,92.6,5.4161024e-05,4.6296,40.0
2013-06-09 21:00:00.000039936,19.5472,74.08,72.228,5.510506e-05,5.144,30.0
2013-06-10 00:00:00.000039936,20.576,74.08,50.93,5.6046403e-05,5.6584,30.0
2013-06-10 03:00:00.000039936,22.1192,64.82,66.672,5.698501e-05,6.1728,35.0
2013-06-10 06:00:00.000039936,23.148,55.56,81.025,5.8154368e-05,6.6872,35.0
2013-06-10 09:00:00.000039936,24.6912,55.56,91.673996,5.9319285e-05,6.6872,35.0
2013-06-10 12:00:00.000039936,25.720001,55.56,101.86,6.0711227e-05,7.716,30.0
2013-06-10 15:00:00.000039936,27.2632,51.856,125.93599,6.255676e-05,8.744801,25.0
2013-06-10 18:00:00.000039936,28.292,46.3,148.16,6.43901e-05,8.744801,20.0
2013-06-10 21:00:00.000039936,27.2632,46.3,148.16,6.621089e-05,8.744801,15.0
2013-06-11 00:00:00.000039936,25.720001,46.3,148.16,6.801876e-05,8.744801,15.0
2013-06-11 03:00:00.000039936,25.720001,46.3,155.568,6.981338e-05,8.2304,20.0
2013-06-11 06:00:00.000039936,25.720001,46.3,162.04999,7.137252e-05,6.6872,15.0
2013-06-11 09:00:00.000039936,24.6912,46.3,162.04999,7.270045e-05,4.6296,0.0
2013-06-11 12:00:00.000039936,23.148,46.3,162.04999,7.380098e-05,3.6008,360.0
2013-06-11 15:00:00.000039936,22.1192,51.856,162.04999,7.423962e-05,3.0864,5.0
2013-06-11 18:00:00.000039936,20.576,55.56,162.04999,7.4458614e-05,2.572,15.0
2013-06-11 21:00:00.000039936,19.5472,64.82,161.124,7.467736e-05,2.0576,40.0
