Time,Vmax,Rmax_IBT,R34,fcor,u_trans,v_trans
2015-03-12 12:00:00.000039936,18.004,83.34,150.475,2.130504e-05,8.2304,275.0
2015-03-12 15:00:00.000039936,19.5472,83.34,113.897995,2.1556822e-05,7.2016,275.0
2015-03-12 18:00:00.000039936,20.576,83.34,76.395004,2.1808535e-05,8.2304,280.0
2015-03-12 21:00:00.000039936,20.576,74.08,90.748,2.231176e-05,8.744801,280.0
2015-03-13 00:00:00.000039936,20.576,64.82,104.175,2.2814716e-05,7.716,280.0
2015-03-13 03:00:00.000039936,20.576,64.82,108.342,2.3317392e-05,6.1728,285.0
2015-03-13 06:00:00.000039936,20.576,64.82,111.119995,2.4070872e-05,6.1728,290.0
2015-03-13 09:00:00.000039936,22.1192,64.82,152.327,2.4823696e-05,7.2016,300.0
2015-03-13 12:00:00.000039936,23.148,64.82,192.14499,2.5826394e-05,8.2304,305.0
2015-03-13 15:00:00.000039936,24.6912,64.82,190.29301,2.707799e-05,9.2592,305.0
2015-03-13 18:00:00.000039936,25.720001,64.82,187.515,2.8327528e-05,10.802401,300.0
2015-03-13 21:00:00.000039936,25.720001,64.82,210.202,2.9325609e-05,11.8312,295.0
2015-03-14 00:00:00.000039936,25.720001,64.82,231.49998,3.0322259e-05,11.3168,295.0
2015-03-14 03:00:00.000039936,25.720001,64.82,226.87,3.131743e-05,10.288,290.0
2015-03-14 06:00:00.000039936,25.720001,64.82,222.24,3.206281e-05,9.7736,290.0
2015-03-14 09:00:00.000039936,25.720001,64.82,226.407,3.2559245e-05,9.2592,290.0
2015-03-14 12:00:00.000039936,25.720001,64.82,229.185,3.280731e-05,8.744801,290.0
2015-03-14 15:00:00.000039936,25.720001,64.82,200.47899,3.330315e-05,7.716,290.0
2015-03-14 18:00:00.000039936,25.720001,64.82,171.31,3.404614e-05,7.716,285.0
2015-03-14 21:00:00.000039936,25.720001,64.82,192.608,3.47882e-05,8.2304,280.0
2015-03-15 00:00:00.000039936,25.720001,64.82,212.98,3.5282377e-05,8.744801,280.0
2015-03-15 03:00:00.000039936,24.6912,64.82,204.183,3.5529305e-05,8.744801,275.0
2015-03-15 06:00:00.000039936,23.148,64.82,194.45999,3.5282377e-05,8.744801,260.0
2015-03-15 09:00:00.000039936,22.1192,64.82,185.20001,3.454095e-05,9.2592,250.0
2015-03-15 12:00:00.000039936,20.576,64.82,175.94,3.3798577e-05,9.2592,255.0
2015-03-15 15:00:00.000039936,20.576,64.82,175.94,3.3550914e-05,9.7736,265.0
2015-03-15 18:00:00.000039936,20.576,64.82,175.94,3.3550914e-05,9.7736,270.0
2015-03-15 21:00:00.000039936,20.576,64.82,187.052,3.3550914e-05,9.7736,270.0
2015-03-16 00:00:00.000039936,20.576,64.82,196.775,3.3798577e-05,8.2304,280.0
2015-03-16 03:00:00.000039936,20.576,64.82,171.773,3.4293596e-05,7.2016,295.0
2015-03-16 06:00:00.000039936,20.576,64.82,145.845,3.5035337e-05,6.6872,295.0
2015-03-16 09:00:00.000039936,20.576,64.82,145.845,3.5529305e-05,6.6872,295.0
2015-03-16 12:00:00.000039936,20.576,64.82,145.845,3.626943e-05,6.6872,295.0
2015-03-16 15:00:00.000039936,20.576,64.82,150.93799,3.700857e-05,6.1728,295.0
2015-03-16 18:00:00.000039936,20.576,64.82,155.105,3.7500762e-05,5.6584,290.0
2015-03-16 21:00:00.000039936,20.576,74.08,155.105,3.7992504e-05,5.6584,285.0
2015-03-17 00:00:00.000039936,20.576,83.34,155.105,3.8238195e-05,5.144,285.0
2015-03-17 03:00:00.000039936,19.5472,74.08,155.105,3.8483773e-05,4.6296,280.0
