Time,Vmax,Rmax_IBT,R34,fcor,u_trans,v_trans
2012-05-22 00:00:00.000039936,20.576,64.82,120.38,3.3798577e-05,4.6296,320.0
2012-05-22 03:00:00.000039936,20.576,64.82,122.695,3.47882e-05,5.144,310.0
2012-05-22 06:00:00.000039936,20.576,64.82,125.01,3.5529305e-05,5.6584,305.0
2012-05-22 09:00:00.000039936,22.1192,64.82,127.787994,3.626943e-05,5.6584,305.0
2012-05-22 12:00:00.000039936,23.148,64.82,129.64,3.700857e-05,5.6584,315.0
2012-05-22 15:00:00.000039936,23.148,64.82,127.787994,3.7992504e-05,5.6584,320.0
2012-05-22 18:00:00.000039936,23.148,64.82,125.009995,3.9219805e-05,5.144,320.0
2012-05-22 21:00:00.000039936,24.6912,64.82,135.659,4.0199502e-05,5.144,315.0
2012-05-23 00:00:00.000039936,25.720001,64.82,145.845,4.093299e-05,4.6296,320.0
2012-05-23 03:00:00.000039936,27.2632,55.56,153.25299,4.1665367e-05,4.1152,320.0
2012-05-23 06:00:00.000039936,28.292,46.3,159.73499,4.2152973e-05,4.1152,320.0
2012-05-23 09:00:00.000039936,29.835201,46.3,176.403,4.288343e-05,4.1152,315.0
2012-05-23 12:00:00.000039936,30.864,46.3,192.145,4.3612705e-05,3.6008,325.0
2012-05-23 15:00:00.000039936,30.864,42.596,187.97801,4.4340795e-05,3.6008,335.0
2012-05-23 18:00:00.000039936,30.864,37.04,182.885,4.5309676e-05,4.1152,340.0
2012-05-23 21:00:00.000039936,30.864,42.596,182.885,4.627635e-05,4.6296,345.0
2012-05-24 00:00:00.000039936,30.864,46.3,182.885,4.748151e-05,4.6296,345.0
2012-05-24 03:00:00.000039936,30.864,46.3,182.885,4.868306e-05,4.6296,345.0
2012-05-24 06:00:00.000039936,30.864,46.3,182.885,4.9641636e-05,5.144,350.0
2012-05-24 09:00:00.000039936,32.4072,46.3,182.885,5.059779e-05,5.144,355.0
2012-05-24 12:00:00.000039936,33.436,46.3,182.885,5.155148e-05,4.6296,355.0
2012-05-24 15:00:00.000039936,34.979202,46.3,192.145,5.250265e-05,4.1152,0.0
2012-05-24 18:00:00.000039936,36.008,46.3,201.405,5.345127e-05,3.6008,10.0
2012-05-24 21:00:00.000039936,37.5512,46.3,209.73898,5.439729e-05,4.1152,20.0
2012-05-25 00:00:00.000039936,38.58,46.3,217.60999,5.510506e-05,4.1152,20.0
2012-05-25 03:00:00.000039936,38.58,46.3,217.60999,5.6046403e-05,4.6296,20.0
2012-05-25 06:00:00.000039936,38.58,46.3,217.60999,5.698501e-05,4.1152,25.0
2012-05-25 09:00:00.000039936,40.1232,46.3,219.92499,5.768715e-05,3.6008,35.0
2012-05-25 12:00:00.000039936,41.152,46.3,222.23999,5.83877e-05,3.0864,40.0
2012-05-25 15:00:00.000039936,40.1232,42.596,225.018,5.9086666e-05,3.0864,50.0
2012-05-25 18:00:00.000039936,38.58,37.04,226.87001,5.9551734e-05,4.1152,50.0
2012-05-25 21:00:00.000039936,38.58,37.04,232.426,6.0247978e-05,4.6296,50.0
2012-05-26 00:00:00.000039936,38.58,37.04,236.13,6.0711227e-05,4.1152,60.0
2012-05-26 03:00:00.000039936,37.5512,37.04,225.94402,6.1173734e-05,4.6296,70.0
2012-05-26 06:00:00.000039936,36.008,37.04,215.295,6.1635496e-05,5.144,70.0
2012-05-26 09:00:00.000039936,34.979202,37.04,205.109,6.2326726e-05,5.6584,70.0
2012-05-26 12:00:00.000039936,33.436,37.04,194.45999,6.3016254e-05,5.6584,70.0
2012-05-26 15:00:00.000039936,32.4072,42.596,201.868,6.3474974e-05,5.6584,70.0
2012-05-26 18:00:00.000039936,30.864,46.3,208.34999,6.416161e-05,6.6872,60.0
2012-05-26 21:00:00.000039936,28.292,51.856,212.98,6.4846485e-05,7.716,50.0
2012-05-27 00:00:00.000039936,25.720001,55.56,217.61,6.575688e-05,7.716,50.0
2012-05-27 03:00:00.000039936,24.6912,55.56,212.98,6.666408e-05,7.716,50.0
2012-05-27 06:00:00.000039936,23.148,55.56,208.34999,6.756802e-05,8.2304,55.0
2012-05-27 09:00:00.000039936,22.1192,55.56,201.868,6.8468675e-05,9.2592,60.0
2012-05-27 12:00:00.000039936,20.576,55.56,194.45999,6.958979e-05,8.744801,55.0
2012-05-27 15:00:00.000039936,19.5472,61.116,194.45999,7.092813e-05,8.744801,45.0
