Time,Vmax,Rmax_IBT,R34,fcor,u_trans,v_trans
2014-03-01 12:00:00.000039936,20.576,74.08,83.34,2.2814716e-05,1.0288,10.0
2014-03-01 15:00:00.000039936,22.1192,70.376,92.6,2.306609e-05,1.0288,315.0
2014-03-01 18:00:00.000039936,23.148,64.82,101.86,2.3317392e-05,2.0576,295.0
2014-03-01 21:00:00.000039936,23.148,64.82,104.638,2.3568628e-05,2.0576,285.0
2014-03-02 00:00:00.000039936,23.148,64.82,106.490005,2.3819783e-05,2.572,280.0
2014-03-02 03:00:00.000039936,23.148,64.82,106.490005,2.4070872e-05,2.0576,280.0
2014-03-02 06:00:00.000039936,23.148,64.82,106.490005,2.432189e-05,1.5432,20.0
2014-03-02 09:00:00.000039936,23.148,64.82,106.490005,2.4823696e-05,3.0864,50.0
2014-03-02 12:00:00.000039936,23.148,64.82,106.490005,2.5575835e-05,3.0864,35.0
2014-03-02 15:00:00.000039936,23.148,64.82,106.490005,2.6076874e-05,2.572,10.0
2014-03-02 18:00:00.000039936,23.148,64.82,106.490005,2.6827835e-05,3.0864,15.0
2014-03-02 21:00:00.000039936,23.148,64.82,106.490005,2.7578055e-05,3.6008,15.0
2014-03-03 00:00:00.000039936,23.148,64.82,106.490005,2.8327528e-05,4.6296,0.0
2014-03-03 03:00:00.000039936,24.6912,64.82,106.490005,2.9325609e-05,5.6584,355.0
2014-03-03 06:00:00.000039936,25.720001,64.82,106.490005,3.0322259e-05,5.144,355.0
2014-03-03 09:00:00.000039936,25.720001,64.82,106.490005,3.131743e-05,4.6296,5.0
2014-03-03 12:00:00.000039936,25.720001,64.82,106.490005,3.2559245e-05,4.6296,5.0
2014-03-03 15:00:00.000039936,27.2632,55.56,131.492,3.3798577e-05,4.6296,10.0
2014-03-03 18:00:00.000039936,28.292,46.3,155.105,3.5035337e-05,5.144,15.0
2014-03-03 21:00:00.000039936,29.835201,46.3,155.105,3.626943e-05,5.6584,20.0
2014-03-04 00:00:00.000039936,30.864,46.3,155.105,3.7746686e-05,6.6872,25.0
2014-03-04 03:00:00.000039936,30.864,46.3,155.105,3.9464914e-05,7.716,25.0
2014-03-04 06:00:00.000039936,30.864,46.3,155.105,4.1177245e-05,7.716,25.0
2014-03-04 09:00:00.000039936,32.4072,42.596,155.105,4.2640077e-05,7.716,25.0
2014-03-04 12:00:00.000039936,33.436,37.04,155.105,4.4340795e-05,7.2016,20.0
2014-03-04 15:00:00.000039936,33.436,37.04,155.105,4.6034886e-05,6.6872,15.0
2014-03-04 18:00:00.000039936,41.152,12.964,180.56999,4.6999867e-05,6.6872,25.0
2014-03-04 21:00:00.000039936,40.1232,20.372,190.293,4.868306e-05,7.716,30.0
2014-03-05 00:00:00.000039936,38.58,27.78,199.09,5.035898e-05,7.716,35.0
2014-03-05 03:00:00.000039936,34.979202,42.596,199.09,5.178951e-05,7.2016,35.0
2014-03-05 06:00:00.000039936,30.864,55.56,199.09,5.2740055e-05,6.1728,40.0
2014-03-05 09:00:00.000039936,28.292,74.08,199.09,5.345127e-05,4.6296,45.0
2014-03-05 12:00:00.000039936,25.720001,92.6,199.09,5.392461e-05,4.1152,60.0
2014-03-05 15:00:00.000039936,24.6912,92.6,199.09,5.439729e-05,4.6296,70.0
2014-03-05 18:00:00.000039936,23.148,92.6,199.09,5.4869302e-05,5.144,65.0
2014-03-05 21:00:00.000039936,22.1192,92.6,199.09,5.510506e-05,6.1728,60.0
2014-03-06 00:00:00.000039936,20.576,92.6,199.09,5.5340646e-05,6.6872,70.0
2014-03-06 03:00:00.000039936,20.576,92.6,199.09,5.5576067e-05,7.2016,75.0
2014-03-06 06:00:00.000039936,20.576,92.6,199.09,5.581132e-05,6.6872,75.0
