Time,Vmax,Rmax_IBT,R34,fcor,u_trans,v_trans
2020-08-02 06:00:00.000039936,20.576,64.82,118.065,5.7453286e-05,3.6008,325.0
2020-08-02 09:00:00.000039936,22.1192,61.116,122.695,5.8154368e-05,3.6008,330.0
2020-08-02 12:00:00.000039936,23.148,55.56,127.325,5.862087e-05,3.0864,330.0
2020-08-02 15:00:00.000039936,25.720001,55.56,134.733,5.9086666e-05,3.6008,335.0
2020-08-02 18:00:00.000039936,28.292,55.56,141.215,5.9784e-05,4.1152,330.0
2020-08-02 21:00:00.000039936,29.835201,51.856,153.25299,6.0479695e-05,4.6296,330.0
2020-08-03 00:00:00.000039936,30.864,46.3,164.365,6.1635496e-05,5.6584,325.0
2020-08-03 03:00:00.000039936,33.436,27.78,168.532,6.3016254e-05,7.716,325.0
2020-08-03 06:00:00.000039936,36.008,9.26,171.31,6.43901e-05,6.6872,325.0
2020-08-03 09:00:00.000039936,37.5512,18.52,178.718,6.507438e-05,4.6296,315.0
2020-08-03 12:00:00.000039936,38.58,27.78,185.20001,6.575688e-05,4.6296,320.0
2020-08-03 15:00:00.000039936,38.58,27.78,169.45801,6.689037e-05,5.6584,330.0
2020-08-03 18:00:00.000039936,38.58,27.78,152.79,6.801876e-05,5.6584,335.0
