Time,Vmax,Rmax_IBT,R34,fcor,u_trans,v_trans
2007-07-08 21:00:00.000039936,18.004,74.08,67.135,2.432189e-05,7.716,310.0
2007-07-09 00:00:00.000039936,20.576,74.08,134.27,2.53252e-05,7.716,305.0
2007-07-09 03:00:00.000039936,23.148,61.116,140.75198,2.6327272e-05,8.2304,295.0
2007-07-09 06:00:00.000039936,25.720001,46.3,145.845,2.707799e-05,7.716,295.0
2007-07-09 09:00:00.000039936,27.2632,51.856,170.847,2.7827968e-05,7.2016,295.0
2007-07-09 12:00:00.000039936,28.292,55.56,194.45999,2.857718e-05,6.1728,295.0
2007-07-09 15:00:00.000039936,28.292,51.856,201.86801,2.9325609e-05,5.144,295.0
2007-07-09 18:00:00.000039936,28.292,46.3,208.35,3.0073232e-05,4.6296,290.0
2007-07-09 21:00:00.000039936,29.835201,46.3,217.61,3.0571195e-05,5.144,285.0
2007-07-10 00:00:00.000039936,30.864,46.3,226.87,3.1068776e-05,5.6584,295.0
2007-07-10 03:00:00.000039936,32.4072,46.3,226.87,3.1814445e-05,6.1728,305.0
2007-07-10 06:00:00.000039936,33.436,46.3,226.87,3.280731e-05,6.1728,310.0
2007-07-10 09:00:00.000039936,34.979202,42.596,235.20401,3.3550914e-05,6.1728,315.0
2007-07-10 12:00:00.000039936,36.008,37.04,243.07501,3.454095e-05,7.2016,320.0
2007-07-10 15:00:00.000039936,37.5512,37.04,250.483,3.6022833e-05,8.744801,320.0
2007-07-10 18:00:00.000039936,38.58,37.04,256.965,3.7746686e-05,8.744801,320.0
2007-07-10 21:00:00.000039936,40.1232,37.04,264.373,3.9219805e-05,8.2304,315.0
2007-07-11 00:00:00.000039936,41.152,37.04,270.85498,4.0688625e-05,8.2304,315.0
2007-07-11 03:00:00.000039936,43.724,37.04,270.85498,4.2152973e-05,8.744801,320.0
2007-07-11 06:00:00.000039936,46.296,37.04,270.85498,4.385554e-05,9.7736,320.0
2007-07-11 09:00:00.000039936,48.868,37.04,270.85498,4.5309676e-05,10.288,315.0
2007-07-11 12:00:00.000039936,51.440002,37.04,270.85498,4.675884e-05,9.7736,310.0
2007-07-11 15:00:00.000039936,55.5552,55.56,275.948,4.796257e-05,8.744801,305.0
2007-07-11 18:00:00.000039936,59.156002,74.08,280.115,4.9402213e-05,7.716,315.0
2007-07-11 21:00:00.000039936,61.728,70.376,280.115,5.083645e-05,7.2016,325.0
2007-07-12 00:00:00.000039936,64.3,64.82,280.115,5.250265e-05,7.2016,335.0
2007-07-12 03:00:00.000039936,64.3,64.82,282.43,5.4161024e-05,6.6872,335.0
2007-07-12 06:00:00.000039936,64.3,64.82,284.745,5.5576067e-05,7.2016,335.0
2007-07-12 09:00:00.000039936,64.3,64.82,277.8,5.698501e-05,7.2016,335.0
2007-07-12 12:00:00.000039936,64.3,64.82,270.85498,5.83877e-05,7.2016,340.0
2007-07-12 15:00:00.000039936,64.3,61.116,270.85498,5.9784e-05,7.2016,340.0
2007-07-12 18:00:00.000039936,64.3,55.56,270.85498,6.1173734e-05,6.6872,345.0
2007-07-12 21:00:00.000039936,64.3,55.56,270.85498,6.255676e-05,6.1728,355.0
2007-07-13 00:00:00.000039936,64.3,55.56,270.85498,6.416161e-05,6.1728,5.0
2007-07-13 03:00:00.000039936,61.728,51.856,275.948,6.575688e-05,7.2016,10.0
2007-07-13 06:00:00.000039936,59.156002,46.3,280.115,6.711647e-05,6.6872,5.0
2007-07-13 09:00:00.000039936,54.012,46.3,276.411,6.8468675e-05,5.6584,5.0
2007-07-13 12:00:00.000039936,48.868,46.3,270.85498,6.958979e-05,5.144,10.0
2007-07-13 15:00:00.000039936,47.8392,37.04,277.337,7.048288e-05,5.144,25.0
2007-07-13 18:00:00.000039936,46.296,27.78,282.43,7.159438e-05,6.1728,35.0
2007-07-13 21:00:00.000039936,46.296,27.78,282.43,7.270045e-05,7.2016,45.0
2007-07-14 00:00:00.000039936,46.296,27.78,282.43,7.402041e-05,8.744801,50.0
2007-07-14 03:00:00.000039936,43.724,24.076,271.31802,7.533226e-05,10.288,50.0
2007-07-14 04:00:00.000066560,42.6952,22.223999,266.688,7.5550095e-05,10.288,55.0
