Time,Vmax,Rmax_IBT,R34,fcor,u_trans,v_trans
2004-05-13 21:00:00.000040448,19.5472,61.116,104.175,2.1053198e-05,1.5432,310.0
2004-05-14 00:00:00.000040448,23.148,37.04,208.35,2.130504e-05,2.0576,305.0
2004-05-14 03:00:00.000040448,25.720001,37.04,208.35,2.1556822e-05,2.0576,305.0
2004-05-14 06:00:00.000040448,28.292,37.04,208.35,2.1808535e-05,2.572,310.0
2004-05-14 09:00:00.000040448,30.864,37.04,208.35,2.206018e-05,3.0864,315.0
2004-05-14 12:00:00.000040448,33.436,37.04,208.35,2.2563274e-05,3.0864,310.0
2004-05-14 15:00:00.000040448,34.979202,27.78,229.185,2.306609e-05,3.0864,300.0
2004-05-14 18:00:00.000040448,36.008,18.52,250.01999,2.3568628e-05,3.6008,295.0
2004-05-14 21:00:00.000040448,38.58,24.076,250.01999,2.3819783e-05,4.1152,295.0
2004-05-15 00:00:00.000040448,41.152,27.78,250.01999,2.4070872e-05,3.6008,295.0
2004-05-15 03:00:00.000040448,43.724,27.78,270.85498,2.432189e-05,3.6008,295.0
2004-05-15 06:00:00.000040448,46.296,27.78,291.69,2.4823696e-05,3.6008,295.0
2004-05-15 09:00:00.000040448,46.296,27.78,291.69,2.53252e-05,4.1152,300.0
2004-05-15 12:00:00.000040448,46.296,27.78,291.69,2.5826394e-05,4.1152,305.0
2004-05-15 15:00:00.000040448,48.868,27.78,280.115,2.6327272e-05,4.1152,310.0
2004-05-15 18:00:00.000040448,51.440002,27.78,268.54,2.707799e-05,4.1152,305.0
2004-05-15 21:00:00.000040448,55.5552,27.78,268.54,2.7578055e-05,4.1152,300.0
2004-05-16 00:00:00.000040448,59.156002,27.78,268.54,2.8327528e-05,4.6296,310.0
2004-05-16 03:00:00.000040448,61.728,24.076,268.54,2.9076216e-05,5.6584,315.0
2004-05-16 06:00:00.000040448,64.3,18.52,268.54,3.0073232e-05,5.6584,315.0
2004-05-16 09:00:00.000040448,68.4152,24.076,268.54,3.0820032e-05,5.6584,315.0
2004-05-16 12:00:00.000040448,72.016,27.78,268.54,3.1814445e-05,5.6584,315.0
2004-05-16 15:00:00.000040448,72.016,27.78,263.91,3.280731e-05,6.1728,315.0
2004-05-16 18:00:00.000040448,72.016,27.78,259.28,3.3798577e-05,5.144,315.0
2004-05-16 21:00:00.000040448,69.444,27.78,259.28,3.454095e-05,4.1152,315.0
