Time,Vmax,Rmax_IBT,R34,fcor,u_trans,v_trans
2011-05-21 18:00:00.000039936,20.576,74.08,78.71,2.432189e-05,2.572,300.0
2011-05-21 21:00:00.000039936,22.1192,70.376,87.97,2.4572832e-05,2.572,300.0
2011-05-22 00:00:00.000039936,23.148,64.82,97.229996,2.4823696e-05,2.572,295.0
2011-05-22 03:00:00.000039936,24.6912,64.82,100.007996,2.5074483e-05,2.572,295.0
2011-05-22 06:00:00.000039936,25.720001,64.82,101.86,2.53252e-05,3.0864,300.0
2011-05-22 09:00:00.000039936,27.2632,61.116,116.676,2.5826394e-05,4.1152,300.0
2011-05-22 12:00:00.000039936,28.292,55.56,129.64,2.6327272e-05,4.6296,295.0
2011-05-22 15:00:00.000039936,28.292,55.56,135.196,2.6827835e-05,4.6296,290.0
2011-05-22 18:00:00.000039936,28.292,55.56,138.9,2.707799e-05,5.144,290.0
2011-05-22 21:00:00.000039936,29.835201,55.56,146.308,2.7578055e-05,5.144,295.0
2011-05-23 00:00:00.000039936,30.864,55.56,152.79,2.7827968e-05,4.6296,295.0
2011-05-23 03:00:00.000039936,30.864,55.56,160.198,2.8327528e-05,4.1152,290.0
2011-05-23 06:00:00.000039936,30.864,55.56,166.68,2.857718e-05,4.1152,290.0
2011-05-23 09:00:00.000039936,30.864,55.56,164.36499,2.882674e-05,4.1152,285.0
2011-05-23 12:00:00.000039936,30.864,55.56,162.04999,2.9076216e-05,4.1152,285.0
2011-05-23 15:00:00.000039936,32.4072,55.56,158.346,2.9325609e-05,3.6008,285.0
2011-05-23 18:00:00.000039936,33.436,55.56,152.79,2.9574905e-05,3.6008,290.0
2011-05-23 21:00:00.000039936,33.436,55.56,152.79,2.9824112e-05,3.6008,295.0
2011-05-24 00:00:00.000039936,33.436,55.56,152.79,3.0322259e-05,4.1152,295.0
2011-05-24 03:00:00.000039936,33.436,55.56,154.179,3.0571195e-05,4.6296,290.0
2011-05-24 06:00:00.000039936,33.436,55.56,155.105,3.0820032e-05,4.6296,285.0
2011-05-24 09:00:00.000039936,34.979202,55.56,165.754,3.0820032e-05,4.1152,275.0
2011-05-24 12:00:00.000039936,36.008,55.56,175.94,3.0820032e-05,4.1152,260.0
2011-05-24 15:00:00.000039936,38.58,46.3,183.34799,3.0571195e-05,3.6008,255.0
2011-05-24 18:00:00.000039936,41.152,37.04,189.82999,3.0571195e-05,3.0864,265.0
2011-05-24 21:00:00.000039936,43.724,37.04,197.238,3.0571195e-05,2.572,285.0
2011-05-25 00:00:00.000039936,46.296,37.04,203.72,3.0820032e-05,2.572,305.0
2011-05-25 03:00:00.000039936,50.4112,37.04,203.72,3.131743e-05,2.572,315.0
2011-05-25 06:00:00.000039936,54.012,37.04,203.72,3.206281e-05,2.572,320.0
2011-05-25 09:00:00.000039936,56.584,42.596,209.276,3.2559245e-05,3.0864,330.0
2011-05-25 12:00:00.000039936,59.156002,46.3,212.98001,3.330315e-05,3.0864,335.0
2011-05-25 15:00:00.000039936,60.6992,42.596,212.98,3.404614e-05,3.6008,335.0
2011-05-25 18:00:00.000039936,61.728,37.04,212.98001,3.47882e-05,4.6296,330.0
2011-05-25 21:00:00.000039936,63.271202,37.04,232.889,3.577612e-05,5.6584,325.0
2011-05-26 00:00:00.000039936,64.3,37.04,252.335,3.700857e-05,6.1728,320.0
2011-05-26 03:00:00.000039936,68.4152,33.336,256.502,3.8238195e-05,5.6584,320.0
2011-05-26 06:00:00.000039936,72.016,27.78,259.28,3.9219805e-05,5.144,315.0
2011-05-26 09:00:00.000039936,72.016,27.78,286.134,4.0199502e-05,4.6296,315.0
2011-05-26 12:00:00.000039936,72.016,27.78,312.52502,4.093299e-05,5.144,320.0
2011-05-26 15:00:00.000039936,72.016,27.78,313.914,4.1909232e-05,5.6584,330.0
2011-05-26 18:00:00.000039936,72.016,27.78,314.84003,4.3126656e-05,5.6584,330.0
2011-05-26 21:00:00.000039936,72.016,27.78,305.58002,4.4340795e-05,5.6584,330.0
2011-05-27 00:00:00.000039936,72.016,27.78,296.32,4.5551555e-05,6.1728,335.0
2011-05-27 03:00:00.000039936,70.9872,27.78,296.32,4.675884e-05,6.6872,340.0
2011-05-27 06:00:00.000039936,69.444,27.78,296.32,4.796257e-05,6.1728,340.0
2011-05-27 09:00:00.000039936,66.872,33.336,289.838,4.9402213e-05,6.1728,345.0
2011-05-27 12:00:00.000039936,64.3,37.04,282.43,5.083645e-05,5.144,355.0
2011-05-27 15:00:00.000039936,61.728,37.04,282.43,5.2027382e-05,5.6584,5.0
2011-05-27 18:00:00.000039936,59.156002,37.04,282.43,5.345127e-05,7.2016,15.0
2011-05-27 21:00:00.000039936,55.5552,37.04,273.17,5.510506e-05,8.2304,20.0
2011-05-28 00:00:00.000039936,51.440002,37.04,263.91,5.698501e-05,9.7736,25.0
2011-05-28 03:00:00.000039936,48.868,37.04,270.392,5.8853857e-05,10.802401,30.0
2011-05-28 06:00:00.000039936,46.296,37.04,275.48502,6.0942573e-05,10.802401,35.0
2011-05-28 09:00:00.000039936,43.724,37.04,281.04102,6.3016254e-05,11.3168,45.0
2011-05-28 12:00:00.000039936,41.152,37.04,284.745,6.507438e-05,13.8888,45.0
2011-05-28 15:00:00.000039936,37.5512,37.04,275.48502,6.734234e-05,16.4608,45.0
2011-05-28 18:00:00.000039936,33.436,37.04,266.225,6.981338e-05,15.432,45.0
2011-05-28 21:00:00.000039936,30.864,37.04,239.83398,7.2037474e-05,14.917601,45.0
2011-05-29 00:00:00.000039936,28.292,37.04,212.98,7.4458614e-05,16.4608,45.0
2011-05-29 03:00:00.000039936,27.2632,42.596,205.109,7.6852295e-05,15.9464,45.0
2011-05-29 06:00:00.000039936,25.720001,46.3,196.77501,7.921766e-05,14.4032,45.0
