Time,Vmax,Rmax_IBT,R34,fcor,u_trans,v_trans
2015-03-28 00:00:00.000039936,23.148,64.82,74.08,1.9288536e-05,4.6296,270.0
2015-03-28 03:00:00.000039936,25.720001,51.856,83.34,1.9288536e-05,4.1152,265.0
2015-03-28 06:00:00.000039936,28.292,37.04,92.59999,1.9288536e-05,4.1152,260.0
2015-03-28 09:00:00.000039936,29.835201,37.04,92.59999,1.9036203e-05,4.1152,260.0
2015-03-28 12:00:00.000039936,30.864,37.04,92.59999,1.8783807e-05,3.6008,265.0
2015-03-28 15:00:00.000039936,33.436,37.04,101.86,1.8783807e-05,3.6008,270.0
2015-03-28 18:00:00.000039936,36.008,37.04,111.119995,1.8783807e-05,4.1152,275.0
2015-03-28 21:00:00.000039936,36.008,33.336,129.177,1.8783807e-05,4.6296,275.0
2015-03-29 00:00:00.000039936,36.008,27.78,145.845,1.9036203e-05,5.144,280.0
2015-03-29 03:00:00.000039936,37.5512,27.78,142.604,1.9288536e-05,5.6584,280.0
2015-03-29 06:00:00.000039936,38.58,27.78,138.9,1.9540814e-05,6.1728,280.0
2015-03-29 09:00:00.000039936,40.1232,27.78,138.9,1.9793031e-05,7.2016,280.0
2015-03-29 12:00:00.000039936,41.152,27.78,138.9,2.0297284e-05,7.2016,280.0
2015-03-29 15:00:00.000039936,42.6952,27.78,148.16,2.0549318e-05,7.716,275.0
2015-03-29 18:00:00.000039936,43.724,27.78,157.42,2.0801292e-05,6.6872,280.0
2015-03-29 21:00:00.000039936,45.2672,27.78,157.42,2.1053198e-05,6.1728,285.0
2015-03-30 00:00:00.000039936,46.296,27.78,157.42,2.130504e-05,6.1728,285.0
2015-03-30 03:00:00.000039936,47.8392,25.928,157.42,2.1556822e-05,6.1728,285.0
2015-03-30 06:00:00.000039936,48.868,22.223999,157.42,2.206018e-05,5.6584,285.0
2015-03-30 09:00:00.000039936,51.440002,22.223999,183.34799,2.231176e-05,5.144,285.0
2015-03-30 12:00:00.000039936,54.012,22.223999,208.34999,2.2814716e-05,5.6584,285.0
2015-03-30 15:00:00.000039936,59.156002,20.372,206.49799,2.3317392e-05,6.1728,290.0
2015-03-30 18:00:00.000039936,64.3,18.52,203.72,2.3819783e-05,6.1728,285.0
2015-03-30 21:00:00.000039936,65.8432,24.076,203.72,2.4070872e-05,6.1728,280.0
2015-03-31 00:00:00.000039936,66.872,27.78,203.72,2.432189e-05,6.1728,285.0
2015-03-31 03:00:00.000039936,68.4152,25.928,201.405,2.4823696e-05,6.1728,290.0
2015-03-31 06:00:00.000039936,69.444,22.223999,199.09,2.53252e-05,6.6872,285.0
2015-03-31 09:00:00.000039936,73.559204,22.223999,199.09,2.5575835e-05,7.2016,280.0
2015-03-31 12:00:00.000039936,77.16,22.223999,199.09,2.5826394e-05,6.6872,275.0
2015-03-31 15:00:00.000039936,76.1312,22.223999,201.405,2.5826394e-05,6.1728,275.0
2015-03-31 18:00:00.000039936,74.588,22.223999,203.72,2.6076874e-05,5.6584,280.0
2015-03-31 21:00:00.000039936,73.559204,25.928,203.72,2.6327272e-05,5.6584,290.0
2015-04-01 00:00:00.000039936,72.016,27.78,203.72,2.6827835e-05,5.6584,295.0
2015-04-01 03:00:00.000039936,70.9872,27.78,203.72,2.7328068e-05,6.1728,295.0
2015-04-01 06:00:00.000039936,69.444,27.78,203.72,2.807779e-05,5.6584,300.0
2015-04-01 09:00:00.000039936,68.4152,25.928,187.978,2.882674e-05,5.144,300.0
2015-04-01 12:00:00.000039936,66.872,22.223999,171.31,2.9325609e-05,5.144,295.0
2015-04-01 15:00:00.000039936,64.3,25.928,171.31,2.9824112e-05,5.144,290.0
2015-04-01 18:00:00.000039936,61.728,27.78,171.31,3.0322259e-05,4.6296,290.0
2015-04-01 21:00:00.000039936,60.6992,29.632,172.236,3.0571195e-05,4.1152,295.0
2015-04-02 00:00:00.000039936,59.156002,31.484,171.31,3.1068776e-05,3.6008,300.0
2015-04-02 03:00:00.000039936,59.156002,27.78,171.31,3.156599e-05,4.1152,310.0
2015-04-02 06:00:00.000039936,59.156002,22.223999,171.31,3.231108e-05,4.1152,305.0
2015-04-02 09:00:00.000039936,58.1272,22.223999,171.31,3.280731e-05,4.6296,300.0
2015-04-02 12:00:00.000039936,56.584,22.223999,171.31,3.330315e-05,4.1152,305.0
2015-04-02 15:00:00.000039936,54.012,22.223999,171.31,3.404614e-05,4.1152,305.0
2015-04-02 18:00:00.000039936,51.440002,22.223999,171.31,3.454095e-05,4.1152,300.0
2015-04-02 21:00:00.000039936,50.4112,25.928,171.77301,3.5035337e-05,4.6296,285.0
2015-04-03 00:00:00.000039936,48.868,27.78,171.31,3.5282377e-05,5.144,280.0
2015-04-03 03:00:00.000039936,47.8392,27.78,173.625,3.5282377e-05,5.6584,275.0
2015-04-03 06:00:00.000039936,46.296,27.78,175.94,3.5282377e-05,5.144,275.0
2015-04-03 09:00:00.000039936,45.2672,27.78,175.94,3.5529305e-05,5.144,275.0
2015-04-03 12:00:00.000039936,43.724,27.78,175.94,3.577612e-05,5.6584,275.0
2015-04-03 15:00:00.000039936,42.6952,27.78,173.625,3.6022833e-05,6.1728,280.0
2015-04-03 18:00:00.000039936,41.152,27.78,171.31,3.626943e-05,6.6872,285.0
2015-04-03 21:00:00.000039936,40.1232,27.78,158.80899,3.651592e-05,6.6872,285.0
2015-04-04 00:00:00.000039936,38.58,27.78,145.845,3.700857e-05,7.2016,285.0
2015-04-04 03:00:00.000039936,33.436,27.78,137.974,3.7254722e-05,7.2016,285.0
2015-04-04 06:00:00.000039936,28.292,27.78,129.64,3.7746686e-05,6.6872,290.0
2015-04-04 09:00:00.000039936,25.720001,33.336,125.01,3.8483773e-05,6.1728,295.0
2015-04-04 12:00:00.000039936,23.148,37.04,120.380005,3.9219805e-05,5.144,295.0
2015-04-04 15:00:00.000039936,22.1192,37.04,119.454,3.9709896e-05,4.6296,295.0
2015-04-04 18:00:00.000039936,20.576,37.04,118.065,4.0199502e-05,3.6008,295.0
