Time,Vmax,Rmax_IBT,R34,fcor,u_trans,v_trans
2012-06-01 12:00:00.000039936,20.576,74.08,78.71,3.9464914e-05,3.6008,330.0
2012-06-01 15:00:00.000039936,22.1192,70.376,74.543,4.0199502e-05,3.0864,325.0
2012-06-01 18:00:00.000039936,23.148,64.82,69.450005,4.0688625e-05,3.6008,320.0
2012-06-01 21:00:00.000039936,25.720001,64.82,88.895996,4.142137e-05,3.6008,320.0
2012-06-02 00:00:00.000039936,28.292,64.82,106.49,4.1909232e-05,3.0864,340.0
2012-06-02 03:00:00.000039936,29.835201,61.116,113.898,4.239659e-05,2.572,0.0
2012-06-02 06:00:00.000039936,30.864,55.56,120.37999,4.288343e-05,2.572,15.0
2012-06-02 09:00:00.000039936,32.4072,37.04,137.04799,4.3369746e-05,2.572,20.0
2012-06-02 12:00:00.000039936,33.436,18.52,152.79,4.409823e-05,2.572,25.0
2012-06-02 15:00:00.000039936,36.008,24.076,183.34799,4.458322e-05,2.572,25.0
2012-06-02 18:00:00.000039936,38.58,27.78,212.98001,4.5309676e-05,3.0864,25.0
2012-06-02 21:00:00.000039936,42.6952,27.78,223.166,4.6034886e-05,3.0864,25.0
2012-06-03 00:00:00.000039936,46.296,27.78,231.5,4.675884e-05,3.6008,30.0
2012-06-03 03:00:00.000039936,46.296,27.78,231.5,4.748151e-05,3.6008,35.0
2012-06-03 06:00:00.000039936,46.296,27.78,231.5,4.8202877e-05,4.1152,30.0
2012-06-03 09:00:00.000039936,46.296,27.78,231.5,4.916265e-05,4.1152,15.0
2012-06-03 12:00:00.000039936,46.296,27.78,231.5,5.012002e-05,4.1152,10.0
2012-06-03 15:00:00.000039936,47.8392,27.78,245.38998,5.1074945e-05,4.6296,10.0
2012-06-03 18:00:00.000039936,48.868,27.78,259.28,5.2027382e-05,4.1152,15.0
2012-06-03 21:00:00.000039936,51.440002,27.78,259.28,5.2740055e-05,4.1152,25.0
2012-06-04 00:00:00.000039936,54.012,27.78,259.28,5.3688025e-05,5.144,25.0
2012-06-04 03:00:00.000039936,54.012,27.78,259.28,5.4869302e-05,5.6584,25.0
2012-06-04 06:00:00.000039936,54.012,27.78,259.28,5.6046403e-05,5.6584,35.0
2012-06-04 09:00:00.000039936,51.440002,27.78,259.28,5.698501e-05,6.1728,45.0
2012-06-04 12:00:00.000039936,48.868,27.78,259.28,5.8154368e-05,6.1728,50.0
2012-06-04 15:00:00.000039936,45.2672,27.78,256.039,5.9319285e-05,7.716,45.0
2012-06-04 18:00:00.000039936,41.152,27.78,252.33499,6.0711227e-05,9.7736,40.0
2012-06-04 21:00:00.000039936,40.1232,27.78,237.056,6.255676e-05,10.802401,40.0
2012-06-05 00:00:00.000039936,38.58,27.78,219.92499,6.43901e-05,11.3168,45.0
2012-06-05 03:00:00.000039936,36.008,33.336,225.944,6.5983986e-05,11.3168,50.0
2012-06-05 06:00:00.000039936,33.436,37.04,231.5,6.734234e-05,11.8312,55.0
2012-06-05 09:00:00.000039936,32.4072,37.04,231.5,6.869332e-05,12.3456,65.0
2012-06-05 12:00:00.000039936,30.864,37.04,231.5,7.003676e-05,13.3744,65.0
2012-06-05 15:00:00.000039936,29.835201,37.04,225.018,7.137252e-05,14.917601,65.0
