Time,Vmax,Rmax_IBT,R34,fcor,u_trans,v_trans
2022-06-30 18:00:00.000039936,23.148,83.34,291.69,4.4340795e-05,4.1152,325.0
2022-06-30 21:00:00.000039936,24.6912,83.34,298.635,4.506766e-05,4.6296,325.0
2022-07-01 00:00:00.000039936,25.720001,83.34,305.58002,4.5793287e-05,5.144,315.0
2022-07-01 03:00:00.000039936,27.2632,83.34,304.654,4.651767e-05,5.6584,310.0
2022-07-01 06:00:00.000039936,28.292,83.34,303.265,4.7240763e-05,4.6296,310.0
2022-07-01 09:00:00.000039936,28.292,83.34,286.597,4.7722115e-05,3.6008,315.0
2022-07-01 12:00:00.000039936,28.292,83.34,268.54,4.8202877e-05,4.1152,320.0
2022-07-01 15:00:00.000039936,30.864,74.08,265.76202,4.9402213e-05,5.144,320.0
2022-07-01 18:00:00.000039936,33.436,64.82,261.595,5.035898e-05,4.1152,320.0
2022-07-01 21:00:00.000039936,36.008,61.116,249.094,5.083645e-05,2.572,325.0
2022-07-01 22:00:00.000066560,37.0368,59.264,244.46402,5.1074945e-05,3.0864,325.0
2022-07-01 23:00:00.000053248,37.5512,57.412,240.76,5.1074945e-05,3.0864,320.0
2022-07-02 00:00:00.000039936,38.58,55.56,236.13,5.131329e-05,3.6008,325.0
2022-07-02 01:00:00.000066560,38.58,55.56,233.35199,5.155148e-05,3.6008,330.0
2022-07-02 02:00:00.000053248,38.58,55.56,230.574,5.178951e-05,4.1152,330.0
2022-07-02 03:00:00.000039936,38.58,55.56,228.259,5.2027382e-05,4.1152,325.0
2022-07-02 06:00:00.000039936,38.58,55.56,219.925,5.2740055e-05,4.1152,325.0
