Time,Vmax,Rmax_IBT,R34,fcor,u_trans,v_trans
2024-07-21 00:00:00.000039936,23.148,48.152,72.691,4.239659e-05,0.5144,295.0
2024-07-21 03:00:00.000039936,24.6912,40.744,72.691,4.239659e-05,0.5144,135.0
2024-07-21 06:00:00.000039936,26.2344,31.484,72.691,4.2152973e-05,0.0,130.0
2024-07-21 09:00:00.000039936,26.2344,31.484,73.154,4.2152973e-05,0.5144,315.0
2024-07-21 12:00:00.000039936,26.2344,31.484,72.691,4.239659e-05,1.0288,350.0
2024-07-21 15:00:00.000039936,27.2632,27.78,95.841,4.2640077e-05,1.5432,15.0
2024-07-21 18:00:00.000039936,27.7776,22.223999,118.528,4.3126656e-05,2.0576,30.0
2024-07-21 21:00:00.000039936,27.2632,22.223999,118.528,4.3612705e-05,2.0576,25.0
2024-07-22 00:00:00.000039936,26.2344,22.223999,118.528,4.409823e-05,2.572,5.0
2024-07-22 03:00:00.000039936,27.2632,22.223999,118.528,4.4825505e-05,3.0864,340.0
2024-07-22 06:00:00.000039936,27.7776,22.223999,118.528,4.5551555e-05,2.572,330.0
2024-07-22 09:00:00.000039936,29.3208,31.484,143.53,4.5793287e-05,1.5432,305.0
2024-07-22 12:00:00.000039936,30.864,40.744,166.68,4.6034886e-05,2.572,265.0
2024-07-22 15:00:00.000039936,33.436,40.744,184.274,4.5793287e-05,3.0864,270.0
2024-07-22 18:00:00.000039936,36.008,40.744,200.942,4.6034886e-05,4.1152,340.0
2024-07-22 21:00:00.000039936,38.58,40.744,200.942,4.748151e-05,8.2304,5.0
