Time,Vmax,Rmax_IBT,R34,fcor,u_trans,v_trans
2002-05-16 18:00:00.000040448,20.576,46.3,111.119995,3.1814445e-05,6.6872,285.0
2002-05-16 21:00:00.000040448,23.148,46.3,137.048,3.2559245e-05,5.6584,285.0
2002-05-17 00:00:00.000040448,25.720001,46.3,162.04999,3.305528e-05,4.6296,290.0
2002-05-17 03:00:00.000040448,27.2632,46.3,162.04999,3.3550914e-05,4.1152,300.0
2002-05-17 06:00:00.000040448,28.292,46.3,162.04999,3.404614e-05,3.6008,310.0
2002-05-17 09:00:00.000040448,29.835201,46.3,157.883,3.47882e-05,3.6008,315.0
2002-05-17 12:00:00.000040448,30.864,46.3,152.79,3.5529305e-05,3.6008,330.0
2002-05-17 15:00:00.000040448,32.4072,42.596,162.976,3.6022833e-05,3.0864,345.0
2002-05-17 18:00:00.000040448,33.436,37.04,171.31,3.67623e-05,3.6008,355.0
2002-05-17 21:00:00.000040448,33.436,33.336,156.494,3.7746686e-05,4.1152,360.0
2002-05-18 00:00:00.000040448,33.436,27.78,141.215,3.872924e-05,4.1152,0.0
2002-05-18 03:00:00.000040448,36.008,27.78,154.179,3.9709896e-05,4.1152,5.0
2002-05-18 06:00:00.000040448,38.58,27.78,166.68001,4.0688625e-05,4.1152,15.0
2002-05-18 09:00:00.000040448,40.1232,27.78,166.68001,4.142137e-05,3.6008,25.0
2002-05-18 12:00:00.000040448,41.152,27.78,166.68001,4.2152973e-05,3.0864,30.0
2002-05-18 15:00:00.000040448,43.724,24.076,162.513,4.2640077e-05,2.572,35.0
2002-05-18 18:00:00.000040448,46.296,18.52,157.42,4.3126656e-05,3.0864,40.0
2002-05-18 21:00:00.000040448,54.012,27.78,153.71599,4.3612705e-05,3.6008,45.0
2002-05-19 00:00:00.000040448,61.728,37.04,148.16,4.4340795e-05,4.1152,45.0
2002-05-19 03:00:00.000040448,64.3,42.596,155.568,4.506766e-05,5.144,45.0
2002-05-19 06:00:00.000040448,66.872,46.3,162.05,4.6034886e-05,5.6584,45.0
2002-05-19 09:00:00.000040448,69.444,55.56,168.069,4.6999867e-05,6.6872,45.0
2002-05-19 12:00:00.000040448,72.016,64.82,173.625,4.8202877e-05,7.716,40.0
2002-05-19 15:00:00.000040448,72.016,61.116,173.625,4.9641636e-05,8.744801,35.0
2002-05-19 18:00:00.000040448,72.016,55.56,173.625,5.155148e-05,10.288,35.0
2002-05-19 21:00:00.000040448,68.4152,55.56,181.033,5.345127e-05,11.3168,35.0
2002-05-20 00:00:00.000040448,64.3,55.56,187.515,5.581132e-05,13.3744,40.0
2002-05-20 03:00:00.000040448,60.6992,61.116,187.515,5.862087e-05,14.917601,40.0
2002-05-20 06:00:00.000040448,56.584,64.82,187.515,6.14047e-05,16.4608,45.0
2002-05-20 09:00:00.000040448,52.9832,64.82,175.014,6.393293e-05,17.489601,45.0
2002-05-20 12:00:00.000040448,48.868,64.82,162.05,6.666408e-05,19.0328,45.0
2002-05-20 15:00:00.000040448,47.8392,64.82,157.42,6.981338e-05,21.0904,45.0
2002-05-20 18:00:00.000040448,46.296,64.82,152.79,7.314133e-05,21.604801,45.0
2002-05-20 21:00:00.000040448,42.6952,64.82,145.845,7.620224e-05,21.604801,45.0
2002-05-21 00:00:00.000040448,38.58,64.82,138.9,7.921766e-05,22.6336,50.0
2002-05-21 03:00:00.000040448,34.979202,55.56,132.418,8.2185776e-05,24.1768,60.0
