Time,Vmax,Rmax_IBT,R34,fcor,u_trans,v_trans
2007-07-29 12:00:00.000039936,23.148,55.56,83.34,4.6034886e-05,3.6008,285.0
2007-07-29 15:00:00.000039936,28.292,55.56,101.86,4.627635e-05,3.0864,295.0
2007-07-29 18:00:00.000039936,33.436,55.56,120.38,4.675884e-05,4.1152,305.0
2007-07-29 21:00:00.000039936,33.436,55.56,153.716,4.7722115e-05,5.144,310.0
2007-07-30 00:00:00.000039936,33.436,55.56,185.20001,4.868306e-05,5.144,310.0
2007-07-30 03:00:00.000039936,36.008,51.856,194.923,4.9402213e-05,4.6296,315.0
2007-07-30 06:00:00.000039936,38.58,46.3,203.72,4.9880902e-05,4.1152,320.0
2007-07-30 09:00:00.000039936,38.58,46.3,213.443,5.083645e-05,4.1152,320.0
2007-07-30 12:00:00.000039936,38.58,46.3,222.24,5.178951e-05,4.6296,320.0
2007-07-30 15:00:00.000039936,40.1232,46.3,224.555,5.250265e-05,5.144,320.0
2007-07-30 18:00:00.000039936,41.152,46.3,226.87,5.321436e-05,4.6296,320.0
2007-07-30 21:00:00.000039936,42.6952,46.3,226.87,5.3688025e-05,4.1152,315.0
2007-07-31 00:00:00.000039936,43.724,46.3,226.87,5.439729e-05,4.1152,325.0
2007-07-31 03:00:00.000039936,45.2672,42.596,225.018,5.5340646e-05,4.6296,335.0
2007-07-31 06:00:00.000039936,46.296,37.04,222.23999,5.6516048e-05,4.6296,325.0
2007-07-31 09:00:00.000039936,50.4112,42.596,231.5,5.721923e-05,5.144,315.0
2007-07-31 12:00:00.000039936,54.012,46.3,240.76001,5.7920843e-05,6.1728,310.0
2007-07-31 15:00:00.000039936,56.584,46.3,241.22299,5.8853857e-05,6.6872,310.0
2007-07-31 18:00:00.000039936,59.156002,46.3,240.76001,5.9784e-05,6.1728,315.0
2007-07-31 21:00:00.000039936,60.6992,51.856,242.14899,6.0711227e-05,6.1728,320.0
2007-08-01 00:00:00.000039936,61.728,55.56,243.07498,6.186609e-05,7.2016,320.0
2007-08-01 03:00:00.000039936,60.6992,55.56,249.09401,6.3016254e-05,7.716,315.0
2007-08-01 06:00:00.000039936,59.156002,55.56,254.65001,6.43901e-05,7.716,320.0
2007-08-01 09:00:00.000039936,59.156002,51.856,254.65001,6.575688e-05,7.716,330.0
2007-08-01 12:00:00.000039936,59.156002,46.3,254.65001,6.734234e-05,8.744801,325.0
2007-08-01 15:00:00.000039936,59.156002,37.04,256.502,6.8917754e-05,9.7736,325.0
2007-08-01 18:00:00.000039936,59.156002,27.78,256.965,7.07056e-05,9.7736,330.0
2007-08-01 21:00:00.000039936,56.584,33.336,256.965,7.247968e-05,8.744801,335.0
2007-08-02 00:00:00.000039936,54.012,37.04,256.965,7.423962e-05,8.2304,330.0
2007-08-02 03:00:00.000039936,50.4112,37.04,244.00099,7.576771e-05,7.716,325.0
2007-08-02 06:00:00.000039936,46.296,37.04,229.185,7.728449e-05,7.2016,330.0
2007-08-02 08:00:00.000053248,44.7528,40.744,218.999,7.814606e-05,6.6872,340.0
