Time,Vmax,Rmax_IBT,R34,fcor,u_trans,v_trans
2017-07-02 06:00:00.000039936,18.004,64.82,97.23,5.5340646e-05,9.2592,325.0
2017-07-02 09:00:00.000039936,19.5472,64.82,97.23,5.698501e-05,8.744801,330.0
2017-07-02 12:00:00.000039936,20.576,64.82,97.23,5.83877e-05,8.2304,330.0
2017-07-02 15:00:00.000039936,22.1192,51.856,81.488,5.9784e-05,7.2016,335.0
2017-07-02 18:00:00.000039936,23.148,37.04,64.82,6.14047e-05,6.6872,350.0
2017-07-02 21:00:00.000039936,24.6912,37.04,69.913,6.278661e-05,7.2016,10.0
2017-07-03 00:00:00.000039936,25.720001,37.04,74.08,6.43901e-05,8.2304,15.0
2017-07-03 03:00:00.000039936,28.292,33.336,79.173,6.621089e-05,8.744801,20.0
2017-07-03 06:00:00.000039936,30.864,27.78,83.340004,6.801876e-05,9.7736,30.0
2017-07-03 09:00:00.000039936,33.436,27.78,85.65501,7.003676e-05,10.288,35.0
2017-07-03 12:00:00.000039936,30.864,27.78,83.340004,7.2037474e-05,10.802401,35.0
2017-07-03 15:00:00.000039936,29.835201,27.78,93.062996,7.402041e-05,11.3168,35.0
2017-07-03 18:00:00.000039936,28.292,27.78,101.86,7.576771e-05,12.860001,45.0
2017-07-03 21:00:00.000039936,27.2632,27.78,97.69299,7.750023e-05,13.8888,55.0
2017-07-03 23:00:00.000053248,26.2344,27.78,93.989,7.85754e-05,14.917601,60.0
2017-07-04 00:00:00.000039936,25.720001,27.78,92.6,7.900381e-05,15.9464,75.0
2017-07-04 03:00:00.000039936,25.720001,27.78,95.378,7.9857724e-05,16.9752,75.0
