Time,Vmax,Rmax_IBT,R34,fcor,u_trans,v_trans
2005-07-13 06:00:00.000039936,25.720001,27.78,74.08,5.5576067e-05,6.1728,240.0
2005-07-13 09:00:00.000039936,29.835201,27.78,90.284996,5.4869302e-05,6.6872,240.0
2005-07-13 12:00:00.000039936,33.436,27.78,106.490005,5.4161024e-05,6.1728,245.0
2005-07-13 15:00:00.000039936,34.979202,24.076,143.53,5.345127e-05,6.1728,245.0
2005-07-13 18:00:00.000039936,36.008,18.52,180.57,5.2740055e-05,6.6872,245.0
2005-07-13 21:00:00.000039936,37.5512,24.076,180.57,5.2027382e-05,7.716,240.0
2005-07-14 00:00:00.000039936,38.58,27.78,180.57,5.131329e-05,8.744801,250.0
2005-07-14 03:00:00.000039936,38.58,33.336,185.2,5.059779e-05,9.2592,255.0
2005-07-14 06:00:00.000039936,38.58,37.04,189.83,4.9880902e-05,8.744801,255.0
2005-07-14 09:00:00.000039936,41.152,37.04,187.515,4.9641636e-05,7.716,255.0
2005-07-14 12:00:00.000039936,43.724,37.04,185.2,4.9402213e-05,8.2304,260.0
2005-07-14 15:00:00.000039936,45.2672,27.78,180.57,4.892293e-05,9.7736,265.0
2005-07-14 18:00:00.000039936,46.296,18.52,175.94,4.868306e-05,10.802401,265.0
2005-07-14 21:00:00.000039936,46.296,18.52,172.699,4.844305e-05,11.3168,265.0
2005-07-15 00:00:00.000039936,46.296,18.52,168.995,4.844305e-05,10.288,265.0
2005-07-15 03:00:00.000039936,48.868,24.076,177.32901,4.8202877e-05,9.2592,265.0
2005-07-15 06:00:00.000039936,51.440002,27.78,185.2,4.796257e-05,8.2304,270.0
2005-07-15 09:00:00.000039936,55.5552,27.78,194.46,4.796257e-05,7.2016,275.0
2005-07-15 12:00:00.000039936,59.156002,27.78,203.72,4.8202877e-05,7.2016,280.0
2005-07-15 15:00:00.000039936,60.6992,24.076,203.72,4.844305e-05,7.716,280.0
2005-07-15 18:00:00.000039936,61.728,18.52,203.72,4.868306e-05,7.716,280.0
2005-07-15 21:00:00.000039936,64.3,24.076,203.72,4.916265e-05,7.716,285.0
2005-07-16 00:00:00.000039936,66.872,27.78,203.72,4.9641636e-05,7.2016,285.0
2005-07-16 03:00:00.000039936,68.4152,33.336,226.87,5.012002e-05,6.6872,290.0
2005-07-16 06:00:00.000039936,69.444,37.04,250.01999,5.059779e-05,6.6872,290.0
2005-07-16 09:00:00.000039936,70.9872,37.04,250.01999,5.1074945e-05,7.2016,285.0
2005-07-16 12:00:00.000039936,72.016,37.04,250.01999,5.155148e-05,6.1728,285.0
2005-07-16 15:00:00.000039936,72.016,37.04,250.01999,5.178951e-05,5.6584,280.0
2005-07-16 18:00:00.000039936,72.016,37.04,250.01999,5.2027382e-05,4.6296,290.0
2005-07-16 21:00:00.000039936,72.016,33.336,246.316,5.2740055e-05,4.6296,305.0
2005-07-17 00:00:00.000039936,72.016,27.78,240.76001,5.345127e-05,5.144,315.0
2005-07-17 03:00:00.000039936,68.4152,24.076,262.521,5.4161024e-05,5.6584,315.0
2005-07-17 06:00:00.000039936,64.3,18.52,282.43,5.510506e-05,6.1728,315.0
2005-07-17 09:00:00.000039936,61.728,18.52,275.485,5.6046403e-05,6.1728,310.0
2005-07-17 12:00:00.000039936,59.156002,18.52,268.53998,5.698501e-05,5.6584,310.0
2005-07-17 15:00:00.000039936,61.728,18.52,263.91,5.7920843e-05,5.6584,310.0
2005-07-17 18:00:00.000039936,64.3,18.52,259.28,5.862087e-05,6.1728,295.0
2005-07-17 21:00:00.000039936,59.156002,24.076,254.65001,5.83877e-05,6.1728,270.0
2005-07-18 00:00:00.000039936,54.012,27.78,250.02,5.7920843e-05,3.6008,260.0
2005-07-18 03:00:00.000039936,51.440002,24.076,246.31601,5.83877e-05,1.5432,340.0
2005-07-18 06:00:00.000039936,48.868,18.52,240.76001,5.9086666e-05,3.0864,340.0
