Time,Vmax,Rmax_IBT,R34,fcor,u_trans,v_trans
2010-08-09 06:00:00.000039936,20.576,55.56,97.23,6.689037e-05,8.2304,355.0
2010-08-09 09:00:00.000039936,22.1192,46.3,117.13899,6.8468675e-05,8.2304,350.0
2010-08-09 12:00:00.000039936,23.148,37.04,136.58499,6.981338e-05,6.6872,350.0
2010-08-09 15:00:00.000039936,23.148,46.3,150.938,7.137252e-05,5.6584,355.0
2010-08-09 18:00:00.000039936,23.148,55.56,164.365,7.270045e-05,6.1728,355.0
2010-08-09 21:00:00.000039936,24.6912,61.116,171.773,7.402041e-05,6.6872,355.0
2010-08-10 00:00:00.000039936,25.720001,64.82,178.255,7.533226e-05,6.1728,0.0
2010-08-10 03:00:00.000039936,25.720001,61.116,179.64401,7.663584e-05,5.6584,5.0
2010-08-10 06:00:00.000039936,25.720001,55.56,180.56999,7.793102e-05,5.144,15.0
2010-08-10 09:00:00.000039936,27.2632,55.56,180.56999,7.921766e-05,5.6584,25.0
2010-08-10 12:00:00.000039936,28.292,55.56,180.56999,8.028322e-05,6.1728,35.0
2010-08-10 15:00:00.000039936,25.720001,55.56,160.198,8.113127e-05,6.1728,45.0
2010-08-10 18:00:00.000039936,23.148,55.56,138.9,8.197536e-05,6.6872,45.0
