Time,Vmax,Rmax_IBT,R34,fcor,u_trans,v_trans
2023-07-23 00:00:00.000039936,27.7776,64.82,129.17699,3.7254722e-05,3.6008,280.0
2023-07-23 03:00:00.000039936,30.3496,53.708,161.587,3.7254722e-05,3.6008,280.0
2023-07-23 06:00:00.000039936,32.9216,40.744,193.071,3.7500762e-05,3.0864,285.0
2023-07-23 09:00:00.000039936,37.0368,40.744,219.925,3.7746686e-05,3.0864,285.0
2023-07-23 12:00:00.000039936,41.152,40.744,245.85301,3.7992504e-05,3.6008,280.0
2023-07-23 15:00:00.000039936,43.724,40.744,245.85301,3.8238195e-05,4.1152,280.0
2023-07-23 18:00:00.000039936,45.7816,40.744,245.85301,3.8238195e-05,3.0864,280.0
2023-07-23 21:00:00.000039936,48.3536,40.744,249.55699,3.8238195e-05,2.0576,285.0
2023-07-24 00:00:00.000039936,50.925602,40.744,252.79797,3.8483773e-05,2.0576,310.0
2023-07-24 03:00:00.000039936,55.040802,35.188,294.005,3.872924e-05,2.572,330.0
2023-07-24 06:00:00.000039936,59.156002,27.78,333.823,3.9464914e-05,3.6008,335.0
2023-07-24 09:00:00.000039936,60.1848,27.78,337.06403,4.0444127e-05,4.6296,330.0
2023-07-24 12:00:00.000039936,61.2136,27.78,339.84204,4.142137e-05,4.6296,315.0
2023-07-24 15:00:00.000039936,63.7856,29.632,350.49103,4.2152973e-05,4.1152,305.0
2023-07-24 18:00:00.000039936,65.8432,31.484,359.751,4.2640077e-05,4.1152,315.0
2023-07-24 21:00:00.000039936,65.8432,31.484,359.751,4.3369746e-05,4.6296,325.0
2023-07-25 00:00:00.000039936,65.8432,31.484,359.751,4.4340795e-05,5.144,320.0
2023-07-25 03:00:00.000039936,64.8144,31.484,359.751,4.5309676e-05,5.6584,310.0
2023-07-25 06:00:00.000039936,63.7856,31.484,359.751,4.6034886e-05,5.6584,305.0
2023-07-25 09:00:00.000039936,62.7568,29.632,330.11902,4.675884e-05,5.6584,300.0
2023-07-25 12:00:00.000039936,61.2136,27.78,300.024,4.7240763e-05,5.6584,285.0
2023-07-25 15:00:00.000039936,61.2136,27.78,300.024,4.748151e-05,5.6584,275.0
2023-07-25 18:00:00.000039936,61.2136,27.78,300.024,4.748151e-05,3.0864,265.0
2023-07-25 21:00:00.000039936,58.6416,18.52,274.559,4.7240763e-05,1.0288,245.0
2023-07-26 00:00:00.000039936,56.0696,9.26,248.168,4.7240763e-05,1.5432,305.0
2023-07-26 03:00:00.000039936,53.4976,9.26,256.96503,4.7722115e-05,2.572,320.0
2023-07-26 06:00:00.000039936,50.925602,7.408,265.76202,4.8202877e-05,2.572,315.0
2023-07-26 09:00:00.000039936,49.3824,7.408,265.76202,4.844305e-05,2.572,305.0
2023-07-26 12:00:00.000039936,47.8392,7.408,265.76202,4.892293e-05,3.0864,305.0
2023-07-26 15:00:00.000039936,46.810402,7.408,265.76202,4.9402213e-05,3.6008,310.0
2023-07-26 18:00:00.000039936,45.7816,7.408,265.76202,4.9880902e-05,3.6008,325.0
2023-07-26 21:00:00.000039936,42.1808,27.78,262.984,5.059779e-05,4.1152,335.0
2023-07-27 00:00:00.000039936,38.0656,48.152,259.28,5.155148e-05,3.6008,325.0
2023-07-27 03:00:00.000039936,39.6088,35.188,231.5,5.2027382e-05,3.0864,315.0
2023-07-27 06:00:00.000039936,41.152,22.223999,202.794,5.250265e-05,3.0864,330.0
2023-07-27 09:00:00.000039936,47.8392,16.668,202.794,5.321436e-05,3.6008,350.0
2023-07-27 12:00:00.000039936,54.012,9.26,202.794,5.4161024e-05,4.6296,350.0
2023-07-27 15:00:00.000039936,54.012,9.26,202.794,5.5340646e-05,5.6584,350.0
2023-07-27 18:00:00.000039936,54.012,7.408,202.794,5.6750614e-05,6.1728,350.0
2023-07-27 21:00:00.000039936,50.925602,14.816,186.126,5.7920843e-05,6.1728,355.0
2023-07-28 00:00:00.000039936,47.8392,22.223999,168.995,5.9319285e-05,7.2016,350.0
