Time,Vmax,Rmax_IBT,R34,fcor,u_trans,v_trans
2012-06-13 06:00:00.000039936,23.148,74.08,41.67,2.6577594e-05,7.716,295.0
2012-06-13 09:00:00.000039936,23.148,70.376,49.078003,2.707799e-05,7.2016,295.0
2012-06-13 12:00:00.000039936,23.148,64.82,55.559998,2.7328068e-05,7.2016,285.0
2012-06-13 15:00:00.000039936,24.6912,64.82,63.894,2.7578055e-05,6.6872,275.0
2012-06-13 18:00:00.000039936,25.720001,64.82,71.765,2.7578055e-05,7.2016,275.0
2012-06-13 21:00:00.000039936,28.292,46.3,80.562004,2.7578055e-05,7.2016,270.0
2012-06-14 00:00:00.000039936,30.864,27.78,87.97,2.7578055e-05,6.6872,265.0
2012-06-14 03:00:00.000039936,32.4072,37.04,100.007996,2.7328068e-05,6.1728,265.0
2012-06-14 06:00:00.000039936,33.436,46.3,111.119995,2.707799e-05,6.1728,265.0
2012-06-14 09:00:00.000039936,34.979202,42.596,111.119995,2.707799e-05,5.6584,265.0
2012-06-14 12:00:00.000039936,36.008,37.04,111.119995,2.6827835e-05,4.6296,260.0
2012-06-14 15:00:00.000039936,37.5512,37.04,119.453995,2.6577594e-05,3.0864,245.0
2012-06-14 18:00:00.000039936,38.58,37.04,127.325,2.6327272e-05,3.6008,250.0
2012-06-14 21:00:00.000039936,41.152,37.04,136.58499,2.5826394e-05,3.6008,260.0
2012-06-15 00:00:00.000039936,43.724,37.04,145.845,2.5826394e-05,2.572,275.0
2012-06-15 03:00:00.000039936,43.724,37.04,149.549,2.6327272e-05,2.0576,310.0
2012-06-15 06:00:00.000039936,43.724,37.04,152.79001,2.707799e-05,3.0864,330.0
2012-06-15 09:00:00.000039936,46.296,42.596,152.79001,2.7827968e-05,3.6008,335.0
2012-06-15 12:00:00.000039936,46.296,46.3,152.79001,2.857718e-05,3.6008,335.0
2012-06-15 15:00:00.000039936,48.868,42.596,154.179,2.9325609e-05,4.1152,330.0
2012-06-15 18:00:00.000039936,51.440002,37.04,155.105,3.0073232e-05,4.6296,340.0
2012-06-15 21:00:00.000039936,51.440002,37.04,167.14299,3.131743e-05,5.144,340.0
2012-06-16 00:00:00.000039936,51.440002,37.04,178.255,3.2559245e-05,6.1728,340.0
2012-06-16 03:00:00.000039936,56.584,33.336,177.329,3.3798577e-05,6.6872,335.0
2012-06-16 06:00:00.000039936,61.728,27.78,175.94,3.5282377e-05,6.1728,325.0
2012-06-16 09:00:00.000039936,63.271202,27.78,181.496,3.651592e-05,6.1728,320.0
2012-06-16 12:00:00.000039936,64.3,27.78,185.20001,3.7746686e-05,6.6872,330.0
2012-06-16 15:00:00.000039936,65.8432,27.78,194.923,3.9219805e-05,7.2016,340.0
2012-06-16 18:00:00.000039936,66.872,27.78,203.72,4.0688625e-05,6.6872,335.0
2012-06-16 21:00:00.000039936,66.872,27.78,234.278,4.2152973e-05,6.6872,325.0
2012-06-17 00:00:00.000039936,66.872,27.78,263.91,4.3369746e-05,6.1728,335.0
2012-06-17 03:00:00.000039936,66.872,27.78,263.91,4.458322e-05,5.6584,345.0
2012-06-17 06:00:00.000039936,66.872,27.78,263.91,4.6034886e-05,6.6872,345.0
2012-06-17 09:00:00.000039936,65.8432,27.78,263.91,4.748151e-05,7.2016,350.0
2012-06-17 12:00:00.000039936,64.3,27.78,263.91,4.916265e-05,6.6872,355.0
2012-06-17 15:00:00.000039936,63.271202,27.78,268.54,5.059779e-05,6.1728,0.0
2012-06-17 18:00:00.000039936,61.728,27.78,273.17,5.22651e-05,6.6872,10.0
2012-06-17 21:00:00.000039936,60.6992,27.78,273.17,5.3688025e-05,7.2016,10.0
2012-06-18 00:00:00.000039936,59.156002,27.78,273.17,5.5340646e-05,8.2304,15.0
2012-06-18 03:00:00.000039936,55.5552,37.04,273.17,5.721923e-05,8.744801,15.0
2012-06-18 06:00:00.000039936,51.440002,46.3,273.17,5.9086666e-05,8.2304,20.0
2012-06-18 09:00:00.000039936,50.4112,46.3,273.17,6.0711227e-05,8.744801,30.0
2012-06-18 12:00:00.000039936,48.868,46.3,273.17,6.255676e-05,10.288,35.0
2012-06-18 15:00:00.000039936,46.296,46.3,282.893,6.461839e-05,12.3456,35.0
2012-06-18 18:00:00.000039936,43.724,46.3,291.69,6.689037e-05,13.8888,30.0
2012-06-18 21:00:00.000039936,38.58,46.3,310.21,6.936598e-05,14.917601,30.0
2012-06-19 00:00:00.000039936,33.436,46.3,328.73,7.2037474e-05,16.4608,40.0
2012-06-19 03:00:00.000039936,32.4072,46.3,307.895,7.511419e-05,18.5184,45.0
2012-06-19 06:00:00.000039936,30.864,46.3,287.06,7.8360856e-05,19.0328,40.0
2012-06-19 08:00:00.000053248,26.7488,46.3,287.06,8.028322e-05,18.004,40.0
