Time,Vmax,Rmax_IBT,R34,fcor,u_trans,v_trans
2021-06-23 03:00:00.000039936,18.004,46.3,25.928,4.0199502e-05,4.6296,350.0
2021-06-23 06:00:00.000039936,20.576,37.04,53.245,4.1177245e-05,4.6296,350.0
2021-06-23 09:00:00.000039936,20.576,37.04,59.726997,4.239659e-05,4.6296,345.0
2021-06-23 12:00:00.000039936,20.576,37.04,64.82,4.3369746e-05,3.6008,335.0
2021-06-23 15:00:00.000039936,22.1192,37.04,71.302,4.409823e-05,2.572,330.0
2021-06-23 18:00:00.000039936,23.148,37.04,76.395,4.4825505e-05,2.572,335.0
2021-06-23 21:00:00.000039936,23.148,37.04,80.562,4.5551555e-05,3.0864,345.0
2021-06-24 00:00:00.000039936,23.148,37.04,83.340004,4.651767e-05,3.0864,345.0
2021-06-24 03:00:00.000039936,24.6912,37.04,84.729004,4.7240763e-05,3.0864,345.0
2021-06-24 06:00:00.000039936,25.720001,37.04,85.655,4.796257e-05,3.0864,345.0
2021-06-24 09:00:00.000039936,25.720001,37.04,86.118,4.868306e-05,3.0864,345.0
2021-06-24 12:00:00.000039936,25.720001,37.04,85.655,4.9402213e-05,2.572,345.0
2021-06-24 15:00:00.000039936,27.2632,37.04,97.69299,5.012002e-05,2.572,345.0
2021-06-24 18:00:00.000039936,28.292,37.04,108.805,5.083645e-05,3.6008,335.0
2021-06-24 21:00:00.000039936,29.835201,42.596,115.287,5.178951e-05,4.6296,335.0
2021-06-25 00:00:00.000039936,30.864,46.3,120.380005,5.2977284e-05,5.144,345.0
2021-06-25 03:00:00.000039936,32.4072,46.3,120.380005,5.4161024e-05,5.144,360.0
2021-06-25 06:00:00.000039936,33.436,46.3,120.380005,5.510506e-05,4.6296,5.0
2021-06-25 09:00:00.000039936,33.436,42.596,123.621,5.6046403e-05,4.6296,5.0
2021-06-25 12:00:00.000039936,33.436,37.04,125.009995,5.698501e-05,4.6296,5.0
2021-06-25 15:00:00.000039936,32.4072,42.596,126.862,5.83877e-05,5.144,10.0
2021-06-25 18:00:00.000039936,30.864,46.3,127.325,5.9551734e-05,5.144,15.0
2021-06-25 21:00:00.000039936,29.835201,46.3,127.788,6.0247978e-05,5.6584,20.0
2021-06-26 00:00:00.000039936,28.292,46.3,127.325,6.1173734e-05,5.6584,15.0
2021-06-26 03:00:00.000039936,28.292,46.3,126.399,6.2326726e-05,5.144,15.0
2021-06-26 06:00:00.000039936,28.292,46.3,125.009995,6.370404e-05,5.144,15.0
2021-06-26 09:00:00.000039936,27.2632,42.596,122.231995,6.461839e-05,5.144,10.0
2021-06-26 12:00:00.000039936,25.720001,37.04,118.065,6.575688e-05,6.6872,15.0
2021-06-26 15:00:00.000039936,23.148,37.04,117.13899,6.734234e-05,7.716,20.0
2021-06-26 18:00:00.000039936,20.576,37.04,115.75,6.914198e-05,8.2304,20.0
2021-06-26 21:00:00.000039936,19.5472,37.04,105.564,7.092813e-05,8.744801,15.0
2021-06-27 00:00:00.000039936,18.004,37.04,94.915,7.270045e-05,9.7736,20.0
2021-06-27 03:00:00.000039936,18.004,51.856,82.413994,7.4895885e-05,10.802401,25.0
