Time,Vmax,Rmax_IBT,R34,fcor,u_trans,v_trans
2008-05-27 12:00:00.000039936,18.004,46.3,55.56,3.651592e-05,1.0288,310.0
2008-05-27 15:00:00.000039936,20.576,46.3,68.987,3.700857e-05,1.5432,325.0
2008-05-27 18:00:00.000039936,23.148,46.3,81.024994,3.7746686e-05,2.0576,335.0
2008-05-27 21:00:00.000039936,25.720001,46.3,95.841,3.8238195e-05,2.572,335.0
2008-05-28 00:00:00.000039936,28.292,46.3,108.80499,3.872924e-05,2.572,340.0
2008-05-28 03:00:00.000039936,28.292,42.596,108.80499,3.9219805e-05,2.572,340.0
2008-05-28 06:00:00.000039936,28.292,37.04,108.80499,3.9464914e-05,2.0576,340.0
2008-05-28 09:00:00.000039936,30.864,33.336,114.361,3.9709896e-05,1.5432,335.0
2008-05-28 12:00:00.000039936,33.436,27.78,118.065,3.995476e-05,1.5432,320.0
2008-05-28 15:00:00.000039936,37.5512,27.78,118.065,3.995476e-05,1.5432,305.0
2008-05-28 18:00:00.000039936,41.152,27.78,118.065,3.995476e-05,1.5432,295.0
2008-05-28 21:00:00.000039936,46.296,27.78,141.678,3.995476e-05,1.5432,285.0
2008-05-29 00:00:00.000039936,51.440002,27.78,164.365,4.0199502e-05,2.0576,285.0
2008-05-29 03:00:00.000039936,58.1272,27.78,184.274,4.0444127e-05,2.572,285.0
2008-05-29 06:00:00.000039936,64.3,27.78,203.72,4.0444127e-05,2.0576,280.0
2008-05-29 09:00:00.000039936,64.3,27.78,203.72,4.0444127e-05,1.5432,270.0
2008-05-29 12:00:00.000039936,64.3,27.78,203.72,4.0444127e-05,1.5432,285.0
2008-05-29 15:00:00.000039936,64.3,27.78,209.739,4.0688625e-05,2.0576,295.0
2008-05-29 18:00:00.000039936,64.3,27.78,215.295,4.093299e-05,2.0576,300.0
2008-05-29 21:00:00.000039936,64.3,27.78,215.295,4.1177245e-05,2.572,300.0
2008-05-30 00:00:00.000039936,64.3,27.78,215.295,4.1665367e-05,3.0864,300.0
2008-05-30 03:00:00.000039936,61.728,27.78,206.035,4.2152973e-05,3.6008,305.0
2008-05-30 06:00:00.000039936,59.156002,27.78,196.77501,4.2640077e-05,3.6008,300.0
2008-05-30 09:00:00.000039936,56.584,42.596,196.77501,4.288343e-05,3.6008,300.0
2008-05-30 12:00:00.000039936,54.012,55.56,196.77501,4.3369746e-05,3.6008,310.0
2008-05-30 15:00:00.000039936,51.440002,46.3,190.75598,4.385554e-05,3.6008,320.0
2008-05-30 18:00:00.000039936,48.868,37.04,182.885,4.458322e-05,3.0864,330.0
2008-05-30 21:00:00.000039936,48.868,42.596,182.885,4.5309676e-05,2.572,345.0
2008-05-31 00:00:00.000039936,48.868,46.3,182.885,4.6034886e-05,3.6008,355.0
2008-05-31 03:00:00.000039936,48.868,46.3,179.181,4.6999867e-05,4.1152,355.0
2008-05-31 06:00:00.000039936,48.868,46.3,173.62498,4.7722115e-05,3.6008,355.0
2008-05-31 09:00:00.000039936,46.296,46.3,173.62498,4.844305e-05,2.572,355.0
2008-05-31 12:00:00.000039936,43.724,46.3,173.62498,4.916265e-05,2.572,355.0
2008-05-31 15:00:00.000039936,42.6952,46.3,180.107,4.9880902e-05,2.572,0.0
2008-05-31 18:00:00.000039936,41.152,46.3,185.2,5.035898e-05,2.572,5.0
2008-05-31 21:00:00.000039936,38.58,46.3,185.2,5.083645e-05,2.572,10.0
2008-06-01 00:00:00.000039936,36.008,46.3,185.2,5.155148e-05,3.6008,10.0
2008-06-01 03:00:00.000039936,36.008,46.3,185.2,5.250265e-05,4.6296,10.0
2008-06-01 06:00:00.000039936,36.008,46.3,185.2,5.3688025e-05,4.6296,10.0
2008-06-01 09:00:00.000039936,37.5512,42.596,185.2,5.4869302e-05,4.6296,10.0
2008-06-01 12:00:00.000039936,38.58,37.04,185.2,5.6046403e-05,5.144,10.0
2008-06-01 15:00:00.000039936,41.152,33.336,193.534,5.721923e-05,6.1728,15.0
2008-06-01 18:00:00.000039936,43.724,27.78,201.405,5.862087e-05,7.716,20.0
2008-06-01 21:00:00.000039936,45.2672,33.336,201.868,6.0247978e-05,8.744801,25.0
2008-06-02 00:00:00.000039936,46.296,37.04,201.405,6.20965e-05,9.7736,25.0
2008-06-02 03:00:00.000039936,45.2672,37.04,194.923,6.393293e-05,10.288,30.0
2008-06-02 06:00:00.000039936,43.724,37.04,187.515,6.5983986e-05,10.288,35.0
2008-06-02 09:00:00.000039936,41.152,42.596,187.515,6.7793495e-05,10.288,40.0
2008-06-02 12:00:00.000039936,38.58,46.3,187.515,6.981338e-05,11.3168,40.0
2008-06-02 15:00:00.000039936,34.979202,55.56,218.53601,7.181604e-05,11.3168,40.0
2008-06-02 18:00:00.000039936,30.864,64.82,247.705,7.380098e-05,11.3168,40.0
2008-06-02 21:00:00.000039936,27.2632,64.82,247.705,7.5550095e-05,10.288,45.0
