Time,Vmax,Rmax_IBT,R34,fcor,u_trans,v_trans
2015-05-04 00:00:00.000039936,23.148,55.56,92.59999,2.432189e-05,2.0576,280.0
2015-05-04 03:00:00.000039936,23.148,55.56,92.59999,2.4070872e-05,1.5432,265.0
2015-05-04 06:00:00.000039936,23.148,55.56,92.59999,2.4070872e-05,1.5432,260.0
2015-05-04 09:00:00.000039936,23.148,55.56,96.767,2.4070872e-05,1.5432,260.0
2015-05-04 12:00:00.000039936,23.148,55.56,99.545,2.4070872e-05,1.5432,265.0
2015-05-04 15:00:00.000039936,24.6912,55.56,99.545,2.4070872e-05,1.5432,265.0
2015-05-04 18:00:00.000039936,25.720001,55.56,99.545,2.4070872e-05,1.5432,260.0
2015-05-04 21:00:00.000039936,27.2632,37.04,99.545,2.3819783e-05,1.5432,260.0
2015-05-05 00:00:00.000039936,28.292,18.52,99.545,2.3819783e-05,1.5432,260.0
2015-05-05 03:00:00.000039936,28.292,18.52,99.545,2.3819783e-05,1.5432,265.0
2015-05-05 06:00:00.000039936,28.292,18.52,99.545,2.3819783e-05,1.0288,260.0
2015-05-05 09:00:00.000039936,29.835201,18.52,108.80499,2.3568628e-05,1.0288,255.0
2015-05-05 12:00:00.000039936,30.864,18.52,118.065,2.3568628e-05,1.5432,260.0
2015-05-05 15:00:00.000039936,32.4072,18.52,115.287,2.3568628e-05,2.0576,265.0
2015-05-05 18:00:00.000039936,33.436,18.52,111.119995,2.3568628e-05,2.572,270.0
2015-05-05 21:00:00.000039936,33.436,18.52,98.156006,2.3568628e-05,3.0864,275.0
2015-05-06 00:00:00.000039936,33.436,18.52,83.34,2.3568628e-05,3.6008,275.0
2015-05-06 03:00:00.000039936,36.008,18.52,110.194,2.3819783e-05,4.1152,275.0
2015-05-06 06:00:00.000039936,38.58,18.52,136.58499,2.4070872e-05,4.1152,285.0
2015-05-06 09:00:00.000039936,40.1232,18.52,119.453995,2.432189e-05,4.6296,290.0
2015-05-06 12:00:00.000039936,41.152,18.52,101.86,2.4823696e-05,4.6296,290.0
2015-05-06 15:00:00.000039936,42.6952,18.52,119.453995,2.53252e-05,4.6296,290.0
2015-05-06 18:00:00.000039936,43.724,18.52,136.58499,2.5826394e-05,4.6296,295.0
2015-05-06 21:00:00.000039936,45.2672,18.52,145.845,2.6327272e-05,5.144,295.0
2015-05-07 00:00:00.000039936,46.296,18.52,155.10501,2.707799e-05,6.1728,300.0
2015-05-07 03:00:00.000039936,47.8392,20.372,171.77301,2.7827968e-05,6.6872,300.0
2015-05-07 06:00:00.000039936,48.868,22.223999,187.51501,2.857718e-05,6.1728,295.0
2015-05-07 09:00:00.000039936,50.4112,18.52,169.92099,2.9076216e-05,5.144,285.0
2015-05-07 12:00:00.000039936,51.440002,12.964,150.475,2.9325609e-05,4.6296,285.0
2015-05-07 15:00:00.000039936,51.440002,12.964,172.699,2.9574905e-05,4.6296,285.0
2015-05-07 18:00:00.000039936,51.440002,12.964,194.45999,3.0073232e-05,4.6296,285.0
2015-05-07 21:00:00.000039936,51.440002,12.964,194.45999,3.0571195e-05,5.144,290.0
2015-05-08 00:00:00.000039936,51.440002,12.964,194.45999,3.1068776e-05,5.6584,290.0
2015-05-08 03:00:00.000039936,51.440002,16.668,206.498,3.156599e-05,6.1728,295.0
2015-05-08 06:00:00.000039936,51.440002,18.52,217.61,3.206281e-05,6.6872,300.0
2015-05-08 09:00:00.000039936,52.9832,20.372,211.12799,3.280731e-05,6.6872,305.0
2015-05-08 12:00:00.000039936,54.012,22.223999,203.72,3.3550914e-05,6.1728,300.0
2015-05-08 15:00:00.000039936,54.012,22.223999,203.72,3.404614e-05,5.144,295.0
2015-05-08 18:00:00.000039936,54.012,22.223999,203.72,3.454095e-05,5.144,300.0
2015-05-08 21:00:00.000039936,54.012,22.223999,205.10901,3.5282377e-05,5.144,305.0
2015-05-09 00:00:00.000039936,54.012,22.223999,206.035,3.6022833e-05,5.6584,305.0
2015-05-09 03:00:00.000039936,54.012,20.372,205.10901,3.67623e-05,5.6584,300.0
2015-05-09 06:00:00.000039936,54.012,18.52,203.72,3.7500762e-05,5.144,305.0
2015-05-09 09:00:00.000039936,58.1272,20.372,171.31,3.7992504e-05,4.1152,305.0
2015-05-09 12:00:00.000039936,61.728,22.223999,138.90001,3.872924e-05,4.1152,315.0
2015-05-09 15:00:00.000039936,65.8432,25.928,174.08798,3.9464914e-05,4.6296,320.0
2015-05-09 18:00:00.000039936,69.444,27.78,208.35,4.0444127e-05,5.144,325.0
2015-05-09 21:00:00.000039936,70.9872,27.78,183.34799,4.142137e-05,5.144,325.0
2015-05-10 00:00:00.000039936,72.016,27.78,157.42,4.2640077e-05,5.6584,325.0
2015-05-10 03:00:00.000039936,72.016,25.928,183.34799,4.385554e-05,5.6584,325.0
2015-05-10 06:00:00.000039936,72.016,22.223999,208.35,4.4825505e-05,4.6296,330.0
2015-05-10 09:00:00.000039936,69.444,18.52,209.276,4.5793287e-05,4.1152,340.0
2015-05-10 12:00:00.000039936,66.872,12.964,208.35,4.675884e-05,4.6296,345.0
2015-05-10 15:00:00.000039936,63.271202,20.372,208.35,4.7722115e-05,5.144,345.0
2015-05-10 18:00:00.000039936,59.156002,27.78,208.35,4.892293e-05,5.144,350.0
2015-05-10 21:00:00.000039936,56.584,20.372,208.35,5.012002e-05,5.144,360.0
2015-05-11 00:00:00.000039936,54.012,12.964,208.35,5.155148e-05,5.144,5.0
2015-05-11 03:00:00.000039936,50.4112,20.372,208.35,5.2977284e-05,6.1728,15.0
2015-05-11 06:00:00.000039936,46.296,27.78,208.35,5.439729e-05,7.716,30.0
2015-05-11 09:00:00.000039936,43.724,33.336,207.887,5.581132e-05,9.7736,35.0
2015-05-11 12:00:00.000039936,41.152,37.04,206.035,5.768715e-05,12.3456,35.0
2015-05-11 15:00:00.000039936,38.58,27.78,162.05,6.0479695e-05,15.432,40.0
2015-05-11 18:00:00.000039936,36.008,18.52,118.065,6.3474974e-05,16.9752,40.0
2015-05-11 21:00:00.000039936,32.4072,18.52,120.38,6.5983986e-05,18.004,45.0
2015-05-12 00:00:00.000039936,28.292,18.52,122.695,6.8468675e-05,20.0616,50.0
2015-05-12 03:00:00.000039936,27.2632,18.52,122.695,7.137252e-05,21.604801,55.0
