Time,Vmax,Rmax_IBT,R34,fcor,u_trans,v_trans
2005-07-20 06:00:00.000039936,20.576,83.34,166.68001,6.14047e-05,5.144,330.0
2005-07-20 09:00:00.000039936,22.1192,83.34,171.31,6.20965e-05,5.6584,330.0
2005-07-20 12:00:00.000039936,23.148,83.34,175.94,6.3016254e-05,5.144,315.0
2005-07-20 15:00:00.000039936,23.148,79.636,180.57,6.370404e-05,5.144,300.0
2005-07-20 18:00:00.000039936,23.148,74.08,185.20001,6.461839e-05,4.6296,305.0
2005-07-20 21:00:00.000039936,24.6912,74.08,199.09,6.530208e-05,4.1152,320.0
2005-07-21 00:00:00.000039936,25.720001,74.08,212.98,6.621089e-05,4.1152,320.0
2005-07-21 03:00:00.000039936,27.2632,70.376,212.98,6.711647e-05,4.6296,315.0
2005-07-21 06:00:00.000039936,28.292,64.82,212.98,6.801876e-05,5.144,315.0
2005-07-21 09:00:00.000039936,28.292,64.82,209.276,6.8917754e-05,5.6584,315.0
2005-07-21 12:00:00.000039936,28.292,64.82,203.71999,6.958979e-05,5.6584,320.0
2005-07-21 15:00:00.000039936,27.2632,64.82,208.34999,7.025991e-05,5.144,325.0
2005-07-21 18:00:00.000039936,25.720001,64.82,212.98,7.115043e-05,4.6296,330.0
2005-07-21 21:00:00.000039936,22.1192,64.82,212.98,7.181604e-05,3.6008,340.0
2005-07-22 00:00:00.000039936,18.004,64.82,212.98,7.270045e-05,3.6008,355.0
2005-07-22 03:00:00.000039936,18.004,79.636,212.98,7.3581316e-05,3.6008,10.0
2005-07-22 06:00:00.000039936,18.004,92.6,212.98,7.423962e-05,3.6008,25.0
2005-07-22 09:00:00.000039936,18.004,83.34,140.289,7.467736e-05,3.6008,30.0
2005-07-22 12:00:00.000039936,18.004,74.08,67.135,7.511419e-05,4.1152,35.0
2005-07-22 15:00:00.000039936,18.004,74.08,67.135,7.576771e-05,4.1152,35.0
2005-07-22 18:00:00.000039936,18.004,74.08,67.135,7.641916e-05,3.0864,20.0
2005-07-22 21:00:00.000039936,18.004,70.376,67.135,7.70685e-05,2.572,0.0
2005-07-23 00:00:00.000039936,18.004,64.82,67.135,7.771575e-05,2.0576,20.0
2005-07-23 03:00:00.000039936,18.004,64.82,67.135,7.814606e-05,2.0576,45.0
