Time,Vmax,Rmax_IBT,R34,fcor,u_trans,v_trans
2012-06-18 06:00:00.000039936,18.004,83.34,46.3,4.796257e-05,2.572,75.0
2012-06-18 09:00:00.000039936,20.576,83.34,103.249,4.796257e-05,3.0864,80.0
2012-06-18 12:00:00.000039936,23.148,83.34,159.735,4.796257e-05,3.0864,80.0
2012-06-18 15:00:00.000039936,23.148,79.636,173.162,4.796257e-05,3.0864,75.0
2012-06-18 18:00:00.000039936,23.148,74.08,185.2,4.8202877e-05,3.6008,70.0
2012-06-18 21:00:00.000039936,23.148,79.636,194.45999,4.868306e-05,4.1152,60.0
2012-06-19 00:00:00.000039936,23.148,83.34,203.72,4.916265e-05,4.6296,55.0
2012-06-19 03:00:00.000039936,23.148,83.34,203.72,4.9641636e-05,4.6296,55.0
2012-06-19 06:00:00.000039936,23.148,83.34,203.72,5.035898e-05,4.6296,50.0
2012-06-19 09:00:00.000039936,24.6912,83.34,170.38399,5.1074945e-05,4.6296,45.0
2012-06-19 12:00:00.000039936,25.720001,83.34,136.585,5.178951e-05,4.6296,40.0
2012-06-19 15:00:00.000039936,24.6912,83.34,139.363,5.2740055e-05,5.144,35.0
2012-06-19 18:00:00.000039936,23.148,83.34,141.215,5.3688025e-05,6.1728,35.0
2012-06-19 21:00:00.000039936,20.576,83.34,141.215,5.4869302e-05,7.2016,40.0
2012-06-20 00:00:00.000039936,18.004,83.34,141.215,5.6281307e-05,7.2016,40.0
2012-06-20 03:00:00.000039936,19.5472,83.34,141.215,5.768715e-05,7.2016,40.0
2012-06-20 06:00:00.000039936,20.576,83.34,141.215,5.8853857e-05,6.6872,55.0
2012-06-20 09:00:00.000039936,20.576,83.34,136.122,5.9319285e-05,6.6872,60.0
2012-06-20 12:00:00.000039936,20.576,83.34,129.64,5.9784e-05,7.2016,55.0
