Time,Vmax,Rmax_IBT,R34,fcor,u_trans,v_trans
2019-07-17 12:00:00.000039936,18.004,92.6,199.09001,5.1074945e-05,7.2016,10.0
2019-07-17 15:00:00.000039936,18.004,88.895996,231.5,5.2740055e-05,6.6872,5.0
2019-07-17 18:00:00.000039936,18.004,83.34,263.91,5.4633376e-05,8.2304,0.0
2019-07-17 21:00:00.000039936,19.5472,83.34,294.00497,5.6750614e-05,9.7736,360.0
2019-07-18 00:00:00.000039936,20.576,83.34,324.1,5.9086666e-05,10.288,360.0
2019-07-18 03:00:00.000039936,20.576,83.34,335.675,6.1173734e-05,9.7736,355.0
2019-07-18 06:00:00.000039936,20.576,83.34,347.25,6.3016254e-05,7.716,355.0
2019-07-18 09:00:00.000039936,22.1192,83.34,354.19498,6.461839e-05,5.6584,355.0
2019-07-18 12:00:00.000039936,23.148,83.34,361.13998,6.5983986e-05,5.6584,355.0
2019-07-18 15:00:00.000039936,23.148,83.34,344.935,6.756802e-05,6.6872,0.0
2019-07-18 18:00:00.000039936,23.148,83.34,328.73,6.8917754e-05,6.6872,5.0
2019-07-18 21:00:00.000039936,22.1192,83.34,307.89502,6.981338e-05,6.1728,5.0
2019-07-19 00:00:00.000039936,20.576,83.34,287.06,7.07056e-05,5.6584,10.0
2019-07-19 03:00:00.000039936,20.576,74.08,287.06,7.181604e-05,6.1728,10.0
2019-07-19 06:00:00.000039936,20.576,64.82,287.06,7.336144e-05,7.2016,15.0
2019-07-19 09:00:00.000039936,20.576,64.82,284.745,7.4895885e-05,8.2304,15.0
2019-07-19 12:00:00.000039936,20.576,64.82,282.43,7.663584e-05,8.2304,15.0
2019-07-19 15:00:00.000039936,19.5472,74.08,266.22498,7.814606e-05,7.716,15.0
