Time,Vmax,Rmax_IBT,R34,fcor,u_trans,v_trans
2006-07-19 12:00:00.000039936,20.576,55.56,64.82,3.0322259e-05,4.6296,280.0
2006-07-19 15:00:00.000039936,22.1192,42.596,68.524,3.0322259e-05,4.1152,280.0
2006-07-19 18:00:00.000039936,23.148,27.78,71.765,3.0571195e-05,3.6008,290.0
2006-07-19 21:00:00.000039936,24.6912,27.78,89.359,3.1068776e-05,4.1152,305.0
2006-07-20 00:00:00.000039936,25.720001,27.78,106.49,3.206281e-05,5.144,320.0
2006-07-20 03:00:00.000039936,27.2632,27.78,113.897995,3.305528e-05,6.1728,325.0
2006-07-20 06:00:00.000039936,28.292,27.78,120.380005,3.4293596e-05,6.6872,310.0
2006-07-20 09:00:00.000039936,29.835201,27.78,160.198,3.5035337e-05,6.6872,295.0
2006-07-20 12:00:00.000039936,30.864,27.78,199.09,3.577612e-05,6.1728,300.0
2006-07-20 15:00:00.000039936,32.4072,27.78,235.66699,3.651592e-05,5.6584,305.0
2006-07-20 18:00:00.000039936,33.436,27.78,270.85498,3.7254722e-05,6.6872,300.0
2006-07-20 21:00:00.000039936,34.979202,27.78,280.578,3.7992504e-05,7.716,300.0
2006-07-21 00:00:00.000039936,36.008,27.78,289.375,3.872924e-05,7.716,295.0
2006-07-21 03:00:00.000039936,36.008,27.78,289.375,3.9464914e-05,6.6872,290.0
2006-07-21 06:00:00.000039936,36.008,27.78,289.375,3.995476e-05,6.1728,285.0
2006-07-21 09:00:00.000039936,37.5512,27.78,290.76398,4.0444127e-05,5.6584,285.0
2006-07-21 12:00:00.000039936,38.58,27.78,291.69,4.0688625e-05,5.144,285.0
2006-07-21 15:00:00.000039936,38.58,27.78,273.16998,4.093299e-05,4.6296,285.0
2006-07-21 18:00:00.000039936,38.58,27.78,254.65,4.1177245e-05,5.144,285.0
2006-07-21 21:00:00.000039936,37.5512,27.78,245.39,4.142137e-05,5.144,280.0
2006-07-22 00:00:00.000039936,36.008,27.78,236.12999,4.1665367e-05,4.1152,285.0
2006-07-22 03:00:00.000039936,36.008,33.336,224.555,4.1909232e-05,3.0864,295.0
2006-07-22 06:00:00.000039936,36.008,37.04,212.98,4.239659e-05,2.572,300.0
2006-07-22 09:00:00.000039936,36.008,37.04,217.60999,4.288343e-05,2.572,310.0
2006-07-22 12:00:00.000039936,36.008,37.04,222.23999,4.3612705e-05,3.6008,320.0
2006-07-22 15:00:00.000039936,36.008,33.336,231.5,4.4340795e-05,5.144,325.0
2006-07-22 18:00:00.000039936,36.008,27.78,240.76,4.5309676e-05,5.144,320.0
2006-07-22 21:00:00.000039936,36.008,27.78,231.5,4.627635e-05,4.6296,315.0
2006-07-23 00:00:00.000039936,36.008,27.78,222.24,4.748151e-05,5.144,315.0
2006-07-23 03:00:00.000039936,34.979202,27.78,222.24,4.844305e-05,6.1728,310.0
2006-07-23 06:00:00.000039936,33.436,27.78,222.24,4.916265e-05,6.1728,315.0
2006-07-23 09:00:00.000039936,33.436,27.78,215.295,5.012002e-05,5.6584,310.0
2006-07-23 12:00:00.000039936,33.436,27.78,208.35,5.083645e-05,5.6584,305.0
2006-07-23 15:00:00.000039936,32.4072,27.78,206.035,5.155148e-05,5.6584,295.0
2006-07-23 18:00:00.000039936,30.864,27.78,203.72,5.2027382e-05,5.144,295.0
2006-07-23 21:00:00.000039936,30.864,27.78,198.164,5.250265e-05,4.1152,300.0
2006-07-24 00:00:00.000039936,30.864,27.78,192.14499,5.321436e-05,4.6296,305.0
2006-07-24 03:00:00.000039936,30.864,27.78,192.14499,5.3688025e-05,5.144,305.0
2006-07-24 06:00:00.000039936,30.864,27.78,192.14499,5.439729e-05,5.6584,305.0
2006-07-24 09:00:00.000039936,30.864,27.78,191.682,5.4869302e-05,5.6584,305.0
2006-07-24 12:00:00.000039936,30.864,27.78,189.83,5.5576067e-05,6.1728,305.0
2006-07-24 15:00:00.000039936,29.835201,27.78,187.052,5.6281307e-05,6.6872,305.0
