Time,Vmax,Rmax_IBT,R34,fcor,u_trans,v_trans
2018-06-07 18:00:00.000039936,18.004,138.9,194.45999,4.142137e-05,3.0864,25.0
2018-06-07 21:00:00.000039936,19.5472,135.196,208.35,4.288343e-05,4.1152,20.0
2018-06-08 00:00:00.000039936,20.576,129.64,222.24,4.4340795e-05,4.6296,0.0
2018-06-08 03:00:00.000039936,20.576,125.936,229.185,4.6034886e-05,5.6584,350.0
2018-06-08 06:00:00.000039936,20.576,120.38,236.13,4.748151e-05,5.6584,345.0
2018-06-08 09:00:00.000039936,20.576,120.38,238.44499,4.868306e-05,5.144,345.0
2018-06-08 12:00:00.000039936,20.576,120.38,240.76,4.9641636e-05,4.1152,350.0
2018-06-08 15:00:00.000039936,22.1192,120.38,245.39,5.059779e-05,4.1152,0.0
2018-06-08 18:00:00.000039936,23.148,120.38,250.02,5.155148e-05,5.144,10.0
2018-06-08 21:00:00.000039936,24.6912,120.38,261.59497,5.22651e-05,5.6584,15.0
2018-06-09 00:00:00.000039936,25.720001,120.38,273.16998,5.321436e-05,5.144,20.0
2018-06-09 03:00:00.000039936,27.2632,125.936,277.8,5.439729e-05,4.1152,30.0
2018-06-09 06:00:00.000039936,28.292,129.64,282.43,5.5340646e-05,3.6008,35.0
2018-06-09 09:00:00.000039936,28.292,138.9,282.43,5.6046403e-05,4.1152,40.0
2018-06-09 12:00:00.000039936,28.292,148.16,282.43,5.6750614e-05,5.144,45.0
2018-06-09 15:00:00.000039936,28.292,148.16,287.06,5.8154368e-05,6.6872,45.0
2018-06-09 18:00:00.000039936,28.292,148.16,291.69,5.9551734e-05,9.2592,45.0
2018-06-09 21:00:00.000039936,29.835201,148.16,298.635,6.0942573e-05,10.288,45.0
2018-06-10 00:00:00.000039936,30.864,148.16,305.58,6.2326726e-05,9.7736,45.0
2018-06-10 03:00:00.000039936,29.835201,144.456,312.525,6.3474974e-05,9.2592,50.0
2018-06-10 06:00:00.000039936,28.292,138.9,319.47,6.4846485e-05,10.288,55.0
2018-06-10 09:00:00.000039936,27.2632,135.196,326.41498,6.643758e-05,11.8312,55.0
2018-06-10 12:00:00.000039936,25.720001,129.64,333.36,6.801876e-05,11.8312,55.0
2018-06-10 15:00:00.000039936,25.720001,129.64,347.25,6.958979e-05,11.8312,55.0
2018-06-10 18:00:00.000039936,25.720001,129.64,361.14,7.115043e-05,12.3456,50.0
2018-06-10 21:00:00.000039936,25.720001,138.9,361.14,7.2921e-05,13.3744,50.0
2018-06-11 00:00:00.000039936,25.720001,148.16,361.14,7.4895885e-05,14.4032,45.0
2018-06-11 03:00:00.000039936,24.6912,157.42,377.345,7.70685e-05,15.9464,50.0
2018-06-11 06:00:00.000039936,23.148,166.68,393.55002,7.921766e-05,16.9752,50.0
2018-06-11 09:00:00.000039936,23.148,166.68,398.18002,8.134267e-05,17.489601,55.0
2018-06-11 12:00:00.000039936,23.148,166.68,402.81,8.34429e-05,16.4608,55.0
2018-06-11 15:00:00.000039936,22.1192,175.94,402.81,8.551773e-05,15.9464,55.0
