Time,Vmax,Rmax_IBT,R34,fcor,u_trans,v_trans
2014-04-27 15:00:00.000039936,18.004,74.08,40.744,2.9574905e-05,3.0864,10.0
2014-04-27 18:00:00.000039936,20.576,74.08,83.34,3.0322259e-05,3.0864,10.0
2014-04-27 21:00:00.000039936,22.1192,51.856,70.376,3.1068776e-05,3.0864,10.0
2014-04-28 00:00:00.000039936,23.148,27.78,55.56,3.1814445e-05,3.0864,15.0
2014-04-28 03:00:00.000039936,24.6912,27.78,72.228004,3.2559245e-05,3.6008,20.0
2014-04-28 06:00:00.000039936,25.720001,27.78,87.96999,3.330315e-05,4.1152,20.0
2014-04-28 09:00:00.000039936,27.2632,33.336,95.378,3.4293596e-05,4.1152,20.0
2014-04-28 12:00:00.000039936,28.292,37.04,101.86,3.5282377e-05,4.6296,10.0
2014-04-28 15:00:00.000039936,29.835201,37.04,110.194,3.626943e-05,4.6296,360.0
2014-04-28 18:00:00.000039936,30.864,37.04,118.064995,3.7500762e-05,4.1152,355.0
2014-04-28 21:00:00.000039936,32.4072,37.04,127.325,3.8483773e-05,4.1152,350.0
2014-04-29 00:00:00.000039936,33.436,37.04,136.585,3.9464914e-05,4.6296,355.0
2014-04-29 03:00:00.000039936,34.979202,37.04,136.585,4.0444127e-05,4.6296,0.0
2014-04-29 06:00:00.000039936,36.008,37.04,136.585,4.142137e-05,4.1152,5.0
2014-04-29 09:00:00.000039936,36.008,37.04,142.14099,4.2640077e-05,3.6008,5.0
2014-04-29 12:00:00.000039936,36.008,37.04,145.845,4.3612705e-05,4.1152,5.0
2014-04-29 15:00:00.000039936,34.979202,37.04,145.845,4.458322e-05,4.6296,0.0
2014-04-29 18:00:00.000039936,33.436,37.04,145.845,4.5309676e-05,4.1152,355.0
2014-04-29 21:00:00.000039936,33.436,37.04,145.845,4.6034886e-05,3.6008,350.0
2014-04-30 00:00:00.000039936,33.436,37.04,145.845,4.675884e-05,3.0864,350.0
2014-04-30 03:00:00.000039936,30.864,37.04,145.845,4.7240763e-05,3.0864,345.0
2014-04-30 06:00:00.000039936,28.292,37.04,145.845,4.796257e-05,3.0864,340.0
2014-04-30 09:00:00.000039936,27.2632,42.596,145.845,4.868306e-05,3.0864,330.0
2014-04-30 12:00:00.000039936,25.720001,46.3,145.845,4.9641636e-05,4.1152,320.0
2014-04-30 15:00:00.000039936,24.6912,55.56,136.585,5.059779e-05,5.144,315.0
2014-04-30 18:00:00.000039936,23.148,64.82,127.325,5.155148e-05,5.6584,315.0
2014-04-30 21:00:00.000039936,20.576,70.376,127.325,5.250265e-05,5.6584,315.0
