Time,Vmax,Rmax_IBT,R34,fcor,u_trans,v_trans
2013-07-08 00:00:00.000039936,18.004,46.3,46.3,4.796257e-05,7.2016,270.0
2013-07-08 03:00:00.000039936,20.576,46.3,53.708,4.7722115e-05,7.716,270.0
2013-07-08 06:00:00.000039936,23.148,46.3,60.190002,4.7722115e-05,6.6872,275.0
2013-07-08 09:00:00.000039936,27.2632,46.3,79.173,4.796257e-05,5.6584,275.0
2013-07-08 12:00:00.000039936,30.864,46.3,97.229996,4.8202877e-05,5.6584,280.0
2013-07-08 15:00:00.000039936,33.436,46.3,124.084,4.844305e-05,6.1728,280.0
2013-07-08 18:00:00.000039936,36.008,46.3,150.47499,4.868306e-05,5.6584,280.0
2013-07-08 21:00:00.000039936,37.5512,42.596,173.16199,4.868306e-05,5.144,280.0
2013-07-09 00:00:00.000039936,38.58,37.04,194.45999,4.892293e-05,5.144,285.0
2013-07-09 03:00:00.000039936,41.152,44.447998,213.443,4.916265e-05,5.144,290.0
2013-07-09 06:00:00.000039936,43.724,50.004,231.5,4.9641636e-05,5.6584,290.0
2013-07-09 09:00:00.000039936,47.8392,44.447998,260.669,5.012002e-05,6.1728,290.0
2013-07-09 12:00:00.000039936,51.440002,37.04,289.375,5.059779e-05,6.1728,290.0
2013-07-09 15:00:00.000039936,55.5552,33.336,301.413,5.1074945e-05,5.6584,290.0
2013-07-09 18:00:00.000039936,59.156002,27.78,312.525,5.155148e-05,6.1728,290.0
2013-07-09 21:00:00.000039936,61.728,29.632,313.914,5.2027382e-05,6.6872,290.0
2013-07-10 00:00:00.000039936,64.3,31.484,314.84,5.250265e-05,5.6584,290.0
2013-07-10 03:00:00.000039936,64.3,35.188,316.229,5.2977284e-05,5.144,290.0
2013-07-10 06:00:00.000039936,64.3,37.04,317.15497,5.345127e-05,5.6584,290.0
2013-07-10 09:00:00.000039936,64.3,35.188,317.15497,5.392461e-05,6.6872,285.0
2013-07-10 12:00:00.000039936,64.3,31.484,317.15497,5.4161024e-05,6.1728,280.0
2013-07-10 15:00:00.000039936,61.728,35.188,317.15497,5.439729e-05,6.1728,275.0
2013-07-10 18:00:00.000039936,59.156002,37.04,317.15497,5.4633376e-05,6.1728,275.0
2013-07-10 21:00:00.000039936,56.584,35.188,307.89502,5.4633376e-05,6.1728,280.0
2013-07-11 00:00:00.000039936,54.012,31.484,298.635,5.4869302e-05,6.1728,280.0
2013-07-11 03:00:00.000039936,51.440002,31.484,295.857,5.510506e-05,5.6584,280.0
2013-07-11 06:00:00.000039936,48.868,31.484,291.69,5.5340646e-05,6.1728,275.0
2013-07-11 09:00:00.000039936,48.868,35.188,305.58002,5.5576067e-05,6.1728,270.0
2013-07-11 12:00:00.000039936,48.868,37.04,319.47,5.5576067e-05,6.6872,275.0
2013-07-11 15:00:00.000039936,48.868,37.04,319.47,5.5576067e-05,6.6872,280.0
2013-07-11 18:00:00.000039936,48.868,37.04,319.47,5.581132e-05,5.6584,280.0
2013-07-11 21:00:00.000039936,47.8392,33.336,319.47,5.6046403e-05,5.144,280.0
2013-07-12 00:00:00.000039936,46.296,27.78,319.47,5.6281307e-05,5.144,290.0
2013-07-12 03:00:00.000039936,46.296,25.928,310.21,5.698501e-05,5.6584,295.0
2013-07-12 06:00:00.000039936,46.296,22.223999,300.95,5.768715e-05,5.6584,300.0
2013-07-12 09:00:00.000039936,43.724,25.928,297.246,5.83877e-05,6.1728,305.0
2013-07-12 12:00:00.000039936,41.152,27.78,291.69,5.9319285e-05,6.6872,305.0
2013-07-12 15:00:00.000039936,41.152,27.78,312.525,6.0247978e-05,8.2304,300.0
2013-07-12 18:00:00.000039936,41.152,27.78,333.36002,6.1173734e-05,8.744801,295.0
2013-07-12 19:00:00.000066560,41.152,27.78,333.36002,6.14047e-05,8.744801,275.0
