Time,Vmax,Rmax_IBT,R34,fcor,u_trans,v_trans
2003-06-13 06:00:00.000040448,23.148,74.08,148.16,2.857718e-05,7.716,280.0
2003-06-13 09:00:00.000040448,23.148,70.376,148.16,2.882674e-05,9.2592,275.0
2003-06-13 12:00:00.000040448,23.148,64.82,148.16,2.9076216e-05,7.716,275.0
2003-06-13 15:00:00.000040448,24.6912,61.116,180.57,2.9076216e-05,5.144,270.0
2003-06-13 18:00:00.000040448,25.720001,55.56,212.98,2.9076216e-05,4.1152,270.0
2003-06-13 21:00:00.000040448,25.720001,55.56,212.98,2.882674e-05,3.6008,275.0
2003-06-14 00:00:00.000040448,25.720001,55.56,212.98,2.882674e-05,3.6008,300.0
2003-06-14 03:00:00.000040448,24.6912,55.56,199.09,2.9574905e-05,4.1152,320.0
2003-06-14 06:00:00.000040448,23.148,55.56,185.2,3.0322259e-05,3.6008,315.0
2003-06-14 09:00:00.000040448,23.148,55.56,187.515,3.0820032e-05,3.0864,305.0
2003-06-14 12:00:00.000040448,23.148,55.56,189.83,3.131743e-05,3.0864,315.0
2003-06-14 15:00:00.000040448,23.148,55.56,187.515,3.206281e-05,4.1152,330.0
2003-06-14 18:00:00.000040448,23.148,55.56,185.2,3.305528e-05,4.6296,340.0
2003-06-14 21:00:00.000040448,23.148,55.56,185.2,3.404614e-05,4.6296,340.0
2003-06-15 00:00:00.000040448,23.148,55.56,185.2,3.47882e-05,4.6296,345.0
2003-06-15 03:00:00.000040448,24.6912,55.56,185.2,3.5529305e-05,4.1152,345.0
2003-06-15 06:00:00.000040448,25.720001,55.56,185.2,3.626943e-05,4.1152,335.0
2003-06-15 09:00:00.000040448,27.2632,51.856,194.46,3.67623e-05,4.1152,330.0
2003-06-15 12:00:00.000040448,28.292,46.3,203.72,3.7500762e-05,4.1152,330.0
2003-06-15 15:00:00.000040448,29.835201,46.3,203.72,3.8238195e-05,3.6008,335.0
2003-06-15 18:00:00.000040448,30.864,46.3,203.72,3.9219805e-05,3.6008,340.0
2003-06-15 21:00:00.000040448,30.864,46.3,203.72,4.0199502e-05,3.6008,340.0
2003-06-16 00:00:00.000040448,30.864,46.3,203.72,4.142137e-05,4.1152,330.0
2003-06-16 03:00:00.000040448,30.864,46.3,208.35,4.239659e-05,4.6296,320.0
2003-06-16 06:00:00.000040448,30.864,46.3,212.98,4.3369746e-05,4.6296,320.0
2003-06-16 09:00:00.000040448,30.864,46.3,212.98,4.4340795e-05,4.6296,320.0
2003-06-16 12:00:00.000040448,30.864,46.3,212.98,4.5309676e-05,4.6296,330.0
2003-06-16 15:00:00.000040448,32.4072,42.596,226.87,4.627635e-05,4.6296,340.0
2003-06-16 18:00:00.000040448,33.436,37.04,240.76,4.748151e-05,4.1152,345.0
2003-06-16 21:00:00.000040448,36.008,37.04,240.76,4.868306e-05,3.6008,355.0
2003-06-17 00:00:00.000040448,38.58,37.04,240.76,4.9880902e-05,4.1152,5.0
2003-06-17 03:00:00.000040448,38.58,51.856,245.39,5.083645e-05,5.144,10.0
2003-06-17 06:00:00.000040448,38.58,64.82,250.01999,5.178951e-05,6.1728,15.0
2003-06-17 09:00:00.000040448,38.58,64.82,250.01999,5.321436e-05,6.6872,15.0
2003-06-17 12:00:00.000040448,38.58,64.82,250.01999,5.4869302e-05,7.2016,10.0
2003-06-17 15:00:00.000040448,42.6952,55.56,250.01999,5.6516048e-05,7.716,10.0
2003-06-17 18:00:00.000040448,46.296,46.3,250.01999,5.83877e-05,8.2304,5.0
2003-06-17 20:00:00.000053760,47.8392,40.744,252.79799,5.9784e-05,8.2304,5.0
2003-06-17 21:00:00.000040448,48.868,37.04,254.65,6.0247978e-05,7.716,5.0
2003-06-18 00:00:00.000040448,51.440002,27.78,259.28,6.20965e-05,7.2016,10.0
2003-06-18 03:00:00.000040448,55.5552,27.78,277.80002,6.324571e-05,6.6872,25.0
2003-06-18 06:00:00.000040448,59.156002,27.78,296.32,6.43901e-05,7.716,30.0
2003-06-18 09:00:00.000040448,59.156002,27.78,287.06,6.5983986e-05,9.2592,30.0
2003-06-18 12:00:00.000040448,59.156002,27.78,277.8,6.801876e-05,11.3168,30.0
2003-06-18 15:00:00.000040448,51.440002,27.78,222.24,7.092813e-05,12.860001,25.0
2003-06-18 18:00:00.000040448,43.724,27.78,166.68001,7.380098e-05,13.3744,25.0
2003-06-18 21:00:00.000040448,40.1232,27.78,171.31,7.5985095e-05,14.4032,25.0
2003-06-19 00:00:00.000040448,36.008,27.78,175.94,7.8360856e-05,14.917601,25.0
2003-06-19 03:00:00.000040448,34.979202,33.336,175.94,8.155382e-05,14.917601,25.0
2003-06-19 04:00:00.000067072,34.4648,33.336,175.94,8.2605824e-05,13.8888,30.0
