Time,Vmax,Rmax_IBT,R34,fcor,u_trans,v_trans
2009-07-16 18:00:00.000039936,18.004,55.56,39.355,4.5793287e-05,4.6296,315.0
2009-07-16 21:00:00.000039936,20.576,61.116,45.837,4.627635e-05,5.144,315.0
2009-07-17 00:00:00.000039936,23.148,64.82,50.93,4.6999867e-05,5.144,320.0
2009-07-17 03:00:00.000039936,24.6912,46.3,72.228,4.7722115e-05,5.6584,320.0
2009-07-17 06:00:00.000039936,25.720001,27.78,92.6,4.892293e-05,7.2016,320.0
2009-07-17 09:00:00.000039936,28.292,27.78,105.101,5.059779e-05,8.2304,315.0
2009-07-17 12:00:00.000039936,30.864,27.78,115.75,5.178951e-05,8.2304,295.0
2009-07-17 15:00:00.000039936,30.864,33.336,135.196,5.2027382e-05,8.2304,280.0
2009-07-17 18:00:00.000039936,30.864,37.04,152.79001,5.2027382e-05,7.716,280.0
2009-07-17 21:00:00.000039936,30.864,42.596,155.105,5.2740055e-05,6.6872,290.0
2009-07-18 00:00:00.000039936,30.864,46.3,157.42,5.345127e-05,6.1728,290.0
2009-07-18 03:00:00.000039936,32.4072,46.3,152.327,5.392461e-05,6.1728,290.0
2009-07-18 06:00:00.000039936,33.436,46.3,145.845,5.439729e-05,5.6584,295.0
2009-07-18 09:00:00.000039936,33.436,46.3,136.12201,5.4869302e-05,6.1728,295.0
2009-07-18 12:00:00.000039936,33.436,46.3,125.009995,5.5340646e-05,6.6872,285.0
2009-07-18 15:00:00.000039936,30.864,46.3,125.009995,5.5576067e-05,7.716,280.0
