Time,Vmax,Rmax_IBT,R34,fcor,u_trans,v_trans
2017-07-21 12:00:00.000039936,20.576,74.08,208.34999,6.8243826e-05,4.6296,280.0
2017-07-21 15:00:00.000039936,20.576,92.6,208.34999,6.8243826e-05,4.1152,280.0
2017-07-21 18:00:00.000039936,20.576,111.12,208.34999,6.8243826e-05,4.1152,280.0
2017-07-21 21:00:00.000039936,20.576,111.12,212.98,6.8243826e-05,3.6008,275.0
2017-07-22 00:00:00.000039936,20.576,111.12,217.61,6.8243826e-05,3.0864,275.0
2017-07-22 03:00:00.000039936,22.1192,111.12,217.61,6.8243826e-05,2.572,275.0
2017-07-22 06:00:00.000039936,23.148,111.12,217.61,6.8468675e-05,2.572,275.0
2017-07-22 09:00:00.000039936,24.6912,92.6,201.86798,6.8468675e-05,2.572,270.0
2017-07-22 12:00:00.000039936,25.720001,74.08,185.2,6.869332e-05,3.0864,270.0
2017-07-22 15:00:00.000039936,25.720001,70.376,179.644,6.8917754e-05,3.0864,270.0
2017-07-22 18:00:00.000039936,25.720001,64.82,173.625,6.914198e-05,3.0864,260.0
2017-07-22 21:00:00.000039936,27.2632,61.116,156.49399,6.914198e-05,3.0864,245.0
2017-07-23 00:00:00.000039936,28.292,55.56,138.9,6.8917754e-05,2.0576,240.0
2017-07-23 03:00:00.000039936,30.864,55.56,149.549,6.8917754e-05,1.0288,235.0
2017-07-23 06:00:00.000039936,33.436,55.56,159.735,6.869332e-05,0.5144,160.0
2017-07-23 09:00:00.000039936,36.008,37.04,160.661,6.8468675e-05,1.0288,125.0
2017-07-23 12:00:00.000039936,38.58,18.52,159.73499,6.8243826e-05,1.5432,145.0
2017-07-23 15:00:00.000039936,41.152,16.668,159.73499,6.7793495e-05,2.572,155.0
2017-07-23 18:00:00.000039936,43.724,12.964,159.73499,6.734234e-05,3.0864,140.0
2017-07-23 21:00:00.000039936,45.2672,16.668,159.73499,6.689037e-05,3.6008,125.0
2017-07-24 00:00:00.000039936,46.296,18.52,159.73499,6.643758e-05,3.6008,125.0
2017-07-24 03:00:00.000039936,45.2672,18.52,168.53198,6.5983986e-05,4.1152,120.0
2017-07-24 06:00:00.000039936,43.724,18.52,175.94,6.552959e-05,5.144,120.0
2017-07-24 09:00:00.000039936,43.724,18.52,175.94,6.4846485e-05,6.1728,115.0
2017-07-24 12:00:00.000039936,43.724,18.52,175.94,6.43901e-05,6.6872,110.0
2017-07-24 15:00:00.000039936,43.724,18.52,175.94,6.393293e-05,6.1728,105.0
2017-07-24 18:00:00.000039936,43.724,18.52,175.94,6.3474974e-05,6.1728,105.0
2017-07-24 21:00:00.000039936,43.724,18.52,175.94,6.324571e-05,5.144,100.0
2017-07-25 00:00:00.000039936,43.724,18.52,175.94,6.324571e-05,4.6296,90.0
2017-07-25 03:00:00.000039936,43.724,24.076,201.86801,6.324571e-05,4.1152,75.0
2017-07-25 06:00:00.000039936,43.724,27.78,226.87,6.3474974e-05,3.6008,70.0
2017-07-25 09:00:00.000039936,43.724,27.78,225.01799,6.370404e-05,3.0864,60.0
2017-07-25 12:00:00.000039936,43.724,27.78,222.24,6.43901e-05,3.6008,35.0
2017-07-25 15:00:00.000039936,42.6952,24.076,221.77701,6.530208e-05,4.1152,15.0
2017-07-25 18:00:00.000039936,41.152,18.52,219.925,6.621089e-05,4.6296,355.0
2017-07-25 21:00:00.000039936,41.152,20.372,246.31601,6.734234e-05,5.6584,340.0
2017-07-26 00:00:00.000039936,41.152,22.223999,270.85498,6.8468675e-05,6.1728,330.0
2017-07-26 03:00:00.000039936,41.152,20.372,270.85498,6.958979e-05,6.6872,325.0
2017-07-26 06:00:00.000039936,41.152,18.52,270.85498,7.07056e-05,7.2016,310.0
2017-07-26 09:00:00.000039936,40.1232,37.04,252.33499,7.159438e-05,7.716,305.0
2017-07-26 12:00:00.000039936,38.58,55.56,233.815,7.247968e-05,7.716,300.0
2017-07-26 15:00:00.000039936,38.58,38.892,246.77899,7.314133e-05,7.716,295.0
2017-07-26 18:00:00.000039936,38.58,22.223999,259.28,7.380098e-05,8.2304,285.0
2017-07-26 21:00:00.000039936,38.58,25.928,223.16602,7.423962e-05,8.744801,280.0
2017-07-27 00:00:00.000039936,38.58,27.78,185.2,7.4458614e-05,8.2304,280.0
2017-07-27 03:00:00.000039936,38.58,24.076,185.2,7.4895885e-05,7.2016,280.0
2017-07-27 06:00:00.000039936,38.58,18.52,185.2,7.511419e-05,8.2304,270.0
2017-07-27 09:00:00.000039936,38.58,18.52,206.49799,7.4895885e-05,8.744801,260.0
2017-07-27 12:00:00.000039936,38.58,18.52,226.87,7.4458614e-05,8.744801,260.0
2017-07-27 15:00:00.000039936,37.5512,18.52,226.87,7.402041e-05,7.716,255.0
2017-07-27 18:00:00.000039936,36.008,18.52,226.87,7.3581316e-05,8.2304,250.0
2017-07-27 21:00:00.000039936,36.008,18.52,226.87,7.2921e-05,8.2304,240.0
2017-07-28 00:00:00.000039936,36.008,18.52,226.87,7.2037474e-05,6.6872,235.0
2017-07-28 03:00:00.000039936,36.008,18.52,226.87,7.137252e-05,5.144,225.0
2017-07-28 06:00:00.000039936,36.008,18.52,226.87,7.07056e-05,5.144,225.0
2017-07-28 09:00:00.000039936,34.979202,18.52,212.98001,6.981338e-05,4.6296,225.0
2017-07-28 12:00:00.000039936,33.436,18.52,199.09,6.8917754e-05,4.1152,220.0
2017-07-28 15:00:00.000039936,33.436,18.52,166.217,6.8243826e-05,3.6008,215.0
2017-07-28 18:00:00.000039936,33.436,18.52,131.955,6.756802e-05,3.0864,210.0
2017-07-28 21:00:00.000039936,33.436,18.52,131.955,6.666408e-05,3.6008,215.0
2017-07-29 00:00:00.000039936,33.436,18.52,131.955,6.575688e-05,4.6296,210.0
2017-07-29 03:00:00.000039936,33.436,24.076,128.251,6.507438e-05,5.144,210.0
2017-07-29 06:00:00.000039936,33.436,27.78,122.69499,6.416161e-05,4.6296,205.0
2017-07-29 09:00:00.000039936,33.436,27.78,124.084,6.324571e-05,4.6296,200.0
2017-07-29 12:00:00.000039936,33.436,27.78,125.009995,6.2326726e-05,4.6296,195.0
2017-07-29 15:00:00.000039936,33.436,27.78,136.12201,6.14047e-05,4.1152,190.0
2017-07-29 18:00:00.000039936,33.436,27.78,145.845,6.0479695e-05,3.6008,185.0
2017-07-29 21:00:00.000039936,36.008,27.78,178.255,5.9784e-05,3.0864,185.0
2017-07-30 00:00:00.000039936,38.58,27.78,210.665,5.9086666e-05,3.0864,190.0
2017-07-30 03:00:00.000039936,42.6952,27.78,212.517,5.8154368e-05,3.0864,195.0
2017-07-30 06:00:00.000039936,46.296,27.78,212.98,5.7453286e-05,3.0864,195.0
2017-07-30 09:00:00.000039936,52.9832,25.928,200.942,5.698501e-05,2.572,200.0
2017-07-30 12:00:00.000039936,59.156002,22.223999,187.515,5.6750614e-05,2.0576,230.0
2017-07-30 15:00:00.000039936,64.3,22.223999,215.758,5.6516048e-05,2.572,260.0
2017-07-30 18:00:00.000039936,69.444,22.223999,243.07501,5.6516048e-05,2.572,265.0
2017-07-30 21:00:00.000039936,68.4152,22.223999,243.07501,5.6281307e-05,2.572,270.0
2017-07-31 00:00:00.000039936,66.872,22.223999,243.07501,5.6281307e-05,2.572,275.0
2017-07-31 03:00:00.000039936,66.872,22.223999,228.259,5.6516048e-05,2.572,280.0
2017-07-31 06:00:00.000039936,66.872,22.223999,212.98001,5.6750614e-05,2.572,280.0
2017-07-31 09:00:00.000039936,65.8432,22.223999,212.98001,5.6750614e-05,3.0864,285.0
2017-07-31 12:00:00.000039936,64.3,22.223999,212.98001,5.698501e-05,2.572,295.0
2017-07-31 15:00:00.000039936,61.728,22.223999,231.963,5.721923e-05,2.572,305.0
2017-07-31 18:00:00.000039936,59.156002,22.223999,250.01999,5.768715e-05,3.0864,305.0
2017-07-31 21:00:00.000039936,56.584,22.223999,250.483,5.7920843e-05,3.0864,300.0
2017-08-01 00:00:00.000039936,54.012,22.223999,250.01999,5.83877e-05,3.0864,305.0
2017-08-01 03:00:00.000039936,52.9832,22.223999,250.01999,5.8853857e-05,3.6008,310.0
2017-08-01 06:00:00.000039936,51.440002,22.223999,250.01999,5.9319285e-05,3.0864,315.0
2017-08-01 09:00:00.000039936,50.4112,31.484,240.76001,5.9784e-05,3.0864,315.0
2017-08-01 12:00:00.000039936,48.868,40.744,231.5,6.0479695e-05,3.0864,315.0
2017-08-01 15:00:00.000039936,47.8392,48.152,229.648,6.1173734e-05,3.6008,315.0
2017-08-01 18:00:00.000039936,46.296,55.56,226.87,6.1635496e-05,3.0864,320.0
2017-08-01 21:00:00.000039936,46.296,42.596,223.629,6.20965e-05,2.572,325.0
2017-08-02 00:00:00.000039936,46.296,27.78,219.92499,6.255676e-05,3.0864,320.0
2017-08-02 03:00:00.000039936,46.296,37.04,229.185,6.324571e-05,3.0864,320.0
2017-08-02 06:00:00.000039936,46.296,46.3,238.445,6.370404e-05,2.572,320.0
2017-08-02 09:00:00.000039936,46.296,48.152,238.445,6.393293e-05,2.0576,325.0
2017-08-02 12:00:00.000039936,46.296,50.004,238.445,6.43901e-05,2.572,335.0
2017-08-02 15:00:00.000039936,46.296,57.412,238.445,6.4846485e-05,3.0864,340.0
2017-08-02 18:00:00.000039936,46.296,64.82,238.445,6.552959e-05,3.6008,330.0
2017-08-02 21:00:00.000039936,46.296,64.82,238.445,6.621089e-05,4.1152,325.0
2017-08-03 00:00:00.000039936,46.296,64.82,238.445,6.711647e-05,4.6296,315.0
2017-08-03 03:00:00.000039936,45.2672,61.116,240.297,6.7793495e-05,4.6296,305.0
2017-08-03 06:00:00.000039936,43.724,55.56,240.76,6.8468675e-05,3.6008,300.0
2017-08-03 09:00:00.000039936,42.6952,55.56,238.44499,6.8917754e-05,3.0864,290.0
2017-08-03 12:00:00.000039936,41.152,55.56,236.13,6.914198e-05,4.1152,285.0
2017-08-03 15:00:00.000039936,41.152,55.56,236.13,6.936598e-05,4.6296,280.0
2017-08-03 18:00:00.000039936,41.152,55.56,236.13,6.936598e-05,4.1152,280.0
2017-08-03 21:00:00.000039936,41.152,55.56,236.13,6.936598e-05,4.1152,280.0
2017-08-04 00:00:00.000039936,41.152,55.56,236.13,6.958979e-05,3.0864,285.0
2017-08-04 03:00:00.000039936,41.152,51.856,248.168,6.981338e-05,2.0576,295.0
2017-08-04 06:00:00.000039936,41.152,46.3,259.28,7.003676e-05,2.0576,305.0
2017-08-04 09:00:00.000039936,41.152,44.447998,229.648,7.025991e-05,2.0576,310.0
2017-08-04 12:00:00.000039936,41.152,40.744,199.09001,7.07056e-05,2.0576,310.0
2017-08-04 15:00:00.000039936,41.152,46.3,199.09001,7.092813e-05,2.0576,315.0
2017-08-04 18:00:00.000039936,41.152,50.004,199.09001,7.137252e-05,1.5432,325.0
2017-08-04 21:00:00.000039936,41.152,48.152,211.12799,7.181604e-05,2.0576,335.0
2017-08-05 00:00:00.000039936,41.152,46.3,222.24,7.2037474e-05,2.0576,340.0
2017-08-05 03:00:00.000039936,41.152,46.3,208.81299,7.247968e-05,2.0576,340.0
2017-08-05 06:00:00.000039936,41.152,46.3,194.46,7.270045e-05,1.5432,335.0
2017-08-05 09:00:00.000039936,40.1232,42.596,194.46,7.270045e-05,0.5144,0.0
2017-08-05 12:00:00.000039936,38.58,37.04,194.46,7.2921e-05,1.0288,75.0
2017-08-05 15:00:00.000039936,38.58,37.04,198.164,7.314133e-05,2.0576,50.0
2017-08-05 17:00:00.000053248,38.58,37.04,200.479,7.336144e-05,3.0864,40.0
2017-08-05 18:00:00.000039936,38.58,37.04,201.405,7.3581316e-05,2.572,45.0
2017-08-05 21:00:00.000039936,38.58,37.04,201.405,7.402041e-05,3.0864,35.0
2017-08-06 00:00:00.000039936,38.58,37.04,201.405,7.4458614e-05,3.0864,40.0
2017-08-06 03:00:00.000039936,38.58,25.928,201.405,7.467736e-05,3.0864,55.0
2017-08-06 06:00:00.000039936,38.58,12.964,201.405,7.511419e-05,4.1152,50.0
2017-08-06 09:00:00.000039936,37.5512,22.223999,201.405,7.576771e-05,5.144,45.0
2017-08-06 12:00:00.000039936,36.008,31.484,201.405,7.663584e-05,5.144,40.0
2017-08-06 15:00:00.000039936,34.979202,27.78,201.405,7.750023e-05,4.6296,35.0
2017-08-06 18:00:00.000039936,33.436,22.223999,201.405,7.8360856e-05,5.144,45.0
2017-08-06 21:00:00.000039936,33.436,22.223999,201.405,7.921766e-05,5.6584,50.0
2017-08-07 00:00:00.000039936,33.436,22.223999,201.405,7.9857724e-05,6.1728,50.0
2017-08-07 03:00:00.000039936,33.436,22.223999,201.405,8.070772e-05,6.6872,50.0
2017-08-07 06:00:00.000039936,33.436,22.223999,201.405,8.155382e-05,7.2016,45.0
