Time,Vmax,Rmax_IBT,R34,fcor,u_trans,v_trans
2007-08-05 12:00:00.000039936,20.576,74.08,92.59999,5.012002e-05,6.1728,285.0
2007-08-05 15:00:00.000039936,22.1192,64.82,92.59999,5.035898e-05,5.144,280.0
2007-08-05 18:00:00.000039936,23.148,55.56,92.59999,5.083645e-05,6.1728,285.0
2007-08-05 21:00:00.000039936,23.148,55.56,87.044,5.131329e-05,7.716,285.0
2007-08-06 00:00:00.000039936,23.148,55.56,81.025,5.2027382e-05,7.716,290.0
2007-08-06 03:00:00.000039936,23.148,55.56,93.063,5.2977284e-05,7.2016,295.0
2007-08-06 06:00:00.000039936,23.148,55.56,104.175,5.3688025e-05,7.2016,290.0
2007-08-06 09:00:00.000039936,24.6912,55.56,121.769,5.392461e-05,7.716,285.0
2007-08-06 12:00:00.000039936,25.720001,55.56,138.9,5.392461e-05,7.716,275.0
2007-08-06 15:00:00.000039936,27.2632,61.116,138.9,5.392461e-05,7.716,270.0
2007-08-06 18:00:00.000039936,28.292,64.82,138.9,5.4161024e-05,8.744801,270.0
2007-08-06 21:00:00.000039936,30.864,64.82,160.198,5.4161024e-05,9.7736,275.0
2007-08-07 00:00:00.000039936,33.436,64.82,180.57,5.439729e-05,9.2592,280.0
2007-08-07 03:00:00.000039936,33.436,55.56,165.754,5.4633376e-05,8.2304,280.0
2007-08-07 06:00:00.000039936,33.436,46.3,150.475,5.4869302e-05,6.6872,270.0
2007-08-07 09:00:00.000039936,34.979202,51.856,150.012,5.4633376e-05,6.1728,260.0
2007-08-07 12:00:00.000039936,36.008,55.56,148.15999,5.439729e-05,6.6872,265.0
2007-08-07 15:00:00.000039936,34.979202,55.56,137.974,5.439729e-05,7.716,275.0
2007-08-07 18:00:00.000039936,33.436,55.56,127.325,5.4633376e-05,8.2304,275.0
2007-08-07 21:00:00.000039936,30.864,55.56,138.437,5.510506e-05,8.2304,275.0
2007-08-08 00:00:00.000039936,28.292,55.56,148.16,5.5340646e-05,7.2016,275.0
2007-08-08 03:00:00.000039936,28.292,46.3,141.678,5.5340646e-05,6.1728,270.0
2007-08-08 06:00:00.000039936,28.292,37.04,134.26999,5.510506e-05,6.1728,265.0
2007-08-08 09:00:00.000039936,25.720001,37.04,127.788,5.510506e-05,6.1728,265.0
2007-08-08 12:00:00.000039936,23.148,37.04,120.38,5.510506e-05,6.1728,265.0
2007-08-08 15:00:00.000039936,20.576,37.04,120.38,5.510506e-05,5.6584,265.0
2007-08-08 18:00:00.000039936,18.004,37.04,120.38,5.4869302e-05,5.6584,265.0
2007-08-08 21:00:00.000039936,18.004,37.04,120.38,5.4869302e-05,5.6584,260.0
