Time,Vmax,Rmax_IBT,R34,fcor,u_trans,v_trans
2015-05-10 12:00:00.000039936,23.148,74.08,127.325,1.9540814e-05,4.6296,360.0
2015-05-10 15:00:00.000039936,22.1192,74.08,113.897995,2.0801292e-05,4.6296,355.0
2015-05-10 18:00:00.000039936,20.576,74.08,99.545006,2.206018e-05,4.6296,350.0
2015-05-10 21:00:00.000039936,20.576,74.08,99.545006,2.306609e-05,3.6008,350.0
2015-05-11 00:00:00.000039936,20.576,74.08,99.545006,2.3819783e-05,3.6008,355.0
2015-05-11 03:00:00.000039936,20.576,74.08,99.545006,2.4572832e-05,3.0864,355.0
2015-05-11 06:00:00.000039936,20.576,74.08,99.545006,2.5074483e-05,2.572,325.0
2015-05-11 09:00:00.000039936,20.576,74.08,105.101,2.53252e-05,2.572,295.0
2015-05-11 12:00:00.000039936,20.576,74.08,108.805,2.5575835e-05,2.0576,285.0
2015-05-11 15:00:00.000039936,20.576,74.08,108.805,2.5575835e-05,1.5432,285.0
2015-05-11 18:00:00.000039936,20.576,74.08,108.805,2.5575835e-05,2.0576,275.0
2015-05-11 21:00:00.000039936,20.576,74.08,102.785995,2.5575835e-05,2.572,270.0
2015-05-12 00:00:00.000039936,20.576,74.08,94.91499,2.5575835e-05,2.572,270.0
2015-05-12 03:00:00.000039936,22.1192,74.08,94.91499,2.5575835e-05,2.572,265.0
2015-05-12 06:00:00.000039936,23.148,74.08,94.91499,2.53252e-05,2.572,260.0
2015-05-12 09:00:00.000039936,23.148,74.08,100.934,2.5074483e-05,2.572,255.0
2015-05-12 12:00:00.000039936,23.148,74.08,106.49,2.4823696e-05,2.572,260.0
2015-05-12 15:00:00.000039936,25.720001,74.08,108.805,2.4823696e-05,3.0864,270.0
2015-05-12 18:00:00.000039936,28.292,74.08,111.12,2.5074483e-05,3.0864,280.0
2015-05-12 21:00:00.000039936,30.864,51.856,125.473,2.53252e-05,3.6008,285.0
2015-05-13 00:00:00.000039936,33.436,27.78,138.9,2.5575835e-05,4.1152,285.0
2015-05-13 03:00:00.000039936,37.5512,27.78,147.23401,2.5826394e-05,4.6296,280.0
2015-05-13 06:00:00.000039936,41.152,27.78,155.10501,2.6076874e-05,5.6584,280.0
2015-05-13 09:00:00.000039936,42.6952,24.076,173.625,2.6327272e-05,5.6584,285.0
2015-05-13 12:00:00.000039936,43.724,18.52,192.145,2.6827835e-05,5.144,290.0
2015-05-13 15:00:00.000039936,45.2672,33.336,192.145,2.7328068e-05,4.1152,295.0
2015-05-13 18:00:00.000039936,46.296,46.3,192.145,2.7827968e-05,5.6584,295.0
2015-05-13 21:00:00.000039936,46.296,46.3,192.145,2.857718e-05,7.2016,295.0
2015-05-14 00:00:00.000039936,46.296,46.3,192.145,2.9325609e-05,6.6872,295.0
2015-05-14 03:00:00.000039936,45.2672,42.596,192.145,2.9824112e-05,6.1728,295.0
2015-05-14 06:00:00.000039936,43.724,37.04,192.145,3.0322259e-05,6.6872,290.0
2015-05-14 09:00:00.000039936,43.724,37.04,192.145,3.0820032e-05,7.716,290.0
2015-05-14 12:00:00.000039936,43.724,37.04,192.145,3.131743e-05,7.2016,285.0
2015-05-14 15:00:00.000039936,43.724,37.04,192.145,3.156599e-05,6.6872,285.0
2015-05-14 18:00:00.000039936,43.724,37.04,192.145,3.206281e-05,7.2016,285.0
2015-05-14 21:00:00.000039936,45.2672,33.336,186.58899,3.2559245e-05,7.716,290.0
2015-05-15 00:00:00.000039936,46.296,27.78,180.56999,3.330315e-05,7.2016,290.0
2015-05-15 03:00:00.000039936,47.8392,33.336,186.58899,3.3798577e-05,6.6872,285.0
2015-05-15 06:00:00.000039936,48.868,37.04,192.145,3.4293596e-05,5.6584,290.0
2015-05-15 09:00:00.000039936,50.4112,27.78,204.18301,3.47882e-05,5.6584,295.0
2015-05-15 12:00:00.000039936,51.440002,18.52,215.295,3.5529305e-05,6.1728,300.0
2015-05-15 15:00:00.000039936,54.012,25.928,201.86801,3.626943e-05,6.6872,300.0
2015-05-15 18:00:00.000039936,56.584,31.484,187.515,3.700857e-05,6.1728,300.0
2015-05-15 21:00:00.000039936,59.156002,31.484,218.073,3.7500762e-05,5.6584,295.0
2015-05-16 00:00:00.000039936,61.728,31.484,247.70502,3.8238195e-05,5.6584,300.0
2015-05-16 03:00:00.000039936,65.8432,31.484,214.832,3.897458e-05,5.6584,305.0
2015-05-16 06:00:00.000039936,69.444,31.484,180.56999,3.995476e-05,5.6584,310.0
2015-05-16 09:00:00.000039936,70.9872,29.632,189.367,4.0688625e-05,5.6584,310.0
2015-05-16 12:00:00.000039936,72.016,27.78,196.77501,4.142137e-05,5.6584,310.0
2015-05-16 15:00:00.000039936,70.9872,33.336,215.758,4.2152973e-05,5.6584,310.0
2015-05-16 18:00:00.000039936,69.444,37.04,233.815,4.3126656e-05,5.144,310.0
2015-05-16 21:00:00.000039936,68.4152,33.336,219.462,4.385554e-05,4.6296,315.0
2015-05-17 00:00:00.000039936,66.872,27.78,203.72,4.458322e-05,4.6296,325.0
2015-05-17 03:00:00.000039936,65.8432,29.632,201.86801,4.5551555e-05,4.6296,335.0
2015-05-17 06:00:00.000039936,64.3,31.484,199.09,4.651767e-05,4.1152,340.0
2015-05-17 09:00:00.000039936,63.271202,31.484,227.33301,4.7240763e-05,3.6008,350.0
2015-05-17 12:00:00.000039936,61.728,31.484,254.65,4.8202877e-05,3.6008,350.0
2015-05-17 15:00:00.000039936,60.6992,27.78,217.147,4.916265e-05,3.6008,350.0
2015-05-17 18:00:00.000039936,59.156002,22.223999,178.255,5.012002e-05,4.1152,355.0
2015-05-17 21:00:00.000039936,58.1272,25.928,205.10901,5.1074945e-05,4.1152,360.0
2015-05-18 00:00:00.000039936,56.584,27.78,231.5,5.178951e-05,3.6008,0.0
2015-05-18 03:00:00.000039936,54.012,27.78,252.79802,5.250265e-05,3.6008,5.0
2015-05-18 06:00:00.000039936,51.440002,27.78,273.17,5.345127e-05,3.6008,10.0
2015-05-18 09:00:00.000039936,48.868,27.78,250.946,5.439729e-05,4.1152,15.0
2015-05-18 12:00:00.000039936,46.296,27.78,226.87001,5.5340646e-05,4.1152,15.0
2015-05-18 15:00:00.000039936,43.724,33.336,218.99901,5.6750614e-05,4.6296,15.0
2015-05-18 18:00:00.000039936,41.152,37.04,210.66501,5.7920843e-05,4.1152,20.0
2015-05-18 21:00:00.000039936,38.58,37.04,205.10901,5.862087e-05,4.1152,25.0
2015-05-19 00:00:00.000039936,36.008,37.04,199.09,5.9319285e-05,4.6296,30.0
2015-05-19 03:00:00.000039936,34.979202,51.856,217.147,6.0247978e-05,5.144,35.0
2015-05-19 06:00:00.000039936,33.436,64.82,233.81499,6.1173734e-05,5.6584,45.0
2015-05-19 09:00:00.000039936,30.864,64.82,227.79599,6.2326726e-05,7.2016,45.0
2015-05-19 12:00:00.000039936,28.292,64.82,219.925,6.3474974e-05,8.2304,45.0
2015-05-19 15:00:00.000039936,27.2632,70.376,215.295,6.4846485e-05,8.2304,40.0
2015-05-19 18:00:00.000039936,25.720001,74.08,210.665,6.621089e-05,9.2592,45.0
2015-05-19 21:00:00.000039936,25.720001,74.08,213.443,6.7793495e-05,10.288,45.0
2015-05-20 00:00:00.000039936,25.720001,74.08,215.295,6.981338e-05,11.8312,45.0
2015-05-20 03:00:00.000039936,24.6912,83.34,233.815,7.181604e-05,13.3744,40.0
2015-05-20 06:00:00.000039936,23.148,92.6,252.33499,7.423962e-05,14.917601,40.0
2015-05-20 09:00:00.000039936,23.148,92.6,252.33499,7.70685e-05,16.9752,35.0
