Time,Vmax,Rmax_IBT,R34,fcor,u_trans,v_trans
2005-07-22 18:00:00.000039936,20.576,92.6,120.38,4.5551555e-05,4.1152,340.0
2005-07-22 21:00:00.000039936,22.1192,111.12,125.936,4.651767e-05,4.1152,345.0
2005-07-23 00:00:00.000039936,23.148,129.64,129.64,4.748151e-05,4.1152,340.0
2005-07-23 03:00:00.000039936,23.148,135.196,153.25299,4.844305e-05,4.1152,335.0
2005-07-23 06:00:00.000039936,23.148,138.9,175.93999,4.916265e-05,3.0864,345.0
2005-07-23 09:00:00.000039936,23.148,138.9,175.93999,5.012002e-05,2.572,355.0
2005-07-23 12:00:00.000039936,23.148,138.9,175.93999,5.1074945e-05,2.572,0.0
2005-07-23 15:00:00.000039936,25.720001,83.34,171.773,5.2027382e-05,3.6008,5.0
2005-07-23 18:00:00.000039936,28.292,27.78,166.68,5.2977284e-05,4.1152,10.0
2005-07-23 21:00:00.000039936,28.292,33.336,185.20001,5.4161024e-05,5.6584,10.0
2005-07-24 00:00:00.000039936,28.292,37.04,203.72,5.5576067e-05,7.2016,5.0
2005-07-24 03:00:00.000039936,29.835201,37.04,201.405,5.6750614e-05,7.716,0.0
2005-07-24 06:00:00.000039936,30.864,37.04,199.09001,5.8154368e-05,6.6872,0.0
2005-07-24 09:00:00.000039936,30.864,37.04,199.09001,5.9551734e-05,5.144,0.0
2005-07-24 12:00:00.000039936,30.864,37.04,199.09001,6.0711227e-05,5.6584,0.0
2005-07-24 15:00:00.000039936,30.864,37.04,190.29301,6.186609e-05,6.1728,355.0
2005-07-24 18:00:00.000039936,30.864,37.04,180.57,6.324571e-05,6.1728,350.0
2005-07-24 21:00:00.000039936,30.864,37.04,180.57,6.461839e-05,6.6872,345.0
2005-07-25 00:00:00.000039936,30.864,37.04,180.57,6.621089e-05,7.2016,350.0
2005-07-25 03:00:00.000039936,29.835201,37.04,180.57,6.7793495e-05,8.2304,355.0
2005-07-25 06:00:00.000039936,28.292,37.04,180.57,6.936598e-05,8.744801,355.0
2005-07-25 09:00:00.000039936,27.2632,37.04,175.94,7.115043e-05,8.2304,355.0
2005-07-25 12:00:00.000039936,25.720001,37.04,171.30998,7.2921e-05,6.6872,360.0
2005-07-25 15:00:00.000039936,24.6912,46.3,176.403,7.423962e-05,5.144,10.0
2005-07-25 18:00:00.000039936,23.148,55.56,180.56999,7.5550095e-05,5.6584,15.0
2005-07-25 21:00:00.000039936,22.1192,55.56,197.23799,7.663584e-05,6.6872,25.0
2005-07-26 00:00:00.000039936,20.576,55.56,212.97998,7.793102e-05,7.2016,35.0
2005-07-26 03:00:00.000039936,19.5472,64.82,212.97998,7.921766e-05,8.2304,45.0
2005-07-26 06:00:00.000039936,18.004,74.08,212.97998,8.049559e-05,10.288,40.0
2005-07-26 09:00:00.000039936,18.004,79.636,212.97998,8.2185776e-05,11.8312,35.0
2005-07-26 11:00:00.000053248,18.004,81.488,212.97998,8.3234e-05,12.860001,35.0
2005-07-26 12:00:00.000039936,18.004,83.34,212.97998,8.3859915e-05,11.3168,40.0
2005-07-26 15:00:00.000039936,18.004,83.34,212.97998,8.5311396e-05,11.3168,45.0
2005-07-26 18:00:00.000039936,18.004,83.34,212.97998,8.7158856e-05,13.3744,45.0
2005-07-26 21:00:00.000039936,18.004,83.34,212.97998,8.938759e-05,14.917601,45.0
