Time,Vmax,Rmax_IBT,R34,fcor,u_trans,v_trans
2010-08-29 12:00:00.000039936,20.576,46.3,41.67,5.083645e-05,1.5432,30.0
2010-08-29 15:00:00.000039936,20.576,46.3,62.968002,5.131329e-05,1.0288,25.0
2010-08-29 18:00:00.000039936,20.576,46.3,83.34,5.155148e-05,1.0288,30.0
2010-08-29 21:00:00.000039936,22.1192,46.3,83.34,5.178951e-05,1.0288,50.0
2010-08-30 00:00:00.000039936,23.148,46.3,83.34,5.178951e-05,1.0288,65.0
2010-08-30 03:00:00.000039936,24.6912,46.3,83.34,5.178951e-05,1.0288,85.0
2010-08-30 06:00:00.000039936,25.720001,46.3,83.34,5.178951e-05,1.0288,100.0
2010-08-30 09:00:00.000039936,27.2632,37.04,92.59999,5.178951e-05,1.5432,115.0
2010-08-30 12:00:00.000039936,28.292,27.78,101.86,5.155148e-05,1.0288,120.0
2010-08-30 15:00:00.000039936,28.292,27.78,104.638,5.131329e-05,1.0288,120.0
2010-08-30 18:00:00.000039936,28.292,27.78,106.49,5.083645e-05,1.5432,120.0
2010-08-30 21:00:00.000039936,29.835201,33.336,110.657,5.059779e-05,1.5432,115.0
2010-08-31 00:00:00.000039936,30.864,37.04,113.435,5.035898e-05,2.0576,105.0
2010-08-31 03:00:00.000039936,29.835201,42.596,117.13899,5.035898e-05,2.572,95.0
2010-08-31 06:00:00.000039936,28.292,46.3,120.38,5.083645e-05,3.6008,80.0
2010-08-31 09:00:00.000039936,27.2632,42.596,119.453995,5.131329e-05,4.6296,65.0
2010-08-31 12:00:00.000039936,25.720001,37.04,118.065,5.2027382e-05,4.1152,50.0
2010-08-31 15:00:00.000039936,25.720001,37.04,118.528,5.2740055e-05,4.1152,25.0
2010-08-31 18:00:00.000039936,25.720001,37.04,118.065,5.3688025e-05,4.6296,15.0
2010-08-31 21:00:00.000039936,25.720001,42.596,128.714,5.4633376e-05,4.1152,5.0
2010-09-01 00:00:00.000039936,25.720001,46.3,138.9,5.5576067e-05,3.6008,350.0
2010-09-01 03:00:00.000039936,27.2632,46.3,136.585,5.6281307e-05,3.0864,330.0
2010-09-01 06:00:00.000039936,28.292,46.3,134.26999,5.6750614e-05,2.572,325.0
2010-09-01 09:00:00.000039936,28.292,46.3,128.714,5.721923e-05,2.0576,320.0
2010-09-01 12:00:00.000039936,28.292,46.3,122.69499,5.7453286e-05,2.572,310.0
2010-09-01 15:00:00.000039936,27.2632,46.3,119.917,5.768715e-05,3.0864,305.0
2010-09-01 18:00:00.000039936,25.720001,46.3,115.75,5.8154368e-05,4.1152,300.0
2010-09-01 21:00:00.000039936,24.6912,46.3,109.268005,5.862087e-05,4.6296,295.0
