Time,Vmax,Rmax_IBT,R34,fcor,u_trans,v_trans
2016-08-04 18:00:00.000039936,18.004,166.68,333.36,4.868306e-05,3.6008,335.0
2016-08-04 21:00:00.000039936,19.5472,166.68,342.62,4.9641636e-05,3.6008,345.0
2016-08-05 00:00:00.000039936,20.576,166.68,351.88,5.059779e-05,4.1152,355.0
2016-08-05 03:00:00.000039936,22.1192,166.68,375.03003,5.131329e-05,4.6296,5.0
2016-08-05 06:00:00.000039936,23.148,166.68,398.18,5.22651e-05,5.144,5.0
2016-08-05 09:00:00.000039936,24.6912,166.68,416.7,5.345127e-05,5.144,5.0
2016-08-05 12:00:00.000039936,25.720001,166.68,435.22,5.4869302e-05,4.6296,5.0
2016-08-05 15:00:00.000039936,27.2632,172.236,442.165,5.6046403e-05,4.1152,5.0
2016-08-05 18:00:00.000039936,28.292,175.94,449.11,5.721923e-05,5.144,5.0
2016-08-05 21:00:00.000039936,29.835201,162.976,458.37,5.83877e-05,5.6584,5.0
2016-08-06 00:00:00.000039936,30.864,148.16,467.63,5.9784e-05,5.144,0.0
2016-08-06 03:00:00.000039936,32.4072,148.16,474.575,6.0942573e-05,4.6296,355.0
2016-08-06 06:00:00.000039936,33.436,148.16,481.52,6.2326726e-05,5.144,360.0
2016-08-06 09:00:00.000039936,33.436,148.16,490.78,6.370404e-05,5.6584,0.0
2016-08-06 12:00:00.000039936,33.436,148.16,500.03998,6.507438e-05,6.1728,355.0
2016-08-06 15:00:00.000039936,32.4072,138.9,506.985,6.643758e-05,6.1728,350.0
2016-08-06 18:00:00.000039936,30.864,129.64,513.93,6.7793495e-05,6.6872,345.0
2016-08-06 21:00:00.000039936,29.835201,138.9,506.985,6.914198e-05,6.6872,345.0
2016-08-07 00:00:00.000039936,28.292,148.16,500.04,7.025991e-05,6.6872,340.0
2016-08-07 03:00:00.000039936,28.292,148.16,500.04,7.159438e-05,6.1728,340.0
2016-08-07 06:00:00.000039936,28.292,148.16,500.04,7.270045e-05,6.1728,340.0
2016-08-07 09:00:00.000039936,27.2632,157.42,453.74,7.380098e-05,6.1728,335.0
2016-08-07 12:00:00.000039936,25.720001,166.68,407.44,7.4895885e-05,6.6872,330.0
2016-08-07 15:00:00.000039936,25.720001,166.68,407.44,7.641916e-05,7.2016,330.0
2016-08-07 18:00:00.000039936,25.720001,166.68,407.44,7.793102e-05,7.2016,330.0
2016-08-07 21:00:00.000039936,25.720001,166.68,409.755,7.943125e-05,6.6872,335.0
2016-08-08 00:00:00.000039936,25.720001,166.68,412.07,8.0919635e-05,6.1728,340.0
2016-08-08 03:00:00.000039936,24.6912,166.68,407.44,8.197536e-05,5.6584,350.0
2016-08-08 06:00:00.000039936,23.148,166.68,402.81,8.2815466e-05,5.6584,355.0
2016-08-08 09:00:00.000039936,23.148,166.68,398.18,8.3859915e-05,6.1728,5.0
2016-08-08 12:00:00.000039936,23.148,166.68,393.55,8.510482e-05,6.1728,10.0
2016-08-08 15:00:00.000039936,23.148,166.68,388.91998,8.6545406e-05,6.6872,10.0
2016-08-08 18:00:00.000039936,23.148,166.68,384.28998,8.8175955e-05,7.2016,15.0
2016-08-08 21:00:00.000039936,23.148,166.68,379.65997,8.958859e-05,7.716,25.0
2016-08-09 00:00:00.000039936,23.148,166.68,375.03003,9.1186645e-05,9.7736,30.0
2016-08-09 03:00:00.000039936,23.148,166.68,386.60498,9.257037e-05,11.3168,30.0
2016-08-09 06:00:00.000039936,23.148,166.68,398.18,9.413484e-05,11.8312,30.0
2016-08-09 09:00:00.000039936,22.1192,222.24,393.55,9.625596e-05,11.3168,30.0
