Time,Vmax,Rmax_IBT,R34,fcor,u_trans,v_trans
2011-07-12 12:00:00.000039936,18.004,74.08,46.3,4.7240763e-05,4.1152,280.0
2011-07-12 15:00:00.000039936,20.576,74.08,84.266,4.748151e-05,3.6008,280.0
2011-07-12 18:00:00.000039936,23.148,74.08,120.380005,4.796257e-05,3.6008,285.0
2011-07-12 21:00:00.000039936,25.720001,70.376,129.64,4.844305e-05,4.1152,285.0
2011-07-13 00:00:00.000039936,28.292,64.82,138.9,4.868306e-05,5.144,280.0
2011-07-13 03:00:00.000039936,29.835201,51.856,150.93799,4.892293e-05,6.1728,275.0
2011-07-13 06:00:00.000039936,30.864,37.04,162.04999,4.916265e-05,6.6872,275.0
2011-07-13 09:00:00.000039936,32.4072,37.04,174.08798,4.9402213e-05,6.6872,275.0
2011-07-13 12:00:00.000039936,33.436,37.04,185.20001,4.9402213e-05,7.2016,275.0
2011-07-13 15:00:00.000039936,37.5512,37.04,191.682,4.9402213e-05,7.2016,275.0
2011-07-13 18:00:00.000039936,41.152,37.04,196.775,4.9641636e-05,6.1728,275.0
2011-07-13 21:00:00.000039936,43.724,33.336,202.331,4.9641636e-05,5.144,275.0
2011-07-14 00:00:00.000039936,46.296,27.78,206.035,4.9880902e-05,5.6584,275.0
2011-07-14 03:00:00.000039936,46.296,27.78,233.352,4.9880902e-05,6.1728,275.0
2011-07-14 06:00:00.000039936,46.296,27.78,259.28,5.012002e-05,6.1728,275.0
2011-07-14 09:00:00.000039936,47.8392,27.78,259.28,5.012002e-05,5.6584,275.0
2011-07-14 12:00:00.000039936,48.868,27.78,259.28,5.035898e-05,5.6584,275.0
2011-07-14 15:00:00.000039936,50.4112,27.78,259.28,5.035898e-05,6.1728,275.0
2011-07-14 18:00:00.000039936,51.440002,27.78,259.28,5.059779e-05,6.1728,275.0
2011-07-14 21:00:00.000039936,54.012,27.78,263.91,5.059779e-05,5.6584,275.0
2011-07-15 00:00:00.000039936,56.584,27.78,268.53998,5.083645e-05,5.6584,280.0
2011-07-15 03:00:00.000039936,56.584,27.78,283.356,5.131329e-05,5.144,285.0
2011-07-15 06:00:00.000039936,56.584,27.78,296.32,5.155148e-05,4.6296,275.0
2011-07-15 09:00:00.000039936,55.5552,27.78,300.95,5.155148e-05,4.6296,270.0
2011-07-15 12:00:00.000039936,54.012,27.78,305.58,5.131329e-05,4.6296,270.0
2011-07-15 15:00:00.000039936,54.012,27.78,305.58,5.155148e-05,4.6296,280.0
2011-07-15 18:00:00.000039936,54.012,27.78,305.58,5.178951e-05,4.1152,290.0
2011-07-15 21:00:00.000039936,54.012,27.78,305.58,5.2027382e-05,4.1152,295.0
2011-07-16 00:00:00.000039936,54.012,27.78,305.58,5.250265e-05,4.1152,285.0
2011-07-16 03:00:00.000039936,56.584,27.78,317.61798,5.2740055e-05,4.1152,280.0
2011-07-16 06:00:00.000039936,59.156002,27.78,328.72998,5.2977284e-05,4.6296,295.0
2011-07-16 09:00:00.000039936,59.156002,27.78,328.72998,5.3688025e-05,5.144,315.0
2011-07-16 12:00:00.000039936,59.156002,27.78,328.72998,5.439729e-05,5.6584,320.0
2011-07-16 15:00:00.000039936,58.1272,27.78,336.138,5.5340646e-05,5.6584,320.0
2011-07-16 18:00:00.000039936,56.584,27.78,342.62,5.6281307e-05,5.144,320.0
2011-07-16 21:00:00.000039936,56.584,33.336,342.62,5.721923e-05,5.144,315.0
2011-07-17 00:00:00.000039936,56.584,37.04,342.62,5.8154368e-05,6.6872,320.0
2011-07-17 03:00:00.000039936,55.5552,37.04,347.25,5.9319285e-05,7.2016,320.0
2011-07-17 06:00:00.000039936,54.012,37.04,351.88,6.0247978e-05,6.1728,310.0
2011-07-17 09:00:00.000039936,52.9832,37.04,351.88,6.1173734e-05,4.6296,315.0
2011-07-17 12:00:00.000039936,51.440002,37.04,351.88,6.20965e-05,4.6296,325.0
2011-07-17 15:00:00.000039936,48.868,37.04,393.55,6.3016254e-05,4.1152,335.0
2011-07-17 18:00:00.000039936,46.296,37.04,435.22,6.393293e-05,4.6296,345.0
2011-07-17 21:00:00.000039936,46.296,37.04,402.81003,6.507438e-05,5.6584,355.0
2011-07-18 00:00:00.000039936,46.296,37.04,370.4,6.643758e-05,6.6872,355.0
2011-07-18 03:00:00.000039936,45.2672,37.04,370.4,6.7793495e-05,7.2016,355.0
2011-07-18 06:00:00.000039936,43.724,37.04,370.4,6.936598e-05,7.2016,355.0
2011-07-18 09:00:00.000039936,41.152,42.596,351.88,7.092813e-05,6.6872,350.0
2011-07-18 12:00:00.000039936,38.58,46.3,333.36,7.2258685e-05,6.1728,350.0
2011-07-18 15:00:00.000039936,38.58,46.3,337.99,7.3581316e-05,5.6584,355.0
2011-07-18 18:00:00.000039936,38.58,46.3,342.62,7.4895885e-05,5.6584,360.0
2011-07-18 21:00:00.000039936,37.5512,46.3,350.02798,7.5985095e-05,5.144,0.0
2011-07-19 00:00:00.000039936,36.008,46.3,356.50998,7.70685e-05,4.6296,5.0
2011-07-19 03:00:00.000039936,36.008,46.3,317.618,7.793102e-05,4.6296,15.0
2011-07-19 06:00:00.000039936,36.008,46.3,277.8,7.878973e-05,5.144,40.0
2011-07-19 09:00:00.000039936,36.008,46.3,246.779,7.943125e-05,5.6584,55.0
