Time,Vmax,Rmax_IBT,R34,fcor,u_trans,v_trans
2019-07-31 06:00:00.000039936,18.004,138.9,171.31,4.7722115e-05,3.6008,305.0
2019-07-31 09:00:00.000039936,18.004,138.9,196.775,4.796257e-05,4.1152,300.0
2019-07-31 12:00:00.000039936,18.004,138.9,222.23999,4.8202877e-05,5.144,295.0
2019-07-31 15:00:00.000039936,19.5472,125.936,219.92499,4.868306e-05,5.144,295.0
2019-07-31 18:00:00.000039936,20.576,111.12,217.61,4.916265e-05,3.6008,290.0
2019-07-31 21:00:00.000039936,20.576,111.12,178.25499,4.9641636e-05,2.572,285.0
2019-07-31 22:00:00.000066560,20.576,111.12,165.29102,4.9641636e-05,2.0576,285.0
2019-07-31 23:00:00.000053248,20.576,111.12,151.864,4.9880902e-05,1.5432,320.0
2019-08-01 00:00:00.000039936,20.576,111.12,138.9,5.012002e-05,2.0576,355.0
2019-08-01 01:00:00.000066560,21.0904,103.712,137.048,5.035898e-05,3.0864,355.0
2019-08-01 02:00:00.000053248,21.604801,96.304,136.122,5.059779e-05,4.1152,0.0
2019-08-01 03:00:00.000039936,22.1192,88.895996,134.27,5.083645e-05,4.1152,0.0
2019-08-01 04:00:00.000066560,22.1192,79.636,132.418,5.1074945e-05,4.1152,355.0
2019-08-01 05:00:00.000053248,22.6336,72.228,131.492,5.155148e-05,4.1152,350.0
2019-08-01 06:00:00.000039936,23.148,64.82,129.64,5.178951e-05,4.6296,340.0
2019-08-01 07:00:00.000066560,23.148,64.82,129.64,5.2027382e-05,4.6296,330.0
2019-08-01 08:00:00.000053248,23.148,64.82,129.64,5.250265e-05,4.1152,320.0
2019-08-01 09:00:00.000039936,23.148,64.82,129.64,5.2740055e-05,4.1152,300.0
