Time,Vmax,Rmax_IBT,R34,fcor,u_trans,v_trans
2017-07-23 00:00:00.000039936,18.004,64.82,83.340004,4.409823e-05,0.5144,235.0
2017-07-23 03:00:00.000039936,18.004,64.82,72.228,4.409823e-05,0.5144,210.0
2017-07-23 06:00:00.000039936,18.004,64.82,60.190002,4.385554e-05,0.5144,190.0
2017-07-23 09:00:00.000039936,18.004,64.82,60.190002,4.3612705e-05,0.5144,190.0
2017-07-23 12:00:00.000039936,18.004,64.82,60.190002,4.3369746e-05,1.0288,185.0
2017-07-23 15:00:00.000039936,18.004,64.82,60.190002,4.3126656e-05,1.0288,185.0
2017-07-23 18:00:00.000039936,18.004,64.82,60.190002,4.3126656e-05,1.0288,220.0
2017-07-23 21:00:00.000039936,18.004,64.82,69.45,4.288343e-05,1.5432,245.0
2017-07-24 00:00:00.000039936,18.004,64.82,78.71,4.2640077e-05,1.5432,255.0
2017-07-24 03:00:00.000039936,19.5472,51.856,78.71,4.239659e-05,1.5432,255.0
2017-07-24 06:00:00.000039936,20.576,37.04,78.71,4.239659e-05,2.0576,255.0
2017-07-24 09:00:00.000039936,22.1192,37.04,78.71,4.239659e-05,2.572,260.0
2017-07-24 12:00:00.000039936,23.148,37.04,78.71,4.239659e-05,3.0864,270.0
2017-07-24 15:00:00.000039936,23.148,37.04,81.024994,4.239659e-05,3.6008,275.0
2017-07-24 18:00:00.000039936,23.148,37.04,83.34,4.2640077e-05,4.1152,275.0
2017-07-24 21:00:00.000039936,23.148,37.04,93.989,4.2640077e-05,4.6296,275.0
2017-07-25 00:00:00.000039936,23.148,37.04,104.175,4.2640077e-05,5.6584,275.0
2017-07-25 03:00:00.000039936,23.148,37.04,94.451996,4.2640077e-05,6.1728,270.0
