Time,Vmax,Rmax_IBT,R34,fcor,u_trans,v_trans
2010-08-29 00:00:00.000039936,20.576,83.34,106.490005,5.1074945e-05,7.2016,310.0
2010-08-29 03:00:00.000039936,22.1192,83.34,106.490005,5.2027382e-05,6.1728,305.0
2010-08-29 06:00:00.000039936,23.148,83.34,106.490005,5.2977284e-05,5.6584,300.0
2010-08-29 09:00:00.000039936,23.148,83.34,110.657005,5.345127e-05,5.144,295.0
2010-08-29 12:00:00.000039936,23.148,83.34,113.435,5.392461e-05,5.6584,300.0
2010-08-29 15:00:00.000039936,25.720001,61.116,102.323,5.439729e-05,5.6584,300.0
2010-08-29 18:00:00.000039936,28.292,37.04,90.284996,5.510506e-05,5.6584,305.0
2010-08-29 21:00:00.000039936,29.835201,37.04,90.284996,5.581132e-05,5.144,305.0
2010-08-30 00:00:00.000039936,30.864,37.04,90.284996,5.6516048e-05,4.6296,310.0
2010-08-30 03:00:00.000039936,33.436,37.04,96.767,5.721923e-05,4.1152,315.0
2010-08-30 06:00:00.000039936,36.008,37.04,101.86,5.768715e-05,3.6008,310.0
2010-08-30 09:00:00.000039936,38.58,37.04,111.119995,5.8154368e-05,3.6008,310.0
2010-08-30 12:00:00.000039936,41.152,37.04,120.380005,5.8853857e-05,4.6296,310.0
2010-08-30 15:00:00.000039936,43.724,37.04,126.862,5.9551734e-05,5.6584,310.0
2010-08-30 18:00:00.000039936,46.296,37.04,131.955,6.0247978e-05,5.6584,310.0
2010-08-30 21:00:00.000039936,47.8392,37.04,166.21701,6.1173734e-05,5.144,310.0
2010-08-31 00:00:00.000039936,48.868,37.04,199.09,6.20965e-05,5.6584,315.0
2010-08-31 03:00:00.000039936,48.868,37.04,161.587,6.324571e-05,7.2016,320.0
2010-08-31 06:00:00.000039936,48.868,37.04,122.695,6.43901e-05,7.2016,325.0
2010-08-31 08:00:00.000053248,49.8968,33.336,127.325005,6.507438e-05,7.2016,320.0
2010-08-31 09:00:00.000039936,50.4112,33.336,130.103,6.552959e-05,8.2304,320.0
2010-08-31 12:00:00.000039936,51.440002,27.78,136.58499,6.689037e-05,8.2304,320.0
2010-08-31 15:00:00.000039936,51.440002,27.78,142.604,6.8468675e-05,8.744801,320.0
2010-08-31 18:00:00.000039936,51.440002,27.78,148.16,7.003676e-05,9.2592,325.0
2010-08-31 21:00:00.000039936,52.9832,37.04,147.234,7.181604e-05,9.7736,330.0
2010-09-01 00:00:00.000039936,54.012,46.3,145.845,7.380098e-05,10.288,340.0
2010-09-01 03:00:00.000039936,52.9832,46.3,145.845,7.576771e-05,10.288,350.0
2010-09-01 06:00:00.000039936,51.440002,46.3,145.845,7.793102e-05,10.288,355.0
2010-09-01 09:00:00.000039936,50.4112,42.596,132.418,7.9857724e-05,10.288,0.0
2010-09-01 12:00:00.000039936,48.868,37.04,118.064995,8.197536e-05,10.802401,5.0
2010-09-01 15:00:00.000039936,45.2672,37.04,118.064995,8.4068044e-05,11.3168,15.0
2010-09-01 18:00:00.000039936,41.152,37.04,118.064995,8.592957e-05,11.3168,25.0
2010-09-01 21:00:00.000039936,37.5512,37.04,118.064995,8.776991e-05,11.3168,40.0
