Time,Vmax,Rmax_IBT,R34,fcor,u_trans,v_trans
2008-07-15 18:00:00.000039936,20.576,55.56,90.284996,4.6034886e-05,2.0576,25.0
2008-07-15 21:00:00.000039936,23.148,55.56,78.247,4.651767e-05,2.572,25.0
2008-07-16 00:00:00.000039936,25.720001,55.56,64.82,4.6999867e-05,2.572,15.0
2008-07-16 03:00:00.000039936,27.2632,46.3,70.376,4.7722115e-05,3.0864,355.0
2008-07-16 06:00:00.000039936,28.292,37.04,74.08,4.844305e-05,4.1152,350.0
2008-07-16 09:00:00.000039936,28.292,37.04,74.08,4.9641636e-05,5.6584,345.0
2008-07-16 12:00:00.000039936,28.292,37.04,74.08,5.083645e-05,5.144,345.0
2008-07-16 15:00:00.000039936,29.835201,37.04,83.80299,5.178951e-05,5.144,345.0
2008-07-16 18:00:00.000039936,30.864,37.04,92.6,5.2977284e-05,5.6584,345.0
2008-07-16 21:00:00.000039936,36.008,37.04,113.897995,5.439729e-05,6.1728,345.0
2008-07-17 00:00:00.000039936,41.152,37.04,134.27,5.581132e-05,5.144,340.0
2008-07-17 03:00:00.000039936,43.724,33.336,142.604,5.6750614e-05,4.1152,335.0
2008-07-17 06:00:00.000039936,46.296,27.78,150.475,5.768715e-05,4.6296,335.0
2008-07-17 09:00:00.000039936,46.296,27.78,150.475,5.862087e-05,5.144,330.0
2008-07-17 12:00:00.000039936,46.296,27.78,150.475,5.9551734e-05,5.144,325.0
