Time,Vmax,Rmax_IBT,R34,fcor,u_trans,v_trans
2012-07-16 18:00:00.000039936,20.576,74.08,83.34,6.3016254e-05,8.744801,290.0
2012-07-16 21:00:00.000039936,22.1192,70.376,87.97,6.393293e-05,8.744801,290.0
2012-07-17 00:00:00.000039936,23.148,64.82,92.59999,6.461839e-05,8.2304,290.0
2012-07-17 03:00:00.000039936,23.148,61.116,98.156006,6.507438e-05,7.2016,295.0
2012-07-17 06:00:00.000039936,23.148,55.56,101.86,6.575688e-05,7.2016,305.0
2012-07-17 09:00:00.000039936,24.6912,55.56,101.86,6.666408e-05,7.716,310.0
2012-07-17 12:00:00.000039936,25.720001,55.56,101.86,6.7793495e-05,7.2016,315.0
2012-07-17 15:00:00.000039936,27.2632,55.56,101.86,6.8917754e-05,6.1728,320.0
2012-07-17 18:00:00.000039936,28.292,55.56,101.86,7.025991e-05,6.1728,325.0
2012-07-17 21:00:00.000039936,28.292,55.56,101.86,7.137252e-05,7.2016,335.0
2012-07-18 00:00:00.000039936,28.292,55.56,101.86,7.270045e-05,9.2592,340.0
2012-07-18 03:00:00.000039936,28.292,55.56,101.86,7.4895885e-05,10.802401,345.0
2012-07-18 06:00:00.000039936,28.292,55.56,101.86,7.728449e-05,10.288,355.0
2012-07-18 09:00:00.000039936,27.2632,55.56,101.86,7.921766e-05,9.2592,5.0
2012-07-18 12:00:00.000039936,25.720001,55.56,101.86,8.0919635e-05,9.7736,5.0
