Time,Vmax,Rmax_IBT,R34,fcor,u_trans,v_trans
2002-06-29 06:00:00.000040448,23.148,92.6,106.49,1.3724946e-05,1.0288,45.0
2002-06-29 09:00:00.000040448,23.148,92.6,106.49,1.3978337e-05,0.5144,45.0
2002-06-29 12:00:00.000040448,23.148,92.6,106.49,1.3978337e-05,0.5144,35.0
2002-06-29 15:00:00.000040448,23.148,92.6,106.49,1.3978337e-05,0.5144,40.0
2002-06-29 18:00:00.000040448,23.148,92.6,106.49,1.3978337e-05,0.5144,35.0
2002-06-29 21:00:00.000040448,24.6912,92.6,112.046,1.3978337e-05,1.0288,40.0
2002-06-30 00:00:00.000040448,25.720001,92.6,115.75,1.3978337e-05,1.0288,40.0
2002-06-30 03:00:00.000040448,25.720001,74.08,115.75,1.3978337e-05,0.5144,0.0
2002-06-30 06:00:00.000040448,25.720001,55.56,115.75,1.4231685e-05,1.0288,315.0
2002-06-30 09:00:00.000040448,25.720001,55.56,108.80501,1.4484991e-05,2.0576,305.0
2002-06-30 12:00:00.000040448,25.720001,55.56,101.86,1.4738254e-05,2.572,310.0
2002-06-30 15:00:00.000040448,25.720001,55.56,101.86,1.4991469e-05,2.572,315.0
2002-06-30 18:00:00.000040448,25.720001,55.56,101.86,1.524464e-05,2.0576,320.0
2002-06-30 21:00:00.000040448,25.720001,55.56,101.86,1.5497764e-05,2.0576,320.0
2002-07-01 00:00:00.000040448,25.720001,55.56,101.86,1.600387e-05,1.5432,320.0
2002-07-01 03:00:00.000040448,25.720001,55.56,101.86,1.6509784e-05,2.0576,315.0
2002-07-01 06:00:00.000040448,25.720001,55.56,101.86,1.7015493e-05,1.5432,305.0
2002-07-01 09:00:00.000040448,25.720001,55.56,120.37999,1.7520999e-05,1.5432,295.0
2002-07-01 12:00:00.000040448,25.720001,55.56,138.9,1.777367e-05,1.5432,295.0
2002-07-01 15:00:00.000040448,25.720001,55.56,138.9,1.8026287e-05,2.0576,290.0
2002-07-01 18:00:00.000040448,25.720001,55.56,138.9,1.8278848e-05,3.0864,285.0
2002-07-01 21:00:00.000040448,25.720001,51.856,162.05,1.8531358e-05,3.6008,285.0
2002-07-02 00:00:00.000040448,25.720001,46.3,185.19998,1.8783807e-05,3.6008,275.0
2002-07-02 03:00:00.000040448,24.6912,46.3,185.19998,1.9036203e-05,3.6008,270.0
2002-07-02 06:00:00.000040448,23.148,46.3,185.19998,1.9036203e-05,4.1152,265.0
2002-07-02 09:00:00.000040448,24.6912,46.3,185.19998,1.9036203e-05,4.6296,270.0
2002-07-02 12:00:00.000040448,25.720001,46.3,185.19998,1.9036203e-05,4.1152,275.0
2002-07-02 15:00:00.000040448,24.6912,46.3,185.19998,1.9036203e-05,3.6008,285.0
2002-07-02 18:00:00.000040448,23.148,46.3,185.19998,1.9288536e-05,3.0864,300.0
2002-07-02 21:00:00.000040448,24.6912,46.3,203.72,1.9540814e-05,3.6008,315.0
2002-07-03 00:00:00.000040448,25.720001,46.3,222.24,2.0045187e-05,4.1152,315.0
2002-07-03 03:00:00.000040448,27.2632,46.3,222.24,2.0549318e-05,4.1152,310.0
2002-07-03 06:00:00.000040448,28.292,46.3,222.24,2.130504e-05,4.6296,315.0
2002-07-03 09:00:00.000040448,28.292,46.3,222.24,2.206018e-05,4.6296,320.0
2002-07-03 12:00:00.000040448,28.292,46.3,222.24,2.306609e-05,4.6296,325.0
2002-07-03 15:00:00.000040448,30.864,46.3,222.24,2.4070872e-05,4.1152,330.0
2002-07-03 18:00:00.000040448,33.436,46.3,222.24,2.5074483e-05,4.1152,335.0
2002-07-03 21:00:00.000040448,36.008,46.3,222.24,2.6076874e-05,4.6296,335.0
2002-07-04 00:00:00.000040448,38.58,46.3,222.24,2.7328068e-05,5.6584,330.0
2002-07-04 03:00:00.000040448,38.58,42.596,208.35,2.9076216e-05,6.6872,325.0
2002-07-04 06:00:00.000040448,38.58,37.04,194.45999,3.0571195e-05,7.2016,310.0
2002-07-04 09:00:00.000040448,42.6952,33.336,199.55301,3.156599e-05,7.716,300.0
2002-07-04 12:00:00.000040448,46.296,27.78,203.71999,3.231108e-05,7.2016,300.0
2002-07-04 15:00:00.000040448,46.296,27.78,203.71999,3.305528e-05,6.1728,300.0
2002-07-04 18:00:00.000040448,46.296,27.78,203.71999,3.3550914e-05,6.1728,305.0
2002-07-04 21:00:00.000040448,47.8392,27.78,206.035,3.4293596e-05,6.1728,305.0
2002-07-05 00:00:00.000040448,48.868,27.78,208.35,3.47882e-05,5.6584,300.0
2002-07-05 03:00:00.000040448,50.4112,37.04,211.128,3.5282377e-05,4.6296,295.0
2002-07-05 06:00:00.000040448,51.440002,46.3,212.98001,3.577612e-05,5.144,295.0
2002-07-05 09:00:00.000040448,52.9832,46.3,231.5,3.626943e-05,5.6584,300.0
2002-07-05 12:00:00.000040448,54.012,46.3,250.01999,3.700857e-05,5.144,300.0
2002-07-05 15:00:00.000040448,55.5552,46.3,250.01999,3.7746686e-05,5.144,305.0
2002-07-05 18:00:00.000040448,56.584,46.3,250.01999,3.8483773e-05,5.144,305.0
2002-07-05 21:00:00.000040448,56.584,37.04,250.01999,3.9219805e-05,5.6584,305.0
2002-07-06 00:00:00.000040448,56.584,27.78,250.01999,3.995476e-05,5.6584,310.0
2002-07-06 03:00:00.000040448,56.584,27.78,250.01999,4.0688625e-05,5.6584,310.0
2002-07-06 06:00:00.000040448,56.584,27.78,250.01999,4.142137e-05,5.144,310.0
2002-07-06 09:00:00.000040448,54.012,27.78,250.01999,4.2152973e-05,4.6296,310.0
2002-07-06 12:00:00.000040448,51.440002,27.78,250.01999,4.3126656e-05,5.144,305.0
2002-07-06 15:00:00.000040448,51.440002,27.78,247.705,4.385554e-05,6.1728,305.0
2002-07-06 18:00:00.000040448,51.440002,27.78,245.39,4.4825505e-05,6.6872,310.0
2002-07-06 21:00:00.000040448,51.440002,27.78,245.39,4.5793287e-05,6.6872,315.0
2002-07-07 00:00:00.000040448,51.440002,27.78,245.39,4.6999867e-05,7.2016,310.0
2002-07-07 03:00:00.000040448,55.5552,27.78,245.39,4.796257e-05,7.2016,300.0
2002-07-07 06:00:00.000040448,59.156002,27.78,245.39,4.868306e-05,6.6872,300.0
2002-07-07 09:00:00.000040448,60.6992,27.78,233.815,4.9641636e-05,6.6872,300.0
2002-07-07 12:00:00.000040448,61.728,27.78,222.24,5.035898e-05,6.1728,305.0
2002-07-07 15:00:00.000040448,64.3,33.336,254.65,5.1074945e-05,5.144,310.0
2002-07-07 18:00:00.000040448,66.872,37.04,287.06,5.178951e-05,4.6296,325.0
2002-07-07 21:00:00.000040448,66.872,33.336,282.43,5.2740055e-05,4.6296,335.0
2002-07-08 00:00:00.000040448,66.872,27.78,277.8,5.3688025e-05,5.6584,340.0
2002-07-08 03:00:00.000040448,66.872,27.78,277.8,5.510506e-05,6.6872,340.0
2002-07-08 06:00:00.000040448,66.872,27.78,277.8,5.6516048e-05,6.6872,345.0
2002-07-08 09:00:00.000040448,64.3,27.78,259.28,5.7920843e-05,6.1728,345.0
2002-07-08 12:00:00.000040448,61.728,27.78,240.76,5.9319285e-05,6.6872,345.0
2002-07-08 15:00:00.000040448,61.728,27.78,248.168,6.0711227e-05,7.2016,345.0
2002-07-08 18:00:00.000040448,61.728,27.78,254.65,6.20965e-05,6.6872,350.0
2002-07-08 21:00:00.000040448,60.6992,27.78,257.42798,6.3474974e-05,6.1728,360.0
2002-07-09 00:00:00.000040448,59.156002,27.78,259.28,6.4846485e-05,5.6584,0.0
2002-07-09 03:00:00.000040448,58.1272,27.78,259.28,6.621089e-05,5.6584,5.0
2002-07-09 06:00:00.000040448,56.584,27.78,259.28,6.756802e-05,5.144,10.0
2002-07-09 09:00:00.000040448,52.9832,33.336,250.02,6.8243826e-05,4.1152,25.0
2002-07-09 12:00:00.000040448,48.868,37.04,240.76,6.914198e-05,4.6296,35.0
2002-07-09 15:00:00.000040448,46.296,37.04,245.39,7.048288e-05,6.1728,35.0
2002-07-09 18:00:00.000040448,43.724,37.04,250.01999,7.181604e-05,8.2304,35.0
2002-07-09 21:00:00.000040448,41.152,37.04,252.33499,7.314133e-05,8.744801,35.0
2002-07-10 00:00:00.000040448,38.58,37.04,254.65,7.4458614e-05,8.744801,40.0
2002-07-10 03:00:00.000040448,36.008,37.04,238.44499,7.5985095e-05,10.288,45.0
2002-07-10 06:00:00.000040448,33.436,37.04,222.23999,7.771575e-05,13.3744,45.0
2002-07-10 09:00:00.000040448,30.864,37.04,222.23999,7.9644604e-05,14.917601,45.0
2002-07-10 12:00:00.000040448,28.292,37.04,222.23999,8.155382e-05,13.8888,45.0
