Time,Vmax,Rmax_IBT,R34,fcor,u_trans,v_trans
2006-08-05 18:00:00.000039936,23.148,46.3,87.97,3.3550914e-05,8.744801,315.0
2006-08-05 21:00:00.000039936,23.148,46.3,89.822,3.5035337e-05,8.744801,315.0
2006-08-06 00:00:00.000039936,23.148,46.3,90.284996,3.626943e-05,8.2304,315.0
2006-08-06 03:00:00.000039936,25.720001,42.596,100.934,3.7500762e-05,8.2304,315.0
2006-08-06 06:00:00.000039936,28.292,37.04,111.119995,3.872924e-05,8.744801,315.0
2006-08-06 09:00:00.000039936,30.864,37.04,125.47299,3.995476e-05,8.744801,310.0
2006-08-06 12:00:00.000039936,33.436,37.04,138.9,4.093299e-05,8.2304,305.0
2006-08-06 15:00:00.000039936,33.436,37.04,138.9,4.1909232e-05,7.2016,305.0
2006-08-06 18:00:00.000039936,33.436,37.04,138.9,4.288343e-05,6.6872,305.0
2006-08-06 21:00:00.000039936,36.008,33.336,143.53,4.385554e-05,6.6872,305.0
2006-08-07 00:00:00.000039936,38.58,27.78,148.16,4.4825505e-05,7.2016,305.0
2006-08-07 03:00:00.000039936,38.58,27.78,151.864,4.5793287e-05,7.716,305.0
2006-08-07 06:00:00.000039936,38.58,27.78,155.10501,4.675884e-05,8.2304,300.0
2006-08-07 09:00:00.000039936,38.58,27.78,161.124,4.7722115e-05,8.2304,300.0
2006-08-07 12:00:00.000039936,38.58,27.78,166.68,4.868306e-05,7.716,300.0
2006-08-07 15:00:00.000039936,38.58,27.78,158.80899,4.9402213e-05,7.716,300.0
2006-08-07 18:00:00.000039936,38.58,27.78,150.47499,5.035898e-05,7.716,300.0
2006-08-07 21:00:00.000039936,38.58,27.78,159.735,5.131329e-05,7.2016,295.0
2006-08-08 00:00:00.000039936,38.58,27.78,168.995,5.22651e-05,6.6872,300.0
2006-08-08 03:00:00.000039936,42.6952,27.78,173.16199,5.321436e-05,6.6872,300.0
2006-08-08 06:00:00.000039936,46.296,27.78,175.94,5.392461e-05,7.2016,300.0
2006-08-08 09:00:00.000039936,46.296,24.076,175.94,5.4869302e-05,7.716,300.0
2006-08-08 12:00:00.000039936,46.296,18.52,175.94,5.5576067e-05,7.2016,300.0
2006-08-08 15:00:00.000039936,46.296,18.52,175.94,5.6281307e-05,7.2016,300.0
2006-08-08 18:00:00.000039936,46.296,18.52,175.94,5.698501e-05,7.716,300.0
2006-08-08 21:00:00.000039936,50.4112,18.52,217.61,5.768715e-05,8.744801,295.0
2006-08-09 00:00:00.000039936,54.012,18.52,259.28,5.862087e-05,8.744801,300.0
2006-08-09 03:00:00.000039936,59.156002,24.076,263.91,5.9784e-05,8.2304,300.0
2006-08-09 06:00:00.000039936,64.3,27.78,268.53998,6.0942573e-05,8.2304,300.0
2006-08-09 09:00:00.000039936,68.4152,18.52,268.53998,6.1635496e-05,8.2304,295.0
2006-08-09 12:00:00.000039936,72.016,9.26,268.53998,6.2326726e-05,8.2304,295.0
2006-08-09 15:00:00.000039936,72.016,14.816,265.76202,6.3016254e-05,7.716,295.0
2006-08-09 18:00:00.000039936,72.016,18.52,261.595,6.370404e-05,7.2016,295.0
2006-08-09 21:00:00.000039936,72.016,18.52,215.758,6.416161e-05,6.1728,295.0
2006-08-10 00:00:00.000039936,72.016,18.52,168.995,6.4846485e-05,6.1728,295.0
2006-08-10 03:00:00.000039936,69.444,24.076,179.64398,6.552959e-05,6.6872,295.0
2006-08-10 06:00:00.000039936,66.872,27.78,189.83,6.621089e-05,6.1728,285.0
2006-08-10 09:00:00.000039936,63.271202,24.076,174.088,6.643758e-05,5.6584,280.0
