Time,Vmax,Rmax_IBT,R34,fcor,u_trans,v_trans
2014-07-03 15:00:00.000039936,18.004,107.416,22.223999,2.8327528e-05,6.1728,320.0
2014-07-03 18:00:00.000039936,20.576,120.38,46.3,2.9325609e-05,6.6872,315.0
2014-07-03 21:00:00.000039936,22.1192,88.895996,49.078,3.0073232e-05,6.6872,310.0
2014-07-04 00:00:00.000039936,23.148,55.56,50.93,3.1068776e-05,6.6872,310.0
2014-07-04 03:00:00.000039936,25.720001,55.56,118.52801,3.206281e-05,6.6872,315.0
2014-07-04 06:00:00.000039936,28.292,55.56,185.19998,3.305528e-05,6.6872,315.0
2014-07-04 09:00:00.000039936,29.835201,55.56,185.19998,3.3798577e-05,6.1728,315.0
2014-07-04 12:00:00.000039936,30.864,55.56,185.19998,3.47882e-05,7.2016,305.0
2014-07-04 15:00:00.000039936,32.4072,55.56,192.608,3.577612e-05,7.716,295.0
2014-07-04 18:00:00.000039936,33.436,55.56,199.09,3.67623e-05,6.6872,300.0
2014-07-04 21:00:00.000039936,40.1232,44.447998,217.61002,3.7746686e-05,5.6584,310.0
2014-07-05 00:00:00.000039936,46.296,31.484,236.13,3.8483773e-05,6.1728,310.0
2014-07-05 03:00:00.000039936,52.9832,31.484,236.13,3.9219805e-05,6.6872,305.0
2014-07-05 06:00:00.000039936,59.156002,31.484,236.13,4.0199502e-05,6.6872,305.0
2014-07-05 09:00:00.000039936,59.156002,31.484,246.779,4.093299e-05,6.6872,305.0
2014-07-05 12:00:00.000039936,59.156002,31.484,256.965,4.1909232e-05,7.2016,300.0
2014-07-05 15:00:00.000039936,60.6992,35.188,256.965,4.288343e-05,7.716,300.0
2014-07-05 18:00:00.000039936,61.728,37.04,256.965,4.3612705e-05,8.2304,295.0
2014-07-05 21:00:00.000039936,61.728,38.892,264.373,4.4340795e-05,8.2304,290.0
2014-07-06 00:00:00.000039936,61.728,40.744,270.85498,4.4825505e-05,7.716,285.0
2014-07-06 03:00:00.000039936,61.728,40.744,270.85498,4.5309676e-05,7.2016,285.0
2014-07-06 06:00:00.000039936,61.728,40.744,270.85498,4.5793287e-05,6.6872,290.0
2014-07-06 09:00:00.000039936,63.271202,37.04,270.85498,4.651767e-05,6.6872,295.0
2014-07-06 12:00:00.000039936,64.3,31.484,270.85498,4.7240763e-05,6.6872,300.0
2014-07-06 15:00:00.000039936,66.872,31.484,325.48898,4.796257e-05,6.6872,305.0
2014-07-06 18:00:00.000039936,69.444,31.484,379.66,4.892293e-05,6.1728,310.0
2014-07-06 21:00:00.000039936,70.9872,37.04,379.66,4.9880902e-05,5.6584,315.0
2014-07-07 00:00:00.000039936,72.016,40.744,379.66,5.083645e-05,6.6872,320.0
2014-07-07 03:00:00.000039936,70.9872,44.447998,379.66,5.2027382e-05,7.716,320.0
2014-07-07 06:00:00.000039936,69.444,46.3,379.66,5.345127e-05,6.1728,325.0
2014-07-07 09:00:00.000039936,65.8432,46.3,356.50998,5.4633376e-05,4.6296,330.0
2014-07-07 12:00:00.000039936,61.728,46.3,333.36002,5.581132e-05,6.1728,340.0
2014-07-07 15:00:00.000039936,59.156002,42.596,298.172,5.721923e-05,7.2016,340.0
2014-07-07 18:00:00.000039936,56.584,37.04,261.595,5.8853857e-05,6.6872,345.0
2014-07-07 21:00:00.000039936,56.584,37.04,261.595,6.0247978e-05,6.6872,355.0
2014-07-08 00:00:00.000039936,56.584,37.04,261.595,6.1635496e-05,7.716,350.0
2014-07-08 03:00:00.000039936,56.584,37.04,262.984,6.370404e-05,8.2304,350.0
2014-07-08 06:00:00.000039936,56.584,37.04,263.91,6.552959e-05,7.2016,350.0
2014-07-08 09:00:00.000039936,55.5552,35.188,263.91,6.689037e-05,6.1728,0.0
2014-07-08 12:00:00.000039936,54.012,31.484,263.91,6.801876e-05,6.1728,5.0
2014-07-08 15:00:00.000039936,50.4112,27.78,263.91,6.958979e-05,6.1728,5.0
2014-07-08 18:00:00.000039936,46.296,22.223999,263.91,7.115043e-05,6.6872,10.0
2014-07-08 21:00:00.000039936,42.6952,22.223999,263.91,7.247968e-05,7.2016,10.0
2014-07-09 00:00:00.000039936,38.58,22.223999,263.91,7.380098e-05,6.6872,15.0
2014-07-09 03:00:00.000039936,37.5512,29.632,254.65,7.511419e-05,6.6872,25.0
2014-07-09 06:00:00.000039936,36.008,37.04,245.39,7.620224e-05,5.144,40.0
2014-07-09 09:00:00.000039936,33.436,42.596,237.519,7.6852295e-05,4.6296,70.0
2014-07-09 12:00:00.000039936,30.864,46.3,229.185,7.728449e-05,5.6584,80.0
2014-07-09 15:00:00.000039936,29.835201,46.3,219.925,7.750023e-05,6.6872,80.0
2014-07-09 18:00:00.000039936,28.292,46.3,210.66501,7.771575e-05,7.2016,80.0
2014-07-09 21:00:00.000039936,24.6912,46.3,210.66501,7.793102e-05,9.2592,85.0
