Time,Vmax,Rmax_IBT,R34,fcor,u_trans,v_trans
2019-08-02 00:00:00.000039936,18.004,83.34,78.71,5.059779e-05,5.144,320.0
2019-08-02 03:00:00.000039936,18.004,83.34,85.655,5.131329e-05,5.6584,315.0
2019-08-02 06:00:00.000039936,18.004,83.34,92.6,5.2027382e-05,5.6584,315.0
2019-08-02 09:00:00.000039936,19.5472,74.08,101.86,5.321436e-05,6.1728,320.0
2019-08-02 12:00:00.000039936,20.576,64.82,111.119995,5.439729e-05,6.6872,320.0
2019-08-02 15:00:00.000039936,20.576,70.376,118.065,5.581132e-05,7.2016,315.0
2019-08-02 18:00:00.000039936,20.576,74.08,125.01,5.721923e-05,8.744801,315.0
2019-08-02 21:00:00.000039936,20.576,70.376,127.325,5.862087e-05,9.7736,310.0
2019-08-03 00:00:00.000039936,20.576,64.82,129.64,6.0016075e-05,8.744801,315.0
2019-08-03 03:00:00.000039936,22.1192,61.116,131.955,6.14047e-05,7.716,315.0
2019-08-03 06:00:00.000039936,23.148,55.56,134.27,6.255676e-05,7.716,310.0
2019-08-03 09:00:00.000039936,23.148,55.56,134.27,6.324571e-05,8.2304,300.0
2019-08-03 12:00:00.000039936,23.148,55.56,134.27,6.393293e-05,8.2304,300.0
2019-08-03 15:00:00.000039936,24.6912,55.56,134.27,6.461839e-05,8.2304,300.0
2019-08-03 18:00:00.000039936,25.720001,55.56,134.27,6.552959e-05,7.2016,300.0
2019-08-03 21:00:00.000039936,25.720001,55.56,134.27,6.643758e-05,6.6872,305.0
2019-08-04 00:00:00.000039936,25.720001,55.56,134.27,6.734234e-05,7.716,305.0
2019-08-04 03:00:00.000039936,27.2632,55.56,143.53,6.8468675e-05,8.744801,305.0
2019-08-04 06:00:00.000039936,28.292,55.56,152.79001,6.958979e-05,8.744801,300.0
2019-08-04 09:00:00.000039936,28.292,55.56,155.105,7.025991e-05,8.2304,295.0
2019-08-04 12:00:00.000039936,28.292,55.56,157.42,7.092813e-05,8.2304,295.0
2019-08-04 15:00:00.000039936,29.835201,55.56,168.995,7.159438e-05,8.2304,290.0
2019-08-04 18:00:00.000039936,30.864,55.56,180.56999,7.247968e-05,8.744801,290.0
2019-08-04 21:00:00.000039936,30.864,55.56,187.515,7.314133e-05,9.2592,290.0
2019-08-05 00:00:00.000039936,30.864,55.56,194.45999,7.380098e-05,8.2304,285.0
2019-08-05 03:00:00.000039936,32.4072,55.56,194.45999,7.423962e-05,7.716,285.0
2019-08-05 06:00:00.000039936,33.436,55.56,194.45999,7.4458614e-05,7.2016,285.0
2019-08-05 09:00:00.000039936,34.979202,55.56,196.775,7.4895885e-05,7.2016,290.0
2019-08-05 12:00:00.000039936,36.008,55.56,199.09,7.5550095e-05,6.1728,290.0
2019-08-05 15:00:00.000039936,38.58,33.336,189.82999,7.5985095e-05,5.6584,300.0
2019-08-05 18:00:00.000039936,41.152,9.26,180.57,7.663584e-05,6.1728,310.0
