Time,Vmax,Rmax_IBT,R34,fcor,u_trans,v_trans
2007-08-12 12:00:00.000039936,23.148,55.56,85.655,4.2640077e-05,1.5432,230.0
2007-08-12 15:00:00.000039936,24.6912,55.56,91.674,4.2152973e-05,2.0576,245.0
2007-08-12 18:00:00.000039936,25.720001,55.56,97.229996,4.1909232e-05,2.572,250.0
2007-08-12 21:00:00.000039936,25.720001,55.56,100.007996,4.1665367e-05,3.0864,255.0
2007-08-13 00:00:00.000039936,25.720001,55.56,101.86,4.1665367e-05,3.0864,250.0
2007-08-13 03:00:00.000039936,27.2632,55.56,109.268,4.142137e-05,3.6008,250.0
2007-08-13 06:00:00.000039936,28.292,55.56,115.75,4.142137e-05,3.6008,255.0
2007-08-13 09:00:00.000039936,29.835201,51.856,121.306,4.1177245e-05,3.6008,260.0
2007-08-13 12:00:00.000039936,30.864,46.3,125.009995,4.1177245e-05,3.6008,265.0
2007-08-13 15:00:00.000039936,33.436,46.3,136.122,4.093299e-05,3.6008,265.0
2007-08-13 18:00:00.000039936,36.008,46.3,145.845,4.093299e-05,3.6008,265.0
2007-08-13 21:00:00.000039936,38.58,37.04,183.348,4.093299e-05,4.1152,265.0
2007-08-14 00:00:00.000039936,41.152,27.78,219.925,4.0688625e-05,4.1152,260.0
2007-08-14 03:00:00.000039936,43.724,27.78,218.99901,4.0444127e-05,4.1152,255.0
2007-08-14 06:00:00.000039936,46.296,27.78,217.61,4.0199502e-05,4.1152,250.0
2007-08-14 09:00:00.000039936,48.868,24.076,214.369,3.995476e-05,4.1152,245.0
2007-08-14 12:00:00.000039936,51.440002,18.52,210.665,3.9709896e-05,4.1152,250.0
2007-08-14 15:00:00.000039936,54.012,24.076,219.925,3.9219805e-05,3.6008,255.0
2007-08-14 18:00:00.000039936,56.584,27.78,229.185,3.897458e-05,3.0864,260.0
2007-08-14 21:00:00.000039936,61.728,27.78,265.762,3.897458e-05,3.0864,265.0
2007-08-15 00:00:00.000039936,66.872,27.78,300.95,3.9219805e-05,3.0864,275.0
2007-08-15 03:00:00.000039936,66.872,24.076,272.24402,3.9464914e-05,3.0864,285.0
2007-08-15 06:00:00.000039936,66.872,18.52,243.07501,3.995476e-05,2.572,295.0
2007-08-15 09:00:00.000039936,68.4152,18.52,243.07501,4.0199502e-05,2.0576,310.0
2007-08-15 12:00:00.000039936,69.444,18.52,243.07501,4.0444127e-05,3.0864,320.0
2007-08-15 15:00:00.000039936,70.9872,24.076,245.39001,4.093299e-05,4.1152,320.0
2007-08-15 18:00:00.000039936,72.016,27.78,247.70499,4.1665367e-05,4.1152,315.0
2007-08-15 21:00:00.000039936,72.016,24.076,251.409,4.239659e-05,4.1152,315.0
2007-08-16 00:00:00.000039936,72.016,18.52,254.65,4.3126656e-05,4.1152,320.0
2007-08-16 03:00:00.000039936,72.016,18.52,256.039,4.385554e-05,4.1152,325.0
2007-08-16 06:00:00.000039936,72.016,18.52,256.965,4.4825505e-05,4.6296,330.0
2007-08-16 09:00:00.000039936,72.016,18.52,258.81702,4.5793287e-05,4.6296,330.0
2007-08-16 12:00:00.000039936,72.016,18.52,259.28,4.675884e-05,5.144,320.0
2007-08-16 15:00:00.000039936,72.016,18.52,266.688,4.7722115e-05,5.144,315.0
2007-08-16 18:00:00.000039936,72.016,18.52,273.17,4.844305e-05,5.6584,320.0
2007-08-16 21:00:00.000039936,70.9872,18.52,269.003,4.9402213e-05,5.6584,325.0
2007-08-17 00:00:00.000039936,69.444,18.52,263.91,5.035898e-05,5.6584,320.0
2007-08-17 03:00:00.000039936,65.8432,18.52,268.077,5.131329e-05,5.144,310.0
2007-08-17 06:00:00.000039936,61.728,18.52,270.85498,5.22651e-05,4.6296,325.0
2007-08-17 09:00:00.000039936,60.6992,18.52,270.85498,5.321436e-05,5.144,330.0
2007-08-17 12:00:00.000039936,59.156002,18.52,270.85498,5.439729e-05,5.6584,325.0
2007-08-17 15:00:00.000039936,56.584,24.076,285.208,5.5340646e-05,6.1728,315.0
2007-08-17 18:00:00.000039936,54.012,27.78,298.635,5.6281307e-05,6.1728,315.0
2007-08-17 21:00:00.000039936,52.9832,33.336,315.303,5.721923e-05,6.1728,315.0
