Time,Vmax,Rmax_IBT,R34,fcor,u_trans,v_trans
2009-08-04 06:00:00.000039936,18.004,83.34,78.71,5.5576067e-05,4.1152,295.0
2009-08-04 09:00:00.000039936,20.576,83.34,87.507,5.5576067e-05,4.1152,280.0
2009-08-04 12:00:00.000039936,23.148,83.34,94.915,5.5576067e-05,3.6008,275.0
2009-08-04 15:00:00.000039936,24.6912,83.34,149.549,5.5576067e-05,3.0864,280.0
2009-08-04 18:00:00.000039936,25.720001,83.34,203.72,5.5576067e-05,3.0864,285.0
2009-08-04 21:00:00.000039936,27.2632,64.82,207.424,5.581132e-05,3.6008,285.0
2009-08-05 00:00:00.000039936,28.292,46.3,210.66501,5.6046403e-05,4.1152,285.0
2009-08-05 03:00:00.000039936,29.835201,51.856,212.054,5.6281307e-05,5.144,280.0
2009-08-05 06:00:00.000039936,30.864,55.56,212.98,5.6516048e-05,5.6584,280.0
2009-08-05 09:00:00.000039936,30.864,51.856,216.68399,5.6750614e-05,6.1728,275.0
2009-08-05 12:00:00.000039936,30.864,46.3,219.92499,5.698501e-05,6.6872,275.0
2009-08-05 15:00:00.000039936,34.979202,42.596,259.74298,5.721923e-05,7.2016,275.0
2009-08-05 18:00:00.000039936,38.58,37.04,298.635,5.721923e-05,6.6872,275.0
2009-08-05 21:00:00.000039936,40.1232,33.336,300.95,5.721923e-05,6.1728,270.0
2009-08-06 00:00:00.000039936,41.152,27.78,303.265,5.721923e-05,6.1728,270.0
2009-08-06 03:00:00.000039936,41.152,33.336,303.265,5.721923e-05,6.1728,270.0
2009-08-06 06:00:00.000039936,41.152,37.04,303.265,5.7453286e-05,6.6872,275.0
2009-08-06 09:00:00.000039936,41.152,37.04,303.265,5.768715e-05,6.6872,280.0
2009-08-06 12:00:00.000039936,41.152,37.04,303.265,5.7920843e-05,7.2016,275.0
2009-08-06 15:00:00.000039936,41.152,37.04,315.766,5.7920843e-05,6.6872,270.0
2009-08-06 18:00:00.000039936,41.152,37.04,326.41498,5.768715e-05,5.144,275.0
2009-08-06 21:00:00.000039936,41.152,33.336,344.935,5.7920843e-05,4.1152,280.0
2009-08-07 00:00:00.000039936,41.152,27.78,363.45502,5.8154368e-05,4.1152,275.0
2009-08-07 03:00:00.000039936,41.152,33.336,356.51,5.8154368e-05,3.6008,270.0
2009-08-07 06:00:00.000039936,41.152,37.04,349.565,5.8154368e-05,2.572,275.0
2009-08-07 09:00:00.000039936,41.152,37.04,331.508,5.8154368e-05,2.0576,290.0
2009-08-07 12:00:00.000039936,41.152,37.04,312.525,5.83877e-05,2.572,300.0
2009-08-07 15:00:00.000039936,34.979202,37.04,312.525,5.8853857e-05,3.0864,305.0
