Time,Vmax,Rmax_IBT,R34,fcor,u_trans,v_trans
2018-06-29 00:00:00.000039936,18.004,185.2,148.16,4.844305e-05,2.0576,275.0
2018-06-29 03:00:00.000039936,19.5472,185.2,152.79001,4.892293e-05,1.5432,300.0
2018-06-29 06:00:00.000039936,20.576,185.2,157.41998,4.9402213e-05,1.0288,310.0
2018-06-29 09:00:00.000039936,22.1192,185.2,166.68,4.9641636e-05,1.0288,305.0
2018-06-29 12:00:00.000039936,23.148,185.2,175.94,4.9880902e-05,1.0288,300.0
2018-06-29 15:00:00.000039936,24.6912,153.716,182.885,5.012002e-05,1.5432,310.0
2018-06-29 18:00:00.000039936,25.720001,120.38,189.83,5.059779e-05,2.0576,335.0
2018-06-29 21:00:00.000039936,25.720001,111.12,194.45999,5.131329e-05,3.0864,345.0
2018-06-30 00:00:00.000039936,25.720001,101.86,199.09,5.178951e-05,2.572,335.0
2018-06-30 03:00:00.000039936,24.6912,101.86,206.035,5.2027382e-05,2.572,315.0
2018-06-30 06:00:00.000039936,23.148,101.86,212.98,5.22651e-05,3.0864,320.0
2018-06-30 09:00:00.000039936,23.148,88.895996,212.98,5.321436e-05,4.1152,330.0
2018-06-30 12:00:00.000039936,23.148,74.08,212.98,5.439729e-05,5.6584,330.0
2018-06-30 15:00:00.000039936,23.148,79.636,215.295,5.5576067e-05,6.1728,330.0
2018-06-30 18:00:00.000039936,23.148,83.34,217.61,5.6750614e-05,5.6584,330.0
2018-06-30 21:00:00.000039936,24.6912,74.08,219.925,5.768715e-05,5.144,325.0
2018-07-01 00:00:00.000039936,25.720001,64.82,222.24,5.862087e-05,5.144,330.0
2018-07-01 03:00:00.000039936,27.2632,64.82,226.87001,5.9784e-05,5.144,340.0
2018-07-01 06:00:00.000039936,28.292,64.82,231.5,6.0711227e-05,4.6296,345.0
2018-07-01 09:00:00.000039936,29.835201,64.82,231.5,6.1635496e-05,4.1152,340.0
2018-07-01 12:00:00.000039936,30.864,64.82,231.5,6.2326726e-05,4.1152,345.0
2018-07-01 15:00:00.000039936,32.4072,51.856,236.13,6.324571e-05,4.1152,355.0
2018-07-01 18:00:00.000039936,33.436,37.04,240.76001,6.43901e-05,5.144,0.0
2018-07-01 21:00:00.000039936,36.008,24.076,245.39001,6.552959e-05,5.6584,10.0
2018-07-02 00:00:00.000039936,38.58,9.26,250.02002,6.666408e-05,5.144,15.0
2018-07-02 03:00:00.000039936,40.1232,9.26,256.965,6.7793495e-05,5.144,15.0
2018-07-02 06:00:00.000039936,41.152,9.26,263.91,6.8917754e-05,6.1728,20.0
2018-07-02 09:00:00.000039936,41.152,9.26,270.855,7.025991e-05,7.2016,15.0
2018-07-02 12:00:00.000039936,41.152,9.26,277.8,7.181604e-05,6.6872,10.0
2018-07-02 15:00:00.000039936,41.152,9.26,289.375,7.314133e-05,6.1728,5.0
2018-07-02 18:00:00.000039936,41.152,9.26,300.94998,7.4458614e-05,6.6872,5.0
2018-07-02 21:00:00.000039936,40.1232,14.816,300.94998,7.576771e-05,6.6872,10.0
2018-07-03 00:00:00.000039936,38.58,18.52,300.94998,7.728449e-05,6.6872,20.0
2018-07-03 03:00:00.000039936,37.5512,18.52,296.32,7.85754e-05,7.2016,20.0
2018-07-03 06:00:00.000039936,36.008,18.52,291.69,7.9857724e-05,6.6872,25.0
2018-07-03 09:00:00.000039936,33.436,18.52,287.06,8.113127e-05,6.6872,35.0
2018-07-03 12:00:00.000039936,30.864,18.52,282.43,8.239592e-05,7.716,35.0
2018-07-03 15:00:00.000039936,29.835201,18.52,282.43,8.3859915e-05,8.744801,40.0
2018-07-03 18:00:00.000039936,28.292,18.52,282.43,8.5311396e-05,9.2592,35.0
2018-07-03 21:00:00.000039936,27.2632,18.52,284.745,8.695463e-05,10.802401,40.0
2018-07-04 00:00:00.000039936,25.720001,18.52,287.06,8.858091e-05,12.3456,40.0
2018-07-04 03:00:00.000039936,24.6912,37.04,291.69,9.038981e-05,13.8888,40.0
2018-07-04 06:00:00.000039936,23.148,55.56,296.32,9.217642e-05,12.860001,45.0
2018-07-04 09:00:00.000039936,20.576,74.08,277.8,9.35503e-05,9.7736,50.0
