Time,Vmax,Rmax_IBT,R34,fcor,u_trans,v_trans
2021-07-18 12:00:00.000039936,20.576,74.08,189.83,5.698501e-05,2.0576,345.0
2021-07-18 15:00:00.000039936,22.1192,74.08,192.145,5.7453286e-05,2.0576,350.0
2021-07-18 18:00:00.000039936,23.148,74.08,194.45999,5.8154368e-05,1.5432,345.0
2021-07-18 21:00:00.000039936,24.6912,64.82,185.663,5.862087e-05,1.5432,330.0
2021-07-19 00:00:00.000039936,25.720001,55.56,175.94,5.8853857e-05,1.0288,320.0
2021-07-19 03:00:00.000039936,25.720001,51.856,166.217,5.9086666e-05,1.0288,305.0
2021-07-19 06:00:00.000039936,25.720001,46.3,155.105,5.9086666e-05,0.5144,290.0
2021-07-19 09:00:00.000039936,25.720001,46.3,162.04999,5.9086666e-05,0.5144,280.0
2021-07-19 12:00:00.000039936,25.720001,46.3,168.995,5.9319285e-05,1.0288,290.0
2021-07-19 15:00:00.000039936,25.720001,46.3,172.699,5.9551734e-05,2.0576,300.0
2021-07-19 18:00:00.000039936,25.720001,46.3,175.94,5.9784e-05,2.0576,305.0
2021-07-19 21:00:00.000039936,27.2632,46.3,209.739,6.0016075e-05,2.572,305.0
2021-07-20 00:00:00.000039936,28.292,46.3,243.075,6.0247978e-05,3.6008,290.0
2021-07-20 03:00:00.000039936,30.864,44.447998,246.77899,6.0711227e-05,4.6296,285.0
2021-07-20 06:00:00.000039936,33.436,40.744,250.01999,6.0942573e-05,4.1152,275.0
2021-07-20 09:00:00.000039936,37.5512,31.484,254.187,6.0711227e-05,3.6008,260.0
2021-07-20 12:00:00.000039936,41.152,22.223999,256.965,6.0247978e-05,4.1152,250.0
2021-07-20 15:00:00.000039936,42.6952,22.223999,270.392,5.9784e-05,4.1152,245.0
2021-07-20 18:00:00.000039936,43.724,22.223999,282.43,5.9551734e-05,2.572,245.0
2021-07-20 21:00:00.000039936,46.296,27.78,301.413,5.9551734e-05,1.5432,260.0
2021-07-21 00:00:00.000039936,48.868,31.484,319.47,5.9551734e-05,2.0576,280.0
2021-07-21 03:00:00.000039936,48.868,31.484,313.914,5.9784e-05,3.0864,275.0
2021-07-21 06:00:00.000039936,48.868,31.484,307.895,5.9784e-05,3.0864,265.0
2021-07-21 09:00:00.000039936,48.868,35.188,302.802,5.9551734e-05,3.0864,245.0
2021-07-21 12:00:00.000039936,48.868,37.04,296.32,5.9086666e-05,3.0864,235.0
2021-07-21 15:00:00.000039936,47.8392,37.04,295.39398,5.862087e-05,2.572,235.0
2021-07-21 18:00:00.000039936,46.296,37.04,294.005,5.83877e-05,2.0576,225.0
2021-07-21 21:00:00.000039936,46.296,42.596,302.339,5.8154368e-05,1.5432,210.0
2021-07-22 00:00:00.000039936,46.296,46.3,310.21,5.8154368e-05,1.0288,230.0
2021-07-22 03:00:00.000039936,45.2672,46.3,323.17398,5.8154368e-05,1.0288,300.0
2021-07-22 06:00:00.000039936,43.724,46.3,335.675,5.8154368e-05,0.5144,325.0
2021-07-22 09:00:00.000039936,42.6952,53.708,344.47202,5.8154368e-05,0.5144,335.0
2021-07-22 12:00:00.000039936,41.152,59.264,351.88,5.83877e-05,1.0288,305.0
2021-07-22 15:00:00.000039936,40.1232,62.968,331.508,5.862087e-05,1.5432,290.0
2021-07-22 18:00:00.000039936,38.58,64.82,310.21,5.8853857e-05,1.5432,330.0
2021-07-22 21:00:00.000039936,38.58,64.82,320.85898,5.9319285e-05,2.572,350.0
2021-07-23 00:00:00.000039936,38.58,64.82,331.04498,5.9784e-05,3.0864,335.0
2021-07-23 03:00:00.000039936,37.5512,64.82,342.157,6.0247978e-05,2.572,315.0
2021-07-23 06:00:00.000039936,36.008,64.82,351.88,6.0479695e-05,1.5432,320.0
2021-07-23 09:00:00.000039936,33.436,62.968,357.899,6.0711227e-05,1.0288,350.0
2021-07-23 12:00:00.000039936,30.864,59.264,363.45502,6.1173734e-05,2.572,0.0
2021-07-23 15:00:00.000039936,32.4072,53.708,337.527,6.186609e-05,3.6008,355.0
2021-07-23 18:00:00.000039936,33.436,46.3,310.21,6.278661e-05,4.1152,350.0
2021-07-23 21:00:00.000039936,34.979202,38.892,350.491,6.370404e-05,5.144,345.0
2021-07-24 00:00:00.000039936,36.008,31.484,388.92,6.4846485e-05,4.6296,340.0
2021-07-24 03:00:00.000039936,36.008,35.188,378.271,6.5983986e-05,4.6296,340.0
2021-07-24 06:00:00.000039936,36.008,37.04,365.77,6.689037e-05,4.6296,340.0
2021-07-24 09:00:00.000039936,36.008,38.892,357.899,6.7793495e-05,4.1152,340.0
2021-07-24 12:00:00.000039936,36.008,40.744,349.565,6.869332e-05,4.1152,340.0
2021-07-24 15:00:00.000039936,33.436,40.744,334.74902,6.914198e-05,3.6008,335.0
2021-07-24 18:00:00.000039936,30.864,40.744,319.46997,6.981338e-05,5.144,330.0
2021-07-24 21:00:00.000039936,29.835201,53.708,294.005,7.115043e-05,6.1728,330.0
2021-07-25 00:00:00.000039936,28.292,64.82,268.54,7.2258685e-05,4.6296,320.0
2021-07-25 03:00:00.000039936,28.292,64.82,259.28,7.270045e-05,3.0864,305.0
2021-07-25 06:00:00.000039936,28.292,64.82,250.02002,7.2921e-05,2.0576,295.0
2021-07-25 09:00:00.000039936,28.292,64.82,215.29498,7.336144e-05,1.5432,300.0
2021-07-25 12:00:00.000039936,28.292,64.82,180.57,7.3581316e-05,2.0576,295.0
2021-07-25 15:00:00.000039936,25.720001,61.116,157.42,7.380098e-05,2.572,295.0
2021-07-25 18:00:00.000039936,23.148,55.56,134.27,7.380098e-05,2.0576,300.0
2021-07-25 21:00:00.000039936,22.1192,55.56,108.805,7.402041e-05,2.0576,310.0
