Time,Vmax,Rmax_IBT,R34,fcor,u_trans,v_trans
2003-07-17 09:00:00.000040448,18.004,83.34,101.86,2.1556822e-05,5.144,300.0
2003-07-17 12:00:00.000040448,20.576,83.34,203.72,2.231176e-05,4.6296,305.0
2003-07-17 15:00:00.000040448,22.1192,74.08,208.34999,2.306609e-05,4.6296,305.0
2003-07-17 18:00:00.000040448,23.148,64.82,212.98,2.3568628e-05,5.6584,300.0
2003-07-17 21:00:00.000040448,24.6912,64.82,212.98,2.4070872e-05,6.1728,295.0
2003-07-18 00:00:00.000040448,25.720001,64.82,212.98,2.4572832e-05,5.6584,290.0
2003-07-18 03:00:00.000040448,27.2632,64.82,211.12799,2.4823696e-05,4.1152,285.0
2003-07-18 06:00:00.000040448,28.292,64.82,208.35,2.5074483e-05,3.0864,290.0
2003-07-18 09:00:00.000040448,28.292,64.82,208.35,2.53252e-05,2.572,295.0
2003-07-18 12:00:00.000040448,28.292,64.82,208.35,2.5575835e-05,3.0864,295.0
2003-07-18 15:00:00.000040448,30.864,51.856,208.35,2.6076874e-05,4.1152,290.0
2003-07-18 18:00:00.000040448,33.436,37.04,208.35,2.6327272e-05,4.1152,280.0
2003-07-18 21:00:00.000040448,33.436,37.04,220.388,2.6327272e-05,4.6296,270.0
2003-07-19 00:00:00.000040448,33.436,37.04,231.5,2.6327272e-05,4.1152,270.0
2003-07-19 03:00:00.000040448,36.008,37.04,231.5,2.6327272e-05,3.6008,270.0
2003-07-19 06:00:00.000040448,38.58,37.04,231.5,2.6577594e-05,3.6008,275.0
2003-07-19 09:00:00.000040448,41.152,37.04,231.5,2.6827835e-05,3.0864,280.0
2003-07-19 12:00:00.000040448,43.724,37.04,231.5,2.707799e-05,3.6008,290.0
2003-07-19 15:00:00.000040448,45.2672,37.04,240.76001,2.7578055e-05,4.1152,295.0
2003-07-19 18:00:00.000040448,46.296,37.04,250.01999,2.807779e-05,4.6296,305.0
2003-07-19 21:00:00.000040448,48.868,37.04,245.39,2.857718e-05,4.6296,310.0
2003-07-20 00:00:00.000040448,51.440002,37.04,240.76,2.9325609e-05,5.144,305.0
2003-07-20 03:00:00.000040448,54.012,27.78,240.76,2.9824112e-05,6.1728,300.0
2003-07-20 06:00:00.000040448,56.584,18.52,240.76,3.0571195e-05,5.6584,295.0
2003-07-20 09:00:00.000040448,61.728,18.52,256.965,3.1068776e-05,5.144,295.0
2003-07-20 12:00:00.000040448,66.872,18.52,273.16998,3.1814445e-05,5.6584,300.0
2003-07-20 15:00:00.000040448,66.872,24.076,273.16998,3.231108e-05,6.6872,300.0
2003-07-20 18:00:00.000040448,66.872,27.78,273.16998,3.305528e-05,7.2016,295.0
2003-07-20 21:00:00.000040448,66.872,24.076,289.375,3.3798577e-05,7.2016,285.0
2003-07-21 00:00:00.000040448,66.872,18.52,305.58,3.454095e-05,6.6872,290.0
2003-07-21 03:00:00.000040448,65.8432,18.52,312.52496,3.5282377e-05,6.1728,295.0
2003-07-21 06:00:00.000040448,64.3,18.52,319.46997,3.6022833e-05,6.6872,305.0
2003-07-21 09:00:00.000040448,64.3,18.52,319.46997,3.67623e-05,7.2016,305.0
2003-07-21 12:00:00.000040448,64.3,18.52,319.46997,3.7746686e-05,7.716,305.0
2003-07-21 15:00:00.000040448,63.271202,14.816,319.46997,3.8483773e-05,7.716,300.0
2003-07-21 18:00:00.000040448,61.728,9.26,319.46997,3.9464914e-05,8.2304,295.0
2003-07-21 21:00:00.000040448,60.6992,9.26,305.58,4.0444127e-05,8.2304,295.0
2003-07-22 00:00:00.000040448,59.156002,9.26,291.69,4.1177245e-05,8.2304,290.0
