Time,Vmax,Rmax_IBT,R34,fcor,u_trans,v_trans
2006-08-05 21:00:00.000039936,18.004,79.636,37.04,6.575688e-05,5.6584,300.0
2006-08-06 00:00:00.000039936,20.576,74.08,74.08,6.621089e-05,6.1728,300.0
2006-08-06 03:00:00.000039936,25.720001,61.116,100.47099,6.666408e-05,6.1728,300.0
2006-08-06 06:00:00.000039936,30.864,46.3,125.01,6.734234e-05,5.6584,300.0
2006-08-06 09:00:00.000039936,30.864,42.596,129.64001,6.801876e-05,5.6584,305.0
2006-08-06 12:00:00.000039936,30.864,37.04,134.26999,6.869332e-05,5.6584,305.0
2006-08-06 15:00:00.000039936,30.864,37.04,134.26999,6.936598e-05,5.6584,310.0
2006-08-06 18:00:00.000039936,30.864,37.04,134.26999,7.025991e-05,5.6584,310.0
2006-08-06 21:00:00.000039936,30.864,37.04,137.974,7.115043e-05,5.6584,315.0
2006-08-07 00:00:00.000039936,30.864,37.04,141.215,7.2258685e-05,5.6584,320.0
2006-08-07 03:00:00.000039936,30.864,37.04,143.067,7.314133e-05,5.6584,325.0
2006-08-07 06:00:00.000039936,30.864,37.04,143.53,7.402041e-05,5.144,325.0
2006-08-07 09:00:00.000039936,30.864,37.04,152.79001,7.4895885e-05,4.1152,320.0
2006-08-07 12:00:00.000039936,30.864,37.04,162.05,7.576771e-05,4.6296,320.0
2006-08-07 15:00:00.000039936,29.835201,37.04,158.809,7.641916e-05,4.6296,325.0
2006-08-07 18:00:00.000039936,28.292,37.04,155.105,7.70685e-05,4.1152,330.0
2006-08-07 21:00:00.000039936,28.292,33.336,155.105,7.771575e-05,3.6008,340.0
2006-08-08 00:00:00.000039936,28.292,27.78,155.105,7.8360856e-05,3.0864,350.0
2006-08-08 03:00:00.000039936,27.2632,37.04,152.79,7.921766e-05,3.0864,10.0
2006-08-08 06:00:00.000039936,25.720001,46.3,150.475,7.9857724e-05,3.0864,30.0
2006-08-08 09:00:00.000039936,24.6912,51.856,147.23401,8.049559e-05,4.1152,45.0
2006-08-08 12:00:00.000039936,23.148,55.56,143.53,8.0919635e-05,4.1152,55.0
2006-08-08 15:00:00.000039936,23.148,55.56,143.53,8.134267e-05,4.1152,60.0
2006-08-08 18:00:00.000039936,23.148,55.56,143.53,8.176471e-05,5.144,70.0
2006-08-08 21:00:00.000039936,20.576,55.56,143.53,8.2185776e-05,6.6872,70.0
2006-08-08 22:00:00.000066560,19.5472,55.56,143.53,8.239592e-05,8.744801,65.0
