Time,Vmax,Rmax_IBT,R34,fcor,u_trans,v_trans
2023-08-24 18:00:00.000039936,23.148,40.744,68.987,5.012002e-05,1.5432,200.0
2023-08-24 21:00:00.000039936,25.720001,37.04,89.82201,4.9641636e-05,1.5432,180.0
2023-08-25 00:00:00.000039936,27.7776,31.484,108.805,4.9402213e-05,1.0288,200.0
2023-08-25 03:00:00.000039936,30.3496,31.484,108.805,4.916265e-05,1.0288,235.0
2023-08-25 06:00:00.000039936,32.9216,31.484,108.805,4.916265e-05,1.0288,225.0
2023-08-25 09:00:00.000039936,39.6088,24.076,108.805,4.892293e-05,1.5432,215.0
2023-08-25 12:00:00.000039936,45.7816,16.668,108.805,4.844305e-05,2.0576,225.0
2023-08-25 15:00:00.000039936,46.810402,20.372,111.58299,4.8202877e-05,2.0576,225.0
2023-08-25 18:00:00.000039936,47.8392,22.223999,113.435005,4.796257e-05,3.0864,200.0
2023-08-25 21:00:00.000039936,49.3824,14.816,110.194,4.6999867e-05,3.6008,185.0
2023-08-26 00:00:00.000039936,50.925602,7.408,106.48999,4.6034886e-05,3.0864,185.0
2023-08-26 03:00:00.000039936,52.4688,7.408,106.48999,4.5551555e-05,2.0576,190.0
2023-08-26 06:00:00.000039936,54.012,7.408,106.48999,4.506766e-05,2.0576,195.0
2023-08-26 09:00:00.000039936,55.040802,7.408,104.175,4.4340795e-05,2.572,195.0
2023-08-26 12:00:00.000039936,56.0696,7.408,101.396996,4.385554e-05,2.0576,200.0
2023-08-26 15:00:00.000039936,58.6416,12.964,102.323,4.3369746e-05,2.0576,200.0
2023-08-26 18:00:00.000039936,61.2136,18.52,103.24899,4.3126656e-05,2.0576,190.0
2023-08-26 21:00:00.000039936,60.1848,18.52,103.24899,4.2640077e-05,2.0576,0.0
2023-08-27 00:00:00.000039936,59.156002,18.52,103.24899,4.2152973e-05,2.0576,180.0
2023-08-27 03:00:00.000039936,59.156002,18.52,103.24899,4.1665367e-05,1.5432,175.0
2023-08-27 06:00:00.000039936,59.156002,18.52,103.24899,4.142137e-05,1.5432,160.0
2023-08-27 09:00:00.000039936,61.728,18.52,103.24899,4.093299e-05,2.0576,145.0
2023-08-27 12:00:00.000039936,63.7856,18.52,103.24899,4.0688625e-05,2.572,135.0
2023-08-27 15:00:00.000039936,60.1848,12.964,86.581,4.0199502e-05,2.572,110.0
2023-08-27 18:00:00.000039936,56.0696,7.408,68.524,4.0199502e-05,3.6008,65.0
2023-08-27 21:00:00.000039936,57.6128,7.408,84.26599,4.093299e-05,5.144,35.0
2023-08-28 00:00:00.000039936,59.156002,7.408,99.082,4.2152973e-05,4.6296,20.0
2023-08-28 03:00:00.000039936,59.156002,7.408,99.082,4.3126656e-05,3.6008,355.0
2023-08-28 06:00:00.000039936,59.156002,7.408,99.082,4.385554e-05,3.0864,345.0
2023-08-28 09:00:00.000039936,59.156002,9.26,99.082,4.458322e-05,2.572,335.0
2023-08-28 12:00:00.000039936,59.156002,9.26,99.082,4.506766e-05,2.0576,330.0
2023-08-28 15:00:00.000039936,55.040802,9.26,117.602,4.5551555e-05,2.0576,330.0
2023-08-28 18:00:00.000039936,50.925602,7.408,135.196,4.5793287e-05,2.0576,320.0
2023-08-28 21:00:00.000039936,50.925602,20.372,135.196,4.627635e-05,2.0576,310.0
2023-08-29 00:00:00.000039936,50.925602,31.484,135.196,4.651767e-05,2.572,310.0
2023-08-29 03:00:00.000039936,56.0696,20.372,139.363,4.675884e-05,2.572,310.0
2023-08-29 06:00:00.000039936,61.2136,7.408,143.06699,4.7240763e-05,2.572,315.0
2023-08-29 09:00:00.000039936,65.328804,14.816,143.06699,4.7722115e-05,3.0864,315.0
2023-08-29 12:00:00.000039936,68.9296,22.223999,143.06699,4.8202877e-05,4.1152,315.0
2023-08-29 15:00:00.000039936,68.9296,22.223999,143.06699,4.892293e-05,5.144,310.0
2023-08-29 18:00:00.000039936,68.9296,22.223999,143.06699,4.9641636e-05,4.6296,295.0
2023-08-29 21:00:00.000039936,68.9296,25.928,148.62299,4.9880902e-05,4.1152,285.0
2023-08-30 00:00:00.000039936,68.9296,27.78,153.25299,5.012002e-05,4.1152,285.0
2023-08-30 03:00:00.000039936,68.9296,25.928,153.25299,5.035898e-05,4.1152,295.0
2023-08-30 06:00:00.000039936,68.9296,22.223999,153.25299,5.083645e-05,3.6008,295.0
2023-08-30 09:00:00.000039936,67.3864,22.223999,153.25299,5.131329e-05,3.6008,295.0
2023-08-30 12:00:00.000039936,65.8432,22.223999,153.25299,5.155148e-05,4.1152,290.0
2023-08-30 15:00:00.000039936,65.8432,22.223999,153.25299,5.178951e-05,4.6296,285.0
2023-08-30 18:00:00.000039936,65.8432,22.223999,153.25299,5.2027382e-05,4.1152,280.0
2023-08-30 21:00:00.000039936,67.3864,20.372,153.25299,5.2027382e-05,3.0864,285.0
2023-08-31 00:00:00.000039936,68.9296,18.52,153.25299,5.22651e-05,2.0576,290.0
2023-08-31 03:00:00.000039936,68.9296,18.52,153.25299,5.250265e-05,2.0576,300.0
2023-08-31 06:00:00.000039936,68.9296,18.52,153.25299,5.2740055e-05,2.0576,300.0
2023-08-31 09:00:00.000039936,67.3864,18.52,153.25299,5.2977284e-05,2.572,295.0
2023-08-31 12:00:00.000039936,65.8432,18.52,153.25299,5.321436e-05,2.572,295.0
2023-08-31 15:00:00.000039936,63.7856,20.372,140.289,5.345127e-05,2.572,290.0
2023-08-31 18:00:00.000039936,61.2136,22.223999,126.862,5.3688025e-05,2.572,295.0
2023-08-31 21:00:00.000039936,61.2136,20.372,138.437,5.392461e-05,3.0864,295.0
2023-09-01 00:00:00.000039936,61.2136,18.52,148.62299,5.4161024e-05,3.6008,290.0
2023-09-01 03:00:00.000039936,61.2136,20.372,148.62299,5.439729e-05,4.1152,285.0
2023-09-01 06:00:00.000039936,61.2136,22.223999,148.62299,5.4633376e-05,4.6296,275.0
2023-09-01 09:00:00.000039936,60.1848,14.816,148.62299,5.4869302e-05,4.6296,275.0
2023-09-01 12:00:00.000039936,59.156002,7.408,148.62299,5.4869302e-05,4.6296,270.0
2023-09-01 15:00:00.000039936,55.040802,24.076,148.62299,5.4869302e-05,4.6296,265.0
2023-09-01 18:00:00.000039936,50.925602,40.744,148.62299,5.4633376e-05,4.1152,260.0
2023-09-01 21:00:00.000039936,47.3248,40.744,148.62299,5.4633376e-05,3.6008,255.0
2023-09-02 00:00:00.000039936,43.209602,40.744,148.62299,5.439729e-05,3.6008,255.0
