Time,Vmax,Rmax_IBT,R34,fcor,u_trans,v_trans
2014-07-13 12:00:00.000039936,20.576,92.6,60.190002,3.4293596e-05,9.2592,270.0
2014-07-13 15:00:00.000039936,22.1192,79.636,60.190002,3.454095e-05,9.2592,270.0
2014-07-13 18:00:00.000039936,23.148,64.82,60.190002,3.454095e-05,9.2592,265.0
2014-07-13 21:00:00.000039936,25.720001,46.3,69.45,3.404614e-05,9.2592,260.0
2014-07-14 00:00:00.000039936,28.292,27.78,78.71,3.3550914e-05,8.2304,260.0
2014-07-14 03:00:00.000039936,30.864,27.78,90.748,3.280731e-05,7.2016,255.0
2014-07-14 06:00:00.000039936,33.436,27.78,101.86,3.231108e-05,6.1728,255.0
2014-07-14 09:00:00.000039936,36.008,25.928,123.158,3.206281e-05,5.6584,260.0
2014-07-14 12:00:00.000039936,38.58,22.223999,143.53,3.1814445e-05,5.6584,265.0
2014-07-14 15:00:00.000039936,40.1232,22.223999,148.623,3.1814445e-05,6.1728,270.0
2014-07-14 18:00:00.000039936,41.152,22.223999,152.79,3.206281e-05,6.6872,270.0
2014-07-14 21:00:00.000039936,43.724,22.223999,152.79,3.206281e-05,6.1728,270.0
2014-07-15 00:00:00.000039936,46.296,22.223999,152.79,3.206281e-05,5.6584,280.0
2014-07-15 03:00:00.000039936,48.868,25.928,152.79,3.231108e-05,5.144,285.0
2014-07-15 06:00:00.000039936,51.440002,27.78,152.79,3.280731e-05,5.6584,285.0
2014-07-15 09:00:00.000039936,55.5552,27.78,152.79,3.330315e-05,6.6872,290.0
