Time,Vmax,Rmax_IBT,R34,fcor,u_trans,v_trans
2016-08-14 00:00:00.000039936,18.004,92.6,152.79001,5.250265e-05,8.2304,35.0
2016-08-14 03:00:00.000039936,19.5472,92.6,168.995,5.4161024e-05,8.2304,25.0
2016-08-14 06:00:00.000039936,20.576,92.6,185.2,5.6046403e-05,8.2304,20.0
2016-08-14 09:00:00.000039936,23.148,74.08,208.34999,5.768715e-05,7.716,15.0
2016-08-14 12:00:00.000039936,25.720001,55.56,231.5,5.9086666e-05,7.2016,15.0
2016-08-14 15:00:00.000039936,24.6912,55.56,243.07501,6.0479695e-05,6.6872,15.0
2016-08-14 18:00:00.000039936,23.148,55.56,254.65001,6.20965e-05,6.6872,10.0
2016-08-14 21:00:00.000039936,23.148,55.56,254.65001,6.370404e-05,6.6872,0.0
2016-08-15 00:00:00.000039936,23.148,55.56,254.65001,6.530208e-05,6.1728,350.0
2016-08-15 03:00:00.000039936,23.148,64.82,263.90997,6.643758e-05,6.1728,340.0
2016-08-15 06:00:00.000039936,23.148,74.08,273.16998,6.7793495e-05,6.6872,340.0
2016-08-15 09:00:00.000039936,23.148,74.08,273.17,6.958979e-05,7.2016,340.0
2016-08-15 12:00:00.000039936,23.148,74.08,273.17,7.137252e-05,7.2016,330.0
2016-08-15 15:00:00.000039936,23.148,74.08,268.54,7.247968e-05,7.2016,325.0
2016-08-15 18:00:00.000039936,23.148,74.08,263.91,7.3581316e-05,6.6872,325.0
2016-08-15 21:00:00.000039936,22.1192,74.08,240.76,7.4895885e-05,6.6872,335.0
2016-08-16 00:00:00.000039936,20.576,74.08,217.60999,7.620224e-05,8.2304,335.0
2016-08-16 03:00:00.000039936,20.576,74.08,210.66501,7.750023e-05,9.2592,335.0
2016-08-16 06:00:00.000039936,20.576,74.08,203.72,7.900381e-05,7.716,340.0
2016-08-16 09:00:00.000039936,20.576,74.08,203.72,8.049559e-05,6.6872,350.0
2016-08-16 12:00:00.000039936,20.576,74.08,203.72,8.197536e-05,6.6872,360.0
2016-08-16 15:00:00.000039936,22.1192,83.34,208.35,8.365155e-05,8.2304,5.0
2016-08-16 18:00:00.000039936,23.148,92.6,212.98,8.551773e-05,8.744801,10.0
2016-08-16 21:00:00.000039936,25.720001,92.6,224.555,8.7362794e-05,10.288,10.0
2016-08-17 00:00:00.000039936,28.292,92.6,236.13,8.958859e-05,12.860001,15.0
2016-08-17 03:00:00.000039936,29.835201,92.6,212.97998,9.217642e-05,15.9464,15.0
2016-08-17 06:00:00.000039936,30.864,92.6,189.82999,9.5103336e-05,17.489601,10.0
2016-08-17 08:00:00.000053248,30.864,92.6,189.82999,9.720843e-05,16.9752,10.0
