Time,Vmax,Rmax_IBT,R34,fcor,u_trans,v_trans
2012-07-21 15:00:00.000039936,18.004,83.34,25.001999,4.796257e-05,4.1152,270.0
2012-07-21 18:00:00.000039936,20.576,83.34,50.93,4.796257e-05,3.6008,265.0
2012-07-21 21:00:00.000039936,22.1192,74.08,56.486,4.7722115e-05,3.0864,265.0
2012-07-22 00:00:00.000039936,23.148,64.82,60.190002,4.748151e-05,2.0576,260.0
2012-07-22 03:00:00.000039936,23.148,64.82,60.190002,4.748151e-05,1.5432,250.0
2012-07-22 06:00:00.000039936,23.148,64.82,60.190002,4.748151e-05,1.0288,240.0
2012-07-22 09:00:00.000039936,23.148,61.116,60.190002,4.748151e-05,0.5144,245.0
2012-07-22 12:00:00.000039936,23.148,55.56,60.190002,4.7722115e-05,0.5144,350.0
2012-07-22 15:00:00.000039936,24.6912,55.56,60.190002,4.796257e-05,1.5432,10.0
2012-07-22 18:00:00.000039936,25.720001,55.56,60.190002,4.8202877e-05,2.0576,10.0
2012-07-22 21:00:00.000039936,25.720001,46.3,65.746,4.868306e-05,2.572,0.0
2012-07-23 00:00:00.000039936,25.720001,37.04,69.45,4.916265e-05,3.6008,345.0
2012-07-23 03:00:00.000039936,29.835201,42.596,121.306,5.012002e-05,4.6296,335.0
2012-07-23 06:00:00.000039936,33.436,46.3,171.31,5.1074945e-05,4.1152,325.0
2012-07-23 09:00:00.000039936,37.5512,37.04,175.94,5.178951e-05,4.1152,315.0
2012-07-23 12:00:00.000039936,41.152,27.78,180.57,5.250265e-05,4.6296,310.0
2012-07-23 15:00:00.000039936,59.156002,27.78,180.57,5.321436e-05,5.144,310.0
2012-07-23 18:00:00.000039936,59.156002,27.78,189.82999,5.392461e-05,5.6584,305.0
