Time,Vmax,Rmax_IBT,R34,fcor,u_trans,v_trans
2005-07-31 18:00:00.000039936,20.576,55.56,90.284996,3.280731e-05,6.1728,330.0
2005-07-31 21:00:00.000039936,22.1192,51.856,90.284996,3.3798577e-05,5.6584,335.0
2005-08-01 00:00:00.000039936,23.148,46.3,90.284996,3.5035337e-05,5.6584,330.0
2005-08-01 03:00:00.000039936,23.148,46.3,91.673996,3.626943e-05,6.1728,320.0
2005-08-01 06:00:00.000039936,23.148,46.3,92.6,3.7500762e-05,6.6872,315.0
2005-08-01 09:00:00.000039936,23.148,46.3,101.86,3.8483773e-05,7.2016,310.0
2005-08-01 12:00:00.000039936,23.148,46.3,111.12,3.9219805e-05,6.1728,310.0
2005-08-01 15:00:00.000039936,25.720001,42.596,130.103,3.995476e-05,5.144,315.0
2005-08-01 18:00:00.000039936,28.292,37.04,148.15999,4.093299e-05,4.6296,320.0
2005-08-01 21:00:00.000039936,30.864,37.04,170.384,4.1909232e-05,5.144,320.0
2005-08-02 00:00:00.000039936,33.436,37.04,192.145,4.288343e-05,5.6584,325.0
2005-08-02 03:00:00.000039936,33.436,37.04,198.164,4.385554e-05,6.1728,330.0
2005-08-02 06:00:00.000039936,33.436,37.04,203.72,4.506766e-05,6.1728,330.0
2005-08-02 09:00:00.000039936,33.436,27.78,206.035,4.6034886e-05,6.1728,330.0
2005-08-02 12:00:00.000039936,33.436,18.52,208.35,4.7240763e-05,6.1728,325.0
2005-08-02 15:00:00.000039936,36.008,18.52,208.35,4.844305e-05,6.6872,325.0
2005-08-02 18:00:00.000039936,38.58,18.52,208.35,4.9641636e-05,5.6584,320.0
2005-08-02 21:00:00.000039936,38.58,18.52,226.87001,5.059779e-05,4.6296,315.0
2005-08-03 00:00:00.000039936,38.58,18.52,245.38998,5.155148e-05,4.1152,315.0
2005-08-03 03:00:00.000039936,40.1232,18.52,245.39,5.22651e-05,3.6008,315.0
2005-08-03 06:00:00.000039936,41.152,18.52,245.39,5.2740055e-05,3.6008,325.0
2005-08-03 09:00:00.000039936,40.1232,18.52,245.39,5.345127e-05,3.6008,335.0
2005-08-03 12:00:00.000039936,38.58,18.52,245.39,5.4161024e-05,3.6008,335.0
2005-08-03 15:00:00.000039936,40.1232,27.78,270.855,5.4869302e-05,3.6008,335.0
2005-08-03 18:00:00.000039936,41.152,37.04,296.32,5.5576067e-05,4.1152,330.0
2005-08-03 21:00:00.000039936,41.152,37.04,300.95,5.6281307e-05,4.1152,330.0
2005-08-04 00:00:00.000039936,41.152,37.04,305.58002,5.721923e-05,4.1152,335.0
2005-08-04 03:00:00.000039936,41.152,37.04,310.21,5.8154368e-05,4.1152,340.0
2005-08-04 06:00:00.000039936,41.152,37.04,314.84,5.9086666e-05,4.1152,340.0
2005-08-04 09:00:00.000039936,43.724,33.336,310.21,5.9784e-05,3.6008,335.0
2005-08-04 10:00:00.000066560,44.7528,31.484,308.358,6.0016075e-05,4.6296,330.0
2005-08-04 12:00:00.000039936,46.296,27.78,305.58002,6.0479695e-05,4.6296,325.0
2005-08-04 15:00:00.000039936,46.296,27.78,305.58002,6.1173734e-05,4.1152,320.0
2005-08-04 18:00:00.000039936,46.296,27.78,305.58002,6.20965e-05,3.6008,325.0
2005-08-04 21:00:00.000039936,45.2672,27.78,303.265,6.278661e-05,2.572,335.0
2005-08-05 00:00:00.000039936,43.724,27.78,300.95,6.370404e-05,4.1152,345.0
2005-08-05 03:00:00.000039936,42.6952,27.78,300.95,6.4846485e-05,5.144,345.0
2005-08-05 06:00:00.000039936,41.152,27.78,300.95,6.575688e-05,5.144,330.0
2005-08-05 09:00:00.000039936,40.1232,27.78,300.95,6.643758e-05,5.6584,315.0
2005-08-05 12:00:00.000039936,38.58,27.78,300.95,6.711647e-05,5.144,310.0
2005-08-05 15:00:00.000039936,36.008,27.78,263.91,6.7793495e-05,4.1152,315.0
2005-08-05 18:00:00.000039936,33.436,27.78,226.87,6.8468675e-05,4.1152,315.0
