Time,Vmax,Rmax_IBT,R34,fcor,u_trans,v_trans
2001-07-22 00:00:00.000040448,20.576,46.3,111.12,6.1635496e-05,3.6008,285.0
2001-07-22 03:00:00.000040448,22.1192,46.3,116.676,6.186609e-05,3.0864,290.0
2001-07-22 06:00:00.000040448,23.148,46.3,120.38,6.20965e-05,3.0864,290.0
2001-07-22 09:00:00.000040448,24.6912,46.3,112.046,6.2326726e-05,3.0864,285.0
2001-07-22 12:00:00.000040448,25.720001,46.3,101.86,6.255676e-05,2.572,275.0
2001-07-22 15:00:00.000040448,27.2632,46.3,101.86,6.255676e-05,2.572,265.0
2001-07-22 18:00:00.000040448,28.292,46.3,101.86,6.255676e-05,2.572,260.0
2001-07-22 21:00:00.000040448,29.835201,46.3,101.86,6.255676e-05,2.572,260.0
2001-07-23 00:00:00.000040448,30.864,46.3,101.86,6.2326726e-05,3.0864,265.0
2001-07-23 03:00:00.000040448,30.864,55.56,117.13899,6.20965e-05,3.6008,270.0
2001-07-23 06:00:00.000040448,30.864,64.82,131.955,6.20965e-05,4.1152,270.0
2001-07-23 09:00:00.000040448,32.4072,64.82,133.344,6.20965e-05,4.1152,270.0
2001-07-23 12:00:00.000040448,33.436,64.82,134.27,6.20965e-05,4.1152,270.0
2001-07-23 15:00:00.000040448,34.979202,64.82,134.27,6.20965e-05,4.6296,270.0
2001-07-23 18:00:00.000040448,36.008,64.82,134.27,6.20965e-05,5.144,275.0
2001-07-23 21:00:00.000040448,37.5512,70.376,139.826,6.255676e-05,5.6584,280.0
2001-07-24 00:00:00.000040448,38.58,74.08,143.53,6.3016254e-05,5.6584,285.0
2001-07-24 03:00:00.000040448,38.58,74.08,143.53,6.3474974e-05,5.6584,290.0
2001-07-24 06:00:00.000040448,38.58,74.08,143.53,6.393293e-05,5.144,290.0
2001-07-24 09:00:00.000040448,40.1232,74.08,143.53,6.416161e-05,4.6296,295.0
2001-07-24 12:00:00.000040448,41.152,74.08,143.53,6.461839e-05,4.6296,300.0
2001-07-24 15:00:00.000040448,41.152,74.08,143.53,6.507438e-05,4.1152,305.0
2001-07-24 18:00:00.000040448,41.152,74.08,143.53,6.575688e-05,4.1152,305.0
2001-07-24 21:00:00.000040448,41.152,74.08,143.53,6.621089e-05,3.6008,305.0
2001-07-25 00:00:00.000040448,41.152,74.08,143.53,6.643758e-05,3.0864,310.0
2001-07-25 03:00:00.000040448,41.152,61.116,143.53,6.689037e-05,2.0576,325.0
2001-07-25 06:00:00.000040448,41.152,46.3,143.53,6.734234e-05,2.572,345.0
2001-07-25 09:00:00.000040448,41.152,46.3,150.93799,6.7793495e-05,2.572,355.0
2001-07-25 12:00:00.000040448,41.152,46.3,157.42,6.8468675e-05,2.572,0.0
2001-07-25 15:00:00.000040448,41.152,42.596,175.94,6.914198e-05,3.0864,5.0
2001-07-25 18:00:00.000040448,41.152,37.04,194.45999,6.981338e-05,3.0864,15.0
2001-07-25 21:00:00.000040448,41.152,37.04,206.03499,7.048288e-05,3.6008,25.0
2001-07-26 00:00:00.000040448,41.152,37.04,217.61,7.115043e-05,3.0864,30.0
2001-07-26 03:00:00.000040448,41.152,42.596,210.66501,7.159438e-05,3.0864,35.0
2001-07-26 06:00:00.000040448,41.152,46.3,203.72,7.2258685e-05,3.6008,45.0
2001-07-26 09:00:00.000040448,42.6952,46.3,208.35,7.2921e-05,4.1152,50.0
2001-07-26 12:00:00.000040448,43.724,46.3,212.98001,7.3581316e-05,4.1152,50.0
2001-07-26 15:00:00.000040448,43.724,37.04,199.09,7.402041e-05,4.1152,55.0
2001-07-26 18:00:00.000040448,43.724,27.78,185.2,7.4458614e-05,4.6296,55.0
2001-07-26 21:00:00.000040448,43.724,27.78,203.72,7.4895885e-05,5.144,60.0
2001-07-27 00:00:00.000040448,43.724,27.78,222.24,7.5550095e-05,5.144,65.0
2001-07-27 03:00:00.000040448,43.724,33.336,217.61,7.5985095e-05,5.6584,65.0
2001-07-27 06:00:00.000040448,43.724,37.04,212.98001,7.641916e-05,5.6584,70.0
2001-07-27 09:00:00.000040448,42.6952,37.04,231.5,7.663584e-05,5.6584,70.0
2001-07-27 12:00:00.000040448,41.152,37.04,250.01999,7.70685e-05,5.6584,65.0
2001-07-27 15:00:00.000040448,38.58,46.3,245.39,7.750023e-05,5.6584,65.0
2001-07-27 18:00:00.000040448,36.008,55.56,240.76,7.793102e-05,5.6584,60.0
2001-07-27 21:00:00.000040448,34.979202,55.56,212.98,7.85754e-05,6.1728,60.0
2001-07-28 00:00:00.000040448,33.436,55.56,185.2,7.943125e-05,6.6872,60.0
2001-07-28 03:00:00.000040448,32.4072,55.56,185.2,8.028322e-05,7.716,65.0
