Time,Vmax,Rmax_IBT,R34,fcor,u_trans,v_trans
2020-08-22 06:00:00.000039936,20.576,148.16,71.765,6.0016075e-05,5.6584,30.0
2020-08-22 09:00:00.000039936,23.148,148.16,99.545,6.0942573e-05,5.6584,20.0
2020-08-22 12:00:00.000039936,23.148,92.6,129.64,6.2326726e-05,4.1152,5.0
2020-08-22 15:00:00.000039936,24.6912,92.6,139.363,6.3016254e-05,2.572,355.0
2020-08-22 18:00:00.000039936,25.720001,92.6,148.16,6.3474974e-05,2.572,10.0
2020-08-22 21:00:00.000039936,27.2632,92.6,157.883,6.416161e-05,3.0864,20.0
2020-08-23 00:00:00.000039936,28.292,92.6,166.68,6.4846485e-05,3.0864,35.0
2020-08-23 03:00:00.000039936,29.835201,83.34,185.663,6.530208e-05,3.0864,50.0
2020-08-23 06:00:00.000039936,30.864,74.08,203.72,6.575688e-05,3.0864,60.0
2020-08-23 09:00:00.000039936,30.864,64.82,200.479,6.5983986e-05,3.0864,65.0
2020-08-23 12:00:00.000039936,30.864,55.56,196.77501,6.621089e-05,2.572,65.0
2020-08-23 15:00:00.000039936,32.4072,51.856,200.94199,6.621089e-05,2.572,65.0
2020-08-23 18:00:00.000039936,33.436,46.3,203.72,6.643758e-05,3.0864,70.0
2020-08-23 21:00:00.000039936,34.979202,46.3,201.405,6.666408e-05,3.0864,70.0
2020-08-24 00:00:00.000039936,36.008,46.3,199.09,6.711647e-05,3.0864,55.0
2020-08-24 03:00:00.000039936,37.5512,38.892,200.479,6.756802e-05,3.0864,30.0
2020-08-24 06:00:00.000039936,38.58,31.484,201.405,6.8243826e-05,3.0864,0.0
2020-08-24 09:00:00.000039936,41.152,31.484,202.794,6.869332e-05,2.572,335.0
2020-08-24 12:00:00.000039936,43.724,31.484,203.72,6.8917754e-05,2.0576,325.0
2020-08-24 15:00:00.000039936,43.724,31.484,200.479,6.936598e-05,1.5432,325.0
2020-08-24 18:00:00.000039936,43.724,31.484,196.77501,6.981338e-05,2.572,330.0
2020-08-24 21:00:00.000039936,45.2672,22.223999,192.608,7.048288e-05,3.0864,335.0
2020-08-25 00:00:00.000039936,46.296,12.964,187.51501,7.115043e-05,3.6008,340.0
2020-08-25 03:00:00.000039936,47.8392,11.1119995,185.663,7.181604e-05,3.6008,340.0
2020-08-25 06:00:00.000039936,48.868,9.26,182.88501,7.247968e-05,3.6008,340.0
2020-08-25 09:00:00.000039936,48.868,16.668,184.27402,7.336144e-05,4.1152,340.0
2020-08-25 12:00:00.000039936,48.868,22.223999,185.20001,7.423962e-05,4.1152,335.0
2020-08-25 15:00:00.000039936,50.4112,20.372,190.293,7.511419e-05,4.6296,335.0
2020-08-25 18:00:00.000039936,51.440002,18.52,194.45999,7.5985095e-05,4.6296,345.0
2020-08-25 21:00:00.000039936,51.440002,24.076,190.756,7.6852295e-05,4.6296,345.0
2020-08-26 00:00:00.000039936,51.440002,27.78,185.2,7.793102e-05,5.6584,350.0
2020-08-26 03:00:00.000039936,50.4112,29.632,185.663,7.921766e-05,6.1728,355.0
2020-08-26 06:00:00.000039936,48.868,31.484,185.20001,8.070772e-05,6.6872,360.0
2020-08-26 09:00:00.000039936,47.8392,29.632,183.348,8.2185776e-05,7.716,0.0
2020-08-26 12:00:00.000039936,46.296,27.78,180.56999,8.365155e-05,9.2592,5.0
2020-08-26 15:00:00.000039936,43.724,27.78,149.086,8.551773e-05,10.288,10.0
