Time,Vmax,Rmax_IBT,R34,fcor,u_trans,v_trans
2019-08-04 09:00:00.000039936,18.004,129.64,60.190002,4.3369746e-05,3.6008,340.0
2019-08-04 12:00:00.000039936,20.576,111.12,120.380005,4.4340795e-05,3.0864,335.0
2019-08-04 15:00:00.000039936,20.576,111.12,122.69501,4.5309676e-05,3.0864,325.0
2019-08-04 18:00:00.000039936,20.576,111.12,125.009995,4.6034886e-05,3.0864,325.0
2019-08-04 21:00:00.000039936,22.1192,111.12,141.215,4.651767e-05,2.572,325.0
2019-08-05 00:00:00.000039936,23.148,111.12,157.42,4.675884e-05,2.0576,315.0
2019-08-05 03:00:00.000039936,23.148,111.12,159.735,4.6999867e-05,2.0576,300.0
2019-08-05 06:00:00.000039936,23.148,111.12,162.05,4.7240763e-05,1.5432,275.0
2019-08-05 09:00:00.000039936,23.148,111.12,162.05,4.6999867e-05,1.0288,245.0
2019-08-05 12:00:00.000039936,23.148,111.12,203.71999,4.627635e-05,1.0288,260.0
2019-08-05 15:00:00.000039936,23.148,98.156,217.61,4.627635e-05,1.5432,300.0
2019-08-05 18:00:00.000039936,23.148,83.34,231.5,4.651767e-05,1.0288,325.0
2019-08-05 21:00:00.000039936,25.720001,83.34,245.39,4.675884e-05,1.0288,345.0
2019-08-06 00:00:00.000039936,25.720001,55.56,240.76,4.7240763e-05,1.5432,330.0
2019-08-06 03:00:00.000039936,27.2632,46.3,259.28,4.7722115e-05,2.0576,320.0
2019-08-06 06:00:00.000039936,28.292,37.04,277.8,4.796257e-05,2.572,315.0
2019-08-06 09:00:00.000039936,30.864,42.596,294.005,4.8202877e-05,2.572,310.0
2019-08-06 12:00:00.000039936,33.436,46.3,310.21,4.8202877e-05,2.0576,305.0
2019-08-06 15:00:00.000039936,34.979202,42.596,317.155,4.8202877e-05,1.5432,315.0
2019-08-06 18:00:00.000039936,36.008,37.04,324.09998,4.868306e-05,2.572,340.0
2019-08-06 21:00:00.000039936,38.58,33.336,337.99,4.9641636e-05,4.1152,345.0
2019-08-07 00:00:00.000039936,41.152,27.78,351.88,5.059779e-05,3.6008,335.0
2019-08-07 03:00:00.000039936,43.724,18.52,356.51,5.155148e-05,3.6008,325.0
2019-08-07 06:00:00.000039936,46.296,9.26,361.14,5.22651e-05,4.1152,315.0
2019-08-07 09:00:00.000039936,52.9832,9.26,370.39996,5.2977284e-05,4.6296,315.0
2019-08-07 12:00:00.000039936,59.156002,9.26,379.65997,5.3688025e-05,4.1152,315.0
2019-08-07 15:00:00.000039936,60.6992,9.26,384.28998,5.4161024e-05,3.6008,315.0
2019-08-07 18:00:00.000039936,61.728,9.26,388.91998,5.4869302e-05,3.6008,320.0
2019-08-07 21:00:00.000039936,63.271202,9.26,388.91998,5.5576067e-05,3.6008,325.0
2019-08-08 00:00:00.000039936,64.3,9.26,388.91998,5.6281307e-05,4.6296,330.0
2019-08-08 03:00:00.000039936,65.8432,9.26,400.495,5.7453286e-05,5.6584,330.0
2019-08-08 06:00:00.000039936,66.872,9.26,412.07,5.862087e-05,5.144,330.0
2019-08-08 09:00:00.000039936,68.4152,9.26,419.015,5.9319285e-05,4.1152,330.0
2019-08-08 12:00:00.000039936,69.444,9.26,425.96,6.0247978e-05,4.6296,340.0
2019-08-08 15:00:00.000039936,68.4152,9.26,412.07,6.14047e-05,6.1728,340.0
2019-08-08 18:00:00.000039936,66.872,9.26,398.18002,6.255676e-05,6.6872,330.0
2019-08-08 21:00:00.000039936,64.3,9.26,391.23502,6.370404e-05,7.2016,315.0
2019-08-09 00:00:00.000039936,61.728,9.26,384.29,6.4846485e-05,6.6872,310.0
2019-08-09 03:00:00.000039936,58.1272,9.26,377.345,6.552959e-05,5.144,310.0
2019-08-09 06:00:00.000039936,54.012,9.26,370.4,6.621089e-05,4.1152,310.0
2019-08-09 09:00:00.000039936,52.9832,9.26,363.455,6.689037e-05,3.6008,315.0
2019-08-09 12:00:00.000039936,51.440002,9.26,356.51,6.756802e-05,4.1152,320.0
2019-08-09 15:00:00.000039936,48.868,11.1119995,326.41498,6.8468675e-05,5.144,325.0
