Time,Vmax,Rmax_IBT,R34,fcor,u_trans,v_trans
2014-07-18 00:00:00.000039936,18.004,55.56,55.56,2.707799e-05,2.572,290.0
2014-07-18 03:00:00.000039936,18.004,55.56,55.56,2.7328068e-05,3.0864,285.0
2014-07-18 06:00:00.000039936,18.004,55.56,55.56,2.7328068e-05,3.6008,275.0
2014-07-18 09:00:00.000039936,19.5472,51.856,60.653,2.707799e-05,3.6008,270.0
2014-07-18 12:00:00.000039936,20.576,46.3,64.82,2.6827835e-05,4.6296,275.0
2014-07-18 15:00:00.000039936,22.1192,46.3,74.08,2.6827835e-05,5.144,275.0
2014-07-18 18:00:00.000039936,23.148,46.3,83.34,2.707799e-05,5.6584,275.0
2014-07-18 21:00:00.000039936,25.720001,46.3,93.063,2.7328068e-05,5.144,275.0
2014-07-19 00:00:00.000039936,28.292,46.3,101.86,2.7578055e-05,3.6008,280.0
2014-07-19 03:00:00.000039936,30.864,46.3,146.30801,2.7827968e-05,2.0576,295.0
2014-07-19 06:00:00.000039936,33.436,46.3,189.83,2.807779e-05,2.0576,310.0
2014-07-19 09:00:00.000039936,33.436,46.3,189.83,2.8327528e-05,3.0864,310.0
2014-07-19 12:00:00.000039936,33.436,46.3,189.83,2.882674e-05,3.6008,315.0
2014-07-19 15:00:00.000039936,33.436,46.3,213.443,2.9824112e-05,3.6008,315.0
2014-07-19 18:00:00.000039936,33.436,46.3,236.13,3.0820032e-05,4.1152,330.0
2014-07-19 21:00:00.000039936,33.436,46.3,236.13,3.1814445e-05,4.6296,335.0
2014-07-20 00:00:00.000039936,33.436,46.3,236.13,3.305528e-05,5.144,325.0
2014-07-20 03:00:00.000039936,33.436,46.3,233.815,3.404614e-05,5.144,315.0
2014-07-20 06:00:00.000039936,33.436,46.3,231.5,3.5035337e-05,5.144,315.0
2014-07-20 09:00:00.000039936,33.436,46.3,231.5,3.6022833e-05,4.6296,320.0
2014-07-20 12:00:00.000039936,33.436,46.3,231.5,3.700857e-05,4.6296,320.0
2014-07-20 15:00:00.000039936,34.979202,46.3,231.5,3.8238195e-05,5.144,330.0
2014-07-20 18:00:00.000039936,36.008,46.3,231.5,3.9464914e-05,6.1728,340.0
2014-07-20 21:00:00.000039936,36.008,46.3,231.5,4.0444127e-05,7.716,340.0
2014-07-21 00:00:00.000039936,36.008,46.3,231.5,4.1665367e-05,8.2304,335.0
2014-07-21 03:00:00.000039936,36.008,46.3,231.5,4.3126656e-05,8.744801,325.0
2014-07-21 06:00:00.000039936,36.008,46.3,231.5,4.458322e-05,7.2016,315.0
2014-07-21 09:00:00.000039936,37.5512,46.3,231.5,4.5551555e-05,6.1728,300.0
2014-07-21 12:00:00.000039936,38.58,46.3,231.5,4.627635e-05,6.1728,305.0
2014-07-21 15:00:00.000039936,40.1232,46.3,223.629,4.748151e-05,6.6872,315.0
2014-07-21 18:00:00.000039936,41.152,46.3,215.295,4.868306e-05,6.6872,325.0
2014-07-21 21:00:00.000039936,41.152,46.3,215.295,5.012002e-05,6.6872,330.0
2014-07-22 00:00:00.000039936,41.152,46.3,215.295,5.155148e-05,8.2304,330.0
2014-07-22 03:00:00.000039936,42.6952,37.04,231.03702,5.2977284e-05,8.744801,325.0
2014-07-22 06:00:00.000039936,43.724,27.78,245.39,5.439729e-05,6.6872,320.0
2014-07-22 09:00:00.000039936,43.724,33.336,245.39,5.5340646e-05,5.144,315.0
2014-07-22 12:00:00.000039936,43.724,37.04,245.39,5.6281307e-05,5.6584,315.0
2014-07-22 15:00:00.000039936,42.6952,37.04,245.39,5.7453286e-05,6.6872,320.0
