Time,Vmax,Rmax_IBT,R34,fcor,u_trans,v_trans
2001-07-24 00:00:00.000040448,28.292,92.6,64.82,5.083645e-05,7.2016,280.0
2001-07-24 03:00:00.000040448,32.4072,83.34,93.526,5.1074945e-05,6.6872,275.0
2001-07-24 06:00:00.000040448,36.008,74.08,120.38,5.1074945e-05,6.1728,275.0
2001-07-24 09:00:00.000040448,40.1232,70.376,143.53,5.1074945e-05,5.6584,275.0
2001-07-24 12:00:00.000040448,43.724,64.82,166.68,5.131329e-05,5.6584,275.0
2001-07-24 15:00:00.000040448,43.724,64.82,166.68,5.155148e-05,5.6584,275.0
2001-07-24 18:00:00.000040448,43.724,64.82,166.68,5.155148e-05,4.6296,270.0
2001-07-24 21:00:00.000040448,43.724,64.82,166.68,5.131329e-05,3.6008,265.0
2001-07-25 00:00:00.000040448,43.724,64.82,166.68,5.131329e-05,3.6008,275.0
2001-07-25 03:00:00.000040448,42.6952,55.56,166.68,5.155148e-05,3.6008,285.0
2001-07-25 06:00:00.000040448,41.152,46.3,166.68,5.178951e-05,3.6008,295.0
2001-07-25 09:00:00.000040448,41.152,46.3,166.68,5.22651e-05,4.1152,295.0
2001-07-25 12:00:00.000040448,41.152,46.3,166.68,5.2740055e-05,5.144,290.0
2001-07-25 15:00:00.000040448,40.1232,37.04,159.73499,5.2977284e-05,6.1728,285.0
