Time,Vmax,Rmax_IBT,R34,fcor,u_trans,v_trans
2015-07-03 06:00:00.000039936,20.576,74.08,92.600006,3.8238195e-05,3.0864,275.0
2015-07-03 09:00:00.000039936,22.1192,74.08,106.490005,3.8483773e-05,3.0864,285.0
2015-07-03 12:00:00.000039936,23.148,74.08,120.38,3.897458e-05,3.0864,290.0
2015-07-03 15:00:00.000039936,23.148,74.08,120.843,3.9464914e-05,2.572,300.0
2015-07-03 18:00:00.000039936,23.148,74.08,120.37999,3.995476e-05,3.0864,315.0
2015-07-03 21:00:00.000039936,23.148,74.08,120.37999,4.0688625e-05,3.6008,315.0
2015-07-04 00:00:00.000039936,23.148,74.08,120.37999,4.1177245e-05,4.1152,310.0
2015-07-04 03:00:00.000039936,23.148,64.82,127.788,4.1665367e-05,3.6008,305.0
2015-07-04 06:00:00.000039936,23.148,55.56,134.27,4.1909232e-05,4.1152,300.0
2015-07-04 09:00:00.000039936,23.148,55.56,134.27,4.239659e-05,4.6296,295.0
2015-07-04 12:00:00.000039936,23.148,55.56,134.27,4.288343e-05,3.6008,295.0
2015-07-04 15:00:00.000039936,24.6912,55.56,134.27,4.3369746e-05,3.0864,300.0
2015-07-04 18:00:00.000039936,25.720001,55.56,134.27,4.3612705e-05,3.0864,305.0
2015-07-04 21:00:00.000039936,25.720001,55.56,134.27,4.409823e-05,3.6008,300.0
