Time,Vmax,Rmax_IBT,R34,fcor,u_trans,v_trans
2010-09-05 18:00:00.000039936,20.576,55.56,50.93,7.576771e-05,3.6008,10.0
2010-09-05 21:00:00.000039936,20.576,55.56,50.93,7.641916e-05,3.0864,15.0
2010-09-06 00:00:00.000039936,20.576,55.56,50.93,7.70685e-05,2.572,20.0
2010-09-06 03:00:00.000039936,20.576,55.56,54.634,7.771575e-05,2.572,30.0
2010-09-06 06:00:00.000039936,20.576,55.56,57.875,7.814606e-05,3.0864,35.0
2010-09-06 09:00:00.000039936,22.1192,51.856,68.061005,7.85754e-05,3.6008,40.0
2010-09-06 12:00:00.000039936,23.148,46.3,76.395,7.921766e-05,4.1152,45.0
2010-09-06 15:00:00.000039936,23.148,46.3,72.228,7.9857724e-05,4.1152,50.0
2010-09-06 18:00:00.000039936,23.148,46.3,67.135,8.049559e-05,4.1152,45.0
2010-09-06 21:00:00.000039936,22.1192,46.3,67.135,8.0919635e-05,4.1152,45.0
2010-09-07 00:00:00.000039936,20.576,46.3,67.135,8.155382e-05,5.6584,50.0
2010-09-07 02:00:00.000053248,19.5472,46.3,68.524,8.197536e-05,7.716,55.0
2010-09-07 03:00:00.000039936,19.5472,46.3,69.45,8.2185776e-05,8.2304,60.0
2010-09-07 06:00:00.000039936,18.004,46.3,71.765,8.302487e-05,8.2304,60.0
2010-09-07 09:00:00.000039936,18.004,46.3,71.765,8.3859915e-05,7.716,65.0
