Time,Vmax,Rmax_IBT,R34,fcor,u_trans,v_trans
2020-08-28 18:00:00.000039936,23.148,74.08,145.845,4.1177245e-05,1.0288,245.0
2020-08-28 21:00:00.000039936,24.6912,74.08,145.845,4.1177245e-05,0.5144,280.0
2020-08-29 00:00:00.000039936,25.720001,74.08,145.845,4.142137e-05,1.0288,305.0
2020-08-29 03:00:00.000039936,27.2632,74.08,154.179,4.142137e-05,1.5432,310.0
2020-08-29 06:00:00.000039936,28.292,74.08,162.04999,4.1665367e-05,1.5432,310.0
2020-08-29 09:00:00.000039936,28.292,55.56,171.773,4.1665367e-05,1.5432,310.0
2020-08-29 12:00:00.000039936,28.292,37.04,180.57,4.1909232e-05,1.5432,315.0
2020-08-29 15:00:00.000039936,30.864,33.336,192.14499,4.2152973e-05,1.0288,335.0
2020-08-29 18:00:00.000039936,33.436,27.78,203.72,4.239659e-05,1.0288,355.0
2020-08-29 21:00:00.000039936,33.436,27.78,216.68399,4.2640077e-05,1.5432,5.0
2020-08-30 00:00:00.000039936,33.436,27.78,229.185,4.3369746e-05,3.6008,5.0
2020-08-30 03:00:00.000039936,36.008,27.78,231.963,4.458322e-05,5.6584,0.0
2020-08-30 06:00:00.000039936,38.58,27.78,233.815,4.6034886e-05,5.6584,360.0
2020-08-30 09:00:00.000039936,41.152,27.78,241.22299,4.7240763e-05,5.144,355.0
2020-08-30 12:00:00.000039936,43.724,27.78,247.70502,4.868306e-05,5.6584,355.0
2020-08-30 15:00:00.000039936,45.2672,27.78,245.85301,5.012002e-05,6.6872,355.0
2020-08-30 18:00:00.000039936,46.296,27.78,243.075,5.178951e-05,7.716,355.0
2020-08-30 21:00:00.000039936,47.8392,25.928,248.168,5.3688025e-05,8.744801,350.0
2020-08-31 00:00:00.000039936,48.868,22.223999,252.33499,5.5576067e-05,9.7736,345.0
2020-08-31 03:00:00.000039936,51.440002,22.223999,253.261,5.7920843e-05,9.7736,335.0
2020-08-31 06:00:00.000039936,54.012,22.223999,252.33499,6.0016075e-05,7.2016,330.0
2020-08-31 09:00:00.000039936,55.5552,25.928,254.18701,6.0942573e-05,5.144,330.0
2020-08-31 12:00:00.000039936,56.584,27.78,254.65,6.1635496e-05,5.144,335.0
2020-08-31 15:00:00.000039936,58.1272,18.52,267.614,6.278661e-05,6.1728,330.0
2020-08-31 18:00:00.000039936,59.156002,9.26,280.115,6.416161e-05,5.6584,330.0
2020-08-31 21:00:00.000039936,60.6992,9.26,293.079,6.507438e-05,4.6296,330.0
2020-09-01 00:00:00.000039936,61.728,9.26,305.58,6.5983986e-05,4.1152,345.0
2020-09-01 03:00:00.000039936,60.6992,9.26,316.229,6.666408e-05,3.6008,5.0
2020-09-01 06:00:00.000039936,59.156002,9.26,326.41498,6.756802e-05,4.1152,15.0
2020-09-01 09:00:00.000039936,58.1272,9.26,311.599,6.8468675e-05,4.1152,15.0
2020-09-01 12:00:00.000039936,56.584,9.26,296.32,6.936598e-05,4.6296,15.0
2020-09-01 15:00:00.000039936,55.5552,14.816,297.246,7.048288e-05,5.144,15.0
2020-09-01 18:00:00.000039936,54.012,18.52,296.32,7.159438e-05,5.6584,10.0
2020-09-01 21:00:00.000039936,51.440002,24.076,301.413,7.270045e-05,5.6584,10.0
2020-09-02 00:00:00.000039936,48.868,27.78,305.57996,7.402041e-05,5.6584,10.0
2020-09-02 03:00:00.000039936,46.296,35.188,288.449,7.533226e-05,6.1728,15.0
2020-09-02 06:00:00.000039936,43.724,40.744,270.85498,7.663584e-05,7.716,20.0
2020-09-02 09:00:00.000039936,42.6952,40.744,236.13,7.793102e-05,8.2304,25.0
2020-09-02 12:00:00.000039936,41.152,40.744,201.405,7.9644604e-05,9.7736,20.0
2020-09-02 15:00:00.000039936,40.1232,40.744,159.272,8.197536e-05,12.3456,20.0
