Time,Vmax,Rmax_IBT,R34,fcor,u_trans,v_trans
2018-07-04 00:00:00.000039936,18.004,111.12,92.6,2.9574905e-05,2.0576,325.0
2018-07-04 03:00:00.000039936,19.5472,111.12,104.175,3.0322259e-05,2.572,330.0
2018-07-04 06:00:00.000039936,20.576,111.12,115.75,3.1068776e-05,3.6008,320.0
2018-07-04 09:00:00.000039936,22.1192,111.12,125.009995,3.156599e-05,4.1152,315.0
2018-07-04 12:00:00.000039936,23.148,111.12,134.27,3.231108e-05,4.6296,320.0
2018-07-04 15:00:00.000039936,25.720001,79.636,141.215,3.305528e-05,5.144,320.0
2018-07-04 18:00:00.000039936,28.292,46.3,148.16,3.404614e-05,5.144,315.0
2018-07-04 21:00:00.000039936,29.835201,51.856,159.735,3.47882e-05,5.144,305.0
2018-07-05 00:00:00.000039936,30.864,55.56,171.31,3.5282377e-05,4.6296,305.0
2018-07-05 03:00:00.000039936,33.436,46.3,175.94,3.6022833e-05,4.1152,305.0
2018-07-05 06:00:00.000039936,36.008,37.04,180.57,3.651592e-05,3.6008,300.0
2018-07-05 09:00:00.000039936,40.1232,37.04,187.51501,3.67623e-05,3.6008,295.0
2018-07-05 12:00:00.000039936,43.724,37.04,194.45999,3.7254722e-05,3.6008,310.0
2018-07-05 15:00:00.000039936,51.440002,27.78,201.405,3.7992504e-05,3.6008,330.0
2018-07-05 18:00:00.000039936,59.156002,18.52,208.35,3.872924e-05,3.6008,330.0
2018-07-05 21:00:00.000039936,64.3,14.816,215.295,3.9219805e-05,3.6008,330.0
2018-07-06 00:00:00.000039936,69.444,9.26,222.24,3.995476e-05,3.6008,325.0
2018-07-06 03:00:00.000039936,68.4152,11.1119995,231.5,4.0688625e-05,3.6008,320.0
2018-07-06 06:00:00.000039936,66.872,12.964,240.76001,4.142137e-05,2.572,315.0
2018-07-06 09:00:00.000039936,66.872,12.964,247.705,4.1665367e-05,2.0576,305.0
2018-07-06 12:00:00.000039936,66.872,12.964,254.65,4.1909232e-05,2.0576,300.0
2018-07-06 15:00:00.000039936,64.3,25.928,256.965,4.2152973e-05,2.0576,305.0
2018-07-06 18:00:00.000039936,61.728,37.04,259.28,4.239659e-05,1.5432,310.0
2018-07-06 21:00:00.000039936,60.6992,35.188,263.91,4.2640077e-05,1.5432,325.0
2018-07-07 00:00:00.000039936,59.156002,31.484,268.53998,4.3126656e-05,2.0576,340.0
2018-07-07 03:00:00.000039936,60.6992,35.188,268.53998,4.3612705e-05,2.572,345.0
2018-07-07 06:00:00.000039936,61.728,37.04,268.53998,4.409823e-05,2.0576,335.0
2018-07-07 09:00:00.000039936,61.728,37.04,273.16998,4.458322e-05,2.572,320.0
2018-07-07 12:00:00.000039936,61.728,37.04,277.8,4.506766e-05,3.0864,315.0
2018-07-07 15:00:00.000039936,63.271202,37.04,280.115,4.6034886e-05,4.1152,310.0
2018-07-07 18:00:00.000039936,64.3,37.04,282.43,4.675884e-05,4.6296,310.0
2018-07-07 21:00:00.000039936,66.872,27.78,291.69,4.7240763e-05,4.6296,305.0
2018-07-08 00:00:00.000039936,69.444,18.52,300.94998,4.7722115e-05,5.6584,310.0
2018-07-08 03:00:00.000039936,70.9872,24.076,300.94998,4.844305e-05,6.6872,310.0
2018-07-08 06:00:00.000039936,72.016,27.78,300.94998,4.9402213e-05,6.6872,305.0
2018-07-08 09:00:00.000039936,73.559204,27.78,305.58,5.035898e-05,6.6872,300.0
2018-07-08 12:00:00.000039936,74.588,27.78,310.21,5.1074945e-05,7.2016,295.0
2018-07-08 15:00:00.000039936,74.588,27.78,317.155,5.178951e-05,7.716,295.0
2018-07-08 18:00:00.000039936,74.588,27.78,324.1,5.250265e-05,8.2304,295.0
2018-07-08 21:00:00.000039936,73.559204,33.336,324.1,5.321436e-05,8.2304,295.0
2018-07-09 00:00:00.000039936,72.016,37.04,324.1,5.4161024e-05,8.2304,295.0
2018-07-09 03:00:00.000039936,69.444,37.04,324.1,5.4869302e-05,8.2304,290.0
2018-07-09 06:00:00.000039936,66.872,37.04,324.1,5.5576067e-05,8.2304,290.0
2018-07-09 09:00:00.000039936,65.8432,37.04,319.47,5.6046403e-05,7.716,290.0
2018-07-09 12:00:00.000039936,64.3,37.04,314.84,5.6750614e-05,7.716,290.0
2018-07-09 15:00:00.000039936,61.728,35.188,307.895,5.7453286e-05,8.2304,290.0
2018-07-09 18:00:00.000039936,59.156002,31.484,300.95,5.8154368e-05,7.716,290.0
2018-07-09 21:00:00.000039936,56.584,35.188,300.95,5.862087e-05,7.716,290.0
2018-07-10 00:00:00.000039936,54.012,37.04,300.95,5.9319285e-05,8.744801,295.0
2018-07-10 03:00:00.000039936,52.9832,37.04,298.635,6.0016075e-05,8.744801,295.0
2018-07-10 06:00:00.000039936,51.440002,37.04,296.32,6.0942573e-05,7.716,295.0
2018-07-10 09:00:00.000039936,50.4112,37.04,296.32,6.1635496e-05,7.2016,295.0
2018-07-10 12:00:00.000039936,48.868,37.04,296.32,6.2326726e-05,7.716,295.0
2018-07-10 15:00:00.000039936,48.868,37.04,291.69,6.3474974e-05,9.2592,300.0
2018-07-10 18:00:00.000039936,48.868,37.04,287.06,6.43901e-05,10.802401,290.0
2018-07-10 21:00:00.000039936,48.868,37.04,280.115,6.4846485e-05,10.288,280.0
2018-07-11 00:00:00.000039936,48.868,37.04,273.16998,6.4846485e-05,9.2592,275.0
