Time,Vmax,Rmax_IBT,R34,fcor,u_trans,v_trans
2016-08-18 06:00:00.000039936,18.004,74.08,64.82,3.9219805e-05,4.1152,45.0
2016-08-18 09:00:00.000039936,18.004,74.08,64.82,4.0688625e-05,3.6008,25.0
2016-08-18 12:00:00.000039936,18.004,64.82,55.559998,4.1177245e-05,3.0864,5.0
2016-08-18 15:00:00.000039936,18.004,64.82,67.135,4.2152973e-05,3.6008,350.0
2016-08-18 18:00:00.000039936,18.004,64.82,78.71,4.3126656e-05,3.6008,325.0
2016-08-18 21:00:00.000039936,18.004,64.82,83.34,4.3369746e-05,3.6008,310.0
2016-08-19 00:00:00.000039936,20.576,64.82,83.34,4.385554e-05,4.1152,310.0
2016-08-19 03:00:00.000039936,22.1192,64.82,85.655,4.458322e-05,4.6296,310.0
2016-08-19 06:00:00.000039936,23.148,64.82,87.97,4.5309676e-05,5.144,320.0
2016-08-19 09:00:00.000039936,23.148,64.82,92.6,4.627635e-05,5.144,325.0
2016-08-19 12:00:00.000039936,23.148,64.82,97.23,4.7240763e-05,4.6296,325.0
2016-08-19 15:00:00.000039936,24.6912,64.82,97.23,4.7240763e-05,3.6008,325.0
2016-08-19 18:00:00.000039936,25.720001,64.82,97.23,4.7722115e-05,4.1152,350.0
2016-08-19 21:00:00.000039936,25.720001,64.82,101.86,4.916265e-05,5.144,5.0
2016-08-20 00:00:00.000039936,28.292,55.56,101.86,5.1074945e-05,7.2016,5.0
2016-08-20 03:00:00.000039936,28.292,55.56,108.805,5.2977284e-05,9.2592,5.0
2016-08-20 06:00:00.000039936,28.292,55.56,115.75,5.510506e-05,10.288,5.0
2016-08-20 09:00:00.000039936,28.292,55.56,125.009995,5.7453286e-05,10.802401,0.0
2016-08-20 12:00:00.000039936,28.292,55.56,134.26999,6.0016075e-05,10.802401,360.0
2016-08-20 15:00:00.000039936,29.835201,55.56,145.845,6.2326726e-05,10.288,355.0
2016-08-20 18:00:00.000039936,30.864,55.56,157.42,6.43901e-05,9.7736,355.0
2016-08-20 21:00:00.000039936,29.835201,55.56,168.995,6.643758e-05,9.7736,355.0
2016-08-21 00:00:00.000039936,28.292,55.56,180.56999,6.869332e-05,9.7736,350.0
2016-08-21 03:00:00.000039936,29.835201,55.56,189.83,7.092813e-05,10.288,345.0
2016-08-21 06:00:00.000039936,30.864,55.56,199.09,7.2921e-05,9.2592,345.0
2016-08-21 09:00:00.000039936,29.835201,55.56,194.45999,7.4895885e-05,8.2304,350.0
2016-08-21 12:00:00.000039936,28.292,55.56,189.82999,7.663584e-05,8.744801,345.0
2016-08-21 15:00:00.000039936,29.835201,55.56,173.62502,7.814606e-05,8.2304,350.0
2016-08-21 18:00:00.000039936,30.864,55.56,157.42001,7.9644604e-05,7.2016,360.0
2016-08-21 21:00:00.000039936,32.4072,51.856,152.79001,8.0919635e-05,6.1728,10.0
2016-08-22 00:00:00.000039936,33.436,46.3,148.16,8.2185776e-05,6.6872,15.0
2016-08-22 03:00:00.000039936,32.4072,46.3,148.16,8.365155e-05,8.744801,15.0
