Time,Vmax,Rmax_IBT,R34,fcor,u_trans,v_trans
2002-07-08 06:00:00.000040448,20.576,64.82,148.16,2.5074483e-05,7.716,285.0
2002-07-08 09:00:00.000040448,20.576,64.82,148.16,2.53252e-05,7.2016,285.0
2002-07-08 12:00:00.000040448,20.576,64.82,148.16,2.5826394e-05,6.6872,285.0
2002-07-08 15:00:00.000040448,22.1192,61.116,143.53,2.6327272e-05,6.6872,285.0
2002-07-08 18:00:00.000040448,23.148,55.56,138.9,2.6827835e-05,6.1728,285.0
2002-07-08 21:00:00.000040448,24.6912,55.56,138.9,2.7328068e-05,6.1728,285.0
2002-07-09 00:00:00.000040448,25.720001,55.56,138.9,2.7827968e-05,5.6584,280.0
2002-07-09 03:00:00.000040448,27.2632,55.56,138.9,2.807779e-05,5.144,275.0
2002-07-09 06:00:00.000040448,28.292,55.56,138.9,2.8327528e-05,4.6296,275.0
2002-07-09 09:00:00.000040448,30.864,46.3,148.16,2.857718e-05,4.1152,280.0
2002-07-09 12:00:00.000040448,33.436,37.04,157.42,2.9076216e-05,4.1152,290.0
2002-07-09 15:00:00.000040448,36.008,37.04,166.68,2.9574905e-05,5.144,295.0
2002-07-09 18:00:00.000040448,38.58,37.04,175.94,3.0073232e-05,6.1728,290.0
2002-07-09 21:00:00.000040448,42.6952,33.336,193.99701,3.0322259e-05,7.2016,290.0
2002-07-10 00:00:00.000040448,46.296,27.78,210.665,3.0322259e-05,6.1728,290.0
2002-07-10 03:00:00.000040448,47.8392,27.78,216.68399,3.0571195e-05,5.144,285.0
2002-07-10 06:00:00.000040448,48.868,27.78,222.23999,3.0820032e-05,5.144,275.0
2002-07-10 09:00:00.000040448,48.868,27.78,207.42401,3.0820032e-05,5.144,270.0
2002-07-10 12:00:00.000040448,48.868,27.78,192.145,3.0820032e-05,4.6296,275.0
2002-07-10 15:00:00.000040448,48.868,27.78,193.997,3.1068776e-05,4.6296,285.0
2002-07-10 18:00:00.000040448,48.868,27.78,194.46,3.131743e-05,4.1152,290.0
2002-07-10 21:00:00.000040448,48.868,27.78,194.46,3.1814445e-05,4.1152,290.0
2002-07-11 00:00:00.000040448,48.868,27.78,194.46,3.2559245e-05,5.144,290.0
2002-07-11 03:00:00.000040448,48.868,27.78,194.46,3.280731e-05,5.6584,295.0
2002-07-11 06:00:00.000040448,48.868,27.78,194.46,3.330315e-05,6.1728,295.0
2002-07-11 09:00:00.000040448,47.8392,27.78,194.46,3.3798577e-05,6.1728,295.0
2002-07-11 12:00:00.000040448,46.296,27.78,194.46,3.454095e-05,5.6584,295.0
2002-07-11 15:00:00.000040448,46.296,27.78,201.405,3.5035337e-05,5.6584,295.0
2002-07-11 18:00:00.000040448,46.296,27.78,208.35,3.5529305e-05,5.6584,305.0
2002-07-11 21:00:00.000040448,47.8392,27.78,210.665,3.651592e-05,5.6584,310.0
2002-07-12 00:00:00.000040448,48.868,27.78,212.98001,3.7500762e-05,6.1728,310.0
2002-07-12 03:00:00.000040448,51.440002,27.78,212.98001,3.8483773e-05,6.1728,310.0
2002-07-12 06:00:00.000040448,54.012,27.78,212.98001,3.9464914e-05,6.1728,315.0
2002-07-12 09:00:00.000040448,55.5552,27.78,247.705,4.0444127e-05,6.1728,315.0
2002-07-12 12:00:00.000040448,56.584,27.78,282.43,4.142137e-05,6.6872,315.0
2002-07-12 15:00:00.000040448,58.1272,27.78,282.43,4.2640077e-05,7.2016,315.0
2002-07-12 18:00:00.000040448,59.156002,27.78,282.43,4.385554e-05,7.716,320.0
2002-07-12 21:00:00.000040448,63.271202,27.78,282.43,4.5309676e-05,8.2304,320.0
2002-07-13 00:00:00.000040448,66.872,27.78,282.43,4.675884e-05,9.2592,320.0
2002-07-13 03:00:00.000040448,68.4152,27.78,312.988,4.844305e-05,9.7736,315.0
2002-07-13 06:00:00.000040448,69.444,27.78,342.62,5.035898e-05,10.288,315.0
2002-07-13 09:00:00.000040448,66.872,27.78,339.37897,5.22651e-05,10.288,315.0
2002-07-13 12:00:00.000040448,64.3,27.78,335.675,5.392461e-05,9.7736,315.0
2002-07-13 15:00:00.000040448,64.3,27.78,335.675,5.5340646e-05,9.2592,315.0
2002-07-13 18:00:00.000040448,64.3,27.78,335.675,5.6516048e-05,8.2304,315.0
2002-07-13 21:00:00.000040448,61.728,27.78,324.09998,5.768715e-05,7.716,320.0
2002-07-14 00:00:00.000040448,59.156002,27.78,312.525,5.9086666e-05,7.2016,325.0
2002-07-14 03:00:00.000040448,55.5552,27.78,300.487,6.0247978e-05,6.1728,335.0
2002-07-14 06:00:00.000040448,51.440002,27.78,287.06,6.1635496e-05,6.1728,345.0
2002-07-14 09:00:00.000040448,48.868,27.78,281.504,6.3016254e-05,6.1728,355.0
2002-07-14 12:00:00.000040448,46.296,27.78,275.485,6.43901e-05,5.6584,360.0
2002-07-14 15:00:00.000040448,43.724,27.78,269.929,6.552959e-05,6.1728,0.0
2002-07-14 18:00:00.000040448,41.152,27.78,263.91,6.666408e-05,6.6872,15.0
2002-07-14 21:00:00.000040448,40.1232,27.78,246.779,6.8243826e-05,8.2304,30.0
2002-07-15 00:00:00.000040448,38.58,27.78,229.185,7.003676e-05,8.744801,40.0
2002-07-15 03:00:00.000040448,36.008,27.78,225.018,7.137252e-05,9.7736,50.0
2002-07-15 06:00:00.000040448,33.436,27.78,219.925,7.270045e-05,10.288,55.0
2002-07-15 09:00:00.000040448,30.864,27.78,219.925,7.3581316e-05,11.3168,55.0
