Time,Vmax,Rmax_IBT,R34,fcor,u_trans,v_trans
2012-07-29 00:00:00.000039936,18.004,55.56,83.34,4.458322e-05,4.6296,345.0
2012-07-29 03:00:00.000039936,20.576,55.56,83.34,4.5309676e-05,4.6296,345.0
2012-07-29 06:00:00.000039936,23.148,55.56,83.34,4.6034886e-05,3.6008,340.0
2012-07-29 09:00:00.000039936,24.6912,61.116,97.229996,4.627635e-05,3.0864,330.0
2012-07-29 12:00:00.000039936,25.720001,64.82,111.119995,4.651767e-05,2.572,340.0
2012-07-29 15:00:00.000039936,27.2632,61.116,111.119995,4.6999867e-05,2.572,355.0
2012-07-29 18:00:00.000039936,28.292,55.56,111.119995,4.7722115e-05,2.572,5.0
2012-07-29 21:00:00.000039936,28.292,55.56,111.119995,4.844305e-05,3.0864,10.0
2012-07-30 00:00:00.000039936,28.292,55.56,111.119995,4.916265e-05,2.572,360.0
2012-07-30 03:00:00.000039936,28.292,55.56,116.676,4.9641636e-05,2.572,345.0
2012-07-30 06:00:00.000039936,28.292,55.56,120.380005,5.012002e-05,3.0864,335.0
2012-07-30 09:00:00.000039936,29.835201,55.56,120.380005,5.059779e-05,2.572,325.0
2012-07-30 12:00:00.000039936,30.864,55.56,120.380005,5.1074945e-05,2.572,310.0
2012-07-30 15:00:00.000039936,30.864,55.56,120.380005,5.1074945e-05,2.0576,295.0
2012-07-30 18:00:00.000039936,30.864,55.56,120.380005,5.083645e-05,1.0288,300.0
2012-07-30 21:00:00.000039936,30.864,55.56,156.957,5.083645e-05,1.0288,345.0
2012-07-31 00:00:00.000039936,30.864,55.56,192.145,5.131329e-05,1.5432,15.0
2012-07-31 03:00:00.000039936,32.4072,55.56,179.644,5.2027382e-05,2.0576,20.0
2012-07-31 06:00:00.000039936,33.436,55.56,166.68,5.2740055e-05,2.0576,0.0
2012-07-31 09:00:00.000039936,33.436,55.56,166.68,5.345127e-05,2.572,340.0
2012-07-31 12:00:00.000039936,33.436,55.56,166.68,5.4161024e-05,3.0864,335.0
2012-07-31 15:00:00.000039936,36.008,55.56,210.202,5.4869302e-05,3.0864,335.0
2012-07-31 18:00:00.000039936,38.58,55.56,252.33499,5.5340646e-05,2.572,340.0
2012-07-31 21:00:00.000039936,41.152,51.856,252.33499,5.581132e-05,2.572,345.0
2012-08-01 00:00:00.000039936,43.724,46.3,252.33499,5.6516048e-05,3.0864,345.0
2012-08-01 03:00:00.000039936,45.2672,42.596,252.33499,5.721923e-05,3.6008,340.0
2012-08-01 06:00:00.000039936,46.296,37.04,252.33499,5.8154368e-05,3.6008,335.0
2012-08-01 09:00:00.000039936,46.296,33.336,252.33499,5.8853857e-05,3.6008,325.0
2012-08-01 12:00:00.000039936,46.296,27.78,252.33499,5.9319285e-05,3.6008,300.0
2012-08-01 15:00:00.000039936,46.296,27.78,251.409,5.9784e-05,4.1152,280.0
2012-08-01 18:00:00.000039936,46.296,27.78,250.01999,6.0016075e-05,2.572,260.0
2012-08-01 21:00:00.000039936,43.724,27.78,250.01999,6.0247978e-05,1.5432,225.0
2012-08-01 22:00:00.000066560,41.152,27.78,250.01999,5.9784e-05,1.5432,170.0
2012-08-01 23:00:00.000053248,38.58,27.78,250.01999,5.9319285e-05,1.5432,65.0
2012-08-02 00:00:00.000039936,33.436,27.78,250.01999,5.9551734e-05,4.1152,15.0
2012-08-02 03:00:00.000039936,28.292,27.78,250.01999,6.0479695e-05,5.144,0.0
2012-08-02 06:00:00.000039936,23.148,27.78,250.01999,6.14047e-05,5.144,340.0
2012-08-02 09:00:00.000039936,23.148,27.78,164.828,6.20965e-05,5.144,320.0
2012-08-02 12:00:00.000039936,23.148,27.78,78.71,6.278661e-05,5.144,315.0
2012-08-02 15:00:00.000039936,23.148,37.04,78.71,6.370404e-05,4.6296,315.0
2012-08-02 18:00:00.000039936,23.148,46.3,78.71,6.43901e-05,4.1152,315.0
2012-08-02 21:00:00.000039936,20.576,46.3,78.71,6.4846485e-05,4.6296,315.0
