Time,Vmax,Rmax_IBT,R34,fcor,u_trans,v_trans
2007-08-28 21:00:00.000039936,18.004,61.116,55.56,5.178951e-05,5.6584,30.0
2007-08-29 00:00:00.000039936,23.148,55.56,111.12,5.250265e-05,4.6296,25.0
2007-08-29 03:00:00.000039936,24.6912,51.856,101.397,5.321436e-05,4.1152,20.0
2007-08-29 06:00:00.000039936,25.720001,46.3,90.285,5.4161024e-05,4.1152,35.0
2007-08-29 09:00:00.000039936,27.2632,42.596,110.194,5.4869302e-05,4.6296,40.0
2007-08-29 12:00:00.000039936,28.292,37.04,129.64,5.5576067e-05,4.6296,25.0
2007-08-29 15:00:00.000039936,29.835201,42.596,127.787994,5.6516048e-05,5.144,10.0
2007-08-29 18:00:00.000039936,30.864,46.3,125.009995,5.7453286e-05,4.1152,0.0
2007-08-29 21:00:00.000039936,32.4072,46.3,125.009995,5.83877e-05,3.6008,0.0
2007-08-30 00:00:00.000039936,33.436,46.3,125.009995,5.9319285e-05,3.0864,5.0
2007-08-30 03:00:00.000039936,33.436,42.596,145.845,6.0016075e-05,3.0864,10.0
2007-08-30 06:00:00.000039936,33.436,37.04,166.68,6.0711227e-05,4.6296,5.0
2007-08-30 09:00:00.000039936,34.979202,37.04,177.329,6.186609e-05,5.6584,355.0
2007-08-30 12:00:00.000039936,36.008,37.04,187.515,6.3016254e-05,5.144,335.0
2007-08-30 15:00:00.000039936,37.5512,37.04,198.164,6.370404e-05,4.6296,305.0
2007-08-30 18:00:00.000039936,38.58,37.04,208.35,6.43901e-05,4.6296,295.0
2007-08-30 21:00:00.000039936,40.1232,42.596,211.12799,6.4846485e-05,4.1152,290.0
2007-08-31 00:00:00.000039936,41.152,46.3,212.98001,6.530208e-05,3.6008,305.0
2007-08-31 03:00:00.000039936,41.152,46.3,212.98001,6.575688e-05,3.0864,320.0
2007-08-31 06:00:00.000039936,41.152,46.3,212.98001,6.621089e-05,4.1152,310.0
2007-08-31 09:00:00.000039936,38.58,46.3,209.276,6.666408e-05,4.6296,300.0
2007-08-31 12:00:00.000039936,36.008,46.3,203.72,6.711647e-05,4.1152,295.0
2007-08-31 15:00:00.000039936,36.008,51.856,209.276,6.756802e-05,3.6008,290.0
2007-08-31 18:00:00.000039936,36.008,55.56,212.98001,6.7793495e-05,4.1152,290.0
2007-08-31 21:00:00.000039936,36.008,55.56,212.98001,6.8243826e-05,4.6296,290.0
2007-09-01 00:00:00.000039936,36.008,55.56,212.98001,6.8468675e-05,3.6008,285.0
2007-09-01 03:00:00.000039936,37.5512,46.3,244.001,6.8468675e-05,3.0864,275.0
2007-09-01 06:00:00.000039936,38.58,37.04,273.17,6.8468675e-05,3.6008,265.0
2007-09-01 09:00:00.000039936,38.58,42.596,261.13202,6.8468675e-05,3.6008,260.0
2007-09-01 12:00:00.000039936,38.58,46.3,247.705,6.8243826e-05,3.0864,255.0
2007-09-01 15:00:00.000039936,38.58,46.3,253.724,6.801876e-05,2.0576,250.0
2007-09-01 18:00:00.000039936,38.58,46.3,259.28,6.7793495e-05,2.0576,245.0
2007-09-01 21:00:00.000039936,38.58,46.3,262.05798,6.756802e-05,3.0864,250.0
2007-09-02 00:00:00.000039936,38.58,46.3,263.91,6.734234e-05,3.6008,250.0
2007-09-02 03:00:00.000039936,38.58,55.56,263.44702,6.711647e-05,4.1152,250.0
2007-09-02 06:00:00.000039936,38.58,64.82,261.595,6.666408e-05,3.6008,245.0
2007-09-02 09:00:00.000039936,40.1232,64.82,261.595,6.643758e-05,3.0864,245.0
2007-09-02 12:00:00.000039936,41.152,64.82,261.595,6.621089e-05,3.0864,255.0
2007-09-02 15:00:00.000039936,41.152,64.82,261.595,6.5983986e-05,3.0864,265.0
2007-09-02 18:00:00.000039936,41.152,64.82,261.595,6.5983986e-05,2.572,265.0
2007-09-02 21:00:00.000039936,41.152,64.82,259.74298,6.5983986e-05,2.572,265.0
2007-09-03 00:00:00.000039936,41.152,64.82,256.965,6.5983986e-05,2.572,275.0
2007-09-03 03:00:00.000039936,41.152,61.116,283.819,6.5983986e-05,3.0864,280.0
2007-09-03 06:00:00.000039936,41.152,55.56,310.21,6.621089e-05,3.6008,280.0
2007-09-03 09:00:00.000039936,41.152,55.56,286.597,6.643758e-05,4.1152,280.0
2007-09-03 12:00:00.000039936,41.152,55.56,261.595,6.666408e-05,4.6296,280.0
2007-09-03 15:00:00.000039936,41.152,55.56,258.817,6.689037e-05,5.6584,285.0
2007-09-03 18:00:00.000039936,41.152,55.56,254.65,6.711647e-05,5.6584,280.0
2007-09-03 21:00:00.000039936,40.1232,55.56,254.65,6.734234e-05,4.6296,275.0
2007-09-04 00:00:00.000039936,38.58,55.56,254.65,6.756802e-05,4.1152,280.0
2007-09-04 03:00:00.000039936,38.58,51.856,248.168,6.7793495e-05,4.6296,285.0
2007-09-04 06:00:00.000039936,38.58,46.3,240.76001,6.8243826e-05,4.6296,285.0
2007-09-04 09:00:00.000039936,38.58,51.856,246.77899,6.8468675e-05,4.6296,280.0
2007-09-04 12:00:00.000039936,38.58,55.56,252.33499,6.869332e-05,4.6296,290.0
2007-09-04 15:00:00.000039936,38.58,55.56,254.18701,6.914198e-05,4.6296,305.0
2007-09-04 18:00:00.000039936,38.58,55.56,254.65,6.981338e-05,4.6296,315.0
2007-09-04 21:00:00.000039936,38.58,55.56,258.354,7.048288e-05,5.144,320.0
2007-09-05 00:00:00.000039936,38.58,55.56,261.595,7.137252e-05,4.6296,315.0
2007-09-05 03:00:00.000039936,38.58,55.56,255.11299,7.2037474e-05,4.1152,315.0
2007-09-05 06:00:00.000039936,38.58,55.56,247.70499,7.247968e-05,3.0864,320.0
2007-09-05 09:00:00.000039936,40.1232,51.856,250.483,7.314133e-05,3.0864,320.0
2007-09-05 12:00:00.000039936,41.152,46.3,252.33499,7.380098e-05,3.0864,325.0
2007-09-05 15:00:00.000039936,41.152,46.3,252.33499,7.4458614e-05,3.6008,330.0
2007-09-05 18:00:00.000039936,41.152,46.3,252.33499,7.511419e-05,4.6296,345.0
2007-09-05 21:00:00.000039936,41.152,46.3,252.33499,7.620224e-05,6.1728,355.0
2007-09-06 00:00:00.000039936,41.152,46.3,252.33499,7.728449e-05,6.1728,0.0
2007-09-06 03:00:00.000039936,41.152,46.3,279.65198,7.8360856e-05,5.6584,5.0
2007-09-06 06:00:00.000039936,41.152,46.3,305.58002,7.943125e-05,5.144,5.0
2007-09-06 09:00:00.000039936,40.1232,70.376,303.72803,8.049559e-05,5.144,10.0
2007-09-06 12:00:00.000039936,38.58,92.6,300.95,8.176471e-05,6.1728,15.0
2007-09-06 14:00:00.000053248,37.0368,79.636,300.95,8.2815466e-05,7.716,15.0
