Time,Vmax,Rmax_IBT,R34,fcor,u_trans,v_trans
2006-08-06 12:00:00.000039936,20.576,37.04,74.08,5.5340646e-05,4.1152,290.0
2006-08-06 15:00:00.000039936,20.576,37.04,74.08,5.581132e-05,3.6008,285.0
2006-08-06 18:00:00.000039936,20.576,37.04,74.08,5.6046403e-05,3.6008,285.0
2006-08-06 21:00:00.000039936,22.1192,37.04,83.34,5.6281307e-05,3.0864,285.0
2006-08-07 00:00:00.000039936,23.148,37.04,92.6,5.6516048e-05,3.6008,285.0
2006-08-07 03:00:00.000039936,24.6912,37.04,101.397,5.6750614e-05,4.1152,285.0
2006-08-07 06:00:00.000039936,25.720001,37.04,108.805,5.6750614e-05,4.1152,285.0
2006-08-07 09:00:00.000039936,24.6912,37.04,108.805,5.6750614e-05,3.6008,280.0
2006-08-07 12:00:00.000039936,23.148,37.04,108.805,5.698501e-05,4.6296,280.0
2006-08-07 15:00:00.000039936,23.148,37.04,107.879,5.698501e-05,5.144,275.0
2006-08-07 18:00:00.000039936,23.148,37.04,106.490005,5.721923e-05,5.144,275.0
2006-08-07 21:00:00.000039936,23.148,42.596,107.879,5.721923e-05,5.6584,275.0
2006-08-08 00:00:00.000039936,23.148,46.3,108.805,5.7453286e-05,5.6584,275.0
2006-08-08 03:00:00.000039936,23.148,51.856,108.805,5.768715e-05,5.6584,275.0
2006-08-08 06:00:00.000039936,23.148,55.56,108.805,5.7920843e-05,5.6584,270.0
2006-08-08 09:00:00.000039936,24.6912,55.56,108.805,5.768715e-05,5.6584,260.0
2006-08-08 12:00:00.000039936,25.720001,55.56,108.805,5.7453286e-05,5.144,255.0
2006-08-08 15:00:00.000039936,27.2632,55.56,108.805,5.721923e-05,5.6584,255.0
2006-08-08 18:00:00.000039936,28.292,55.56,108.805,5.698501e-05,6.6872,260.0
