Time,Vmax,Rmax_IBT,R34,fcor,u_trans,v_trans
2019-08-06 00:00:00.000039936,18.004,120.38,250.01999,4.4340795e-05,4.6296,310.0
2019-08-06 03:00:00.000039936,19.5472,116.676,263.91,4.506766e-05,4.1152,310.0
2019-08-06 06:00:00.000039936,20.576,111.12,277.80002,4.6034886e-05,4.1152,315.0
2019-08-06 09:00:00.000039936,23.148,107.416,289.375,4.651767e-05,3.6008,320.0
2019-08-06 12:00:00.000039936,25.720001,101.86,300.94998,4.7240763e-05,3.6008,330.0
2019-08-06 15:00:00.000039936,28.292,88.895996,310.21,4.8202877e-05,4.1152,340.0
2019-08-06 18:00:00.000039936,30.864,74.08,319.47,4.916265e-05,4.6296,340.0
2019-08-06 21:00:00.000039936,32.4072,64.82,335.675,5.035898e-05,5.144,335.0
2019-08-07 00:00:00.000039936,33.436,55.56,351.88,5.131329e-05,4.1152,335.0
2019-08-07 03:00:00.000039936,36.008,55.56,361.14,5.2027382e-05,3.0864,330.0
2019-08-07 06:00:00.000039936,38.58,55.56,370.4,5.250265e-05,2.572,325.0
2019-08-07 09:00:00.000039936,38.58,55.56,377.345,5.2977284e-05,2.572,315.0
2019-08-07 12:00:00.000039936,38.58,55.56,384.29,5.345127e-05,2.0576,315.0
2019-08-07 15:00:00.000039936,40.1232,55.56,391.23502,5.3688025e-05,1.5432,320.0
2019-08-07 18:00:00.000039936,41.152,55.56,398.18,5.392461e-05,1.5432,315.0
2019-08-07 21:00:00.000039936,43.724,51.856,400.495,5.439729e-05,1.5432,315.0
2019-08-08 00:00:00.000039936,46.296,46.3,402.81,5.4633376e-05,1.0288,330.0
2019-08-08 03:00:00.000039936,48.868,35.188,405.125,5.4633376e-05,0.5144,10.0
2019-08-08 06:00:00.000039936,51.440002,22.223999,407.44,5.4633376e-05,0.5144,60.0
2019-08-08 09:00:00.000039936,51.440002,22.223999,414.385,5.4633376e-05,0.5144,100.0
2019-08-08 12:00:00.000039936,51.440002,22.223999,421.33002,5.4633376e-05,1.0288,100.0
2019-08-08 15:00:00.000039936,50.4112,27.78,428.275,5.4633376e-05,1.5432,95.0
2019-08-08 18:00:00.000039936,48.868,31.484,435.22,5.4633376e-05,1.0288,95.0
2019-08-08 21:00:00.000039936,48.868,37.04,442.165,5.4633376e-05,0.5144,90.0
2019-08-09 00:00:00.000039936,48.868,40.744,449.11002,5.4633376e-05,0.5144,85.0
2019-08-09 03:00:00.000039936,47.8392,40.744,456.05502,5.4633376e-05,1.0288,75.0
2019-08-09 06:00:00.000039936,46.296,40.744,463.00003,5.4633376e-05,1.0288,60.0
2019-08-09 09:00:00.000039936,45.2672,40.744,469.94504,5.4869302e-05,1.0288,45.0
2019-08-09 12:00:00.000039936,43.724,40.744,476.89,5.510506e-05,0.5144,25.0
2019-08-09 15:00:00.000039936,41.152,57.412,472.26,5.5340646e-05,0.5144,350.0
2019-08-09 18:00:00.000039936,38.58,74.08,467.63004,5.5576067e-05,1.0288,0.0
2019-08-09 21:00:00.000039936,37.5512,107.416,469.94504,5.6046403e-05,1.5432,355.0
2019-08-10 00:00:00.000039936,36.008,138.9,472.26,5.6281307e-05,1.5432,330.0
2019-08-10 03:00:00.000039936,34.979202,138.9,472.26,5.6516048e-05,2.0576,300.0
2019-08-10 06:00:00.000039936,33.436,138.9,472.26,5.6516048e-05,1.5432,280.0
2019-08-10 09:00:00.000039936,32.4072,144.456,472.26,5.6516048e-05,1.5432,260.0
2019-08-10 12:00:00.000039936,30.864,148.16,472.26,5.6516048e-05,1.0288,260.0
2019-08-10 15:00:00.000039936,30.864,157.42,467.63,5.6516048e-05,1.0288,275.0
2019-08-10 18:00:00.000039936,30.864,166.68,463.0,5.6516048e-05,1.0288,305.0
2019-08-10 21:00:00.000039936,30.864,203.72,458.37003,5.6750614e-05,2.0576,315.0
2019-08-11 00:00:00.000039936,30.864,240.76,453.74002,5.698501e-05,2.572,315.0
2019-08-11 03:00:00.000039936,30.864,240.76,432.905,5.721923e-05,3.0864,315.0
2019-08-11 06:00:00.000039936,30.864,240.76,412.07,5.768715e-05,3.6008,305.0
2019-08-11 09:00:00.000039936,29.835201,240.76,412.07,5.8154368e-05,3.6008,295.0
2019-08-11 12:00:00.000039936,28.292,240.76,412.07,5.83877e-05,3.0864,295.0
2019-08-11 15:00:00.000039936,27.2632,240.76,412.07,5.862087e-05,3.0864,295.0
2019-08-11 18:00:00.000039936,25.720001,240.76,412.07,5.9086666e-05,3.6008,300.0
2019-08-11 21:00:00.000039936,25.720001,231.5,405.12503,5.9551734e-05,3.6008,305.0
2019-08-12 00:00:00.000039936,25.720001,222.24,398.18002,6.0247978e-05,2.572,320.0
2019-08-12 03:00:00.000039936,25.720001,231.5,400.495,6.0711227e-05,2.572,340.0
2019-08-12 06:00:00.000039936,25.720001,240.76,402.81,6.1635496e-05,4.1152,345.0
2019-08-12 09:00:00.000039936,25.720001,240.76,407.44,6.3016254e-05,5.144,335.0
2019-08-12 12:00:00.000039936,25.720001,74.08,412.07,6.370404e-05,5.6584,330.0
2019-08-12 15:00:00.000039936,25.720001,157.42,421.33002,6.507438e-05,6.1728,325.0
2019-08-12 18:00:00.000039936,25.720001,240.76,430.59,6.621089e-05,6.1728,310.0
2019-08-12 21:00:00.000039936,25.720001,231.5,435.22,6.666408e-05,6.1728,295.0
2019-08-13 00:00:00.000039936,25.720001,222.24,439.84998,6.689037e-05,4.6296,290.0
2019-08-13 03:00:00.000039936,25.720001,212.98,435.22,6.711647e-05,3.0864,300.0
2019-08-13 06:00:00.000039936,25.720001,203.72,430.59,6.756802e-05,2.572,315.0
2019-08-13 09:00:00.000039936,25.720001,203.72,430.59,6.7793495e-05,3.0864,315.0
2019-08-13 12:00:00.000039936,25.720001,203.72,430.59,6.8243826e-05,3.0864,305.0
2019-08-13 15:00:00.000039936,25.720001,203.72,425.96,6.869332e-05,3.0864,295.0
2019-08-13 18:00:00.000039936,25.720001,203.72,421.33,6.914198e-05,2.572,305.0
2019-08-13 21:00:00.000039936,27.2632,175.94,421.33,6.958979e-05,2.572,325.0
2019-08-14 00:00:00.000039936,28.292,148.16,421.33,7.003676e-05,3.0864,335.0
2019-08-14 03:00:00.000039936,28.292,157.42,421.33,7.07056e-05,4.1152,345.0
2019-08-14 06:00:00.000039936,28.292,166.68,421.33,7.159438e-05,4.6296,345.0
2019-08-14 09:00:00.000039936,28.292,144.456,416.69998,7.270045e-05,4.6296,345.0
2019-08-14 12:00:00.000039936,28.292,120.38,412.06998,7.380098e-05,4.6296,350.0
2019-08-14 15:00:00.000039936,28.292,153.716,395.865,7.4895885e-05,5.6584,350.0
2019-08-14 18:00:00.000039936,28.292,185.2,379.66,7.5985095e-05,6.1728,355.0
2019-08-14 21:00:00.000039936,28.292,185.2,370.4,7.70685e-05,6.6872,355.0
2019-08-15 00:00:00.000039936,28.292,185.2,361.14,7.8360856e-05,7.716,355.0
2019-08-15 02:00:00.000053248,27.2632,179.644,350.02798,7.943125e-05,7.716,355.0
