Time,Vmax,Rmax_IBT,R34,fcor,u_trans,v_trans
2015-07-04 00:00:00.000039936,18.004,83.34,69.45,2.5575835e-05,5.6584,305.0
2015-07-04 03:00:00.000039936,18.004,83.34,76.858,2.6827835e-05,7.2016,300.0
2015-07-04 06:00:00.000039936,18.004,83.34,83.340004,2.7827968e-05,8.2304,290.0
2015-07-04 09:00:00.000039936,19.5472,83.34,83.340004,2.8327528e-05,8.744801,280.0
2015-07-04 12:00:00.000039936,20.576,83.34,83.340004,2.8327528e-05,7.716,275.0
2015-07-04 15:00:00.000039936,22.1192,79.636,94.452,2.8327528e-05,6.6872,275.0
2015-07-04 18:00:00.000039936,23.148,74.08,104.174995,2.807779e-05,6.1728,275.0
2015-07-04 21:00:00.000039936,23.148,70.376,109.268,2.807779e-05,5.6584,275.0
2015-07-05 00:00:00.000039936,23.148,64.82,113.435,2.8327528e-05,5.144,270.0
2015-07-05 03:00:00.000039936,23.148,61.116,123.158005,2.8327528e-05,5.144,265.0
2015-07-05 06:00:00.000039936,23.148,55.56,131.95499,2.8327528e-05,6.1728,265.0
2015-07-05 09:00:00.000039936,24.6912,55.56,131.95499,2.8327528e-05,7.2016,270.0
2015-07-05 12:00:00.000039936,25.720001,55.56,131.95499,2.8327528e-05,6.6872,275.0
2015-07-05 15:00:00.000039936,27.2632,55.56,142.604,2.857718e-05,5.6584,280.0
2015-07-05 18:00:00.000039936,28.292,55.56,152.79001,2.882674e-05,6.1728,285.0
2015-07-05 21:00:00.000039936,29.835201,55.56,155.568,2.9076216e-05,7.2016,285.0
2015-07-06 00:00:00.000039936,30.864,55.56,157.42,2.9325609e-05,6.6872,280.0
2015-07-06 03:00:00.000039936,33.436,38.892,162.04999,2.9574905e-05,5.6584,275.0
2015-07-06 06:00:00.000039936,36.008,22.223999,166.68,3.0073232e-05,5.144,285.0
2015-07-06 09:00:00.000039936,38.58,35.188,166.68,3.0322259e-05,5.144,295.0
2015-07-06 12:00:00.000039936,41.152,46.3,166.68,3.0820032e-05,5.144,295.0
2015-07-06 15:00:00.000039936,43.724,37.04,166.68,3.1068776e-05,5.6584,290.0
2015-07-06 18:00:00.000039936,46.296,27.78,166.68,3.156599e-05,6.1728,290.0
2015-07-06 21:00:00.000039936,48.868,25.928,166.68,3.231108e-05,6.6872,295.0
2015-07-07 00:00:00.000039936,51.440002,22.223999,166.68,3.305528e-05,6.1728,295.0
2015-07-07 03:00:00.000039936,54.012,27.78,177.329,3.3798577e-05,5.6584,300.0
2015-07-07 06:00:00.000039936,56.584,31.484,187.51501,3.454095e-05,6.1728,300.0
2015-07-07 09:00:00.000039936,60.6992,29.632,178.718,3.5282377e-05,6.1728,305.0
2015-07-07 12:00:00.000039936,64.3,27.78,168.995,3.6022833e-05,6.6872,305.0
2015-07-07 15:00:00.000039936,64.3,25.928,168.995,3.700857e-05,7.2016,300.0
2015-07-07 18:00:00.000039936,64.3,22.223999,168.995,3.7746686e-05,7.2016,295.0
2015-07-07 21:00:00.000039936,61.728,22.223999,168.995,3.8483773e-05,7.716,285.0
2015-07-08 00:00:00.000039936,61.728,18.52,189.82999,3.872924e-05,6.1728,275.0
2015-07-08 03:00:00.000039936,60.6992,20.372,199.55301,3.872924e-05,4.1152,275.0
2015-07-08 06:00:00.000039936,59.156002,22.223999,208.35,3.897458e-05,4.1152,290.0
2015-07-08 09:00:00.000039936,59.156002,22.223999,192.608,3.9464914e-05,5.144,305.0
2015-07-08 12:00:00.000039936,59.156002,22.223999,175.93999,4.0199502e-05,6.1728,300.0
2015-07-08 15:00:00.000039936,60.6992,25.928,181.033,4.093299e-05,6.6872,295.0
2015-07-08 18:00:00.000039936,61.728,27.78,185.2,4.142137e-05,6.1728,295.0
2015-07-08 21:00:00.000039936,63.271202,27.78,209.739,4.1909232e-05,5.144,295.0
2015-07-09 00:00:00.000039936,64.3,27.78,233.815,4.2640077e-05,5.144,300.0
2015-07-09 03:00:00.000039936,65.8432,27.78,233.815,4.3369746e-05,5.6584,305.0
2015-07-09 06:00:00.000039936,66.872,27.78,233.815,4.409823e-05,6.6872,295.0
2015-07-09 09:00:00.000039936,68.4152,24.076,243.075,4.458322e-05,7.2016,285.0
2015-07-09 12:00:00.000039936,69.444,18.52,252.335,4.506766e-05,6.1728,285.0
2015-07-09 15:00:00.000039936,69.444,20.372,252.335,4.5309676e-05,4.6296,280.0
2015-07-09 18:00:00.000039936,69.444,22.223999,252.335,4.5309676e-05,4.1152,275.0
2015-07-09 21:00:00.000039936,66.872,22.223999,249.09401,4.5551555e-05,4.1152,275.0
2015-07-10 00:00:00.000039936,64.3,22.223999,245.39,4.5793287e-05,4.1152,280.0
2015-07-10 03:00:00.000039936,63.271202,20.372,245.39,4.6034886e-05,3.6008,285.0
2015-07-10 06:00:00.000039936,61.728,18.52,245.39,4.6034886e-05,3.6008,270.0
2015-07-10 09:00:00.000039936,60.6992,18.52,245.39,4.5793287e-05,3.0864,255.0
2015-07-10 12:00:00.000039936,59.156002,18.52,245.39,4.5551555e-05,3.0864,265.0
2015-07-10 15:00:00.000039936,56.584,18.52,245.39,4.5551555e-05,3.6008,275.0
2015-07-10 18:00:00.000039936,54.012,18.52,245.39,4.5793287e-05,3.0864,280.0
2015-07-10 21:00:00.000039936,52.9832,18.52,245.39,4.6034886e-05,3.0864,275.0
2015-07-11 00:00:00.000039936,51.440002,18.52,245.39,4.6034886e-05,2.572,270.0
2015-07-11 03:00:00.000039936,47.8392,24.076,255.113,4.6034886e-05,2.572,270.0
2015-07-11 06:00:00.000039936,43.724,27.78,263.90997,4.6034886e-05,2.572,275.0
2015-07-11 09:00:00.000039936,42.6952,27.78,259.28,4.6034886e-05,2.572,280.0
2015-07-11 12:00:00.000039936,41.152,27.78,254.65,4.6034886e-05,2.572,275.0
2015-07-11 15:00:00.000039936,40.1232,27.78,254.65,4.5793287e-05,2.572,265.0
2015-07-11 18:00:00.000039936,38.58,27.78,254.65,4.5793287e-05,2.572,265.0
2015-07-11 21:00:00.000039936,38.58,27.78,274.559,4.5793287e-05,2.572,270.0
2015-07-12 00:00:00.000039936,38.58,27.78,294.005,4.5793287e-05,2.0576,285.0
2015-07-12 03:00:00.000039936,40.1232,27.78,272.244,4.5793287e-05,1.5432,310.0
2015-07-12 06:00:00.000039936,41.152,27.78,250.01999,4.6034886e-05,1.5432,320.0
2015-07-12 09:00:00.000039936,42.6952,27.78,250.01999,4.627635e-05,1.5432,320.0
2015-07-12 12:00:00.000039936,43.724,27.78,250.01999,4.675884e-05,1.5432,325.0
2015-07-12 15:00:00.000039936,45.2672,27.78,250.01999,4.7240763e-05,2.0576,330.0
2015-07-12 18:00:00.000039936,46.296,27.78,250.01999,4.7722115e-05,2.0576,345.0
2015-07-12 21:00:00.000039936,47.8392,27.78,250.01999,4.8202877e-05,2.572,355.0
2015-07-13 00:00:00.000039936,48.868,27.78,250.01999,4.892293e-05,3.6008,355.0
2015-07-13 03:00:00.000039936,48.868,24.076,283.819,4.9880902e-05,4.6296,350.0
2015-07-13 06:00:00.000039936,48.868,18.52,317.155,5.1074945e-05,4.6296,350.0
2015-07-13 09:00:00.000039936,47.8392,18.52,336.138,5.2027382e-05,4.6296,350.0
2015-07-13 12:00:00.000039936,46.296,18.52,354.195,5.2977284e-05,4.6296,345.0
2015-07-13 15:00:00.000039936,46.296,16.668,370.863,5.392461e-05,4.6296,345.0
2015-07-13 18:00:00.000039936,46.296,12.964,386.605,5.4869302e-05,3.6008,350.0
2015-07-13 21:00:00.000039936,46.296,20.372,386.605,5.581132e-05,3.0864,355.0
2015-07-14 00:00:00.000039936,46.296,27.78,386.605,5.6750614e-05,4.1152,0.0
2015-07-14 03:00:00.000039936,46.296,42.596,386.605,5.768715e-05,4.6296,0.0
2015-07-14 06:00:00.000039936,46.296,55.56,386.605,5.862087e-05,4.1152,5.0
2015-07-14 09:00:00.000039936,47.8392,37.04,386.605,5.9551734e-05,3.6008,0.0
2015-07-14 12:00:00.000039936,48.868,18.52,386.605,6.0479695e-05,4.6296,355.0
2015-07-14 15:00:00.000039936,48.868,18.52,386.605,6.1635496e-05,5.6584,355.0
2015-07-14 18:00:00.000039936,48.868,18.52,386.605,6.278661e-05,5.6584,355.0
2015-07-14 21:00:00.000039936,46.296,20.372,381.975,6.393293e-05,5.144,355.0
2015-07-15 00:00:00.000039936,43.724,22.223999,377.345,6.507438e-05,5.6584,350.0
2015-07-15 03:00:00.000039936,43.724,22.223999,385.67902,6.643758e-05,6.1728,345.0
2015-07-15 06:00:00.000039936,43.724,22.223999,393.55002,6.7793495e-05,6.6872,345.0
2015-07-15 09:00:00.000039936,42.6952,22.223999,393.55002,6.8917754e-05,6.6872,345.0
2015-07-15 12:00:00.000039936,41.152,22.223999,393.55002,7.025991e-05,6.6872,345.0
2015-07-15 15:00:00.000039936,40.1232,22.223999,393.55002,7.159438e-05,5.6584,345.0
2015-07-15 18:00:00.000039936,38.58,22.223999,393.55002,7.2921e-05,5.6584,340.0
2015-07-15 21:00:00.000039936,38.58,22.223999,334.749,7.402041e-05,5.6584,335.0
2015-07-16 00:00:00.000039936,38.58,22.223999,275.48502,7.511419e-05,5.144,340.0
2015-07-16 03:00:00.000039936,37.5512,25.928,275.48502,7.620224e-05,5.144,350.0
2015-07-16 06:00:00.000039936,36.008,27.78,275.48502,7.728449e-05,5.144,355.0
2015-07-16 09:00:00.000039936,34.979202,33.336,258.354,7.85754e-05,5.6584,350.0
2015-07-16 12:00:00.000039936,33.436,37.04,240.76,7.9644604e-05,5.6584,345.0
