Time,Vmax,Rmax_IBT,R34,fcor,u_trans,v_trans
2022-08-22 12:00:00.000039936,23.148,55.56,85.65501,6.416161e-05,5.6584,350.0
2022-08-22 15:00:00.000039936,24.6912,51.856,106.02699,6.552959e-05,6.6872,345.0
2022-08-22 18:00:00.000039936,25.720001,46.3,125.009995,6.711647e-05,7.2016,340.0
2022-08-22 21:00:00.000039936,28.292,46.3,131.492,6.869332e-05,8.2304,340.0
2022-08-23 00:00:00.000039936,30.864,46.3,136.585,7.025991e-05,8.744801,340.0
2022-08-23 03:00:00.000039936,32.4072,37.04,134.733,7.181604e-05,8.744801,340.0
2022-08-23 06:00:00.000039936,33.436,27.78,131.955,7.336144e-05,8.2304,335.0
2022-08-23 09:00:00.000039936,37.5512,18.52,132.418,7.4895885e-05,7.716,335.0
2022-08-23 12:00:00.000039936,41.152,9.26,131.955,7.641916e-05,7.2016,335.0
2022-08-23 15:00:00.000039936,45.2672,9.26,143.993,7.793102e-05,7.2016,345.0
2022-08-23 18:00:00.000039936,48.868,9.26,155.105,7.943125e-05,6.6872,350.0
2022-08-23 21:00:00.000039936,48.868,9.26,162.513,8.070772e-05,6.6872,0.0
2022-08-24 00:00:00.000039936,48.868,9.26,168.995,8.197536e-05,5.6584,10.0
2022-08-24 03:00:00.000039936,47.8392,16.668,171.77301,8.302487e-05,5.6584,20.0
2022-08-24 06:00:00.000039936,46.296,22.223999,173.625,8.4068044e-05,5.6584,20.0
2022-08-24 09:00:00.000039936,45.2672,22.223999,174.088,8.510482e-05,5.6584,20.0
2022-08-24 12:00:00.000039936,43.724,22.223999,173.625,8.6340384e-05,5.6584,25.0
2022-08-24 15:00:00.000039936,41.152,22.223999,174.088,8.7362794e-05,6.1728,30.0
2022-08-24 18:00:00.000039936,38.58,22.223999,173.625,8.837856e-05,7.2016,30.0
2022-08-24 21:00:00.000039936,36.008,22.223999,174.551,8.9789304e-05,8.744801,30.0
2022-08-25 00:00:00.000039936,33.436,22.223999,173.625,9.138516e-05,9.7736,30.0
2022-08-25 03:00:00.000039936,30.864,53.708,171.77301,9.315918e-05,10.802401,35.0
