Time,Vmax,Rmax_IBT,R34,fcor,u_trans,v_trans
2009-08-17 18:00:00.000039936,18.004,37.04,55.56,3.7500762e-05,4.6296,335.0
2009-08-17 21:00:00.000039936,19.5472,37.04,55.56,3.8483773e-05,5.144,335.0
2009-08-18 00:00:00.000039936,20.576,37.04,55.56,3.9219805e-05,4.6296,340.0
2009-08-18 03:00:00.000039936,22.1192,46.3,55.56,3.995476e-05,3.6008,340.0
2009-08-18 06:00:00.000039936,23.148,55.56,55.56,4.0688625e-05,2.572,345.0
2009-08-18 09:00:00.000039936,24.6912,55.56,54.634,4.142137e-05,2.572,345.0
2009-08-18 12:00:00.000039936,25.720001,55.56,53.245,4.1909232e-05,2.0576,350.0
2009-08-18 15:00:00.000039936,27.2632,55.56,59.264,4.239659e-05,2.0576,360.0
2009-08-18 18:00:00.000039936,28.292,55.56,64.82,4.2640077e-05,1.5432,15.0
2009-08-18 21:00:00.000039936,30.864,51.856,80.099,4.288343e-05,1.5432,35.0
2009-08-19 00:00:00.000039936,33.436,46.3,94.91499,4.3369746e-05,2.0576,35.0
2009-08-19 03:00:00.000039936,36.008,42.596,105.101,4.385554e-05,2.0576,25.0
2009-08-19 06:00:00.000039936,38.58,37.04,113.435,4.4340795e-05,2.0576,10.0
2009-08-19 09:00:00.000039936,42.6952,37.04,125.473,4.4825505e-05,1.5432,345.0
2009-08-19 12:00:00.000039936,46.296,37.04,136.58499,4.506766e-05,1.5432,325.0
2009-08-19 15:00:00.000039936,47.8392,37.04,136.58499,4.5309676e-05,1.5432,320.0
2009-08-19 18:00:00.000039936,48.868,37.04,136.58499,4.5551555e-05,1.5432,340.0
2009-08-19 21:00:00.000039936,51.440002,42.596,136.58499,4.5793287e-05,2.0576,355.0
2009-08-20 00:00:00.000039936,54.012,46.3,136.58499,4.627635e-05,1.5432,340.0
2009-08-20 03:00:00.000039936,55.5552,46.3,137.974,4.651767e-05,1.5432,325.0
2009-08-20 06:00:00.000039936,56.584,46.3,138.9,4.6999867e-05,1.5432,325.0
2009-08-20 09:00:00.000039936,56.584,46.3,205.10901,4.748151e-05,1.5432,335.0
2009-08-20 12:00:00.000039936,56.584,46.3,270.855,4.7722115e-05,1.5432,335.0
2009-08-20 15:00:00.000039936,58.1272,37.04,268.077,4.796257e-05,1.5432,335.0
2009-08-20 18:00:00.000039936,59.156002,27.78,263.91,4.8202877e-05,2.0576,335.0
2009-08-20 21:00:00.000039936,59.156002,27.78,242.149,4.892293e-05,3.0864,340.0
2009-08-21 00:00:00.000039936,59.156002,27.78,219.925,4.9641636e-05,3.0864,350.0
2009-08-21 03:00:00.000039936,60.6992,27.78,225.481,5.035898e-05,3.6008,0.0
2009-08-21 06:00:00.000039936,61.728,27.78,229.185,5.1074945e-05,3.0864,0.0
2009-08-21 09:00:00.000039936,61.728,27.78,215.758,5.178951e-05,3.0864,360.0
2009-08-21 12:00:00.000039936,61.728,27.78,201.405,5.250265e-05,4.6296,5.0
2009-08-21 15:00:00.000039936,60.6992,33.336,184.737,5.392461e-05,5.6584,5.0
2009-08-21 18:00:00.000039936,59.156002,37.04,166.68,5.5340646e-05,6.6872,0.0
2009-08-21 21:00:00.000039936,58.1272,37.04,176.40302,5.6750614e-05,6.6872,355.0
2009-08-22 00:00:00.000039936,56.584,37.04,185.2,5.8154368e-05,6.6872,345.0
2009-08-22 03:00:00.000039936,55.5552,42.596,176.40302,5.9551734e-05,6.1728,345.0
2009-08-22 06:00:00.000039936,54.012,46.3,166.68,6.0711227e-05,5.6584,340.0
2009-08-22 09:00:00.000039936,52.9832,46.3,170.384,6.186609e-05,5.144,335.0
2009-08-22 12:00:00.000039936,51.440002,46.3,173.625,6.3016254e-05,5.144,335.0
2009-08-22 15:00:00.000039936,50.4112,46.3,176.40298,6.416161e-05,5.144,340.0
2009-08-22 18:00:00.000039936,48.868,46.3,178.25499,6.507438e-05,5.144,340.0
2009-08-22 21:00:00.000039936,48.868,46.3,186.589,6.5983986e-05,5.6584,340.0
2009-08-23 00:00:00.000039936,48.868,46.3,194.45999,6.711647e-05,5.144,345.0
2009-08-23 03:00:00.000039936,47.8392,46.3,194.45999,6.8243826e-05,5.144,350.0
2009-08-23 06:00:00.000039936,46.296,46.3,194.45999,6.936598e-05,4.6296,350.0
2009-08-23 09:00:00.000039936,46.296,46.3,199.09001,7.025991e-05,4.1152,345.0
2009-08-23 12:00:00.000039936,46.296,46.3,203.72,7.115043e-05,4.1152,345.0
2009-08-23 15:00:00.000039936,46.296,46.3,212.98001,7.2037474e-05,4.1152,350.0
2009-08-23 18:00:00.000039936,46.296,46.3,222.23999,7.2921e-05,4.6296,5.0
2009-08-23 21:00:00.000039936,46.296,46.3,207.424,7.402041e-05,5.6584,15.0
2009-08-24 00:00:00.000039936,46.296,46.3,192.14499,7.511419e-05,5.6584,10.0
2009-08-24 03:00:00.000039936,46.296,46.3,200.016,7.641916e-05,5.6584,5.0
2009-08-24 06:00:00.000039936,46.296,46.3,206.035,7.771575e-05,6.6872,10.0
2009-08-24 09:00:00.000039936,46.296,51.856,209.73901,7.921766e-05,7.716,10.0
2009-08-24 12:00:00.000039936,46.296,55.56,212.98001,8.0919635e-05,8.744801,15.0
2009-08-24 15:00:00.000039936,46.296,55.56,212.98001,8.2815466e-05,10.288,15.0
2009-08-24 18:00:00.000039936,46.296,55.56,212.98001,8.489798e-05,11.8312,15.0
2009-08-24 21:00:00.000039936,46.296,55.56,212.98001,8.7362794e-05,13.8888,15.0
2009-08-25 00:00:00.000039936,46.296,55.56,212.98001,8.998974e-05,15.9464,20.0
2009-08-25 03:00:00.000039936,42.6952,61.116,214.369,9.296319e-05,18.5184,25.0
2009-08-25 06:00:00.000039936,38.58,64.82,215.29501,9.625596e-05,21.0904,25.0
2009-08-25 09:00:00.000039936,36.008,79.636,248.16798,9.983573e-05,22.6336,30.0
