Time,Vmax,Rmax_IBT,R34,fcor,u_trans,v_trans
2023-08-30 18:00:00.000039936,23.148,48.152,116.675995,3.5529305e-05,5.144,10.0
2023-08-30 21:00:00.000039936,25.720001,44.447998,116.675995,3.67623e-05,6.1728,0.0
2023-08-31 00:00:00.000039936,27.7776,40.744,116.675995,3.8483773e-05,7.716,355.0
2023-08-31 03:00:00.000039936,29.3208,40.744,118.991,4.0688625e-05,8.744801,350.0
2023-08-31 06:00:00.000039936,30.864,40.744,120.843,4.2640077e-05,7.716,345.0
2023-08-31 09:00:00.000039936,29.3208,40.744,128.251,4.385554e-05,6.6872,335.0
2023-08-31 12:00:00.000039936,27.7776,40.744,135.196,4.506766e-05,6.6872,325.0
2023-08-31 15:00:00.000039936,27.7776,37.04,141.678,4.651767e-05,7.716,320.0
2023-08-31 18:00:00.000039936,27.7776,31.484,147.234,4.796257e-05,8.2304,320.0
2023-08-31 21:00:00.000039936,27.2632,37.04,147.234,4.9402213e-05,8.2304,320.0
2023-09-01 00:00:00.000039936,26.2344,40.744,147.234,5.083645e-05,8.744801,330.0
2023-09-01 03:00:00.000039936,24.6912,48.152,147.234,5.250265e-05,8.744801,335.0
2023-09-01 06:00:00.000039936,23.148,55.56,147.234,5.439729e-05,9.2592,325.0
2023-09-01 09:00:00.000039936,21.604801,55.56,147.234,5.6046403e-05,9.2592,320.0
2023-09-01 12:00:00.000039936,20.0616,55.56,147.234,5.7453286e-05,8.744801,315.0
2023-09-01 15:00:00.000039936,19.0328,55.56,150.47499,5.8853857e-05,8.2304,315.0
