Time,Vmax,Rmax_IBT,R34,fcor,u_trans,v_trans
2005-08-19 18:00:00.000039936,23.148,46.3,64.82,5.155148e-05,1.0288,300.0
2005-08-19 21:00:00.000039936,23.148,46.3,64.82,5.178951e-05,1.5432,305.0
2005-08-20 00:00:00.000039936,23.148,46.3,64.82,5.2027382e-05,2.0576,310.0
2005-08-20 03:00:00.000039936,24.6912,46.3,96.304,5.22651e-05,2.0576,310.0
2005-08-20 06:00:00.000039936,25.720001,46.3,127.325,5.250265e-05,2.0576,310.0
2005-08-20 09:00:00.000039936,27.2632,42.596,134.733,5.2740055e-05,2.0576,310.0
2005-08-20 12:00:00.000039936,28.292,37.04,141.215,5.2977284e-05,2.0576,320.0
2005-08-20 15:00:00.000039936,29.835201,33.336,144.919,5.321436e-05,2.0576,325.0
2005-08-20 18:00:00.000039936,30.864,27.78,148.16,5.3688025e-05,2.572,315.0
2005-08-20 21:00:00.000039936,36.008,18.52,162.04999,5.4161024e-05,3.0864,310.0
2005-08-21 00:00:00.000039936,41.152,9.26,175.93999,5.4633376e-05,2.572,315.0
2005-08-21 03:00:00.000039936,46.296,14.816,192.145,5.510506e-05,2.572,325.0
2005-08-21 06:00:00.000039936,51.440002,18.52,208.35,5.5340646e-05,2.0576,320.0
2005-08-21 09:00:00.000039936,56.584,18.52,210.66501,5.581132e-05,2.0576,310.0
2005-08-21 12:00:00.000039936,61.728,18.52,212.98001,5.6281307e-05,2.0576,310.0
2005-08-21 15:00:00.000039936,63.271202,18.52,212.98001,5.6750614e-05,2.572,315.0
2005-08-21 18:00:00.000039936,64.3,18.52,212.98001,5.721923e-05,2.572,315.0
2005-08-21 21:00:00.000039936,64.3,18.52,212.98001,5.7453286e-05,2.572,320.0
2005-08-22 00:00:00.000039936,64.3,18.52,212.98001,5.7920843e-05,2.572,325.0
2005-08-22 03:00:00.000039936,64.3,18.52,212.98001,5.83877e-05,2.0576,330.0
2005-08-22 06:00:00.000039936,64.3,18.52,212.98001,5.8853857e-05,2.0576,320.0
2005-08-22 09:00:00.000039936,61.728,18.52,203.72,5.9086666e-05,2.0576,315.0
2005-08-22 12:00:00.000039936,59.156002,18.52,194.46,5.9551734e-05,3.0864,315.0
2005-08-22 15:00:00.000039936,55.5552,18.52,194.46,6.0247978e-05,4.1152,320.0
2005-08-22 18:00:00.000039936,51.440002,18.52,194.46,6.0942573e-05,4.6296,325.0
2005-08-22 21:00:00.000039936,51.440002,18.52,194.46,6.1635496e-05,4.6296,335.0
2005-08-23 00:00:00.000039936,51.440002,18.52,194.46,6.255676e-05,4.6296,345.0
2005-08-23 03:00:00.000039936,51.440002,24.076,199.09001,6.3474974e-05,4.6296,350.0
2005-08-23 06:00:00.000039936,51.440002,27.78,203.72,6.461839e-05,4.1152,345.0
2005-08-23 09:00:00.000039936,51.440002,24.076,203.72,6.552959e-05,4.1152,340.0
2005-08-23 12:00:00.000039936,51.440002,18.52,203.72,6.643758e-05,4.1152,340.0
2005-08-23 15:00:00.000039936,51.440002,18.52,203.72,6.734234e-05,4.6296,340.0
2005-08-23 18:00:00.000039936,51.440002,18.52,203.72,6.8243826e-05,4.6296,350.0
2005-08-23 21:00:00.000039936,51.440002,24.076,206.035,6.914198e-05,4.6296,355.0
2005-08-24 00:00:00.000039936,51.440002,27.78,208.35,7.025991e-05,4.6296,0.0
2005-08-24 03:00:00.000039936,51.440002,27.78,208.35,7.115043e-05,5.144,5.0
2005-08-24 06:00:00.000039936,51.440002,27.78,208.35,7.2258685e-05,5.144,5.0
2005-08-24 09:00:00.000039936,51.440002,27.78,208.35,7.336144e-05,5.144,5.0
2005-08-24 12:00:00.000039936,51.440002,27.78,208.35,7.4458614e-05,5.144,0.0
2005-08-24 15:00:00.000039936,50.4112,27.78,208.35,7.5550095e-05,4.6296,360.0
2005-08-24 18:00:00.000039936,48.868,27.78,208.35,7.641916e-05,4.6296,0.0
2005-08-24 21:00:00.000039936,48.868,27.78,215.29498,7.728449e-05,5.6584,5.0
2005-08-25 00:00:00.000039936,48.868,27.78,222.23999,7.8360856e-05,5.144,15.0
2005-08-25 03:00:00.000039936,47.8392,27.78,208.34999,7.921766e-05,5.144,35.0
2005-08-25 06:00:00.000039936,46.296,27.78,194.45999,8.028322e-05,5.6584,35.0
2005-08-25 09:00:00.000039936,46.296,27.78,201.405,8.134267e-05,6.1728,35.0
2005-08-25 12:00:00.000039936,46.296,27.78,208.35,8.239592e-05,6.6872,45.0
2005-08-25 15:00:00.000039936,45.2672,27.78,203.72,8.3234e-05,6.6872,45.0
2005-08-25 17:00:00.000053248,44.2384,27.78,200.479,8.3859915e-05,6.6872,50.0
