Time,Vmax,Rmax_IBT,R34,fcor,u_trans,v_trans
2013-08-09 18:00:00.000039936,23.148,55.56,69.45,3.404614e-05,5.144,270.0
2013-08-09 21:00:00.000039936,25.720001,51.856,81.488,3.404614e-05,5.6584,275.0
2013-08-10 00:00:00.000039936,28.292,46.3,92.6,3.4293596e-05,6.1728,280.0
2013-08-10 03:00:00.000039936,32.4072,42.596,110.657,3.454095e-05,6.6872,280.0
2013-08-10 06:00:00.000039936,36.008,37.04,127.325,3.47882e-05,6.1728,280.0
2013-08-10 09:00:00.000039936,41.152,33.336,144.919,3.5035337e-05,5.144,275.0
2013-08-10 12:00:00.000039936,46.296,27.78,162.04999,3.5282377e-05,5.144,280.0
2013-08-10 15:00:00.000039936,46.296,27.78,162.04999,3.5529305e-05,5.6584,280.0
2013-08-10 18:00:00.000039936,46.296,27.78,162.04999,3.6022833e-05,5.6584,280.0
2013-08-10 21:00:00.000039936,47.8392,27.78,181.496,3.626943e-05,5.6584,285.0
2013-08-11 00:00:00.000039936,48.868,27.78,199.09,3.651592e-05,6.1728,295.0
2013-08-11 03:00:00.000039936,52.9832,25.928,222.703,3.7254722e-05,6.1728,300.0
2013-08-11 06:00:00.000039936,56.584,22.223999,245.39001,3.7992504e-05,6.6872,295.0
2013-08-11 09:00:00.000039936,61.728,22.223999,261.132,3.8483773e-05,6.6872,290.0
2013-08-11 12:00:00.000039936,66.872,22.223999,275.485,3.897458e-05,6.6872,290.0
2013-08-11 15:00:00.000039936,64.3,22.223999,268.077,3.9709896e-05,7.2016,295.0
2013-08-11 18:00:00.000039936,61.728,22.223999,259.28,4.0444127e-05,7.2016,295.0
