Time,Vmax,Rmax_IBT,R34,fcor,u_trans,v_trans
2020-09-01 06:00:00.000039936,20.576,129.64,64.82,5.2027382e-05,3.6008,220.0
2020-09-01 09:00:00.000039936,22.1192,129.64,115.287,5.155148e-05,3.6008,225.0
2020-09-01 12:00:00.000039936,23.148,129.64,164.36499,5.083645e-05,3.6008,225.0
2020-09-01 15:00:00.000039936,23.148,111.12,174.088,4.9880902e-05,4.1152,225.0
2020-09-01 18:00:00.000039936,23.148,92.6,182.885,4.892293e-05,5.144,235.0
2020-09-01 21:00:00.000039936,27.2632,83.34,194.923,4.844305e-05,5.6584,240.0
2020-09-02 00:00:00.000039936,30.864,74.08,206.035,4.844305e-05,5.144,250.0
2020-09-02 03:00:00.000039936,32.4072,64.82,218.073,4.844305e-05,4.6296,270.0
2020-09-02 06:00:00.000039936,33.436,55.56,229.185,4.844305e-05,4.6296,280.0
2020-09-02 09:00:00.000039936,33.436,46.3,237.519,4.868306e-05,4.6296,285.0
2020-09-02 12:00:00.000039936,33.436,37.04,245.39,4.892293e-05,5.144,290.0
2020-09-02 15:00:00.000039936,36.008,33.336,250.483,4.916265e-05,5.144,290.0
2020-09-02 18:00:00.000039936,38.58,27.78,254.65,4.9641636e-05,5.144,290.0
2020-09-02 21:00:00.000039936,42.6952,27.78,267.614,4.9880902e-05,4.6296,285.0
2020-09-03 00:00:00.000039936,46.296,27.78,280.115,5.035898e-05,4.6296,290.0
2020-09-03 03:00:00.000039936,48.868,27.78,286.59702,5.083645e-05,4.6296,295.0
2020-09-03 06:00:00.000039936,51.440002,27.78,291.69,5.131329e-05,5.144,295.0
2020-09-03 09:00:00.000039936,55.5552,18.52,295.857,5.178951e-05,5.144,290.0
2020-09-03 12:00:00.000039936,59.156002,9.26,298.635,5.2027382e-05,4.6296,290.0
2020-09-03 15:00:00.000039936,61.728,16.668,305.58002,5.250265e-05,4.1152,290.0
2020-09-03 18:00:00.000039936,64.3,22.223999,312.525,5.2977284e-05,4.1152,300.0
2020-09-03 21:00:00.000039936,65.8432,31.484,318.544,5.345127e-05,4.1152,305.0
2020-09-04 00:00:00.000039936,66.872,40.744,324.1,5.392461e-05,4.6296,305.0
2020-09-04 03:00:00.000039936,68.4152,35.188,341.694,5.439729e-05,4.6296,300.0
2020-09-04 06:00:00.000039936,69.444,27.78,358.825,5.510506e-05,4.6296,300.0
2020-09-04 09:00:00.000039936,69.444,33.336,363.918,5.5576067e-05,4.6296,305.0
2020-09-04 12:00:00.000039936,69.444,37.04,368.085,5.6281307e-05,4.6296,305.0
2020-09-04 15:00:00.000039936,69.444,33.336,368.085,5.698501e-05,5.144,305.0
2020-09-04 18:00:00.000039936,69.444,27.78,368.08502,5.768715e-05,4.6296,315.0
2020-09-04 21:00:00.000039936,68.4152,33.336,369.47403,5.83877e-05,4.6296,325.0
2020-09-05 00:00:00.000039936,66.872,37.04,370.40002,5.9319285e-05,4.6296,325.0
2020-09-05 03:00:00.000039936,65.8432,37.04,387.068,6.0247978e-05,4.6296,325.0
2020-09-05 06:00:00.000039936,64.3,37.04,402.81,6.0942573e-05,4.6296,330.0
2020-09-05 09:00:00.000039936,61.728,35.188,407.903,6.1635496e-05,4.1152,330.0
2020-09-05 12:00:00.000039936,59.156002,31.484,412.07,6.255676e-05,4.6296,340.0
2020-09-05 15:00:00.000039936,58.1272,31.484,420.867,6.370404e-05,5.144,350.0
2020-09-05 18:00:00.000039936,56.584,31.484,428.275,6.4846485e-05,6.1728,350.0
2020-09-05 21:00:00.000039936,55.5552,31.484,441.23898,6.621089e-05,7.2016,345.0
2020-09-06 00:00:00.000039936,54.012,31.484,453.74,6.7793495e-05,8.2304,345.0
2020-09-06 03:00:00.000039936,52.9832,31.484,434.294,6.958979e-05,9.2592,345.0
2020-09-06 06:00:00.000039936,51.440002,31.484,414.385,7.159438e-05,9.2592,345.0
2020-09-06 09:00:00.000039936,50.4112,31.484,394.939,7.314133e-05,8.744801,340.0
2020-09-06 12:00:00.000039936,48.868,31.484,375.03,7.4895885e-05,9.2592,345.0
2020-09-06 15:00:00.000039936,46.296,20.372,333.36,7.70685e-05,10.288,350.0
2020-09-06 18:00:00.000039936,43.724,9.26,291.69,7.9644604e-05,11.3168,355.0
2020-09-06 21:00:00.000039936,41.152,20.372,256.039,8.239592e-05,12.860001,0.0
