Time,Vmax,Rmax_IBT,R34,fcor,u_trans,v_trans
2011-07-28 06:00:00.000039936,18.004,74.08,106.490005,3.0073232e-05,4.6296,275.0
2011-07-28 09:00:00.000039936,18.004,74.08,106.490005,3.0073232e-05,4.1152,280.0
2011-07-28 12:00:00.000039936,18.004,74.08,106.490005,3.0322259e-05,4.1152,290.0
2011-07-28 15:00:00.000039936,20.576,74.08,106.490005,3.0820032e-05,3.0864,305.0
2011-07-28 18:00:00.000039936,23.148,74.08,106.490005,3.131743e-05,2.572,330.0
2011-07-28 21:00:00.000039936,24.6912,70.376,106.490005,3.206281e-05,2.572,0.0
2011-07-29 00:00:00.000039936,25.720001,64.82,106.490005,3.305528e-05,3.0864,10.0
2011-07-29 03:00:00.000039936,25.720001,64.82,106.490005,3.3798577e-05,3.0864,15.0
2011-07-29 06:00:00.000039936,25.720001,64.82,106.490005,3.4293596e-05,3.0864,10.0
2011-07-29 09:00:00.000039936,27.2632,55.56,112.509,3.5035337e-05,3.6008,5.0
2011-07-29 12:00:00.000039936,28.292,46.3,118.065,3.577612e-05,3.6008,10.0
2011-07-29 15:00:00.000039936,29.835201,46.3,124.084,3.626943e-05,3.6008,10.0
2011-07-29 18:00:00.000039936,30.864,46.3,129.64,3.700857e-05,5.144,355.0
2011-07-29 21:00:00.000039936,32.4072,46.3,139.363,3.8483773e-05,6.1728,345.0
2011-07-30 00:00:00.000039936,33.436,46.3,148.16,3.9709896e-05,5.144,325.0
2011-07-30 03:00:00.000039936,38.58,42.596,173.162,4.0444127e-05,4.1152,300.0
2011-07-30 06:00:00.000039936,43.724,37.04,196.77501,4.0688625e-05,3.6008,300.0
2011-07-30 09:00:00.000039936,51.440002,33.336,212.054,4.1177245e-05,2.572,310.0
2011-07-30 12:00:00.000039936,59.156002,27.78,226.87,4.142137e-05,2.0576,305.0
2011-07-30 15:00:00.000039936,65.8432,33.336,245.39,4.1665367e-05,1.5432,300.0
2011-07-30 18:00:00.000039936,72.016,37.04,263.91,4.1909232e-05,1.0288,340.0
2011-07-30 21:00:00.000039936,70.9872,37.04,263.91,4.2152973e-05,1.5432,25.0
2011-07-31 00:00:00.000039936,69.444,37.04,263.91,4.239659e-05,1.5432,40.0
2011-07-31 03:00:00.000039936,66.872,37.04,256.965,4.2640077e-05,2.0576,45.0
2011-07-31 06:00:00.000039936,64.3,37.04,250.01999,4.3126656e-05,3.0864,50.0
2011-07-31 09:00:00.000039936,63.271202,33.336,245.39,4.3612705e-05,4.1152,45.0
2011-07-31 12:00:00.000039936,61.728,27.78,240.76001,4.4340795e-05,4.1152,25.0
2011-07-31 15:00:00.000039936,60.6992,27.78,268.54,4.5309676e-05,4.1152,5.0
2011-07-31 18:00:00.000039936,59.156002,27.78,296.32,4.627635e-05,3.0864,5.0
2011-07-31 21:00:00.000039936,59.156002,27.78,296.32,4.675884e-05,2.572,20.0
2011-08-01 00:00:00.000039936,59.156002,27.78,296.32,4.748151e-05,3.6008,25.0
2011-08-01 03:00:00.000039936,58.1272,27.78,310.21002,4.844305e-05,4.6296,25.0
2011-08-01 06:00:00.000039936,56.584,27.78,324.09998,4.9402213e-05,4.6296,15.0
2011-08-01 09:00:00.000039936,55.5552,27.78,331.04498,5.035898e-05,4.1152,5.0
2011-08-01 12:00:00.000039936,54.012,27.78,337.99,5.131329e-05,4.1152,5.0
2011-08-01 15:00:00.000039936,54.012,27.78,354.195,5.22651e-05,4.6296,0.0
2011-08-01 18:00:00.000039936,54.012,27.78,370.4,5.321436e-05,3.6008,360.0
2011-08-01 21:00:00.000039936,54.012,24.076,375.03,5.4161024e-05,3.0864,355.0
2011-08-02 00:00:00.000039936,54.012,18.52,379.66,5.4869302e-05,3.0864,360.0
2011-08-02 03:00:00.000039936,54.012,18.52,379.66,5.5576067e-05,3.6008,360.0
2011-08-02 06:00:00.000039936,54.012,18.52,379.66,5.6281307e-05,3.6008,345.0
2011-08-02 09:00:00.000039936,54.012,18.52,379.66,5.698501e-05,3.6008,335.0
2011-08-02 12:00:00.000039936,54.012,18.52,379.66,5.768715e-05,3.6008,325.0
2011-08-02 15:00:00.000039936,54.012,24.076,381.975,5.8154368e-05,3.6008,315.0
2011-08-02 18:00:00.000039936,54.012,27.78,384.29,5.862087e-05,3.0864,315.0
2011-08-02 21:00:00.000039936,54.012,27.78,384.28998,5.9086666e-05,3.0864,305.0
2011-08-03 00:00:00.000039936,54.012,27.78,384.28998,5.9551734e-05,3.6008,290.0
2011-08-03 03:00:00.000039936,54.012,27.78,369.937,5.9784e-05,3.6008,285.0
2011-08-03 06:00:00.000039936,54.012,27.78,354.195,6.0016075e-05,3.0864,280.0
2011-08-03 09:00:00.000039936,51.440002,33.336,356.047,6.0247978e-05,3.0864,280.0
2011-08-03 12:00:00.000039936,48.868,37.04,356.51,6.0247978e-05,3.6008,280.0
2011-08-03 15:00:00.000039936,48.868,37.04,372.71503,6.0247978e-05,4.1152,275.0
2011-08-03 18:00:00.000039936,48.868,37.04,388.91998,6.0479695e-05,4.1152,280.0
2011-08-03 21:00:00.000039936,47.8392,37.04,388.91998,6.0711227e-05,4.1152,280.0
2011-08-04 00:00:00.000039936,46.296,37.04,388.91998,6.0711227e-05,3.0864,280.0
2011-08-04 03:00:00.000039936,46.296,37.04,388.91998,6.0711227e-05,2.0576,275.0
2011-08-04 06:00:00.000039936,46.296,37.04,388.91998,6.0942573e-05,2.0576,285.0
2011-08-04 09:00:00.000039936,46.296,37.04,388.91998,6.0942573e-05,2.572,290.0
2011-08-04 12:00:00.000039936,46.296,37.04,388.91998,6.1173734e-05,2.572,290.0
2011-08-04 15:00:00.000039936,46.296,37.04,388.91998,6.14047e-05,2.572,290.0
2011-08-04 18:00:00.000039936,46.296,37.04,388.91998,6.1635496e-05,2.0576,295.0
2011-08-04 21:00:00.000039936,45.2672,61.116,388.91998,6.20965e-05,2.572,305.0
2011-08-05 00:00:00.000039936,43.724,83.34,388.91998,6.255676e-05,3.0864,310.0
2011-08-05 03:00:00.000039936,43.724,61.116,388.91998,6.3016254e-05,3.6008,315.0
2011-08-05 06:00:00.000039936,43.724,37.04,388.91998,6.3474974e-05,3.0864,315.0
2011-08-05 09:00:00.000039936,42.6952,37.04,386.60498,6.393293e-05,2.572,320.0
2011-08-05 12:00:00.000039936,41.152,37.04,384.28998,6.461839e-05,3.0864,320.0
2011-08-05 13:00:00.000066560,40.6376,37.04,384.28998,6.4846485e-05,3.6008,310.0
2011-08-05 15:00:00.000039936,40.1232,37.04,384.28998,6.530208e-05,3.6008,310.0
2011-08-05 18:00:00.000039936,38.58,37.04,384.28998,6.5983986e-05,4.1152,325.0
2011-08-05 21:00:00.000039936,36.008,37.04,375.02997,6.689037e-05,5.6584,335.0
2011-08-06 00:00:00.000039936,33.436,37.04,365.77002,6.801876e-05,6.1728,335.0
2011-08-06 03:00:00.000039936,33.436,42.596,351.88,6.914198e-05,5.6584,335.0
2011-08-06 06:00:00.000039936,33.436,46.3,337.99,7.003676e-05,5.144,335.0
2011-08-06 09:00:00.000039936,33.436,46.3,340.305,7.07056e-05,4.6296,340.0
2011-08-06 12:00:00.000039936,33.436,46.3,342.62,7.159438e-05,5.144,340.0
2011-08-06 15:00:00.000039936,33.436,46.3,342.62,7.270045e-05,5.6584,345.0
2011-08-06 18:00:00.000039936,33.436,46.3,342.62,7.402041e-05,6.6872,350.0
2011-08-06 21:00:00.000039936,32.4072,51.856,342.62,7.5550095e-05,7.716,355.0
2011-08-07 00:00:00.000039936,30.864,55.56,342.62,7.70685e-05,7.716,355.0
2011-08-07 03:00:00.000039936,29.835201,61.116,361.13998,7.85754e-05,7.2016,350.0
2011-08-07 06:00:00.000039936,28.292,64.82,379.66,7.9857724e-05,7.2016,350.0
2011-08-07 09:00:00.000039936,28.292,64.82,379.66,8.113127e-05,7.2016,345.0
2011-08-07 12:00:00.000039936,28.292,64.82,379.66,8.2605824e-05,6.6872,350.0
2011-08-07 15:00:00.000039936,27.2632,70.376,391.235,8.4068044e-05,6.1728,350.0
2011-08-07 18:00:00.000039936,25.720001,74.08,402.81,8.5723776e-05,7.2016,0.0
2011-08-07 21:00:00.000039936,24.6912,79.636,391.23502,8.7158856e-05,8.2304,5.0
2011-08-08 00:00:00.000039936,23.148,83.34,379.65997,8.858091e-05,7.2016,10.0
2011-08-08 03:00:00.000039936,23.148,83.34,325.48898,8.9789304e-05,6.6872,15.0
2011-08-08 06:00:00.000039936,23.148,83.34,270.855,9.1186645e-05,8.2304,15.0
2011-08-08 09:00:00.000039936,22.1192,83.34,270.855,9.296319e-05,9.7736,15.0
