Time,Vmax,Rmax_IBT,R34,fcor,u_trans,v_trans
2012-07-30 06:00:00.000039936,20.576,83.34,87.97,6.3474974e-05,3.6008,325.0
2012-07-30 09:00:00.000039936,20.576,83.34,87.97,6.43901e-05,5.144,330.0
2012-07-30 12:00:00.000039936,20.576,83.34,87.97,6.530208e-05,7.2016,320.0
2012-07-30 15:00:00.000039936,22.1192,74.08,87.97,6.643758e-05,8.744801,315.0
2012-07-30 18:00:00.000039936,23.148,64.82,87.97,6.734234e-05,9.2592,300.0
2012-07-30 21:00:00.000039936,23.148,64.82,87.97,6.801876e-05,9.2592,290.0
2012-07-31 00:00:00.000039936,23.148,64.82,87.97,6.869332e-05,8.744801,285.0
2012-07-31 03:00:00.000039936,23.148,61.116,113.897995,6.936598e-05,9.2592,285.0
2012-07-31 06:00:00.000039936,23.148,55.56,138.9,7.003676e-05,8.744801,285.0
2012-07-31 09:00:00.000039936,24.6912,55.56,143.53,7.048288e-05,8.2304,285.0
2012-07-31 12:00:00.000039936,25.720001,55.56,148.16,7.092813e-05,8.744801,285.0
2012-07-31 15:00:00.000039936,27.2632,46.3,148.16,7.137252e-05,9.7736,285.0
2012-07-31 18:00:00.000039936,28.292,37.04,148.16,7.2037474e-05,10.288,285.0
2012-07-31 21:00:00.000039936,29.835201,37.04,169.45801,7.270045e-05,10.802401,285.0
2012-08-01 00:00:00.000039936,30.864,37.04,189.83,7.314133e-05,10.802401,280.0
2012-08-01 03:00:00.000039936,30.864,42.596,189.83,7.336144e-05,9.7736,280.0
2012-08-01 06:00:00.000039936,30.864,46.3,189.83,7.380098e-05,8.2304,280.0
2012-08-01 09:00:00.000039936,32.4072,46.3,189.83,7.4458614e-05,8.2304,290.0
2012-08-01 12:00:00.000039936,33.436,46.3,189.83,7.511419e-05,9.2592,295.0
2012-08-01 15:00:00.000039936,34.979202,42.596,189.83,7.5985095e-05,10.288,295.0
2012-08-01 18:00:00.000039936,36.008,37.04,189.83,7.6852295e-05,10.802401,295.0
2012-08-01 21:00:00.000039936,38.58,37.04,189.83,7.771575e-05,11.3168,295.0
2012-08-02 00:00:00.000039936,41.152,37.04,189.83,7.878973e-05,11.3168,300.0
2012-08-02 03:00:00.000039936,40.1232,37.04,191.682,8.007058e-05,10.802401,300.0
2012-08-02 06:00:00.000039936,38.58,37.04,192.14499,8.113127e-05,9.7736,295.0
2012-08-02 09:00:00.000039936,37.5512,37.04,181.959,8.197536e-05,8.2304,295.0
2012-08-02 12:00:00.000039936,36.008,37.04,171.31,8.2605824e-05,6.6872,290.0
2012-08-02 15:00:00.000039936,32.4072,42.596,171.31,8.3234e-05,5.6584,295.0
