Time,Vmax,Rmax_IBT,R34,fcor,u_trans,v_trans
2001-07-27 00:00:00.000040448,20.576,92.6,83.34,4.2640077e-05,4.1152,280.0
2001-07-27 03:00:00.000040448,23.148,92.6,97.23,4.288343e-05,3.6008,285.0
2001-07-27 06:00:00.000040448,25.720001,92.6,111.12,4.3126656e-05,3.6008,290.0
2001-07-27 09:00:00.000040448,27.2632,88.895996,138.9,4.3612705e-05,3.6008,295.0
2001-07-27 12:00:00.000040448,28.292,83.34,166.68,4.409823e-05,3.6008,300.0
2001-07-27 15:00:00.000040448,33.436,83.34,194.46,4.4340795e-05,3.0864,305.0
2001-07-27 18:00:00.000040448,38.58,83.34,222.24,4.458322e-05,3.6008,305.0
2001-07-27 21:00:00.000040448,38.58,83.34,222.24,4.506766e-05,4.6296,305.0
2001-07-28 00:00:00.000040448,38.58,83.34,222.24,4.5793287e-05,4.6296,315.0
2001-07-28 03:00:00.000040448,42.6952,74.08,277.8,4.675884e-05,4.6296,325.0
2001-07-28 06:00:00.000040448,46.296,64.82,333.36,4.7722115e-05,4.6296,325.0
2001-07-28 09:00:00.000040448,46.296,64.82,333.36,4.844305e-05,4.6296,325.0
2001-07-28 12:00:00.000040448,46.296,64.82,333.36,4.916265e-05,4.6296,320.0
2001-07-28 15:00:00.000040448,46.296,64.82,333.36,5.012002e-05,4.6296,320.0
2001-07-28 18:00:00.000040448,46.296,64.82,333.36,5.1074945e-05,4.1152,330.0
2001-07-28 21:00:00.000040448,46.296,64.82,333.36,5.2027382e-05,4.1152,335.0
2001-07-29 00:00:00.000040448,46.296,64.82,333.36,5.2977284e-05,4.6296,340.0
2001-07-29 03:00:00.000040448,46.296,64.82,333.36,5.392461e-05,5.144,340.0
2001-07-29 06:00:00.000040448,46.296,64.82,333.36,5.510506e-05,5.144,340.0
2001-07-29 09:00:00.000040448,47.8392,64.82,333.36,5.6281307e-05,5.144,340.0
2001-07-29 12:00:00.000040448,48.868,64.82,333.36,5.7453286e-05,4.6296,325.0
2001-07-29 15:00:00.000040448,50.4112,70.376,338.916,5.8154368e-05,4.6296,310.0
