Time,Vmax,Rmax_IBT,R34,fcor,u_trans,v_trans
2006-08-13 18:00:00.000039936,20.576,46.3,111.12,6.43901e-05,2.0576,340.0
2006-08-13 21:00:00.000039936,22.1192,46.3,111.12,6.461839e-05,1.5432,345.0
2006-08-14 00:00:00.000039936,23.148,46.3,111.12,6.4846485e-05,1.5432,345.0
2006-08-14 03:00:00.000039936,23.148,51.856,125.936,6.507438e-05,1.5432,350.0
2006-08-14 06:00:00.000039936,23.148,55.56,138.9,6.552959e-05,1.5432,0.0
2006-08-14 09:00:00.000039936,23.148,55.56,138.9,6.575688e-05,1.5432,15.0
2006-08-14 12:00:00.000039936,23.148,55.56,138.9,6.621089e-05,1.5432,20.0
2006-08-14 15:00:00.000039936,24.6912,61.116,138.9,6.666408e-05,2.572,20.0
2006-08-14 18:00:00.000039936,25.720001,64.82,138.9,6.734234e-05,3.0864,25.0
2006-08-14 21:00:00.000039936,25.720001,64.82,160.661,6.8243826e-05,4.1152,25.0
2006-08-15 00:00:00.000039936,25.720001,64.82,180.56999,6.914198e-05,4.6296,5.0
2006-08-15 03:00:00.000039936,25.720001,64.82,182.885,7.003676e-05,4.6296,350.0
2006-08-15 06:00:00.000039936,25.720001,64.82,185.2,7.092813e-05,4.6296,335.0
2006-08-15 09:00:00.000039936,24.6912,64.82,185.2,7.181604e-05,3.6008,320.0
2006-08-15 12:00:00.000039936,23.148,64.82,185.2,7.2258685e-05,4.1152,300.0
2006-08-15 15:00:00.000039936,23.148,64.82,189.367,7.247968e-05,4.6296,285.0
2006-08-15 18:00:00.000039936,23.148,64.82,192.14499,7.247968e-05,5.144,270.0
2006-08-15 21:00:00.000039936,23.148,64.82,193.071,7.2258685e-05,5.6584,265.0
2006-08-16 00:00:00.000039936,23.148,64.82,192.145,7.2258685e-05,4.6296,275.0
2006-08-16 03:00:00.000039936,23.148,64.82,204.18301,7.2258685e-05,3.6008,295.0
2006-08-16 06:00:00.000039936,23.148,64.82,215.29501,7.247968e-05,2.572,290.0
2006-08-16 09:00:00.000039936,23.148,64.82,215.29501,7.270045e-05,2.572,275.0
2006-08-16 12:00:00.000039936,23.148,64.82,215.29501,7.2921e-05,2.0576,290.0
2006-08-16 15:00:00.000039936,23.148,79.636,215.29501,7.336144e-05,2.0576,310.0
2006-08-16 18:00:00.000039936,23.148,92.6,215.29501,7.402041e-05,3.0864,315.0
2006-08-16 21:00:00.000039936,23.148,92.6,220.388,7.467736e-05,4.1152,315.0
2006-08-17 00:00:00.000039936,23.148,92.6,224.555,7.511419e-05,4.1152,310.0
2006-08-17 03:00:00.000039936,23.148,79.636,225.018,7.5550095e-05,3.6008,305.0
2006-08-17 06:00:00.000039936,23.148,64.82,224.555,7.5985095e-05,3.0864,305.0
2006-08-17 09:00:00.000039936,24.6912,64.82,218.073,7.641916e-05,3.0864,310.0
2006-08-17 12:00:00.000039936,25.720001,64.82,210.66501,7.6852295e-05,3.0864,305.0
