Time,Vmax,Rmax_IBT,R34,fcor,u_trans,v_trans
2003-08-03 18:00:00.000040448,23.148,74.08,129.64,3.7500762e-05,6.6872,310.0
2003-08-03 21:00:00.000040448,25.720001,74.08,158.346,3.8483773e-05,7.2016,300.0
2003-08-04 00:00:00.000040448,28.292,74.08,185.2,3.9464914e-05,7.716,295.0
2003-08-04 03:00:00.000040448,28.292,74.08,185.2,4.0444127e-05,7.716,295.0
2003-08-04 06:00:00.000040448,28.292,74.08,185.2,4.1177245e-05,6.6872,300.0
2003-08-04 09:00:00.000040448,28.292,74.08,185.2,4.2152973e-05,6.1728,305.0
2003-08-04 12:00:00.000040448,28.292,74.08,185.2,4.288343e-05,6.1728,315.0
2003-08-04 15:00:00.000040448,30.864,70.376,187.05199,4.3612705e-05,5.6584,320.0
2003-08-04 18:00:00.000040448,33.436,64.82,187.515,4.4340795e-05,5.6584,315.0
2003-08-04 21:00:00.000040448,37.5512,64.82,187.515,4.506766e-05,5.6584,305.0
2003-08-05 00:00:00.000040448,41.152,64.82,187.515,4.5793287e-05,5.6584,295.0
2003-08-05 03:00:00.000040448,41.152,64.82,185.66301,4.627635e-05,5.6584,295.0
2003-08-05 06:00:00.000040448,41.152,64.82,182.88501,4.6999867e-05,4.6296,305.0
2003-08-05 09:00:00.000040448,42.6952,64.82,182.88501,4.7722115e-05,4.6296,320.0
2003-08-05 12:00:00.000040448,43.724,64.82,182.88501,4.868306e-05,5.6584,325.0
2003-08-05 15:00:00.000040448,45.2672,64.82,191.21901,4.9880902e-05,6.6872,330.0
2003-08-05 18:00:00.000040448,46.296,64.82,199.09001,5.131329e-05,6.6872,325.0
2003-08-05 21:00:00.000040448,47.8392,64.82,208.35,5.250265e-05,6.6872,325.0
2003-08-06 00:00:00.000040448,48.868,64.82,217.61002,5.392461e-05,6.6872,330.0
2003-08-06 03:00:00.000040448,48.868,64.82,217.61002,5.5340646e-05,7.2016,340.0
2003-08-06 06:00:00.000040448,48.868,64.82,217.61002,5.6750614e-05,6.6872,345.0
2003-08-06 09:00:00.000040448,48.868,64.82,217.61002,5.8154368e-05,6.1728,350.0
2003-08-06 12:00:00.000040448,48.868,64.82,217.61002,5.9551734e-05,6.6872,350.0
2003-08-06 15:00:00.000040448,50.4112,64.82,217.61002,6.0942573e-05,6.6872,345.0
2003-08-06 18:00:00.000040448,51.440002,64.82,217.61002,6.2326726e-05,6.6872,350.0
2003-08-06 21:00:00.000040448,54.012,64.82,310.21,6.370404e-05,6.6872,355.0
2003-08-07 00:00:00.000040448,56.584,64.82,402.81003,6.507438e-05,5.6584,0.0
2003-08-07 03:00:00.000040448,56.584,55.56,402.81003,6.621089e-05,5.144,15.0
2003-08-07 06:00:00.000040448,56.584,46.3,402.81003,6.711647e-05,5.6584,30.0
2003-08-07 09:00:00.000040448,56.584,46.3,398.18002,6.801876e-05,5.6584,40.0
2003-08-07 10:00:00.000067072,56.584,46.3,396.791,6.8468675e-05,6.1728,45.0
2003-08-07 12:00:00.000040448,56.584,46.3,393.55002,6.914198e-05,7.2016,50.0
2003-08-07 15:00:00.000040448,55.5552,46.3,393.55002,7.025991e-05,8.2304,50.0
2003-08-07 18:00:00.000040448,54.012,46.3,393.55002,7.137252e-05,8.744801,45.0
2003-08-07 21:00:00.000040448,52.9832,46.3,381.975,7.2921e-05,8.744801,40.0
2003-08-08 00:00:00.000040448,51.440002,46.3,370.4,7.4458614e-05,8.744801,35.0
2003-08-08 03:00:00.000040448,48.868,42.596,370.4,7.5985095e-05,8.2304,35.0
2003-08-08 06:00:00.000040448,46.296,37.04,370.4,7.728449e-05,7.716,35.0
2003-08-08 09:00:00.000040448,46.296,37.04,363.455,7.85754e-05,7.2016,35.0
2003-08-08 12:00:00.000040448,46.296,37.04,356.50998,7.9857724e-05,6.6872,35.0
