Time,Vmax,Rmax_IBT,R34,fcor,u_trans,v_trans
2014-07-29 00:00:00.000039936,23.148,83.34,92.600006,3.131743e-05,3.0864,310.0
2014-07-29 03:00:00.000039936,24.6912,79.636,115.75,3.1814445e-05,3.0864,315.0
2014-07-29 06:00:00.000039936,25.720001,74.08,138.9,3.2559245e-05,3.0864,320.0
2014-07-29 09:00:00.000039936,28.292,74.08,138.9,3.3550914e-05,3.6008,305.0
2014-07-29 12:00:00.000039936,28.292,64.82,148.16,3.4293596e-05,4.6296,295.0
2014-07-29 15:00:00.000039936,28.292,55.56,162.04999,3.4293596e-05,5.144,290.0
2014-07-29 18:00:00.000039936,28.292,46.3,175.94,3.4293596e-05,4.6296,285.0
2014-07-29 21:00:00.000039936,28.292,46.3,175.94,3.454095e-05,4.1152,285.0
2014-07-30 00:00:00.000039936,28.292,46.3,175.94,3.5035337e-05,4.6296,290.0
2014-07-30 03:00:00.000039936,28.292,46.3,175.94,3.5529305e-05,5.144,290.0
2014-07-30 06:00:00.000039936,28.292,46.3,175.94,3.577612e-05,4.6296,285.0
2014-07-30 09:00:00.000039936,28.292,46.3,171.31,3.577612e-05,4.1152,280.0
2014-07-30 12:00:00.000039936,28.292,46.3,166.68,3.6022833e-05,4.1152,280.0
2014-07-30 15:00:00.000039936,28.292,46.3,166.68,3.626943e-05,4.6296,290.0
2014-07-30 18:00:00.000039936,28.292,46.3,166.68,3.67623e-05,4.6296,295.0
2014-07-30 21:00:00.000039936,28.292,46.3,166.68,3.7254722e-05,4.6296,295.0
2014-07-31 00:00:00.000039936,28.292,46.3,166.68,3.7746686e-05,4.6296,290.0
2014-07-31 03:00:00.000039936,28.292,51.856,166.68,3.7992504e-05,4.1152,280.0
2014-07-31 06:00:00.000039936,28.292,55.56,166.68,3.7746686e-05,3.6008,260.0
2014-07-31 09:00:00.000039936,28.292,55.56,155.568,3.7500762e-05,4.1152,245.0
2014-07-31 12:00:00.000039936,28.292,55.56,143.53,3.700857e-05,4.1152,245.0
2014-07-31 15:00:00.000039936,28.292,55.56,143.53,3.651592e-05,3.6008,250.0
2014-07-31 18:00:00.000039936,28.292,55.56,143.53,3.626943e-05,3.6008,245.0
2014-07-31 21:00:00.000039936,28.292,51.856,148.16,3.626943e-05,3.0864,255.0
2014-08-01 00:00:00.000039936,28.292,46.3,152.79001,3.626943e-05,3.0864,280.0
2014-08-01 03:00:00.000039936,29.835201,55.56,156.494,3.651592e-05,4.1152,295.0
2014-08-01 06:00:00.000039936,30.864,64.82,159.73499,3.700857e-05,4.1152,290.0
2014-08-01 09:00:00.000039936,30.864,61.116,168.995,3.7254722e-05,3.6008,280.0
2014-08-01 12:00:00.000039936,30.864,55.56,178.255,3.7254722e-05,3.6008,275.0
2014-08-01 15:00:00.000039936,34.979202,46.3,178.255,3.7500762e-05,3.6008,275.0
2014-08-01 18:00:00.000039936,38.58,37.04,178.255,3.7500762e-05,3.0864,275.0
2014-08-01 21:00:00.000039936,45.2672,37.04,178.255,3.7500762e-05,3.0864,280.0
2014-08-02 00:00:00.000039936,51.440002,37.04,178.255,3.7500762e-05,3.0864,275.0
2014-08-02 03:00:00.000039936,56.584,37.04,198.164,3.7500762e-05,3.6008,270.0
2014-08-02 06:00:00.000039936,61.728,37.04,217.61,3.7500762e-05,3.6008,270.0
2014-08-02 09:00:00.000039936,66.872,37.04,217.61,3.7500762e-05,3.0864,275.0
2014-08-02 12:00:00.000039936,72.016,37.04,217.61,3.7746686e-05,3.0864,280.0
2014-08-02 15:00:00.000039936,72.016,35.188,217.61,3.7746686e-05,2.572,285.0
2014-08-02 18:00:00.000039936,72.016,31.484,217.61,3.7992504e-05,3.0864,280.0
2014-08-02 21:00:00.000039936,72.016,31.484,217.61,3.7992504e-05,3.0864,280.0
2014-08-03 00:00:00.000039936,72.016,31.484,217.61,3.8238195e-05,3.6008,290.0
2014-08-03 03:00:00.000039936,70.9872,31.484,208.35,3.8483773e-05,4.1152,295.0
2014-08-03 06:00:00.000039936,69.444,31.484,199.09,3.897458e-05,4.1152,290.0
2014-08-03 09:00:00.000039936,68.4152,27.78,199.09,3.9219805e-05,4.1152,285.0
2014-08-03 12:00:00.000039936,66.872,22.223999,199.09,3.9709896e-05,4.6296,290.0
2014-08-03 15:00:00.000039936,65.8432,20.372,199.09,4.0199502e-05,4.6296,295.0
2014-08-03 18:00:00.000039936,64.3,18.52,199.09,4.0688625e-05,4.1152,295.0
2014-08-03 21:00:00.000039936,61.728,33.336,199.09,4.093299e-05,3.6008,295.0
2014-08-04 00:00:00.000039936,59.156002,46.3,199.09,4.142137e-05,3.0864,310.0
2014-08-04 03:00:00.000039936,56.584,35.188,206.498,4.1909232e-05,3.0864,325.0
2014-08-04 06:00:00.000039936,54.012,22.223999,212.98001,4.2640077e-05,3.0864,325.0
2014-08-04 09:00:00.000039936,52.9832,29.632,212.98001,4.3126656e-05,3.6008,320.0
2014-08-04 12:00:00.000039936,51.440002,37.04,212.98001,4.385554e-05,3.6008,335.0
2014-08-04 15:00:00.000039936,50.4112,37.04,210.66501,4.4825505e-05,4.1152,350.0
2014-08-04 18:00:00.000039936,48.868,37.04,208.34999,4.5793287e-05,4.6296,355.0
2014-08-04 21:00:00.000039936,47.8392,37.04,208.34999,4.675884e-05,4.6296,360.0
2014-08-05 00:00:00.000039936,46.296,37.04,208.34999,4.796257e-05,4.6296,355.0
2014-08-05 03:00:00.000039936,46.296,37.04,208.34999,4.892293e-05,4.6296,355.0
2014-08-05 06:00:00.000039936,46.296,37.04,208.34999,5.012002e-05,4.6296,5.0
2014-08-05 09:00:00.000039936,45.2672,37.04,205.109,5.131329e-05,4.6296,15.0
2014-08-05 12:00:00.000039936,43.724,37.04,201.405,5.22651e-05,4.1152,15.0
2014-08-05 15:00:00.000039936,42.6952,33.336,201.86798,5.321436e-05,4.1152,5.0
2014-08-05 18:00:00.000039936,41.152,27.78,201.405,5.392461e-05,4.1152,10.0
2014-08-05 21:00:00.000039936,41.152,27.78,201.405,5.4869302e-05,3.6008,20.0
2014-08-06 00:00:00.000039936,41.152,27.78,201.405,5.5576067e-05,4.1152,20.0
2014-08-06 03:00:00.000039936,42.6952,25.928,225.018,5.6516048e-05,4.1152,20.0
2014-08-06 06:00:00.000039936,43.724,22.223999,247.705,5.721923e-05,3.6008,30.0
2014-08-06 09:00:00.000039936,43.724,22.223999,247.705,5.7920843e-05,3.0864,40.0
2014-08-06 12:00:00.000039936,43.724,22.223999,247.705,5.83877e-05,3.0864,30.0
2014-08-06 15:00:00.000039936,45.2672,20.372,247.705,5.9086666e-05,3.6008,25.0
2014-08-06 18:00:00.000039936,46.296,18.52,247.705,5.9784e-05,4.1152,25.0
2014-08-06 21:00:00.000039936,46.296,18.52,247.705,6.0711227e-05,4.1152,20.0
2014-08-07 00:00:00.000039936,43.724,46.3,247.705,6.186609e-05,4.1152,10.0
2014-08-07 03:00:00.000039936,41.152,37.04,257.428,6.255676e-05,3.6008,355.0
2014-08-07 06:00:00.000039936,38.58,27.78,266.225,6.324571e-05,3.0864,355.0
2014-08-07 09:00:00.000039936,38.58,35.188,260.66898,6.393293e-05,3.0864,0.0
2014-08-07 12:00:00.000039936,38.58,40.744,254.65001,6.461839e-05,3.0864,350.0
2014-08-07 15:00:00.000039936,38.58,31.484,254.65001,6.530208e-05,3.0864,345.0
2014-08-07 18:00:00.000039936,38.58,22.223999,254.65001,6.5983986e-05,2.572,0.0
2014-08-07 21:00:00.000039936,38.58,35.188,254.65001,6.666408e-05,2.572,5.0
2014-08-08 00:00:00.000039936,38.58,46.3,254.65001,6.734234e-05,3.6008,0.0
2014-08-08 03:00:00.000039936,38.58,37.04,254.65001,6.8243826e-05,4.6296,0.0
2014-08-08 06:00:00.000039936,38.58,27.78,254.65001,6.8917754e-05,3.6008,355.0
2014-08-08 09:00:00.000039936,37.5512,42.596,257.428,6.958979e-05,2.572,5.0
2014-08-08 12:00:00.000039936,36.008,55.56,259.28,7.025991e-05,2.572,15.0
2014-08-08 15:00:00.000039936,36.008,51.856,273.16998,7.092813e-05,3.6008,20.0
2014-08-08 18:00:00.000039936,36.008,46.3,287.06,7.159438e-05,5.144,20.0
2014-08-08 21:00:00.000039936,36.008,46.3,287.06,7.270045e-05,5.6584,20.0
2014-08-09 00:00:00.000039936,36.008,46.3,287.06,7.380098e-05,5.144,15.0
2014-08-09 03:00:00.000039936,36.008,46.3,287.06,7.4895885e-05,4.6296,15.0
2014-08-09 06:00:00.000039936,36.008,46.3,287.06,7.576771e-05,4.6296,20.0
2014-08-09 09:00:00.000039936,34.979202,46.3,271.318,7.6852295e-05,5.144,25.0
2014-08-09 12:00:00.000039936,33.436,46.3,254.65,7.771575e-05,4.6296,20.0
2014-08-09 15:00:00.000039936,33.436,42.596,201.405,7.85754e-05,4.1152,20.0
2014-08-09 18:00:00.000039936,33.436,37.04,148.16,7.943125e-05,5.144,30.0
2014-08-09 21:00:00.000039936,30.864,33.336,148.16,8.007058e-05,7.2016,35.0
