Time,Vmax,Rmax_IBT,R34,fcor,u_trans,v_trans
2017-07-26 00:00:00.000039936,20.576,74.08,171.31,3.9709896e-05,3.6008,350.0
2017-07-26 03:00:00.000039936,22.1192,64.82,171.31,4.0444127e-05,3.0864,350.0
2017-07-26 06:00:00.000039936,23.148,55.56,171.31,4.1177245e-05,3.0864,345.0
2017-07-26 09:00:00.000039936,23.148,55.56,171.31,4.1909232e-05,3.0864,340.0
2017-07-26 12:00:00.000039936,23.148,55.56,171.31,4.239659e-05,2.572,345.0
2017-07-26 15:00:00.000039936,24.6912,55.56,177.792,4.288343e-05,2.572,345.0
2017-07-26 18:00:00.000039936,25.720001,55.56,182.88501,4.3369746e-05,2.572,345.0
2017-07-26 21:00:00.000039936,25.720001,55.56,179.644,4.409823e-05,2.572,340.0
2017-07-27 00:00:00.000039936,25.720001,55.56,175.94,4.4825505e-05,2.572,335.0
2017-07-27 03:00:00.000039936,27.2632,51.856,175.94,4.5551555e-05,2.572,330.0
2017-07-27 06:00:00.000039936,28.292,46.3,175.94,4.6034886e-05,3.0864,335.0
2017-07-27 09:00:00.000039936,28.292,46.3,175.94,4.627635e-05,3.0864,335.0
2017-07-27 12:00:00.000039936,28.292,46.3,175.94,4.675884e-05,4.1152,325.0
2017-07-27 15:00:00.000039936,29.835201,51.856,175.94,4.7722115e-05,4.6296,320.0
2017-07-27 18:00:00.000039936,30.864,55.56,175.94,4.868306e-05,5.144,315.0
2017-07-27 21:00:00.000039936,30.864,55.56,201.868,4.9402213e-05,5.144,310.0
2017-07-28 00:00:00.000039936,30.864,55.56,226.87001,5.012002e-05,4.6296,310.0
2017-07-28 03:00:00.000039936,32.4072,55.56,226.87001,5.083645e-05,4.1152,315.0
2017-07-28 06:00:00.000039936,33.436,55.56,226.87001,5.155148e-05,4.1152,310.0
2017-07-28 09:00:00.000039936,34.979202,51.856,226.87001,5.22651e-05,4.1152,310.0
2017-07-28 12:00:00.000039936,36.008,46.3,226.87001,5.2740055e-05,5.144,310.0
2017-07-28 15:00:00.000039936,37.5512,46.3,219.462,5.321436e-05,5.144,310.0
2017-07-28 18:00:00.000039936,38.58,46.3,210.665,5.392461e-05,4.1152,320.0
2017-07-28 21:00:00.000039936,40.1232,46.3,210.665,5.4633376e-05,4.1152,335.0
2017-07-29 00:00:00.000039936,41.152,46.3,210.665,5.5576067e-05,4.6296,340.0
2017-07-29 03:00:00.000039936,42.6952,37.04,210.665,5.6516048e-05,5.6584,335.0
2017-07-29 06:00:00.000039936,43.724,27.78,210.665,5.7920843e-05,6.6872,330.0
2017-07-29 09:00:00.000039936,46.296,27.78,324.1,5.9551734e-05,7.716,325.0
