Time,Vmax,Rmax_IBT,R34,fcor,u_trans,v_trans
2005-08-21 00:00:00.000039936,20.576,27.78,50.93,5.9784e-05,4.6296,325.0
2005-08-21 03:00:00.000039936,20.576,27.78,50.93,6.0711227e-05,5.144,325.0
2005-08-21 06:00:00.000039936,20.576,27.78,50.93,6.14047e-05,4.1152,325.0
2005-08-21 09:00:00.000039936,22.1192,27.78,52.319,6.20965e-05,3.6008,325.0
2005-08-21 12:00:00.000039936,23.148,27.78,53.245,6.278661e-05,4.1152,325.0
2005-08-21 15:00:00.000039936,24.6912,27.78,60.653,6.3474974e-05,4.6296,330.0
2005-08-21 18:00:00.000039936,25.720001,27.78,67.135,6.43901e-05,4.1152,330.0
2005-08-21 21:00:00.000039936,27.2632,24.076,87.044,6.530208e-05,4.1152,335.0
2005-08-22 00:00:00.000039936,28.292,18.52,106.490005,6.621089e-05,5.144,345.0
2005-08-22 03:00:00.000039936,28.292,18.52,94.91501,6.734234e-05,6.1728,350.0
2005-08-22 06:00:00.000039936,28.292,18.52,83.340004,6.869332e-05,5.6584,345.0
2005-08-22 09:00:00.000039936,28.292,18.52,83.340004,7.003676e-05,5.144,340.0
2005-08-22 12:00:00.000039936,28.292,18.52,83.340004,7.115043e-05,4.6296,340.0
2005-08-22 15:00:00.000039936,28.292,33.336,86.118004,7.2037474e-05,4.6296,345.0
2005-08-22 18:00:00.000039936,28.292,46.3,87.97,7.314133e-05,5.144,350.0
2005-08-22 21:00:00.000039936,28.292,46.3,90.748,7.4458614e-05,6.1728,5.0
2005-08-23 00:00:00.000039936,28.292,46.3,92.6,7.576771e-05,6.6872,20.0
2005-08-23 03:00:00.000039936,29.835201,33.336,92.6,7.6852295e-05,7.716,35.0
2005-08-23 06:00:00.000039936,30.864,18.52,92.6,7.793102e-05,7.716,35.0
2005-08-23 09:00:00.000039936,32.4072,18.52,92.6,7.921766e-05,7.2016,40.0
2005-08-23 12:00:00.000039936,33.436,18.52,92.6,8.049559e-05,7.716,40.0
2005-08-23 15:00:00.000039936,33.436,18.52,92.6,8.176471e-05,7.716,45.0
2005-08-23 18:00:00.000039936,33.436,18.52,92.6,8.2815466e-05,8.2304,50.0
2005-08-23 21:00:00.000039936,32.4072,18.52,88.433,8.3859915e-05,9.2592,55.0
2005-08-24 00:00:00.000039936,30.864,18.52,83.34,8.510482e-05,9.7736,55.0
2005-08-24 03:00:00.000039936,29.835201,18.52,86.118004,8.613512e-05,10.288,55.0
2005-08-24 06:00:00.000039936,28.292,18.52,87.97,8.7362794e-05,9.7736,55.0
2005-08-24 09:00:00.000039936,28.292,18.52,87.97,8.858091e-05,9.7736,55.0
2005-08-24 12:00:00.000039936,28.292,18.52,87.97,8.9789304e-05,11.3168,55.0
2005-08-24 15:00:00.000039936,28.292,18.52,100.934006,9.1186645e-05,12.3456,55.0
2005-08-24 18:00:00.000039936,28.292,18.52,113.435,9.257037e-05,12.860001,55.0
2005-08-24 21:00:00.000039936,27.2632,18.52,118.065,9.413484e-05,12.860001,55.0
