Time,Vmax,Rmax_IBT,R34,fcor,u_trans,v_trans
2014-07-31 12:00:00.000039936,20.576,222.24,111.12,6.416161e-05,6.1728,25.0
2014-07-31 15:00:00.000039936,20.576,222.24,111.12,6.507438e-05,7.716,30.0
2014-07-31 18:00:00.000039936,20.576,222.24,111.12,6.643758e-05,7.716,5.0
2014-07-31 21:00:00.000039936,20.576,222.24,111.12,6.869332e-05,7.716,330.0
2014-08-01 00:00:00.000039936,20.576,222.24,111.12,7.048288e-05,7.2016,315.0
2014-08-01 03:00:00.000039936,20.576,222.24,111.12,7.159438e-05,5.6584,315.0
2014-08-01 06:00:00.000039936,20.576,222.24,111.12,7.2258685e-05,4.6296,320.0
2014-08-01 09:00:00.000039936,20.576,203.72,111.12,7.314133e-05,4.6296,335.0
2014-08-01 12:00:00.000039936,20.576,185.2,111.12,7.402041e-05,5.144,340.0
2014-08-01 15:00:00.000039936,20.576,185.2,111.12,7.467736e-05,5.144,340.0
2014-08-01 18:00:00.000039936,20.576,185.2,111.12,7.533226e-05,5.144,340.0
2014-08-01 21:00:00.000039936,20.576,185.2,111.12,7.641916e-05,4.6296,335.0
2014-08-02 00:00:00.000039936,20.576,185.2,111.12,7.750023e-05,4.1152,335.0
2014-08-02 03:00:00.000039936,20.576,175.94,222.24,7.814606e-05,3.0864,340.0
2014-08-02 06:00:00.000039936,20.576,166.68,333.36,7.878973e-05,3.0864,355.0
2014-08-02 09:00:00.000039936,19.5472,166.68,333.36,7.943125e-05,3.6008,10.0
2014-08-02 12:00:00.000039936,18.004,166.68,333.36,8.028322e-05,4.1152,10.0
2014-08-02 15:00:00.000039936,18.004,138.9,277.8,8.0919635e-05,4.6296,10.0
