Time,Vmax,Rmax_IBT,R34,fcor,u_trans,v_trans
2012-08-04 12:00:00.000039936,23.148,74.08,115.75,6.393293e-05,6.6872,290.0
2012-08-04 15:00:00.000039936,23.148,70.376,115.75,6.461839e-05,5.144,285.0
2012-08-04 18:00:00.000039936,23.148,64.82,115.75,6.507438e-05,4.6296,290.0
2012-08-04 21:00:00.000039936,23.148,64.82,120.38,6.530208e-05,5.144,290.0
2012-08-05 00:00:00.000039936,23.148,64.82,125.009995,6.575688e-05,4.6296,295.0
2012-08-05 03:00:00.000039936,24.6912,55.56,134.733,6.643758e-05,4.1152,310.0
2012-08-05 06:00:00.000039936,25.720001,46.3,143.53,6.689037e-05,5.144,295.0
2012-08-05 09:00:00.000039936,27.2632,46.3,143.53,6.711647e-05,5.6584,280.0
2012-08-05 12:00:00.000039936,28.292,46.3,143.53,6.711647e-05,4.6296,260.0
2012-08-05 15:00:00.000039936,29.835201,42.596,146.308,6.666408e-05,3.0864,245.0
2012-08-05 18:00:00.000039936,30.864,37.04,148.16,6.643758e-05,2.572,255.0
2012-08-05 21:00:00.000039936,30.864,37.04,148.16,6.666408e-05,2.0576,275.0
2012-08-06 00:00:00.000039936,30.864,37.04,148.16,6.689037e-05,2.572,290.0
2012-08-06 03:00:00.000039936,30.864,42.596,148.16,6.711647e-05,2.572,285.0
2012-08-06 06:00:00.000039936,30.864,46.3,148.16,6.711647e-05,3.0864,280.0
2012-08-06 09:00:00.000039936,32.4072,46.3,148.16,6.711647e-05,3.0864,260.0
2012-08-06 12:00:00.000039936,33.436,46.3,148.16,6.689037e-05,2.572,245.0
2012-08-06 15:00:00.000039936,33.436,51.856,148.16,6.666408e-05,2.0576,250.0
2012-08-06 18:00:00.000039936,33.436,55.56,148.16,6.666408e-05,1.5432,275.0
2012-08-06 21:00:00.000039936,33.436,55.56,148.16,6.666408e-05,2.0576,295.0
2012-08-07 00:00:00.000039936,33.436,55.56,148.16,6.689037e-05,2.572,300.0
2012-08-07 03:00:00.000039936,33.436,61.116,162.513,6.734234e-05,3.0864,305.0
2012-08-07 06:00:00.000039936,33.436,64.82,175.94,6.801876e-05,3.0864,310.0
2012-08-07 09:00:00.000039936,33.436,61.116,166.68,6.8468675e-05,3.6008,315.0
2012-08-07 12:00:00.000039936,33.436,55.56,157.42,6.914198e-05,4.1152,320.0
2012-08-07 15:00:00.000039936,33.436,55.56,157.42,6.981338e-05,4.6296,320.0
2012-08-07 18:00:00.000039936,33.436,55.56,157.42,7.07056e-05,4.6296,310.0
2012-08-07 21:00:00.000039936,32.4072,55.56,157.42,7.137252e-05,4.6296,305.0
