Time,Vmax,Rmax_IBT,R34,fcor,u_trans,v_trans
2018-07-18 18:00:00.000039936,18.004,148.16,212.98001,4.9402213e-05,3.0864,70.0
2018-07-18 21:00:00.000039936,19.5472,166.68,219.925,4.9641636e-05,3.6008,65.0
2018-07-19 00:00:00.000039936,20.576,185.2,226.87,5.012002e-05,4.1152,55.0
2018-07-19 03:00:00.000039936,20.576,194.46,226.87,5.059779e-05,4.6296,45.0
2018-07-19 06:00:00.000039936,20.576,203.72,226.87,5.131329e-05,4.1152,25.0
2018-07-19 09:00:00.000039936,20.576,194.46,224.55501,5.178951e-05,3.6008,0.0
2018-07-19 12:00:00.000039936,20.576,185.2,222.23999,5.250265e-05,4.1152,345.0
2018-07-19 15:00:00.000039936,22.1192,166.68,224.555,5.345127e-05,4.1152,335.0
2018-07-19 18:00:00.000039936,23.148,148.16,226.87,5.439729e-05,3.6008,325.0
2018-07-19 21:00:00.000039936,23.148,125.936,226.87,5.5340646e-05,3.0864,320.0
2018-07-20 00:00:00.000039936,23.148,101.86,226.87,5.6046403e-05,2.572,325.0
2018-07-20 03:00:00.000039936,23.148,101.86,226.87,5.6750614e-05,3.0864,335.0
2018-07-20 06:00:00.000039936,23.148,101.86,226.87,5.768715e-05,5.144,340.0
2018-07-20 09:00:00.000039936,23.148,107.416,231.49998,5.8853857e-05,6.6872,340.0
2018-07-20 12:00:00.000039936,23.148,111.12,236.12999,6.0247978e-05,6.6872,330.0
2018-07-20 15:00:00.000039936,23.148,111.12,243.075,6.14047e-05,6.6872,325.0
2018-07-20 18:00:00.000039936,23.148,111.12,250.01999,6.255676e-05,8.2304,325.0
2018-07-20 21:00:00.000039936,23.148,111.12,250.01999,6.393293e-05,8.744801,320.0
2018-07-20 23:00:00.000053248,23.148,111.12,250.01999,6.4846485e-05,9.2592,315.0
2018-07-21 00:00:00.000039936,23.148,111.12,250.01999,6.530208e-05,8.744801,310.0
2018-07-21 03:00:00.000039936,23.148,111.12,250.01999,6.666408e-05,7.716,315.0
2018-07-21 06:00:00.000039936,23.148,111.12,250.01999,6.7793495e-05,7.2016,315.0
2018-07-21 09:00:00.000039936,23.148,111.12,245.39,6.914198e-05,6.6872,320.0
2018-07-21 12:00:00.000039936,23.148,111.12,240.76,7.025991e-05,7.716,315.0
2018-07-21 15:00:00.000039936,24.6912,111.12,236.12999,7.137252e-05,8.2304,310.0
2018-07-21 18:00:00.000039936,25.720001,111.12,231.5,7.247968e-05,7.716,305.0
2018-07-21 21:00:00.000039936,27.2632,111.12,208.35,7.3581316e-05,7.2016,310.0
2018-07-22 00:00:00.000039936,28.292,111.12,185.2,7.467736e-05,7.2016,315.0
2018-07-22 03:00:00.000039936,28.292,111.12,185.2,7.5985095e-05,7.716,320.0
