Time,Vmax,Rmax_IBT,R34,fcor,u_trans,v_trans
2001-08-02 06:00:00.000040448,23.148,64.82,111.119995,2.9574905e-05,4.6296,305.0
2001-08-02 09:00:00.000040448,23.148,64.82,111.119995,3.0322259e-05,4.6296,315.0
2001-08-02 12:00:00.000040448,23.148,64.82,111.119995,3.131743e-05,6.1728,320.0
2001-08-02 15:00:00.000040448,24.6912,74.08,113.898,3.280731e-05,7.716,325.0
2001-08-02 18:00:00.000040448,25.720001,83.34,115.75,3.4293596e-05,7.716,325.0
2001-08-02 21:00:00.000040448,27.2632,83.34,115.75,3.577612e-05,7.716,325.0
2001-08-03 00:00:00.000040448,28.292,83.34,115.75,3.7254722e-05,8.2304,325.0
2001-08-03 03:00:00.000040448,30.864,55.56,134.733,3.872924e-05,8.2304,320.0
2001-08-03 06:00:00.000040448,33.436,27.78,152.79,4.0444127e-05,8.2304,325.0
2001-08-03 09:00:00.000040448,36.008,27.78,167.143,4.2152973e-05,8.2304,325.0
2001-08-03 12:00:00.000040448,38.58,27.78,180.57,4.3612705e-05,7.716,320.0
2001-08-03 15:00:00.000040448,41.152,27.78,180.57,4.4825505e-05,7.2016,320.0
2001-08-03 18:00:00.000040448,43.724,27.78,180.57,4.6034886e-05,7.2016,330.0
2001-08-03 21:00:00.000040448,46.296,27.78,180.57,4.748151e-05,7.716,335.0
2001-08-04 00:00:00.000040448,48.868,27.78,180.57,4.916265e-05,7.716,335.0
2001-08-04 03:00:00.000040448,52.9832,27.78,223.166,5.083645e-05,7.716,335.0
2001-08-04 06:00:00.000040448,56.584,27.78,263.91,5.250265e-05,7.2016,340.0
2001-08-04 09:00:00.000040448,59.156002,27.78,243.53801,5.4161024e-05,6.6872,345.0
2001-08-04 12:00:00.000040448,61.728,27.78,222.24002,5.5576067e-05,6.6872,345.0
2001-08-04 15:00:00.000040448,60.6992,37.04,231.5,5.698501e-05,6.1728,345.0
2001-08-04 18:00:00.000040448,59.156002,46.3,240.76001,5.8154368e-05,6.1728,350.0
2001-08-04 21:00:00.000040448,59.156002,55.56,250.01999,5.9551734e-05,5.6584,355.0
2001-08-05 00:00:00.000040448,59.156002,64.82,259.28,6.0942573e-05,4.6296,355.0
2001-08-05 03:00:00.000040448,59.156002,64.82,260.206,6.186609e-05,3.0864,5.0
2001-08-05 06:00:00.000040448,59.156002,64.82,259.28,6.2326726e-05,2.0576,20.0
2001-08-05 09:00:00.000040448,58.1272,64.82,227.796,6.278661e-05,2.0576,40.0
2001-08-05 12:00:00.000040448,56.584,64.82,194.45999,6.3016254e-05,2.0576,45.0
2001-08-05 15:00:00.000040448,55.5552,64.82,199.09001,6.3474974e-05,2.0576,40.0
2001-08-05 18:00:00.000040448,54.012,64.82,203.72,6.370404e-05,2.0576,55.0
2001-08-05 21:00:00.000040448,51.440002,64.82,208.35,6.393293e-05,2.0576,55.0
2001-08-06 00:00:00.000040448,48.868,64.82,212.98,6.416161e-05,2.572,45.0
2001-08-06 03:00:00.000040448,48.868,70.376,199.09,6.461839e-05,2.572,40.0
2001-08-06 06:00:00.000040448,48.868,74.08,185.19998,6.507438e-05,2.572,45.0
2001-08-06 09:00:00.000040448,54.012,79.636,185.19998,6.530208e-05,2.572,50.0
2001-08-06 12:00:00.000040448,59.156002,83.34,185.19998,6.575688e-05,2.572,45.0
2001-08-06 15:00:00.000040448,59.156002,101.86,185.19998,6.621089e-05,3.0864,45.0
2001-08-06 18:00:00.000040448,59.156002,120.38,185.19998,6.666408e-05,4.1152,45.0
2001-08-06 21:00:00.000040448,58.1272,120.38,203.72,6.734234e-05,4.6296,45.0
2001-08-07 00:00:00.000040448,56.584,120.38,222.24,6.8243826e-05,5.6584,40.0
2001-08-07 03:00:00.000040448,54.012,107.416,211.12799,6.936598e-05,6.1728,35.0
2001-08-07 06:00:00.000040448,51.440002,92.6,199.09001,7.048288e-05,6.6872,35.0
2001-08-07 09:00:00.000040448,51.440002,92.6,199.09001,7.159438e-05,6.6872,35.0
2001-08-07 12:00:00.000040448,51.440002,92.6,199.09001,7.2921e-05,7.2016,35.0
2001-08-07 15:00:00.000040448,50.4112,92.6,204.183,7.402041e-05,7.2016,35.0
2001-08-07 18:00:00.000040448,48.868,92.6,208.35,7.533226e-05,7.716,30.0
2001-08-07 21:00:00.000040448,46.296,88.895996,206.035,7.6852295e-05,8.2304,25.0
2001-08-08 00:00:00.000040448,43.724,83.34,203.72,7.85754e-05,8.744801,20.0
2001-08-08 03:00:00.000040448,41.152,83.34,189.83,8.028322e-05,8.744801,20.0
2001-08-08 06:00:00.000040448,38.58,83.34,175.94,8.2185776e-05,9.2592,15.0
2001-08-08 09:00:00.000040448,36.008,74.08,169.458,8.4068044e-05,9.7736,10.0
2001-08-08 12:00:00.000040448,33.436,64.82,162.04999,8.5723776e-05,8.744801,5.0
2001-08-08 15:00:00.000040448,30.864,61.116,174.088,8.7362794e-05,8.2304,0.0
