Time,Vmax,Rmax_IBT,R34,fcor,u_trans,v_trans
2008-08-14 18:00:00.000039936,18.004,92.6,92.6,6.8917754e-05,5.6584,10.0
2008-08-14 21:00:00.000039936,23.148,92.6,92.6,7.025991e-05,5.6584,20.0
2008-08-15 00:00:00.000039936,25.720001,92.6,83.34,7.115043e-05,6.1728,35.0
2008-08-15 03:00:00.000039936,27.2632,70.376,88.433,7.2037474e-05,6.6872,45.0
2008-08-15 06:00:00.000039936,28.292,46.3,92.6,7.314133e-05,6.6872,50.0
2008-08-15 09:00:00.000039936,28.292,46.3,98.156,7.402041e-05,6.6872,55.0
2008-08-15 12:00:00.000039936,28.292,46.3,101.86001,7.4895885e-05,8.2304,60.0
2008-08-15 15:00:00.000039936,28.292,46.3,101.86001,7.576771e-05,9.7736,60.0
2008-08-15 18:00:00.000039936,28.292,46.3,101.86001,7.6852295e-05,9.7736,60.0
2008-08-15 21:00:00.000039936,28.292,46.3,101.86001,7.771575e-05,10.288,65.0
2008-08-16 00:00:00.000039936,28.292,46.3,101.86001,7.878973e-05,10.802401,65.0
2008-08-16 03:00:00.000039936,28.292,46.3,101.86001,7.9857724e-05,10.802401,65.0
2008-08-16 06:00:00.000039936,28.292,46.3,101.86001,8.113127e-05,11.3168,65.0
2008-08-16 09:00:00.000039936,27.2632,46.3,101.86001,8.197536e-05,11.3168,65.0
2008-08-16 12:00:00.000039936,25.720001,46.3,101.86001,8.302487e-05,12.3456,65.0
2008-08-16 15:00:00.000039936,25.720001,46.3,125.473,8.427592e-05,13.3744,60.0
