Time,Vmax,Rmax_IBT,R34,fcor,u_trans,v_trans
2019-08-22 00:00:00.000039936,18.004,129.64,310.21002,3.9464914e-05,3.6008,280.0
2019-08-22 03:00:00.000039936,19.5472,125.936,284.745,3.9709896e-05,3.0864,285.0
2019-08-22 06:00:00.000039936,20.576,120.38,259.28,3.995476e-05,3.6008,300.0
2019-08-22 09:00:00.000039936,22.1192,111.12,243.07501,4.0688625e-05,4.1152,310.0
2019-08-22 12:00:00.000039936,23.148,101.86,226.87,4.1909232e-05,4.6296,325.0
2019-08-22 15:00:00.000039936,23.148,88.895996,240.76,4.3369746e-05,5.6584,330.0
2019-08-22 18:00:00.000039936,23.148,74.08,254.65,4.458322e-05,6.1728,320.0
2019-08-22 21:00:00.000039936,23.148,74.08,270.85498,4.5309676e-05,7.2016,310.0
2019-08-23 00:00:00.000039936,23.148,74.08,287.06,4.5793287e-05,7.2016,310.0
2019-08-23 03:00:00.000039936,23.148,64.82,287.06,4.675884e-05,6.1728,310.0
2019-08-23 06:00:00.000039936,23.148,55.56,287.06,4.796257e-05,5.6584,315.0
2019-08-23 09:00:00.000039936,24.6912,55.56,287.06,4.892293e-05,5.6584,315.0
2019-08-23 12:00:00.000039936,25.720001,55.56,287.06,4.9641636e-05,6.1728,310.0
2019-08-23 15:00:00.000039936,27.2632,55.56,291.68997,5.059779e-05,7.716,300.0
2019-08-23 18:00:00.000039936,28.292,55.56,296.31998,5.155148e-05,8.2304,305.0
2019-08-23 21:00:00.000039936,28.292,61.116,317.15497,5.250265e-05,7.716,305.0
2019-08-24 00:00:00.000039936,28.292,64.82,337.99,5.345127e-05,7.2016,305.0
2019-08-24 03:00:00.000039936,29.835201,64.82,340.305,5.4633376e-05,7.2016,305.0
