Time,Vmax,Rmax_IBT,R34,fcor,u_trans,v_trans
2010-09-15 12:00:00.000039936,20.576,55.56,55.56,5.178951e-05,1.5432,345.0
2010-09-15 15:00:00.000039936,22.1192,55.56,64.82,5.2027382e-05,1.0288,345.0
2010-09-15 18:00:00.000039936,23.148,55.56,74.08,5.250265e-05,1.5432,5.0
2010-09-15 21:00:00.000039936,25.720001,51.856,89.82199,5.2977284e-05,1.5432,25.0
2010-09-16 00:00:00.000039936,28.292,46.3,104.175,5.321436e-05,2.0576,55.0
2010-09-16 03:00:00.000039936,29.835201,46.3,104.175,5.345127e-05,2.572,65.0
2010-09-16 06:00:00.000039936,30.864,46.3,104.175,5.3688025e-05,2.0576,55.0
2010-09-16 09:00:00.000039936,32.4072,46.3,112.509,5.392461e-05,1.5432,30.0
2010-09-16 12:00:00.000039936,33.436,46.3,120.38,5.439729e-05,1.5432,10.0
2010-09-16 15:00:00.000039936,34.979202,42.596,135.659,5.4869302e-05,1.5432,0.0
2010-09-16 18:00:00.000039936,36.008,37.04,150.475,5.510506e-05,1.5432,350.0
2010-09-16 21:00:00.000039936,37.5512,37.04,159.735,5.5340646e-05,1.5432,345.0
2010-09-17 00:00:00.000039936,38.58,37.04,168.995,5.581132e-05,1.5432,330.0
2010-09-17 03:00:00.000039936,40.1232,37.04,181.95898,5.6046403e-05,2.0576,325.0
2010-09-17 06:00:00.000039936,41.152,37.04,194.46,5.6516048e-05,2.572,325.0
2010-09-17 09:00:00.000039936,42.6952,33.336,194.46,5.698501e-05,2.572,315.0
2010-09-17 12:00:00.000039936,43.724,27.78,194.46,5.721923e-05,3.0864,295.0
2010-09-17 15:00:00.000039936,45.2672,27.78,200.01599,5.7453286e-05,4.1152,285.0
2010-09-17 18:00:00.000039936,46.296,27.78,203.72,5.768715e-05,4.1152,280.0
2010-09-17 21:00:00.000039936,48.868,27.78,203.72,5.7920843e-05,3.6008,280.0
2010-09-18 00:00:00.000039936,51.440002,27.78,203.72,5.8154368e-05,3.6008,290.0
2010-09-18 03:00:00.000039936,52.9832,27.78,209.276,5.83877e-05,4.1152,295.0
2010-09-18 06:00:00.000039936,54.012,27.78,212.98001,5.862087e-05,4.6296,285.0
2010-09-18 09:00:00.000039936,54.012,27.78,206.035,5.8853857e-05,5.144,280.0
2010-09-18 12:00:00.000039936,54.012,27.78,199.09,5.9086666e-05,5.144,275.0
2010-09-18 15:00:00.000039936,54.012,27.78,219.925,5.9319285e-05,5.6584,275.0
2010-09-18 18:00:00.000039936,54.012,27.78,240.76,5.9319285e-05,6.1728,265.0
2010-09-18 21:00:00.000039936,54.012,27.78,244.46399,5.9086666e-05,7.2016,255.0
2010-09-19 00:00:00.000039936,54.012,27.78,247.70499,5.862087e-05,6.6872,245.0
