Time,Vmax,Rmax_IBT,R34,fcor,u_trans,v_trans
2016-08-17 06:00:00.000039936,18.004,111.12,157.42,6.643758e-05,9.2592,295.0
2016-08-17 09:00:00.000039936,18.004,111.12,162.04999,6.734234e-05,7.716,290.0
2016-08-17 12:00:00.000039936,18.004,111.12,166.68,6.801876e-05,8.2304,295.0
2016-08-17 15:00:00.000039936,18.004,111.12,168.995,6.869332e-05,8.744801,295.0
2016-08-17 18:00:00.000039936,18.004,111.12,171.31,6.936598e-05,8.744801,295.0
2016-08-17 21:00:00.000039936,18.004,79.636,180.56999,7.003676e-05,8.744801,300.0
2016-08-18 00:00:00.000039936,18.004,46.3,189.83,7.092813e-05,9.2592,300.0
2016-08-18 03:00:00.000039936,18.004,46.3,194.46,7.2037474e-05,9.7736,305.0
2016-08-18 06:00:00.000039936,18.004,46.3,199.09001,7.314133e-05,9.2592,305.0
2016-08-18 09:00:00.000039936,18.004,55.56,203.72,7.402041e-05,8.744801,305.0
2016-08-18 12:00:00.000039936,18.004,64.82,208.35,7.4895885e-05,8.744801,305.0
2016-08-18 15:00:00.000039936,18.004,64.82,212.98001,7.641916e-05,9.2592,305.0
2016-08-18 18:00:00.000039936,18.004,64.82,217.61,7.793102e-05,9.2592,300.0
2016-08-18 21:00:00.000039936,18.004,64.82,210.665,7.85754e-05,9.2592,290.0
2016-08-19 00:00:00.000039936,18.004,64.82,203.72,7.900381e-05,9.2592,285.0
2016-08-19 03:00:00.000039936,18.004,64.82,203.72,7.943125e-05,9.2592,280.0
2016-08-19 06:00:00.000039936,18.004,64.82,203.72,7.9644604e-05,7.716,270.0
2016-08-19 09:00:00.000039936,18.004,74.08,194.45999,7.921766e-05,6.6872,260.0
2016-08-19 12:00:00.000039936,18.004,83.34,185.2,7.85754e-05,6.6872,250.0
2016-08-19 15:00:00.000039936,18.004,83.34,185.2,7.814606e-05,7.2016,250.0
2016-08-19 18:00:00.000039936,18.004,83.34,185.2,7.771575e-05,7.2016,240.0
2016-08-19 21:00:00.000039936,18.004,83.34,185.2,7.70685e-05,6.6872,235.0
2016-08-20 00:00:00.000039936,18.004,83.34,185.2,7.620224e-05,6.1728,235.0
2016-08-20 03:00:00.000039936,18.004,79.636,185.2,7.576771e-05,5.144,240.0
2016-08-20 06:00:00.000039936,18.004,74.08,185.2,7.533226e-05,4.6296,235.0
2016-08-20 09:00:00.000039936,19.5472,70.376,185.2,7.467736e-05,4.6296,235.0
2016-08-20 12:00:00.000039936,20.576,64.82,185.2,7.402041e-05,4.6296,240.0
2016-08-20 15:00:00.000039936,20.576,64.82,178.255,7.3581316e-05,5.144,250.0
2016-08-20 18:00:00.000039936,20.576,64.82,171.31,7.336144e-05,5.6584,255.0
2016-08-20 21:00:00.000039936,20.576,64.82,166.68,7.314133e-05,5.6584,255.0
2016-08-21 00:00:00.000039936,20.576,64.82,162.04999,7.270045e-05,4.6296,245.0
2016-08-21 03:00:00.000039936,20.576,64.82,159.735,7.2258685e-05,4.1152,235.0
2016-08-21 06:00:00.000039936,20.576,64.82,157.42,7.159438e-05,3.0864,230.0
2016-08-21 09:00:00.000039936,20.576,64.82,143.53,7.115043e-05,2.572,225.0
2016-08-21 12:00:00.000039936,20.576,64.82,129.64,7.07056e-05,2.0576,215.0
2016-08-21 15:00:00.000039936,22.1192,64.82,127.325,7.025991e-05,1.5432,200.0
2016-08-21 18:00:00.000039936,23.148,64.82,125.01001,7.003676e-05,1.0288,170.0
2016-08-21 21:00:00.000039936,23.148,64.82,113.435,7.003676e-05,1.0288,135.0
2016-08-22 00:00:00.000039936,23.148,64.82,101.86,7.003676e-05,1.0288,110.0
2016-08-22 03:00:00.000039936,24.6912,64.82,101.86,7.003676e-05,1.5432,105.0
2016-08-22 06:00:00.000039936,25.720001,64.82,101.86,7.003676e-05,2.0576,105.0
2016-08-22 09:00:00.000039936,25.720001,61.116,104.175,6.981338e-05,2.572,110.0
2016-08-22 12:00:00.000039936,25.720001,55.56,106.490005,6.958979e-05,2.0576,125.0
2016-08-22 15:00:00.000039936,25.720001,61.116,108.80501,6.936598e-05,1.5432,155.0
2016-08-22 18:00:00.000039936,25.720001,64.82,111.12,6.914198e-05,1.5432,165.0
2016-08-22 21:00:00.000039936,27.2632,64.82,111.12,6.8468675e-05,2.0576,170.0
2016-08-23 00:00:00.000039936,28.292,64.82,111.12,6.7793495e-05,2.0576,185.0
2016-08-23 03:00:00.000039936,28.292,55.56,111.12,6.734234e-05,2.572,195.0
2016-08-23 06:00:00.000039936,28.292,46.3,111.12,6.666408e-05,3.0864,195.0
2016-08-23 09:00:00.000039936,29.835201,46.3,111.12,6.5983986e-05,3.6008,200.0
2016-08-23 12:00:00.000039936,30.864,46.3,111.12,6.507438e-05,4.1152,210.0
2016-08-23 15:00:00.000039936,33.436,33.336,111.12,6.43901e-05,4.6296,220.0
2016-08-23 18:00:00.000039936,36.008,18.52,111.12,6.370404e-05,4.6296,220.0
2016-08-23 21:00:00.000039936,38.58,18.52,115.75,6.278661e-05,4.1152,215.0
2016-08-24 00:00:00.000039936,41.152,18.52,120.380005,6.20965e-05,3.6008,220.0
2016-08-24 03:00:00.000039936,45.2672,18.52,125.009995,6.1635496e-05,3.0864,220.0
2016-08-24 06:00:00.000039936,48.868,18.52,129.64,6.1173734e-05,3.0864,225.0
2016-08-24 09:00:00.000039936,50.4112,20.372,129.64,6.0711227e-05,3.6008,225.0
2016-08-24 12:00:00.000039936,51.440002,22.223999,129.64,6.0016075e-05,3.6008,220.0
2016-08-24 15:00:00.000039936,54.012,22.223999,138.9,5.9319285e-05,3.0864,215.0
2016-08-24 18:00:00.000039936,56.584,22.223999,148.16,5.8853857e-05,3.0864,220.0
2016-08-24 21:00:00.000039936,55.5552,22.223999,148.16,5.83877e-05,2.0576,230.0
2016-08-25 00:00:00.000039936,54.012,22.223999,148.16,5.8154368e-05,1.5432,235.0
2016-08-25 03:00:00.000039936,52.9832,20.372,148.16,5.8154368e-05,1.0288,240.0
2016-08-25 06:00:00.000039936,51.440002,18.52,148.16,5.8154368e-05,0.5144,255.0
2016-08-25 09:00:00.000039936,50.4112,18.52,157.42,5.8154368e-05,0.5144,245.0
2016-08-25 12:00:00.000039936,48.868,18.52,166.68,5.7920843e-05,1.5432,225.0
2016-08-25 15:00:00.000039936,48.868,24.076,173.625,5.768715e-05,2.0576,210.0
2016-08-25 18:00:00.000039936,48.868,27.78,180.57,5.7453286e-05,1.0288,155.0
2016-08-25 21:00:00.000039936,48.868,27.78,182.88501,5.721923e-05,2.0576,85.0
2016-08-26 00:00:00.000039936,48.868,27.78,185.2,5.721923e-05,1.5432,90.0
2016-08-26 03:00:00.000039936,48.868,20.372,192.145,5.721923e-05,1.5432,100.0
2016-08-26 06:00:00.000039936,48.868,12.964,199.09001,5.721923e-05,3.0864,95.0
2016-08-26 09:00:00.000039936,47.8392,16.668,210.66501,5.721923e-05,4.1152,85.0
2016-08-26 12:00:00.000039936,46.296,18.52,222.24,5.7453286e-05,3.0864,70.0
2016-08-26 15:00:00.000039936,46.296,18.52,230.574,5.768715e-05,2.572,45.0
2016-08-26 18:00:00.000039936,46.296,18.52,238.44499,5.8154368e-05,2.572,50.0
2016-08-26 21:00:00.000039936,48.868,18.52,247.705,5.83877e-05,3.0864,65.0
2016-08-27 00:00:00.000039936,51.440002,18.52,256.965,5.862087e-05,3.0864,70.0
2016-08-27 03:00:00.000039936,52.9832,25.928,265.299,5.8853857e-05,3.6008,70.0
2016-08-27 06:00:00.000039936,54.012,31.484,273.17,5.9319285e-05,4.1152,60.0
2016-08-27 09:00:00.000039936,55.5552,31.484,284.745,5.9784e-05,4.6296,55.0
2016-08-27 12:00:00.000039936,56.584,31.484,296.32,6.0479695e-05,5.144,55.0
2016-08-27 15:00:00.000039936,58.1272,27.78,303.26498,6.1173734e-05,5.144,55.0
2016-08-27 18:00:00.000039936,59.156002,22.223999,310.21,6.20965e-05,6.1728,50.0
2016-08-27 21:00:00.000039936,60.6992,22.223999,317.155,6.3016254e-05,7.2016,45.0
2016-08-28 00:00:00.000039936,61.728,22.223999,324.1,6.416161e-05,8.744801,35.0
2016-08-28 03:00:00.000039936,61.728,25.928,324.1,6.5983986e-05,9.7736,35.0
2016-08-28 06:00:00.000039936,61.728,27.78,324.1,6.7793495e-05,8.2304,40.0
2016-08-28 09:00:00.000039936,60.6992,29.632,326.415,6.8917754e-05,6.1728,50.0
2016-08-28 12:00:00.000039936,59.156002,31.484,328.72998,6.958979e-05,7.2016,55.0
2016-08-28 15:00:00.000039936,55.5552,29.632,324.09998,7.048288e-05,8.744801,60.0
2016-08-28 18:00:00.000039936,51.440002,27.78,319.46997,7.159438e-05,8.744801,55.0
2016-08-28 21:00:00.000039936,47.8392,27.78,319.46997,7.270045e-05,7.716,45.0
2016-08-29 00:00:00.000039936,43.724,27.78,319.46997,7.402041e-05,7.2016,45.0
2016-08-29 03:00:00.000039936,40.1232,27.78,319.46997,7.511419e-05,6.6872,40.0
2016-08-29 06:00:00.000039936,36.008,27.78,319.46997,7.620224e-05,6.6872,35.0
2016-08-29 09:00:00.000039936,34.979202,33.336,335.675,7.750023e-05,6.6872,25.0
2016-08-29 12:00:00.000039936,33.436,37.04,351.88,7.900381e-05,6.6872,20.0
2016-08-29 15:00:00.000039936,33.436,37.04,351.88,8.049559e-05,7.716,5.0
2016-08-29 18:00:00.000039936,33.436,37.04,351.88,8.2185776e-05,8.744801,350.0
2016-08-29 21:00:00.000039936,33.436,51.856,340.305,8.3859915e-05,10.802401,340.0
2016-08-30 00:00:00.000039936,33.436,64.82,328.73,8.5723776e-05,10.288,340.0
2016-08-30 03:00:00.000039936,32.4072,83.34,298.635,8.7362794e-05,10.288,345.0
2016-08-30 06:00:00.000039936,30.864,101.86,268.54,8.958859e-05,12.860001,345.0
2016-08-30 08:00:00.000053248,30.864,101.86,268.54,9.138516e-05,16.4608,345.0
