Time,Vmax,Rmax_IBT,R34,fcor,u_trans,v_trans
2002-07-15 00:00:00.000040448,41.152,55.56,138.9,3.280731e-05,3.0864,15.0
2002-07-15 03:00:00.000040448,42.6952,55.56,146.308,3.3550914e-05,2.572,15.0
2002-07-15 06:00:00.000040448,43.724,55.56,152.79,3.404614e-05,2.0576,15.0
2002-07-15 09:00:00.000040448,45.2672,55.56,152.79,3.454095e-05,2.0576,10.0
2002-07-15 12:00:00.000040448,46.296,55.56,152.79,3.5035337e-05,2.0576,350.0
2002-07-15 15:00:00.000040448,47.8392,55.56,160.198,3.5529305e-05,2.0576,335.0
2002-07-15 18:00:00.000040448,48.868,55.56,166.68,3.577612e-05,2.0576,315.0
2002-07-15 21:00:00.000040448,51.440002,55.56,166.68,3.6022833e-05,2.0576,295.0
2002-07-16 00:00:00.000040448,54.012,55.56,166.68,3.626943e-05,2.0576,285.0
2002-07-16 03:00:00.000040448,56.584,55.56,166.68,3.626943e-05,2.0576,275.0
2002-07-16 06:00:00.000040448,59.156002,55.56,166.68,3.626943e-05,2.572,270.0
2002-07-16 09:00:00.000040448,59.156002,46.3,171.31,3.626943e-05,2.572,265.0
2002-07-16 12:00:00.000040448,59.156002,37.04,175.94,3.626943e-05,2.572,270.0
2002-07-16 15:00:00.000040448,61.728,37.04,175.94,3.626943e-05,2.0576,275.0
2002-07-16 18:00:00.000040448,64.3,37.04,175.94,3.651592e-05,2.572,275.0
2002-07-16 21:00:00.000040448,64.3,37.04,155.568,3.651592e-05,3.0864,275.0
2002-07-17 00:00:00.000040448,64.3,37.04,134.26999,3.651592e-05,3.0864,275.0
2002-07-17 03:00:00.000040448,64.3,33.336,134.26999,3.651592e-05,3.0864,275.0
2002-07-17 06:00:00.000040448,64.3,27.78,134.26999,3.67623e-05,3.6008,275.0
2002-07-17 09:00:00.000040448,64.3,27.78,137.04799,3.67623e-05,4.1152,275.0
2002-07-17 12:00:00.000040448,64.3,27.78,138.9,3.67623e-05,4.6296,270.0
2002-07-17 15:00:00.000040448,64.3,27.78,141.678,3.67623e-05,4.6296,270.0
2002-07-17 18:00:00.000040448,64.3,27.78,143.53,3.67623e-05,4.6296,270.0
2002-07-17 21:00:00.000040448,65.8432,27.78,160.198,3.67623e-05,4.6296,265.0
2002-07-18 00:00:00.000040448,66.872,27.78,175.94,3.67623e-05,4.1152,265.0
2002-07-18 03:00:00.000040448,68.4152,27.78,175.94,3.67623e-05,4.1152,270.0
2002-07-18 06:00:00.000040448,69.444,27.78,175.94,3.67623e-05,4.1152,275.0
2002-07-18 09:00:00.000040448,69.444,27.78,175.94,3.700857e-05,4.1152,285.0
2002-07-18 12:00:00.000040448,69.444,27.78,175.94,3.7254722e-05,4.6296,285.0
2002-07-18 15:00:00.000040448,69.444,27.78,206.498,3.7254722e-05,4.6296,280.0
2002-07-18 18:00:00.000040448,69.444,27.78,236.13,3.7500762e-05,4.1152,280.0
2002-07-18 21:00:00.000040448,70.9872,27.78,238.908,3.7746686e-05,4.1152,280.0
2002-07-19 00:00:00.000040448,72.016,27.78,240.76,3.7992504e-05,4.1152,285.0
2002-07-19 03:00:00.000040448,72.016,27.78,240.76,3.8238195e-05,4.1152,285.0
2002-07-19 06:00:00.000040448,72.016,27.78,240.76,3.8483773e-05,4.1152,285.0
2002-07-19 09:00:00.000040448,72.016,27.78,240.76,3.872924e-05,3.6008,290.0
2002-07-19 12:00:00.000040448,72.016,27.78,240.76,3.897458e-05,3.6008,290.0
2002-07-19 15:00:00.000040448,72.016,27.78,240.76,3.9219805e-05,3.6008,295.0
2002-07-19 18:00:00.000040448,72.016,27.78,240.76,3.9709896e-05,3.0864,290.0
2002-07-19 21:00:00.000040448,72.016,27.78,240.76,3.995476e-05,3.0864,290.0
2002-07-20 00:00:00.000040448,72.016,27.78,240.76,4.0199502e-05,3.0864,310.0
2002-07-20 03:00:00.000040448,72.016,27.78,240.76,4.0688625e-05,3.6008,325.0
2002-07-20 06:00:00.000040448,72.016,27.78,240.76,4.142137e-05,4.1152,325.0
2002-07-20 09:00:00.000040448,70.9872,33.336,229.64801,4.2152973e-05,4.1152,320.0
2002-07-20 12:00:00.000040448,69.444,37.04,217.61,4.3126656e-05,4.6296,320.0
2002-07-20 15:00:00.000040448,70.9872,37.04,217.61,4.409823e-05,4.6296,320.0
2002-07-20 18:00:00.000040448,72.016,37.04,217.61,4.506766e-05,5.6584,325.0
2002-07-20 21:00:00.000040448,72.016,37.04,217.61,4.6034886e-05,6.6872,325.0
2002-07-21 00:00:00.000040448,72.016,37.04,217.61,4.7240763e-05,6.6872,320.0
2002-07-21 03:00:00.000040448,72.016,37.04,217.61,4.8202877e-05,6.1728,315.0
2002-07-21 06:00:00.000040448,72.016,37.04,217.61,4.916265e-05,6.1728,310.0
2002-07-21 09:00:00.000040448,73.559204,37.04,222.703,5.012002e-05,6.1728,310.0
2002-07-21 12:00:00.000040448,74.588,37.04,226.87,5.1074945e-05,6.1728,310.0
2002-07-21 15:00:00.000040448,73.559204,37.04,226.87,5.2027382e-05,6.1728,315.0
2002-07-21 18:00:00.000040448,72.016,37.04,226.87,5.2977284e-05,6.6872,310.0
2002-07-21 21:00:00.000040448,72.016,37.04,240.297,5.392461e-05,7.2016,310.0
2002-07-22 00:00:00.000040448,72.016,37.04,252.335,5.510506e-05,7.2016,315.0
2002-07-22 03:00:00.000040448,70.9872,37.04,252.335,5.6281307e-05,7.716,320.0
2002-07-22 06:00:00.000040448,69.444,37.04,252.335,5.768715e-05,7.716,315.0
2002-07-22 09:00:00.000040448,68.4152,42.596,276.874,5.8853857e-05,7.2016,310.0
2002-07-22 12:00:00.000040448,66.872,46.3,300.95,5.9784e-05,7.2016,305.0
2002-07-22 15:00:00.000040448,66.872,46.3,305.58,6.0711227e-05,7.2016,305.0
2002-07-22 18:00:00.000040448,66.872,46.3,310.21,6.1635496e-05,7.2016,305.0
2002-07-22 21:00:00.000040448,64.3,42.596,310.21,6.255676e-05,7.2016,305.0
2002-07-23 00:00:00.000040448,61.728,37.04,310.21,6.3474974e-05,7.2016,305.0
2002-07-23 03:00:00.000040448,59.156002,51.856,301.87598,6.43901e-05,7.716,305.0
2002-07-23 06:00:00.000040448,56.584,64.82,291.69,6.530208e-05,7.716,305.0
2002-07-23 09:00:00.000040448,52.9832,64.82,280.578,6.621089e-05,7.716,300.0
2002-07-23 12:00:00.000040448,48.868,64.82,268.53998,6.711647e-05,8.2304,295.0
2002-07-23 15:00:00.000040448,46.296,64.82,268.53998,6.801876e-05,8.2304,290.0
2002-07-23 18:00:00.000040448,43.724,64.82,268.53998,6.869332e-05,8.2304,285.0
2002-07-23 21:00:00.000040448,42.6952,64.82,263.91,6.8917754e-05,8.744801,285.0
2002-07-24 00:00:00.000040448,41.152,64.82,259.28,6.914198e-05,8.744801,280.0
2002-07-24 03:00:00.000040448,40.1232,55.56,283.356,6.914198e-05,8.744801,275.0
2002-07-24 06:00:00.000040448,38.58,46.3,305.58,6.936598e-05,7.716,275.0
2002-07-24 09:00:00.000040448,37.5512,46.3,305.58,6.958979e-05,6.6872,275.0
2002-07-24 12:00:00.000040448,36.008,46.3,305.58,6.981338e-05,7.2016,275.0
2002-07-24 15:00:00.000040448,34.979202,46.3,305.58,7.025991e-05,7.716,280.0
2002-07-24 18:00:00.000040448,33.436,46.3,305.58,7.07056e-05,8.2304,285.0
2002-07-24 21:00:00.000040448,33.436,46.3,307.895,7.115043e-05,8.744801,285.0
2002-07-25 00:00:00.000040448,33.436,46.3,310.21,7.159438e-05,9.2592,290.0
2002-07-25 03:00:00.000040448,32.4072,46.3,304.654,7.2258685e-05,8.744801,290.0
2002-07-25 06:00:00.000040448,30.864,46.3,298.635,7.2921e-05,7.716,290.0
2002-07-25 09:00:00.000040448,29.835201,51.856,297.709,7.336144e-05,7.2016,285.0
2002-07-25 11:00:00.000053760,28.8064,53.708,296.783,7.380098e-05,7.2016,285.0
2002-07-25 12:00:00.000040448,28.292,55.56,296.32,7.402041e-05,6.6872,290.0
2002-07-25 15:00:00.000040448,28.292,55.56,273.16998,7.467736e-05,6.6872,295.0
2002-07-25 18:00:00.000040448,28.292,55.56,250.01999,7.533226e-05,7.716,300.0
2002-07-25 21:00:00.000040448,27.2632,55.56,240.76001,7.5985095e-05,7.716,305.0
2002-07-26 00:00:00.000040448,25.720001,55.56,231.5,7.663584e-05,6.6872,305.0
2002-07-26 03:00:00.000040448,24.6912,55.56,222.24,7.728449e-05,5.6584,300.0
2002-07-26 06:00:00.000040448,23.148,55.56,212.98,7.814606e-05,5.6584,305.0
2002-07-26 09:00:00.000040448,23.148,55.56,185.2,7.878973e-05,5.6584,305.0
