Time,Vmax,Rmax_IBT,R34,fcor,u_trans,v_trans
2013-08-18 18:00:00.000039936,20.576,74.08,60.190002,4.916265e-05,1.5432,155.0
2013-08-18 21:00:00.000039936,22.1192,74.08,65.746,4.868306e-05,1.0288,150.0
2013-08-19 00:00:00.000039936,23.148,74.08,69.45,4.844305e-05,1.0288,80.0
2013-08-19 03:00:00.000039936,24.6912,61.116,90.748,4.868306e-05,1.5432,50.0
2013-08-19 06:00:00.000039936,25.720001,46.3,111.12,4.916265e-05,2.0576,45.0
2013-08-19 09:00:00.000039936,25.720001,46.3,111.12,4.9641636e-05,2.572,35.0
2013-08-19 12:00:00.000039936,25.720001,46.3,111.12,5.012002e-05,3.0864,25.0
2013-08-19 15:00:00.000039936,27.2632,51.856,119.917,5.1074945e-05,3.6008,15.0
2013-08-19 18:00:00.000039936,28.292,55.56,127.325,5.2027382e-05,5.144,5.0
2013-08-19 21:00:00.000039936,28.292,51.856,132.418,5.2977284e-05,5.6584,355.0
2013-08-20 00:00:00.000039936,28.292,46.3,136.58499,5.439729e-05,6.1728,335.0
2013-08-20 03:00:00.000039936,28.292,46.3,136.58499,5.6046403e-05,6.1728,315.0
2013-08-20 06:00:00.000039936,28.292,46.3,136.58499,5.7453286e-05,5.6584,305.0
2013-08-20 09:00:00.000039936,28.292,46.3,149.54901,5.7920843e-05,4.6296,300.0
2013-08-20 12:00:00.000039936,28.292,46.3,162.04999,5.83877e-05,4.6296,320.0
2013-08-20 15:00:00.000039936,29.835201,46.3,162.04999,5.9319285e-05,6.1728,330.0
2013-08-20 18:00:00.000039936,30.864,46.3,162.04999,6.0479695e-05,7.716,310.0
2013-08-20 21:00:00.000039936,33.436,42.596,162.04999,6.14047e-05,9.2592,300.0
2013-08-21 00:00:00.000039936,36.008,37.04,162.04999,6.20965e-05,8.2304,290.0
2013-08-21 03:00:00.000039936,37.5512,37.04,162.04999,6.278661e-05,7.2016,285.0
2013-08-21 06:00:00.000039936,38.58,37.04,162.04999,6.324571e-05,7.716,285.0
2013-08-21 09:00:00.000039936,38.58,37.04,162.04999,6.3474974e-05,8.2304,280.0
2013-08-21 12:00:00.000039936,38.58,37.04,162.04999,6.3474974e-05,7.716,270.0
2013-08-21 15:00:00.000039936,37.5512,37.04,162.04999,6.324571e-05,6.6872,260.0
