Time,Vmax,Rmax_IBT,R34,fcor,u_trans,v_trans
2022-08-28 00:00:00.000039936,18.004,27.78,43.985,6.1635496e-05,6.6872,330.0
2022-08-28 03:00:00.000039936,19.5472,33.336,50.467003,6.278661e-05,6.1728,320.0
2022-08-28 06:00:00.000039936,20.576,37.04,55.56,6.393293e-05,6.1728,320.0
2022-08-28 09:00:00.000039936,22.1192,33.336,55.56,6.4846485e-05,6.1728,315.0
2022-08-28 12:00:00.000039936,23.148,27.78,55.56,6.552959e-05,6.6872,300.0
2022-08-28 15:00:00.000039936,24.6912,37.04,61.116,6.5983986e-05,7.2016,285.0
2022-08-28 18:00:00.000039936,25.720001,46.3,64.82,6.643758e-05,7.2016,280.0
2022-08-28 21:00:00.000039936,28.292,42.596,67.598,6.666408e-05,7.2016,275.0
2022-08-29 00:00:00.000039936,30.864,37.04,69.45,6.689037e-05,8.2304,275.0
2022-08-29 03:00:00.000039936,34.979202,27.78,74.543,6.711647e-05,9.7736,270.0
2022-08-29 06:00:00.000039936,38.58,18.52,78.71,6.711647e-05,9.2592,270.0
2022-08-29 09:00:00.000039936,45.2672,16.668,81.025,6.689037e-05,8.744801,265.0
2022-08-29 12:00:00.000039936,51.440002,12.964,83.34,6.666408e-05,9.2592,265.0
2022-08-29 15:00:00.000039936,56.584,16.668,90.748,6.666408e-05,9.2592,265.0
2022-08-29 18:00:00.000039936,61.728,18.52,97.23,6.643758e-05,9.2592,260.0
2022-08-29 21:00:00.000039936,63.271202,14.816,96.767006,6.621089e-05,8.744801,260.0
2022-08-30 00:00:00.000039936,64.3,9.26,94.91499,6.5983986e-05,8.744801,265.0
2022-08-30 03:00:00.000039936,65.8432,14.816,100.007996,6.575688e-05,8.744801,270.0
2022-08-30 06:00:00.000039936,66.872,18.52,104.175,6.575688e-05,8.744801,265.0
2022-08-30 09:00:00.000039936,68.4152,18.52,108.342,6.552959e-05,8.2304,260.0
2022-08-30 12:00:00.000039936,69.444,18.52,111.119995,6.530208e-05,8.2304,260.0
2022-08-30 15:00:00.000039936,68.4152,14.816,107.879,6.507438e-05,8.2304,260.0
2022-08-30 18:00:00.000039936,66.872,9.26,104.174995,6.461839e-05,7.716,255.0
2022-08-30 21:00:00.000039936,66.872,9.26,111.583,6.416161e-05,7.716,255.0
2022-08-31 00:00:00.000039936,66.872,9.26,118.065,6.3474974e-05,7.2016,250.0
2022-08-31 03:00:00.000039936,65.8432,9.26,122.231995,6.3016254e-05,6.6872,245.0
2022-08-31 06:00:00.000039936,64.3,9.26,125.01,6.255676e-05,6.6872,245.0
2022-08-31 09:00:00.000039936,65.8432,9.26,130.103,6.186609e-05,7.2016,240.0
2022-08-31 12:00:00.000039936,66.872,9.26,134.27,6.0942573e-05,7.716,235.0
2022-08-31 15:00:00.000039936,68.4152,9.26,131.492,5.9784e-05,8.2304,230.0
2022-08-31 18:00:00.000039936,69.444,9.26,127.325,5.83877e-05,7.716,220.0
2022-08-31 21:00:00.000039936,74.588,9.26,129.64,5.721923e-05,6.6872,205.0
2022-09-01 00:00:00.000039936,72.016,9.26,138.9,5.581132e-05,5.6584,200.0
2022-09-01 03:00:00.000039936,70.9872,9.26,168.532,5.4633376e-05,4.1152,195.0
2022-09-01 06:00:00.000039936,69.444,9.26,196.775,5.392461e-05,3.0864,185.0
2022-09-01 09:00:00.000039936,65.8432,9.26,216.68399,5.321436e-05,2.572,0.0
2022-09-01 12:00:00.000039936,61.728,9.26,236.13,5.2977284e-05,1.0288,0.0
2022-09-01 15:00:00.000039936,59.156002,9.26,256.96503,5.2977284e-05,0.0,0.0
2022-09-01 18:00:00.000039936,56.584,9.26,277.8,5.321436e-05,0.5144,350.0
2022-09-01 21:00:00.000039936,51.440002,9.26,266.688,5.345127e-05,1.0288,335.0
2022-09-02 00:00:00.000039936,46.296,9.26,254.65,5.3688025e-05,2.0576,330.0
2022-09-02 03:00:00.000039936,43.724,18.52,252.798,5.4161024e-05,3.0864,320.0
2022-09-02 06:00:00.000039936,41.152,27.78,250.02,5.4633376e-05,2.572,315.0
2022-09-02 09:00:00.000039936,40.1232,27.78,271.318,5.4869302e-05,2.0576,305.0
2022-09-02 12:00:00.000039936,38.58,27.78,291.69,5.4869302e-05,1.5432,325.0
2022-09-02 15:00:00.000039936,37.5512,37.04,299.098,5.510506e-05,1.5432,0.0
2022-09-02 18:00:00.000039936,36.008,46.3,305.58,5.5576067e-05,2.0576,0.0
2022-09-02 21:00:00.000039936,38.58,46.3,311.599,5.6281307e-05,3.0864,0.0
2022-09-03 00:00:00.000039936,41.152,46.3,317.155,5.721923e-05,3.0864,0.0
2022-09-03 03:00:00.000039936,42.6952,46.3,323.63702,5.7920843e-05,3.6008,5.0
2022-09-03 06:00:00.000039936,43.724,46.3,328.72998,5.862087e-05,3.6008,10.0
2022-09-03 09:00:00.000039936,43.724,46.3,334.74896,5.9319285e-05,3.0864,10.0
2022-09-03 12:00:00.000039936,43.724,46.3,340.305,6.0247978e-05,3.6008,355.0
2022-09-03 15:00:00.000039936,45.2672,46.3,348.176,6.0942573e-05,4.1152,345.0
2022-09-03 18:00:00.000039936,46.296,46.3,354.195,6.186609e-05,4.1152,350.0
2022-09-03 21:00:00.000039936,48.868,27.78,356.973,6.3016254e-05,5.144,355.0
2022-09-04 00:00:00.000039936,51.440002,9.26,358.825,6.416161e-05,4.6296,0.0
2022-09-04 03:00:00.000039936,52.9832,9.26,360.677,6.530208e-05,5.144,10.0
2022-09-04 06:00:00.000039936,54.012,9.26,361.13998,6.643758e-05,4.6296,360.0
2022-09-04 09:00:00.000039936,54.012,9.26,361.603,6.711647e-05,3.6008,350.0
2022-09-04 12:00:00.000039936,54.012,9.26,361.13998,6.7793495e-05,3.6008,360.0
2022-09-04 15:00:00.000039936,54.012,9.26,362.99197,6.869332e-05,4.6296,5.0
2022-09-04 18:00:00.000039936,54.012,9.26,363.45502,6.981338e-05,5.6584,10.0
2022-09-04 21:00:00.000039936,54.012,9.26,367.159,7.115043e-05,6.1728,10.0
2022-09-05 00:00:00.000039936,54.012,9.26,370.4,7.247968e-05,6.1728,15.0
2022-09-05 03:00:00.000039936,52.9832,9.26,368.08502,7.380098e-05,6.6872,25.0
2022-09-05 06:00:00.000039936,51.440002,9.26,365.77,7.511419e-05,8.2304,30.0
2022-09-05 09:00:00.000039936,48.868,14.816,354.658,7.663584e-05,8.744801,30.0
2022-09-05 12:00:00.000039936,46.296,18.52,342.62,7.8360856e-05,9.7736,30.0
2022-09-05 15:00:00.000039936,43.724,18.52,331.508,8.028322e-05,11.3168,35.0
2022-09-05 18:00:00.000039936,41.152,18.52,319.46997,8.2185776e-05,12.860001,40.0
