Time,Vmax,Rmax_IBT,R34,fcor,u_trans,v_trans
2011-08-04 00:00:00.000039936,18.004,55.56,83.340004,6.0479695e-05,5.6584,305.0
2011-08-04 03:00:00.000039936,18.004,55.56,92.600006,6.0711227e-05,5.144,290.0
2011-08-04 06:00:00.000039936,18.004,55.56,101.86,6.0711227e-05,4.1152,290.0
2011-08-04 09:00:00.000039936,18.004,55.56,101.86,6.1173734e-05,2.572,300.0
2011-08-04 12:00:00.000039936,18.004,55.56,101.86,6.1635496e-05,2.572,310.0
2011-08-04 15:00:00.000039936,18.004,55.56,127.788,6.20965e-05,3.0864,315.0
2011-08-04 18:00:00.000039936,18.004,55.56,152.79,6.278661e-05,4.1152,320.0
2011-08-04 21:00:00.000039936,19.5472,55.56,181.03299,6.324571e-05,5.144,325.0
2011-08-05 00:00:00.000039936,20.576,55.56,208.35,6.393293e-05,4.6296,330.0
2011-08-05 03:00:00.000039936,22.1192,55.56,208.35,6.461839e-05,3.6008,335.0
2011-08-05 06:00:00.000039936,23.148,55.56,208.35,6.530208e-05,3.0864,320.0
2011-08-05 09:00:00.000039936,25.720001,51.856,210.665,6.575688e-05,3.0864,305.0
2011-08-05 12:00:00.000039936,28.292,46.3,212.98,6.5983986e-05,3.0864,305.0
2011-08-05 15:00:00.000039936,29.835201,46.3,212.98,6.666408e-05,3.0864,315.0
2011-08-05 18:00:00.000039936,30.864,46.3,212.98,6.734234e-05,3.0864,320.0
2011-08-05 21:00:00.000039936,32.4072,46.3,217.147,6.801876e-05,3.0864,330.0
2011-08-06 00:00:00.000039936,33.436,46.3,219.92499,6.869332e-05,3.6008,340.0
2011-08-06 03:00:00.000039936,33.436,46.3,218.999,6.936598e-05,3.6008,350.0
2011-08-06 06:00:00.000039936,33.436,46.3,217.61,7.025991e-05,3.6008,355.0
2011-08-06 09:00:00.000039936,36.008,42.596,217.61,7.092813e-05,3.6008,355.0
2011-08-06 12:00:00.000039936,38.58,37.04,217.61,7.181604e-05,3.6008,0.0
2011-08-06 15:00:00.000039936,38.58,37.04,216.684,7.270045e-05,4.1152,0.0
2011-08-06 18:00:00.000039936,38.58,37.04,215.295,7.3581316e-05,3.6008,5.0
2011-08-06 21:00:00.000039936,37.5512,37.04,220.851,7.423962e-05,3.0864,10.0
2011-08-07 00:00:00.000039936,36.008,37.04,224.555,7.4895885e-05,3.6008,10.0
2011-08-07 03:00:00.000039936,36.008,37.04,224.555,7.5550095e-05,4.1152,10.0
2011-08-07 06:00:00.000039936,36.008,37.04,224.555,7.641916e-05,4.6296,20.0
2011-08-07 09:00:00.000039936,34.979202,42.596,224.555,7.728449e-05,4.6296,35.0
2011-08-07 12:00:00.000039936,33.436,46.3,224.555,7.814606e-05,5.144,35.0
2011-08-07 15:00:00.000039936,32.4072,46.3,224.555,7.900381e-05,5.144,35.0
2011-08-07 18:00:00.000039936,30.864,46.3,224.555,8.007058e-05,5.6584,35.0
2011-08-07 21:00:00.000039936,30.864,46.3,224.555,8.113127e-05,6.6872,35.0
2011-08-08 00:00:00.000039936,30.864,46.3,224.555,8.239592e-05,8.744801,35.0
2011-08-08 03:00:00.000039936,30.864,51.856,224.555,8.3859915e-05,9.7736,40.0
2011-08-08 06:00:00.000039936,30.864,55.56,224.555,8.5311396e-05,10.288,40.0
2011-08-08 09:00:00.000039936,29.835201,61.116,311.599,8.695463e-05,9.7736,35.0
2011-08-08 12:00:00.000039936,28.292,64.82,398.18,8.858091e-05,10.288,30.0
2011-08-08 15:00:00.000039936,27.2632,70.376,381.049,9.0189926e-05,9.7736,25.0
