Time,Vmax,Rmax_IBT,R34,fcor,u_trans,v_trans
2003-08-20 12:00:00.000040448,23.148,64.82,101.86,4.748151e-05,4.1152,255.0
2003-08-20 15:00:00.000040448,23.148,64.82,143.53,4.6999867e-05,4.6296,255.0
2003-08-20 18:00:00.000040448,23.148,64.82,185.2,4.675884e-05,4.6296,260.0
2003-08-20 21:00:00.000040448,27.2632,61.116,185.2,4.651767e-05,5.144,260.0
2003-08-21 00:00:00.000040448,30.864,55.56,185.2,4.651767e-05,5.6584,260.0
2003-08-21 03:00:00.000040448,32.4072,55.56,189.83,4.651767e-05,5.6584,260.0
2003-08-21 06:00:00.000040448,33.436,55.56,194.46,4.627635e-05,6.1728,255.0
2003-08-21 09:00:00.000040448,33.436,55.56,194.46,4.6034886e-05,6.1728,255.0
2003-08-21 12:00:00.000040448,33.436,55.56,194.46,4.5551555e-05,5.6584,255.0
2003-08-21 15:00:00.000040448,36.008,46.3,189.83,4.506766e-05,5.6584,260.0
2003-08-21 18:00:00.000040448,38.58,37.04,185.2,4.458322e-05,6.1728,265.0
2003-08-21 21:00:00.000040448,42.6952,33.336,189.83,4.4340795e-05,6.6872,265.0
2003-08-22 00:00:00.000040448,46.296,27.78,194.46,4.4340795e-05,6.1728,265.0
2003-08-22 03:00:00.000040448,46.296,33.336,193.53401,4.4340795e-05,5.6584,265.0
2003-08-22 06:00:00.000040448,46.296,37.04,192.14499,4.4340795e-05,5.6584,265.0
2003-08-22 09:00:00.000040448,43.724,37.04,184.274,4.4340795e-05,6.1728,265.0
2003-08-22 12:00:00.000040448,41.152,37.04,175.94,4.409823e-05,7.2016,260.0
