Time,Vmax,Rmax_IBT,R34,fcor,u_trans,v_trans
2009-08-28 06:00:00.000039936,20.576,46.3,90.284996,5.6046403e-05,5.6584,5.0
2009-08-28 09:00:00.000039936,22.1192,46.3,88.895996,5.721923e-05,6.1728,360.0
2009-08-28 12:00:00.000039936,23.148,46.3,85.655,5.862087e-05,5.6584,355.0
2009-08-28 15:00:00.000039936,24.6912,46.3,85.655,6.0016075e-05,5.6584,350.0
2009-08-28 18:00:00.000039936,25.720001,46.3,85.655,6.14047e-05,6.6872,340.0
2009-08-28 21:00:00.000039936,25.720001,46.3,85.655,6.255676e-05,7.716,330.0
2009-08-29 00:00:00.000039936,25.720001,46.3,85.655,6.393293e-05,7.716,330.0
2009-08-29 03:00:00.000039936,27.2632,46.3,101.397,6.552959e-05,7.716,330.0
2009-08-29 06:00:00.000039936,28.292,46.3,115.75,6.711647e-05,7.716,330.0
2009-08-29 09:00:00.000039936,28.292,46.3,115.75,6.869332e-05,7.716,325.0
2009-08-29 12:00:00.000039936,28.292,46.3,115.75,7.003676e-05,8.2304,320.0
2009-08-29 15:00:00.000039936,29.835201,46.3,115.75,7.137252e-05,9.2592,315.0
2009-08-29 18:00:00.000039936,30.864,46.3,115.75,7.2258685e-05,9.7736,300.0
2009-08-29 21:00:00.000039936,30.864,46.3,115.75,7.2921e-05,9.2592,290.0
2009-08-30 00:00:00.000039936,30.864,46.3,115.75,7.3581316e-05,8.2304,290.0
2009-08-30 03:00:00.000039936,30.864,51.856,140.289,7.423962e-05,6.6872,295.0
2009-08-30 06:00:00.000039936,30.864,55.56,164.365,7.511419e-05,5.144,310.0
2009-08-30 09:00:00.000039936,30.864,64.82,175.94,7.5985095e-05,4.6296,330.0
2009-08-30 12:00:00.000039936,30.864,74.08,187.515,7.6852295e-05,4.6296,330.0
2009-08-30 15:00:00.000039936,30.864,74.08,187.515,7.771575e-05,5.144,330.0
2009-08-30 18:00:00.000039936,30.864,74.08,187.515,7.85754e-05,4.6296,340.0
2009-08-30 21:00:00.000039936,32.4072,74.08,187.515,7.9644604e-05,4.6296,355.0
2009-08-31 00:00:00.000039936,33.436,74.08,187.515,8.070772e-05,5.144,10.0
2009-08-31 03:00:00.000039936,32.4072,83.34,166.21701,8.176471e-05,6.1728,25.0
2009-08-31 06:00:00.000039936,30.864,92.6,143.53,8.302487e-05,8.2304,25.0
2009-08-31 09:00:00.000039936,29.835201,83.34,153.25299,8.469088e-05,9.7736,25.0
2009-08-31 12:00:00.000039936,28.292,74.08,162.04999,8.6545406e-05,10.802401,25.0
2009-08-31 15:00:00.000039936,28.292,55.56,158.80899,8.858091e-05,11.3168,30.0
