Time,Vmax,Rmax_IBT,R34,fcor,u_trans,v_trans
2009-09-05 00:00:00.000039936,20.576,46.3,120.380005,5.083645e-05,6.1728,40.0
2009-09-05 03:00:00.000039936,22.1192,46.3,120.380005,5.178951e-05,7.716,40.0
2009-09-05 06:00:00.000039936,23.148,46.3,120.380005,5.2977284e-05,8.2304,40.0
2009-09-05 09:00:00.000039936,23.148,46.3,120.380005,5.4161024e-05,8.2304,40.0
2009-09-05 12:00:00.000039936,23.148,46.3,120.380005,5.5340646e-05,7.2016,35.0
2009-09-05 15:00:00.000039936,23.148,46.3,106.952995,5.6516048e-05,5.6584,25.0
2009-09-05 18:00:00.000039936,23.148,46.3,92.6,5.7920843e-05,5.6584,15.0
2009-09-05 21:00:00.000039936,23.148,46.3,92.6,5.9086666e-05,5.6584,10.0
2009-09-06 00:00:00.000039936,23.148,46.3,92.6,6.0247978e-05,5.144,15.0
2009-09-06 03:00:00.000039936,23.148,46.3,92.6,6.14047e-05,4.6296,20.0
2009-09-06 06:00:00.000039936,23.148,46.3,92.6,6.2326726e-05,4.1152,15.0
2009-09-06 09:00:00.000039936,23.148,46.3,121.769,6.324571e-05,4.1152,10.0
2009-09-06 12:00:00.000039936,23.148,46.3,150.475,6.416161e-05,3.6008,5.0
2009-09-06 15:00:00.000039936,22.1192,74.08,157.883,6.4846485e-05,3.6008,5.0
2009-09-06 18:00:00.000039936,20.576,101.86,164.365,6.552959e-05,2.572,360.0
2009-09-06 21:00:00.000039936,20.576,107.416,162.513,6.621089e-05,2.572,355.0
2009-09-07 00:00:00.000039936,20.576,111.12,159.73499,6.689037e-05,3.0864,10.0
2009-09-07 03:00:00.000039936,20.576,111.12,159.73499,6.756802e-05,3.6008,20.0
2009-09-07 06:00:00.000039936,20.576,111.12,159.73499,6.8468675e-05,3.6008,20.0
2009-09-07 09:00:00.000039936,20.576,111.12,159.73499,6.914198e-05,3.6008,25.0
2009-09-07 12:00:00.000039936,20.576,111.12,159.73499,6.981338e-05,4.6296,30.0
2009-09-07 15:00:00.000039936,20.576,111.12,159.73499,7.092813e-05,5.6584,40.0
2009-09-07 18:00:00.000039936,20.576,111.12,159.73499,7.2037474e-05,6.6872,45.0
2009-09-07 21:00:00.000039936,19.5472,111.12,159.73499,7.2921e-05,7.716,50.0
2009-09-08 00:00:00.000039936,18.004,111.12,159.73499,7.380098e-05,8.2304,55.0
2009-09-08 03:00:00.000039936,18.004,111.12,157.42,7.467736e-05,8.744801,65.0
2009-09-08 06:00:00.000039936,18.004,111.12,155.105,7.5550095e-05,8.744801,70.0
2009-09-08 09:00:00.000039936,20.576,111.12,181.03299,7.620224e-05,9.2592,75.0
2009-09-08 12:00:00.000039936,23.148,111.12,206.035,7.6852295e-05,10.802401,75.0
2009-09-08 15:00:00.000039936,24.6912,120.38,193.534,7.771575e-05,12.860001,70.0
2009-09-08 18:00:00.000039936,25.720001,129.64,180.57,7.878973e-05,14.4032,70.0
2009-09-08 21:00:00.000039936,25.720001,111.12,185.2,7.9644604e-05,15.9464,65.0
2009-09-09 00:00:00.000039936,25.720001,92.6,189.83,8.070772e-05,16.9752,65.0
2009-09-09 03:00:00.000039936,25.720001,88.895996,227.33301,8.239592e-05,17.489601,60.0
2009-09-09 06:00:00.000039936,25.720001,83.34,263.91,8.448353e-05,17.489601,60.0
2009-09-09 09:00:00.000039936,24.6912,83.34,255.113,8.6340384e-05,17.489601,55.0
