Time,Vmax,Rmax_IBT,R34,fcor,u_trans,v_trans
2005-08-27 12:00:00.000039936,20.576,55.56,71.765,4.239659e-05,6.1728,315.0
2005-08-27 15:00:00.000039936,23.148,46.3,110.657005,4.3126656e-05,7.716,300.0
2005-08-27 18:00:00.000039936,25.720001,37.04,148.16,4.3612705e-05,7.2016,305.0
2005-08-27 21:00:00.000039936,28.292,42.596,158.346,4.458322e-05,6.6872,310.0
2005-08-28 00:00:00.000039936,30.864,46.3,166.68,4.5793287e-05,7.2016,315.0
2005-08-28 03:00:00.000039936,32.4072,42.596,166.68,4.6999867e-05,7.2016,315.0
2005-08-28 06:00:00.000039936,33.436,37.04,166.68,4.796257e-05,6.1728,310.0
2005-08-28 09:00:00.000039936,34.979202,33.336,180.57,4.892293e-05,5.6584,305.0
2005-08-28 12:00:00.000039936,36.008,27.78,194.45999,4.9880902e-05,5.6584,300.0
2005-08-28 15:00:00.000039936,37.5512,33.336,199.09,5.035898e-05,6.6872,300.0
2005-08-28 18:00:00.000039936,38.58,37.04,203.72,5.083645e-05,6.6872,290.0
2005-08-28 21:00:00.000039936,41.152,33.336,212.98001,5.131329e-05,7.2016,285.0
2005-08-29 00:00:00.000039936,43.724,27.78,222.23999,5.178951e-05,6.6872,280.0
2005-08-29 03:00:00.000039936,46.296,24.076,222.23999,5.2027382e-05,6.1728,275.0
2005-08-29 06:00:00.000039936,48.868,18.52,222.23999,5.22651e-05,5.6584,270.0
2005-08-29 09:00:00.000039936,54.012,18.52,222.23999,5.22651e-05,5.6584,270.0
2005-08-29 12:00:00.000039936,59.156002,18.52,222.23999,5.22651e-05,5.6584,275.0
2005-08-29 15:00:00.000039936,61.728,24.076,236.13,5.250265e-05,5.6584,280.0
2005-08-29 18:00:00.000039936,64.3,27.78,250.01999,5.2740055e-05,5.144,285.0
2005-08-29 21:00:00.000039936,64.3,27.78,249.094,5.2977284e-05,5.144,285.0
2005-08-30 00:00:00.000039936,64.3,27.78,247.705,5.345127e-05,5.144,285.0
2005-08-30 03:00:00.000039936,65.8432,24.076,245.39,5.392461e-05,5.6584,285.0
2005-08-30 06:00:00.000039936,66.872,18.52,243.075,5.4161024e-05,5.6584,285.0
2005-08-30 09:00:00.000039936,66.872,18.52,244.46399,5.439729e-05,5.6584,285.0
2005-08-30 12:00:00.000039936,66.872,18.52,245.38998,5.4633376e-05,5.144,285.0
2005-08-30 15:00:00.000039936,65.8432,18.52,245.38998,5.4869302e-05,4.6296,285.0
2005-08-30 18:00:00.000039936,64.3,18.52,245.39,5.5340646e-05,5.6584,290.0
2005-08-30 21:00:00.000039936,63.271202,18.52,247.705,5.581132e-05,6.1728,290.0
2005-08-31 00:00:00.000039936,61.728,18.52,250.02,5.6516048e-05,5.6584,295.0
2005-08-31 03:00:00.000039936,60.6992,24.076,245.39,5.698501e-05,6.1728,300.0
2005-08-31 06:00:00.000039936,59.156002,27.78,240.76,5.768715e-05,6.1728,300.0
2005-08-31 09:00:00.000039936,58.1272,24.076,240.76,5.83877e-05,5.6584,295.0
2005-08-31 12:00:00.000039936,56.584,18.52,240.76,5.8853857e-05,6.1728,285.0
2005-08-31 15:00:00.000039936,52.9832,18.52,236.12999,5.8853857e-05,6.6872,270.0
