Time,Vmax,Rmax_IBT,R34,fcor,u_trans,v_trans
2008-08-17 18:00:00.000039936,20.576,55.56,64.82,4.0199502e-05,8.2304,270.0
2008-08-17 21:00:00.000039936,23.148,55.56,79.636,3.995476e-05,8.2304,270.0
2008-08-18 00:00:00.000039936,25.720001,55.56,92.6,3.995476e-05,8.744801,275.0
2008-08-18 03:00:00.000039936,27.2632,46.3,92.6,4.0199502e-05,8.744801,275.0
2008-08-18 06:00:00.000039936,28.292,37.04,92.6,4.0444127e-05,8.2304,275.0
2008-08-18 09:00:00.000039936,30.864,37.04,95.378,4.093299e-05,7.716,280.0
2008-08-18 12:00:00.000039936,33.436,37.04,97.229996,4.142137e-05,8.2304,285.0
2008-08-18 15:00:00.000039936,34.979202,33.336,106.490005,4.1909232e-05,8.744801,285.0
2008-08-18 18:00:00.000039936,36.008,27.78,115.75,4.239659e-05,8.2304,285.0
2008-08-18 21:00:00.000039936,37.5512,27.78,139.82599,4.2640077e-05,8.2304,285.0
2008-08-19 00:00:00.000039936,38.58,27.78,162.04999,4.288343e-05,7.716,285.0
2008-08-19 03:00:00.000039936,42.6952,27.78,171.31,4.3612705e-05,7.2016,290.0
2008-08-19 06:00:00.000039936,46.296,27.78,180.57,4.4340795e-05,6.6872,295.0
2008-08-19 09:00:00.000039936,46.296,27.78,180.57,4.506766e-05,6.1728,295.0
2008-08-19 12:00:00.000039936,46.296,27.78,180.57,4.5551555e-05,6.1728,290.0
2008-08-19 15:00:00.000039936,47.8392,27.78,183.34799,4.5793287e-05,6.6872,285.0
2008-08-19 18:00:00.000039936,48.868,27.78,185.20001,4.6034886e-05,6.1728,285.0
2008-08-19 21:00:00.000039936,50.4112,27.78,185.20001,4.627635e-05,5.6584,285.0
2008-08-20 00:00:00.000039936,51.440002,27.78,185.20001,4.675884e-05,4.6296,280.0
2008-08-20 03:00:00.000039936,50.4112,27.78,192.608,4.6999867e-05,4.6296,285.0
2008-08-20 06:00:00.000039936,48.868,27.78,199.09001,4.7240763e-05,4.1152,305.0
2008-08-20 09:00:00.000039936,47.8392,42.596,213.443,4.796257e-05,4.6296,320.0
2008-08-20 12:00:00.000039936,46.296,55.56,226.87,4.892293e-05,5.6584,300.0
2008-08-20 15:00:00.000039936,43.724,55.56,226.87,4.916265e-05,7.2016,285.0
2008-08-20 18:00:00.000039936,41.152,55.56,226.87,4.9402213e-05,6.1728,280.0
2008-08-20 21:00:00.000039936,40.1232,55.56,226.87,4.9641636e-05,4.6296,285.0
2008-08-21 00:00:00.000039936,38.58,55.56,226.87,5.012002e-05,4.6296,285.0
2008-08-21 03:00:00.000039936,37.5512,51.856,230.574,5.035898e-05,4.6296,285.0
2008-08-21 06:00:00.000039936,36.008,46.3,233.815,5.083645e-05,3.6008,290.0
2008-08-21 09:00:00.000039936,34.979202,46.3,233.815,5.1074945e-05,3.0864,295.0
2008-08-21 12:00:00.000039936,33.436,46.3,233.815,5.155148e-05,3.6008,295.0
2008-08-21 15:00:00.000039936,33.436,46.3,233.815,5.2027382e-05,4.1152,300.0
2008-08-21 18:00:00.000039936,33.436,46.3,233.815,5.250265e-05,4.1152,305.0
2008-08-21 21:00:00.000039936,30.864,46.3,233.815,5.2977284e-05,4.1152,310.0
2008-08-22 00:00:00.000039936,28.292,46.3,233.815,5.345127e-05,4.6296,310.0
2008-08-22 03:00:00.000039936,27.2632,46.3,168.069,5.392461e-05,4.6296,310.0
