Time,Vmax,Rmax_IBT,R34,fcor,u_trans,v_trans
2015-07-30 18:00:00.000039936,18.004,92.6,108.805,3.404614e-05,3.0864,265.0
2015-07-30 21:00:00.000039936,18.004,83.34,111.583,3.3798577e-05,3.6008,260.0
2015-07-31 00:00:00.000039936,18.004,74.08,113.435,3.3798577e-05,5.144,260.0
2015-07-31 03:00:00.000039936,18.004,74.08,115.75,3.3798577e-05,6.1728,265.0
2015-07-31 06:00:00.000039936,18.004,74.08,118.065,3.3798577e-05,5.6584,270.0
2015-07-31 09:00:00.000039936,18.004,74.08,118.065,3.3798577e-05,5.144,275.0
2015-07-31 12:00:00.000039936,18.004,74.08,118.065,3.404614e-05,5.144,270.0
2015-07-31 15:00:00.000039936,18.004,74.08,118.065,3.404614e-05,5.6584,270.0
2015-07-31 18:00:00.000039936,18.004,74.08,118.065,3.404614e-05,6.1728,275.0
2015-07-31 21:00:00.000039936,19.5472,74.08,118.065,3.404614e-05,6.1728,275.0
2015-08-01 00:00:00.000039936,20.576,74.08,118.065,3.4293596e-05,6.1728,280.0
2015-08-01 03:00:00.000039936,20.576,64.82,110.657005,3.454095e-05,6.1728,285.0
2015-08-01 06:00:00.000039936,20.576,55.56,101.86,3.5035337e-05,6.6872,285.0
2015-08-01 09:00:00.000039936,22.1192,51.856,107.416,3.5282377e-05,6.6872,285.0
2015-08-01 12:00:00.000039936,23.148,46.3,111.119995,3.5529305e-05,6.1728,280.0
2015-08-01 15:00:00.000039936,24.6912,46.3,115.286995,3.577612e-05,6.1728,280.0
2015-08-01 18:00:00.000039936,25.720001,46.3,118.064995,3.626943e-05,6.6872,280.0
2015-08-01 21:00:00.000039936,28.292,42.596,111.12,3.651592e-05,7.2016,275.0
2015-08-02 00:00:00.000039936,30.864,37.04,104.175,3.67623e-05,7.2016,280.0
2015-08-02 03:00:00.000039936,34.979202,37.04,104.175,3.700857e-05,7.2016,280.0
2015-08-02 06:00:00.000039936,38.58,37.04,104.175,3.7254722e-05,5.6584,285.0
2015-08-02 09:00:00.000039936,42.6952,27.78,107.879,3.7500762e-05,4.6296,285.0
2015-08-02 12:00:00.000039936,46.296,18.52,111.119995,3.7992504e-05,4.6296,295.0
2015-08-02 15:00:00.000039936,48.868,16.668,128.714,3.8483773e-05,5.144,300.0
2015-08-02 18:00:00.000039936,51.440002,12.964,145.845,3.9219805e-05,5.6584,300.0
2015-08-02 21:00:00.000039936,54.012,12.964,161.58699,3.995476e-05,5.6584,300.0
2015-08-03 00:00:00.000039936,56.584,12.964,175.94,4.0688625e-05,6.1728,305.0
2015-08-03 03:00:00.000039936,60.6992,12.964,194.923,4.1665367e-05,6.1728,305.0
2015-08-03 06:00:00.000039936,64.3,12.964,212.98001,4.239659e-05,6.1728,300.0
2015-08-03 09:00:00.000039936,68.4152,20.372,212.98001,4.3126656e-05,6.1728,295.0
2015-08-03 12:00:00.000039936,72.016,27.78,212.98001,4.3612705e-05,6.1728,290.0
2015-08-03 15:00:00.000039936,76.1312,25.928,212.98001,4.409823e-05,6.1728,290.0
2015-08-03 18:00:00.000039936,79.732,22.223999,212.98001,4.458322e-05,6.1728,295.0
2015-08-03 21:00:00.000039936,78.7032,22.223999,271.318,4.506766e-05,6.1728,295.0
2015-08-04 00:00:00.000039936,77.16,22.223999,328.73,4.5551555e-05,6.1728,290.0
2015-08-04 03:00:00.000039936,74.588,20.372,320.859,4.6034886e-05,6.6872,285.0
2015-08-04 06:00:00.000039936,72.016,18.52,312.525,4.651767e-05,6.1728,285.0
2015-08-04 09:00:00.000039936,70.9872,24.076,312.525,4.675884e-05,5.6584,285.0
2015-08-04 12:00:00.000039936,69.444,27.78,312.525,4.7240763e-05,5.144,290.0
2015-08-04 15:00:00.000039936,66.872,25.928,312.525,4.7722115e-05,5.6584,290.0
2015-08-04 18:00:00.000039936,64.3,22.223999,312.525,4.8202877e-05,5.6584,285.0
2015-08-04 21:00:00.000039936,61.728,22.223999,290.76398,4.844305e-05,6.1728,280.0
2015-08-05 00:00:00.000039936,59.156002,22.223999,268.53998,4.868306e-05,6.1728,285.0
2015-08-05 03:00:00.000039936,56.584,22.223999,286.134,4.916265e-05,6.1728,290.0
2015-08-05 06:00:00.000039936,54.012,22.223999,303.26498,4.9641636e-05,5.6584,285.0
2015-08-05 09:00:00.000039936,52.9832,27.78,312.06198,4.9880902e-05,5.6584,275.0
2015-08-05 12:00:00.000039936,51.440002,31.484,319.47,4.9880902e-05,5.6584,275.0
2015-08-05 15:00:00.000039936,50.4112,31.484,319.47,4.9880902e-05,5.6584,275.0
2015-08-05 18:00:00.000039936,48.868,31.484,319.47,5.012002e-05,6.1728,280.0
2015-08-05 21:00:00.000039936,47.8392,27.78,319.47,5.035898e-05,6.1728,285.0
2015-08-06 00:00:00.000039936,46.296,22.223999,319.47,5.083645e-05,5.6584,290.0
2015-08-06 03:00:00.000039936,45.2672,27.78,328.26703,5.131329e-05,5.144,295.0
2015-08-06 06:00:00.000039936,43.724,31.484,335.675,5.2027382e-05,5.144,290.0
2015-08-06 09:00:00.000039936,45.2672,35.188,335.675,5.250265e-05,5.6584,285.0
2015-08-06 12:00:00.000039936,46.296,37.04,335.675,5.2740055e-05,6.1728,285.0
2015-08-06 15:00:00.000039936,47.8392,29.632,335.675,5.321436e-05,6.6872,285.0
2015-08-06 18:00:00.000039936,48.868,22.223999,335.675,5.3688025e-05,6.1728,285.0
2015-08-06 21:00:00.000039936,50.4112,25.928,335.675,5.392461e-05,5.144,290.0
2015-08-07 00:00:00.000039936,51.440002,27.78,335.675,5.439729e-05,5.144,295.0
2015-08-07 03:00:00.000039936,52.9832,27.78,345.39798,5.4869302e-05,5.6584,300.0
2015-08-07 06:00:00.000039936,54.012,27.78,354.195,5.5576067e-05,5.144,300.0
2015-08-07 09:00:00.000039936,54.012,25.928,354.195,5.6046403e-05,5.144,300.0
2015-08-07 12:00:00.000039936,54.012,22.223999,354.195,5.6750614e-05,6.1728,305.0
2015-08-07 15:00:00.000039936,52.9832,18.52,354.195,5.768715e-05,7.2016,305.0
2015-08-07 18:00:00.000039936,51.440002,12.964,354.195,5.862087e-05,8.2304,295.0
2015-08-07 21:00:00.000039936,50.4112,11.1119995,354.195,5.9551734e-05,7.716,280.0
