Time,Vmax,Rmax_IBT,R34,fcor,u_trans,v_trans
2012-08-06 06:00:00.000039936,18.004,74.08,48.615,6.530208e-05,4.6296,5.0
2012-08-06 09:00:00.000039936,18.004,64.82,79.173004,6.621089e-05,5.144,355.0
2012-08-06 12:00:00.000039936,18.004,55.56,108.80499,6.734234e-05,4.6296,345.0
2012-08-06 15:00:00.000039936,18.004,74.08,108.80499,6.8468675e-05,4.1152,335.0
2012-08-06 18:00:00.000039936,18.004,92.6,108.80499,6.936598e-05,3.6008,330.0
2012-08-06 21:00:00.000039936,18.004,92.6,108.80499,7.003676e-05,3.6008,330.0
2012-08-07 00:00:00.000039936,18.004,92.6,108.80499,7.07056e-05,4.1152,330.0
2012-08-07 03:00:00.000039936,18.004,92.6,112.97199,7.137252e-05,4.1152,325.0
2012-08-07 06:00:00.000039936,18.004,92.6,115.75,7.2037474e-05,4.1152,320.0
2012-08-07 09:00:00.000039936,18.004,92.6,115.75,7.270045e-05,3.6008,310.0
2012-08-07 12:00:00.000039936,18.004,92.6,115.75,7.336144e-05,3.6008,320.0
2012-08-07 15:00:00.000039936,18.004,92.6,115.75,7.402041e-05,4.1152,330.0
2012-08-07 18:00:00.000039936,18.004,92.6,115.75,7.4895885e-05,4.6296,325.0
2012-08-07 21:00:00.000039936,19.5472,101.86,127.787994,7.576771e-05,4.6296,310.0
2012-08-08 00:00:00.000039936,20.576,111.12,138.9,7.641916e-05,5.144,295.0
2012-08-08 03:00:00.000039936,20.576,111.12,129.64,7.663584e-05,5.6584,290.0
2012-08-08 06:00:00.000039936,20.576,111.12,120.380005,7.70685e-05,6.1728,300.0
2012-08-08 09:00:00.000039936,19.5472,111.12,120.380005,7.793102e-05,6.1728,315.0
2012-08-08 12:00:00.000039936,18.004,111.12,120.380005,7.878973e-05,6.1728,315.0
2012-08-08 15:00:00.000039936,18.004,111.12,120.380005,7.9644604e-05,5.6584,315.0
2012-08-08 18:00:00.000039936,18.004,111.12,120.380005,8.070772e-05,6.1728,315.0
2012-08-08 21:00:00.000039936,18.004,101.86,120.380005,8.176471e-05,6.6872,315.0
2012-08-09 00:00:00.000039936,18.004,92.6,120.380005,8.2815466e-05,7.716,325.0
2012-08-09 03:00:00.000039936,19.5472,92.6,120.380005,8.427592e-05,9.2592,330.0
2012-08-09 06:00:00.000039936,20.576,92.6,120.380005,8.5723776e-05,9.2592,330.0
2012-08-09 09:00:00.000039936,22.1192,92.6,120.380005,8.695463e-05,9.2592,330.0
2012-08-09 12:00:00.000039936,23.148,92.6,120.380005,8.858091e-05,9.7736,325.0
2012-08-09 15:00:00.000039936,23.148,101.86,115.75,9.058944e-05,10.802401,325.0
2012-08-09 18:00:00.000039936,23.148,111.12,111.12001,9.2766924e-05,11.8312,325.0
2012-08-09 21:00:00.000039936,23.148,111.12,111.12001,9.5103336e-05,12.860001,330.0
2012-08-10 00:00:00.000039936,23.148,111.12,111.12001,9.7398035e-05,13.8888,330.0
2012-08-10 03:00:00.000039936,22.1192,111.12,111.12001,9.983573e-05,13.8888,335.0
2012-08-10 06:00:00.000039936,20.576,111.12,111.12001,0.00010240341,12.3456,335.0
