Time,Vmax,Rmax_IBT,R34,fcor,u_trans,v_trans
2014-09-07 12:00:00.000039936,23.148,64.82,64.82,6.869332e-05,6.6872,75.0
2014-09-07 15:00:00.000039936,24.6912,64.82,69.913,6.936598e-05,5.144,65.0
2014-09-07 18:00:00.000039936,25.720001,64.82,74.08,7.003676e-05,6.1728,70.0
2014-09-07 21:00:00.000039936,27.2632,64.82,74.08,7.048288e-05,7.716,70.0
2014-09-08 00:00:00.000039936,28.292,64.82,74.08,7.115043e-05,8.2304,65.0
2014-09-08 03:00:00.000039936,28.292,55.56,74.08,7.181604e-05,8.744801,55.0
2014-09-08 06:00:00.000039936,28.292,46.3,74.08,7.270045e-05,9.2592,55.0
2014-09-08 09:00:00.000039936,28.292,46.3,133.807,7.3581316e-05,9.2592,60.0
2014-09-08 12:00:00.000039936,28.292,46.3,192.14499,7.467736e-05,8.2304,60.0
2014-09-08 15:00:00.000039936,30.864,51.856,194.45999,7.5550095e-05,7.2016,60.0
2014-09-08 18:00:00.000039936,33.436,55.56,196.775,7.641916e-05,9.2592,60.0
2014-09-08 21:00:00.000039936,32.4072,64.82,196.775,7.750023e-05,10.802401,65.0
2014-09-09 00:00:00.000039936,30.864,74.08,196.775,7.8360856e-05,10.288,70.0
2014-09-09 03:00:00.000039936,29.835201,83.34,196.775,7.900381e-05,9.7736,70.0
2014-09-09 06:00:00.000039936,28.292,92.6,196.775,7.9644604e-05,9.7736,70.0
2014-09-09 09:00:00.000039936,27.2632,92.6,199.55301,8.049559e-05,9.7736,60.0
2014-09-09 12:00:00.000039936,25.720001,92.6,201.405,8.134267e-05,10.288,60.0
2014-09-09 15:00:00.000039936,24.6912,92.6,201.405,8.239592e-05,10.802401,60.0
2014-09-09 18:00:00.000039936,23.148,92.6,201.405,8.365155e-05,12.3456,70.0
2014-09-09 21:00:00.000039936,22.1192,92.6,201.405,8.469088e-05,14.917601,75.0
