Time,Vmax,Rmax_IBT,R34,fcor,u_trans,v_trans
2017-08-03 00:00:00.000039936,18.004,37.04,55.559998,6.530208e-05,3.0864,315.0
2017-08-03 03:00:00.000039936,19.5472,37.04,104.638,6.5983986e-05,3.0864,320.0
2017-08-03 06:00:00.000039936,20.576,37.04,152.79001,6.666408e-05,3.0864,315.0
2017-08-03 09:00:00.000039936,20.576,37.04,161.124,6.711647e-05,3.0864,310.0
2017-08-03 12:00:00.000039936,20.576,37.04,168.995,6.734234e-05,3.0864,310.0
2017-08-03 15:00:00.000039936,22.1192,37.04,168.995,6.756802e-05,3.0864,315.0
2017-08-03 18:00:00.000039936,23.148,37.04,168.995,6.801876e-05,3.0864,315.0
2017-08-03 21:00:00.000039936,23.148,55.56,171.773,6.8468675e-05,2.572,320.0
2017-08-04 00:00:00.000039936,23.148,74.08,173.625,6.914198e-05,2.572,335.0
2017-08-04 03:00:00.000039936,23.148,74.08,171.773,6.981338e-05,3.0864,345.0
2017-08-04 06:00:00.000039936,23.148,74.08,168.995,7.048288e-05,3.6008,355.0
2017-08-04 09:00:00.000039936,23.148,74.08,177.329,7.137252e-05,4.1152,355.0
2017-08-04 12:00:00.000039936,23.148,74.08,185.2,7.247968e-05,4.6296,355.0
2017-08-04 15:00:00.000039936,23.148,74.08,185.2,7.336144e-05,5.6584,355.0
2017-08-04 18:00:00.000039936,23.148,74.08,185.2,7.467736e-05,6.6872,355.0
2017-08-04 21:00:00.000039936,24.6912,74.08,185.2,7.641916e-05,7.716,355.0
2017-08-05 00:00:00.000039936,25.720001,74.08,185.2,7.8360856e-05,8.744801,350.0
2017-08-05 03:00:00.000039936,27.2632,74.08,202.79399,8.007058e-05,9.2592,350.0
2017-08-05 06:00:00.000039936,28.292,74.08,219.925,8.197536e-05,9.7736,345.0
2017-08-05 09:00:00.000039936,29.835201,79.636,247.242,8.3859915e-05,10.288,340.0
2017-08-05 12:00:00.000039936,30.864,83.34,273.16998,8.592957e-05,10.802401,340.0
2017-08-05 15:00:00.000039936,30.864,83.34,301.413,8.776991e-05,11.3168,340.0
2017-08-05 18:00:00.000039936,30.864,83.34,328.73,8.9789304e-05,11.3168,335.0
2017-08-05 21:00:00.000039936,29.835201,83.34,357.89902,9.1781345e-05,10.802401,340.0
