Time,Vmax,Rmax_IBT,R34,fcor,u_trans,v_trans
2007-09-16 06:00:00.000039936,23.148,55.56,125.009995,5.131329e-05,4.1152,310.0
2007-09-16 09:00:00.000039936,28.292,51.856,160.661,5.2027382e-05,4.6296,315.0
2007-09-16 12:00:00.000039936,33.436,46.3,194.45999,5.2740055e-05,6.1728,310.0
2007-09-16 15:00:00.000039936,33.436,46.3,199.09,5.3688025e-05,7.2016,300.0
2007-09-16 18:00:00.000039936,33.436,46.3,203.72,5.4633376e-05,6.1728,300.0
2007-09-16 21:00:00.000039936,36.008,46.3,203.72,5.5340646e-05,5.144,295.0
2007-09-17 00:00:00.000039936,38.58,46.3,203.72,5.581132e-05,5.144,295.0
2007-09-17 03:00:00.000039936,43.724,46.3,222.703,5.6281307e-05,5.144,300.0
2007-09-17 06:00:00.000039936,48.868,46.3,240.76001,5.6750614e-05,5.144,300.0
2007-09-17 09:00:00.000039936,54.012,42.596,271.318,5.721923e-05,5.6584,295.0
2007-09-17 12:00:00.000039936,59.156002,37.04,300.94998,5.768715e-05,6.1728,295.0
2007-09-17 15:00:00.000039936,61.728,42.596,280.115,5.83877e-05,6.1728,295.0
2007-09-17 18:00:00.000039936,64.3,46.3,259.28,5.9086666e-05,5.6584,295.0
2007-09-17 21:00:00.000039936,66.872,42.596,259.28,5.9551734e-05,4.6296,295.0
2007-09-17 23:00:00.000053248,68.4152,38.892,259.28,6.0016075e-05,5.144,305.0
2007-09-18 00:00:00.000039936,69.444,37.04,259.28,6.0247978e-05,7.2016,320.0
2007-09-18 03:00:00.000039936,68.4152,33.336,259.28,6.1635496e-05,8.2304,320.0
2007-09-18 06:00:00.000039936,66.872,27.78,259.28,6.3016254e-05,7.2016,310.0
2007-09-18 09:00:00.000039936,64.3,24.076,257.428,6.370404e-05,6.1728,300.0
2007-09-18 12:00:00.000039936,61.728,18.52,254.65001,6.43901e-05,5.6584,315.0
2007-09-18 15:00:00.000039936,58.1272,24.076,246.779,6.530208e-05,5.6584,325.0
2007-09-18 18:00:00.000039936,54.012,27.78,238.445,6.643758e-05,5.6584,315.0
