Time,Vmax,Rmax_IBT,R34,fcor,u_trans,v_trans
2019-09-02 18:00:00.000039936,18.004,64.82,32.410004,4.2152973e-05,6.1728,285.0
2019-09-02 21:00:00.000039936,18.004,64.82,39.355003,4.239659e-05,6.1728,280.0
2019-09-03 00:00:00.000039936,18.004,64.82,46.300003,4.2640077e-05,6.6872,275.0
2019-09-03 03:00:00.000039936,18.004,55.56,48.614998,4.2640077e-05,6.1728,270.0
2019-09-03 06:00:00.000039936,18.004,46.3,50.93,4.239659e-05,5.144,270.0
2019-09-03 09:00:00.000039936,18.004,46.3,50.93,4.239659e-05,4.1152,275.0
2019-09-03 12:00:00.000039936,18.004,46.3,50.93,4.239659e-05,3.6008,285.0
2019-09-03 15:00:00.000039936,18.004,46.3,53.245003,4.2640077e-05,3.6008,295.0
2019-09-03 18:00:00.000039936,18.004,46.3,55.560005,4.3126656e-05,3.6008,300.0
2019-09-03 21:00:00.000039936,18.004,46.3,57.875004,4.3612705e-05,4.1152,305.0
2019-09-04 00:00:00.000039936,18.004,46.3,60.190002,4.409823e-05,4.6296,300.0
2019-09-04 03:00:00.000039936,18.004,46.3,62.505,4.4825505e-05,4.6296,290.0
2019-09-04 06:00:00.000039936,18.004,46.3,64.82001,4.5551555e-05,5.144,285.0
2019-09-04 09:00:00.000039936,18.004,46.3,67.135,4.5551555e-05,5.144,280.0
2019-09-04 12:00:00.000039936,18.004,46.3,69.450005,4.5551555e-05,4.6296,280.0
2019-09-04 15:00:00.000039936,18.004,46.3,69.450005,4.5793287e-05,4.1152,290.0
2019-09-04 18:00:00.000039936,18.004,46.3,69.450005,4.627635e-05,4.1152,305.0
2019-09-04 21:00:00.000039936,19.5472,51.856,83.34,4.7240763e-05,4.1152,320.0
2019-09-05 00:00:00.000039936,20.576,55.56,97.23,4.8202877e-05,4.6296,320.0
2019-09-05 03:00:00.000039936,22.1192,55.56,99.545,4.916265e-05,5.144,315.0
2019-09-05 06:00:00.000039936,23.148,55.56,101.86,5.012002e-05,5.6584,315.0
2019-09-05 09:00:00.000039936,24.6912,55.56,104.175,5.1074945e-05,6.1728,315.0
2019-09-05 12:00:00.000039936,25.720001,55.56,106.490005,5.2027382e-05,7.2016,310.0
2019-09-05 15:00:00.000039936,27.2632,46.3,113.435,5.2977284e-05,7.716,305.0
2019-09-05 18:00:00.000039936,28.292,37.04,120.38,5.392461e-05,8.2304,310.0
2019-09-05 21:00:00.000039936,29.835201,27.78,131.955,5.510506e-05,8.744801,310.0
2019-09-06 00:00:00.000039936,30.864,18.52,143.53,5.6516048e-05,9.2592,305.0
2019-09-06 03:00:00.000039936,32.4072,24.076,150.475,5.768715e-05,9.7736,305.0
2019-09-06 06:00:00.000039936,33.436,27.78,157.42001,5.8853857e-05,10.288,300.0
2019-09-06 09:00:00.000039936,33.436,27.78,166.68,5.9784e-05,9.7736,300.0
2019-09-06 12:00:00.000039936,33.436,27.78,175.94,6.0942573e-05,9.7736,300.0
2019-09-06 15:00:00.000039936,34.979202,55.56,175.94,6.20965e-05,9.2592,305.0
2019-09-06 18:00:00.000039936,36.008,83.34,175.94,6.3474974e-05,8.744801,305.0
2019-09-06 21:00:00.000039936,40.1232,46.3,175.94,6.461839e-05,8.744801,305.0
2019-09-07 00:00:00.000039936,43.724,9.26,175.94,6.575688e-05,9.2592,310.0
2019-09-07 03:00:00.000039936,47.8392,9.26,173.62498,6.689037e-05,9.7736,310.0
2019-09-07 06:00:00.000039936,51.440002,9.26,171.31,6.8243826e-05,9.2592,310.0
2019-09-07 09:00:00.000039936,54.012,9.26,168.995,6.936598e-05,8.744801,310.0
2019-09-07 12:00:00.000039936,56.584,9.26,166.68,7.048288e-05,8.2304,310.0
2019-09-07 15:00:00.000039936,58.1272,9.26,168.995,7.181604e-05,8.744801,315.0
2019-09-07 18:00:00.000039936,59.156002,9.26,171.31,7.314133e-05,8.2304,320.0
2019-09-07 21:00:00.000039936,59.156002,9.26,173.625,7.467736e-05,8.2304,330.0
2019-09-08 00:00:00.000039936,59.156002,9.26,175.94,7.620224e-05,8.2304,335.0
2019-09-08 03:00:00.000039936,59.156002,16.668,187.515,7.793102e-05,8.2304,345.0
2019-09-08 06:00:00.000039936,59.156002,22.223999,199.09,7.943125e-05,6.6872,350.0
2019-09-08 09:00:00.000039936,55.5552,16.668,199.09,8.070772e-05,5.6584,0.0
2019-09-08 12:00:00.000039936,51.440002,9.26,199.09,8.176471e-05,6.1728,15.0
2019-09-08 15:00:00.000039936,48.868,9.26,187.51498,8.302487e-05,6.6872,20.0
