Time,Vmax,Rmax_IBT,R34,fcor,u_trans,v_trans
2003-08-29 12:00:00.000040448,23.148,64.82,222.24,3.9709896e-05,1.5432,265.0
2003-08-29 15:00:00.000040448,28.292,64.82,231.5,3.9464914e-05,1.5432,275.0
2003-08-29 18:00:00.000040448,33.436,64.82,240.76,3.9709896e-05,1.0288,305.0
2003-08-29 21:00:00.000040448,34.979202,55.56,254.65,4.0199502e-05,1.5432,335.0
2003-08-30 00:00:00.000040448,36.008,46.3,268.53998,4.093299e-05,1.5432,320.0
2003-08-30 03:00:00.000040448,37.5512,46.3,263.90997,4.142137e-05,2.572,310.0
2003-08-30 06:00:00.000040448,38.58,46.3,259.28,4.1909232e-05,4.6296,320.0
2003-08-30 09:00:00.000040448,38.58,46.3,263.90997,4.288343e-05,6.1728,325.0
2003-08-30 12:00:00.000040448,38.58,46.3,268.53998,4.409823e-05,6.6872,320.0
2003-08-30 15:00:00.000040448,40.1232,46.3,277.8,4.506766e-05,6.6872,310.0
2003-08-30 18:00:00.000040448,41.152,46.3,287.06,4.6034886e-05,6.6872,310.0
2003-08-30 21:00:00.000040448,41.152,46.3,282.43,4.6999867e-05,6.6872,305.0
2003-08-31 00:00:00.000040448,41.152,46.3,277.8,4.796257e-05,7.2016,300.0
2003-08-31 03:00:00.000040448,43.724,37.04,296.32,4.868306e-05,8.2304,295.0
2003-08-31 06:00:00.000040448,46.296,27.78,314.84,4.9402213e-05,7.716,290.0
2003-08-31 09:00:00.000040448,47.8392,27.78,314.84,4.9880902e-05,6.6872,285.0
2003-08-31 12:00:00.000040448,48.868,27.78,314.84,5.035898e-05,6.6872,280.0
2003-08-31 15:00:00.000040448,50.4112,27.78,314.84,5.059779e-05,7.2016,280.0
2003-08-31 18:00:00.000040448,51.440002,27.78,314.84,5.083645e-05,7.2016,280.0
2003-08-31 21:00:00.000040448,56.584,24.076,314.84,5.1074945e-05,7.2016,280.0
2003-09-01 00:00:00.000040448,61.728,18.52,314.84,5.131329e-05,7.716,280.0
2003-09-01 03:00:00.000040448,61.728,18.52,314.84,5.155148e-05,7.716,275.0
2003-09-01 06:00:00.000040448,61.728,18.52,314.84,5.2027382e-05,8.2304,280.0
2003-09-01 09:00:00.000040448,63.271202,18.52,319.47,5.22651e-05,8.744801,280.0
2003-09-01 12:00:00.000040448,64.3,18.52,324.09998,5.2740055e-05,8.744801,285.0
2003-09-01 15:00:00.000040448,63.271202,18.52,342.62,5.321436e-05,8.744801,285.0
2003-09-01 18:00:00.000040448,61.728,18.52,361.13998,5.3688025e-05,9.7736,280.0
2003-09-01 21:00:00.000040448,61.728,18.52,356.50998,5.4161024e-05,10.288,280.0
2003-09-02 00:00:00.000040448,61.728,18.52,351.87997,5.4633376e-05,8.744801,280.0
2003-09-02 03:00:00.000040448,58.1272,18.52,340.305,5.4869302e-05,7.2016,280.0
2003-09-02 06:00:00.000040448,54.012,18.52,328.72998,5.510506e-05,7.716,280.0
2003-09-02 09:00:00.000040448,48.868,24.076,308.35797,5.5576067e-05,8.744801,280.0
