Time,Vmax,Rmax_IBT,R34,fcor,u_trans,v_trans
2012-08-13 12:00:00.000039936,18.004,46.3,41.670002,4.2640077e-05,3.0864,290.0
2012-08-13 15:00:00.000039936,19.5472,51.856,66.209,4.3369746e-05,3.0864,300.0
2012-08-13 18:00:00.000039936,20.576,55.56,90.285,4.409823e-05,3.6008,310.0
2012-08-13 21:00:00.000039936,20.576,64.82,100.934,4.506766e-05,4.1152,310.0
2012-08-14 00:00:00.000039936,20.576,74.08,111.12,4.5551555e-05,4.1152,290.0
2012-08-14 03:00:00.000039936,20.576,74.08,124.547,4.506766e-05,5.144,270.0
2012-08-14 06:00:00.000039936,20.576,74.08,136.58499,4.4340795e-05,5.6584,260.0
2012-08-14 09:00:00.000039936,23.148,74.08,126.862,4.3369746e-05,5.6584,255.0
2012-08-14 12:00:00.000039936,25.720001,74.08,115.75,4.288343e-05,4.1152,260.0
2012-08-14 15:00:00.000039936,27.2632,70.376,115.75,4.288343e-05,3.0864,280.0
2012-08-14 18:00:00.000039936,28.292,64.82,115.75,4.3369746e-05,3.6008,305.0
2012-08-14 21:00:00.000039936,28.292,64.82,121.769,4.4340795e-05,5.144,310.0
2012-08-15 00:00:00.000039936,28.292,64.82,127.325,4.5551555e-05,6.6872,305.0
