Time,Vmax,Rmax_IBT,R34,fcor,u_trans,v_trans
2017-08-11 06:00:00.000039936,18.004,18.52,34.725,4.288343e-05,5.6584,295.0
2017-08-11 09:00:00.000039936,19.5472,24.076,33.336002,4.3369746e-05,6.1728,295.0
2017-08-11 12:00:00.000039936,20.576,27.78,30.095001,4.409823e-05,6.1728,300.0
2017-08-11 15:00:00.000039936,22.1192,27.78,50.004,4.4825505e-05,6.1728,300.0
2017-08-11 18:00:00.000039936,23.148,27.78,69.45,4.5551555e-05,6.1728,300.0
2017-08-11 21:00:00.000039936,24.6912,24.076,90.748,4.6034886e-05,5.6584,300.0
2017-08-12 00:00:00.000039936,25.720001,18.52,111.119995,4.675884e-05,5.144,305.0
2017-08-12 03:00:00.000039936,28.292,18.52,112.508995,4.748151e-05,4.1152,315.0
2017-08-12 06:00:00.000039936,30.864,18.52,113.435,4.8202877e-05,4.1152,325.0
2017-08-12 09:00:00.000039936,34.979202,18.52,113.435,4.916265e-05,4.1152,330.0
2017-08-12 12:00:00.000039936,38.58,18.52,113.435,4.9880902e-05,3.6008,330.0
2017-08-12 15:00:00.000039936,43.724,18.52,127.325,5.059779e-05,3.0864,330.0
2017-08-12 18:00:00.000039936,48.868,18.52,141.215,5.1074945e-05,3.0864,330.0
2017-08-12 21:00:00.000039936,56.584,18.52,236.13,5.155148e-05,3.0864,335.0
2017-08-13 00:00:00.000039936,51.440002,12.964,145.845,5.22651e-05,3.0864,340.0
2017-08-13 03:00:00.000039936,50.4112,16.668,128.71399,5.2977284e-05,2.572,340.0
2017-08-13 06:00:00.000039936,48.868,18.52,111.119995,5.345127e-05,2.0576,340.0
2017-08-13 09:00:00.000039936,47.8392,18.52,95.378,5.392461e-05,2.0576,340.0
2017-08-13 12:00:00.000039936,46.296,18.52,78.71,5.439729e-05,2.0576,340.0
2017-08-13 15:00:00.000039936,45.2672,18.52,115.287,5.4633376e-05,2.0576,340.0
2017-08-13 18:00:00.000039936,43.724,18.52,150.475,5.510506e-05,2.0576,340.0
2017-08-13 21:00:00.000039936,43.724,18.52,125.009995,5.581132e-05,2.572,340.0
2017-08-14 00:00:00.000039936,43.724,18.52,99.545006,5.6516048e-05,3.0864,345.0
2017-08-14 03:00:00.000039936,43.724,18.52,99.545006,5.721923e-05,3.6008,350.0
2017-08-14 06:00:00.000039936,43.724,18.52,99.545006,5.7920843e-05,3.6008,345.0
2017-08-14 09:00:00.000039936,42.6952,18.52,114.82399,5.862087e-05,4.1152,340.0
2017-08-14 12:00:00.000039936,41.152,18.52,129.64,5.9551734e-05,4.1152,340.0
2017-08-14 15:00:00.000039936,42.6952,18.52,129.64,6.0247978e-05,4.6296,345.0
2017-08-14 18:00:00.000039936,43.724,18.52,129.64,6.1173734e-05,5.144,345.0
2017-08-14 21:00:00.000039936,43.724,18.52,129.64,6.255676e-05,5.6584,345.0
2017-08-15 00:00:00.000039936,43.724,18.52,129.64,6.393293e-05,6.1728,345.0
2017-08-15 03:00:00.000039936,42.6952,18.52,129.64,6.507438e-05,6.1728,350.0
2017-08-15 06:00:00.000039936,41.152,18.52,129.64,6.643758e-05,6.1728,355.0
2017-08-15 09:00:00.000039936,40.1232,18.52,117.602005,6.7793495e-05,6.6872,5.0
2017-08-15 12:00:00.000039936,38.58,18.52,104.174995,6.936598e-05,6.6872,10.0
2017-08-15 15:00:00.000039936,37.5512,18.52,103.249,7.07056e-05,7.2016,10.0
2017-08-15 18:00:00.000039936,36.008,18.52,101.86,7.2258685e-05,7.716,15.0
2017-08-15 21:00:00.000039936,34.979202,18.52,98.156006,7.423962e-05,8.744801,25.0
2017-08-16 00:00:00.000039936,33.436,18.52,92.600006,7.620224e-05,10.802401,30.0
2017-08-16 03:00:00.000039936,34.979202,18.52,92.600006,7.771575e-05,12.3456,40.0
2017-08-16 06:00:00.000039936,36.008,18.52,92.600006,7.9644604e-05,14.4032,40.0
2017-08-16 09:00:00.000039936,37.5512,18.52,94.91499,8.2185776e-05,15.9464,45.0
2017-08-16 12:00:00.000039936,38.58,18.52,97.229996,8.489798e-05,16.9752,45.0
2017-08-16 15:00:00.000039936,36.008,27.78,97.229996,8.7158856e-05,17.489601,45.0
2017-08-16 18:00:00.000039936,33.436,37.04,97.229996,8.958859e-05,17.489601,45.0
2017-08-16 21:00:00.000039936,32.4072,37.04,97.229996,9.217642e-05,17.489601,45.0
2017-08-17 00:00:00.000039936,30.864,37.04,97.229996,9.491022e-05,16.9752,40.0
2017-08-17 03:00:00.000039936,29.835201,37.04,97.229996,9.720843e-05,15.9464,35.0
