Time,Vmax,Rmax_IBT,R34,fcor,u_trans,v_trans
2005-08-29 18:00:00.000039936,18.004,37.04,64.82,3.7992504e-05,5.144,270.0
2005-08-29 21:00:00.000039936,20.576,42.596,92.6,3.7992504e-05,5.144,270.0
2005-08-30 00:00:00.000039936,23.148,46.3,120.380005,3.7746686e-05,5.144,270.0
2005-08-30 03:00:00.000039936,25.720001,37.04,125.009995,3.7500762e-05,5.144,265.0
2005-08-30 06:00:00.000039936,28.292,27.78,129.64,3.7500762e-05,6.1728,265.0
2005-08-30 09:00:00.000039936,30.864,24.076,141.678,3.7500762e-05,6.1728,260.0
2005-08-30 12:00:00.000039936,33.436,18.52,152.79001,3.7746686e-05,5.144,270.0
2005-08-30 15:00:00.000039936,36.008,18.52,171.773,3.7992504e-05,4.1152,290.0
2005-08-30 18:00:00.000039936,38.58,18.52,189.83,3.8238195e-05,4.1152,295.0
2005-08-30 21:00:00.000039936,42.6952,18.52,204.183,3.8483773e-05,4.6296,300.0
2005-08-31 00:00:00.000039936,46.296,18.52,217.60999,3.897458e-05,6.1728,300.0
2005-08-31 03:00:00.000039936,46.296,14.816,225.01799,3.9709896e-05,7.716,300.0
2005-08-31 06:00:00.000039936,46.296,9.26,231.5,4.0444127e-05,7.2016,295.0
2005-08-31 09:00:00.000039936,50.4112,9.26,239.371,4.1177245e-05,6.6872,285.0
2005-08-31 12:00:00.000039936,54.012,9.26,245.39,4.1665367e-05,6.1728,275.0
2005-08-31 15:00:00.000039936,54.012,14.816,267.151,4.1909232e-05,5.6584,280.0
2005-08-31 18:00:00.000039936,54.012,18.52,287.06,4.239659e-05,5.6584,290.0
2005-08-31 21:00:00.000039936,55.5552,18.52,321.78497,4.288343e-05,6.1728,295.0
2005-09-01 00:00:00.000039936,56.584,18.52,356.51,4.3612705e-05,5.6584,300.0
2005-09-01 03:00:00.000039936,59.156002,24.076,363.45502,4.409823e-05,5.144,295.0
2005-09-01 06:00:00.000039936,61.728,27.78,370.4,4.458322e-05,5.144,300.0
2005-09-01 09:00:00.000039936,64.3,33.336,363.918,4.5309676e-05,5.144,305.0
2005-09-01 12:00:00.000039936,66.872,37.04,356.51,4.6034886e-05,6.1728,300.0
2005-09-01 15:00:00.000039936,69.444,46.3,368.548,4.651767e-05,6.1728,295.0
2005-09-01 18:00:00.000039936,72.016,55.56,379.66,4.6999867e-05,6.1728,290.0
2005-09-01 21:00:00.000039936,72.016,51.856,379.66,4.748151e-05,5.144,295.0
2005-09-02 00:00:00.000039936,72.016,46.3,379.66,4.796257e-05,4.6296,295.0
2005-09-02 03:00:00.000039936,72.016,46.3,379.66,4.844305e-05,4.1152,300.0
2005-09-02 06:00:00.000039936,72.016,46.3,379.66,4.916265e-05,4.1152,305.0
2005-09-02 09:00:00.000039936,69.444,46.3,365.77002,4.9641636e-05,4.1152,305.0
2005-09-02 12:00:00.000039936,66.872,46.3,351.88,5.035898e-05,4.6296,310.0
2005-09-02 15:00:00.000039936,66.872,51.856,363.918,5.083645e-05,5.144,310.0
2005-09-02 18:00:00.000039936,66.872,55.56,375.03,5.155148e-05,5.144,310.0
2005-09-02 21:00:00.000039936,66.872,55.56,380.12302,5.250265e-05,5.144,315.0
2005-09-03 00:00:00.000039936,66.872,55.56,384.29,5.345127e-05,5.144,325.0
2005-09-03 03:00:00.000039936,64.3,55.56,382.901,5.4633376e-05,5.6584,330.0
2005-09-03 06:00:00.000039936,61.728,55.56,379.66,5.581132e-05,5.6584,325.0
2005-09-03 09:00:00.000039936,60.6992,51.856,381.975,5.6750614e-05,5.6584,320.0
2005-09-03 12:00:00.000039936,59.156002,46.3,384.29,5.768715e-05,5.144,320.0
2005-09-03 15:00:00.000039936,56.584,46.3,388.457,5.862087e-05,5.144,325.0
2005-09-03 18:00:00.000039936,54.012,46.3,391.23502,5.9551734e-05,4.6296,330.0
2005-09-03 21:00:00.000039936,54.012,46.3,401.884,6.0479695e-05,4.6296,335.0
2005-09-04 00:00:00.000039936,54.012,46.3,412.07,6.1635496e-05,5.6584,335.0
2005-09-04 03:00:00.000039936,54.012,46.3,402.81,6.278661e-05,6.6872,335.0
2005-09-04 06:00:00.000039936,54.012,46.3,393.55002,6.393293e-05,5.144,330.0
2005-09-04 09:00:00.000039936,54.012,46.3,387.99402,6.4846485e-05,3.6008,330.0
2005-09-04 12:00:00.000039936,54.012,46.3,381.975,6.552959e-05,3.0864,330.0
2005-09-04 15:00:00.000039936,54.012,46.3,391.23502,6.621089e-05,3.0864,340.0
2005-09-04 18:00:00.000039936,54.012,46.3,400.49503,6.689037e-05,3.6008,345.0
2005-09-04 21:00:00.000039936,54.012,64.82,384.29,6.756802e-05,4.1152,345.0
2005-09-05 00:00:00.000039936,54.012,83.34,368.085,6.8243826e-05,4.6296,340.0
2005-09-05 03:00:00.000039936,56.584,83.34,356.973,6.914198e-05,4.6296,345.0
2005-09-05 06:00:00.000039936,59.156002,83.34,344.935,7.003676e-05,4.1152,345.0
2005-09-05 09:00:00.000039936,59.156002,83.34,350.954,7.092813e-05,3.6008,345.0
2005-09-05 12:00:00.000039936,59.156002,83.34,356.51,7.181604e-05,3.6008,350.0
2005-09-05 15:00:00.000039936,58.1272,74.08,358.825,7.270045e-05,4.6296,355.0
2005-09-05 18:00:00.000039936,56.584,64.82,361.14,7.380098e-05,5.144,360.0
2005-09-05 21:00:00.000039936,52.9832,61.116,351.88,7.4895885e-05,5.6584,355.0
2005-09-06 00:00:00.000039936,48.868,55.56,342.62,7.620224e-05,7.2016,360.0
2005-09-06 03:00:00.000039936,45.2672,46.3,326.41498,7.793102e-05,8.2304,5.0
2005-09-06 04:00:00.000066560,43.724,42.596,321.322,7.8360856e-05,8.744801,5.0
