Time,Vmax,Rmax_IBT,R34,fcor,u_trans,v_trans
2022-09-07 00:00:00.000039936,18.004,64.82,55.56,4.3126656e-05,3.6008,215.0
2022-09-07 03:00:00.000039936,19.5472,61.116,58.338,4.2640077e-05,2.572,240.0
2022-09-07 06:00:00.000039936,20.576,55.56,60.19,4.239659e-05,2.572,255.0
2022-09-07 09:00:00.000039936,20.576,55.56,64.357,4.2152973e-05,3.0864,265.0
2022-09-07 12:00:00.000039936,20.576,55.56,67.135,4.2152973e-05,4.1152,265.0
2022-09-07 15:00:00.000039936,20.576,55.56,68.524,4.239659e-05,4.6296,270.0
2022-09-07 18:00:00.000039936,20.576,55.56,69.45,4.2640077e-05,4.6296,270.0
2022-09-07 21:00:00.000039936,20.576,55.56,70.839,4.288343e-05,4.1152,275.0
2022-09-08 00:00:00.000039936,20.576,55.56,71.765,4.288343e-05,4.6296,275.0
2022-09-08 03:00:00.000039936,22.1192,55.56,75.932,4.288343e-05,5.144,275.0
2022-09-08 06:00:00.000039936,23.148,55.56,78.71,4.288343e-05,5.144,275.0
2022-09-08 09:00:00.000039936,22.1192,61.116,76.395004,4.3126656e-05,4.1152,280.0
2022-09-08 12:00:00.000039936,20.576,64.82,74.08,4.3612705e-05,3.6008,280.0
2022-09-08 15:00:00.000039936,22.1192,64.82,73.154,4.385554e-05,3.6008,290.0
2022-09-08 18:00:00.000039936,23.148,64.82,71.765,4.409823e-05,4.6296,300.0
2022-09-08 21:00:00.000039936,24.6912,51.856,70.839,4.4825505e-05,5.6584,310.0
2022-09-09 00:00:00.000039936,25.720001,37.04,69.45,4.5793287e-05,6.1728,315.0
2022-09-09 03:00:00.000039936,27.2632,37.04,72.228,4.675884e-05,6.1728,315.0
2022-09-09 06:00:00.000039936,28.292,37.04,74.08,4.748151e-05,5.144,310.0
2022-09-09 09:00:00.000039936,28.292,37.04,74.08,4.8202877e-05,4.1152,305.0
2022-09-09 12:00:00.000039936,28.292,37.04,74.08,4.868306e-05,4.1152,305.0
2022-09-09 15:00:00.000039936,29.835201,37.04,89.35899,4.9402213e-05,4.6296,305.0
2022-09-09 18:00:00.000039936,30.864,37.04,104.175,5.012002e-05,5.144,305.0
2022-09-09 21:00:00.000039936,32.4072,37.04,118.991,5.059779e-05,5.144,310.0
2022-09-10 00:00:00.000039936,33.436,37.04,131.95499,5.1074945e-05,4.1152,315.0
2022-09-10 03:00:00.000039936,34.979202,33.336,137.974,5.178951e-05,3.6008,325.0
2022-09-10 06:00:00.000039936,36.008,27.78,143.53,5.250265e-05,3.0864,330.0
2022-09-10 09:00:00.000039936,37.5512,27.78,148.623,5.321436e-05,3.0864,335.0
2022-09-10 12:00:00.000039936,38.58,27.78,152.79001,5.392461e-05,3.6008,320.0
2022-09-10 15:00:00.000039936,42.6952,18.52,157.883,5.4633376e-05,4.1152,310.0
2022-09-10 18:00:00.000039936,46.296,9.26,162.05,5.510506e-05,3.6008,310.0
2022-09-10 21:00:00.000039936,50.4112,18.52,167.143,5.5576067e-05,3.0864,315.0
2022-09-11 00:00:00.000039936,54.012,27.78,171.31,5.6046403e-05,2.0576,325.0
2022-09-11 03:00:00.000039936,55.5552,27.78,177.79199,5.6281307e-05,1.5432,350.0
2022-09-11 06:00:00.000039936,56.584,27.78,182.88501,5.6750614e-05,2.0576,355.0
2022-09-11 09:00:00.000039936,54.012,27.78,186.589,5.721923e-05,2.0576,350.0
2022-09-11 12:00:00.000039936,51.440002,27.78,189.82999,5.768715e-05,2.0576,350.0
2022-09-11 15:00:00.000039936,48.868,27.78,186.589,5.8154368e-05,2.0576,345.0
2022-09-11 18:00:00.000039936,46.296,27.78,182.88501,5.83877e-05,1.5432,355.0
2022-09-11 21:00:00.000039936,45.2672,42.596,182.422,5.8853857e-05,1.5432,355.0
2022-09-12 00:00:00.000039936,43.724,55.56,180.57,5.9319285e-05,3.0864,355.0
2022-09-12 03:00:00.000039936,41.152,57.412,179.644,6.0016075e-05,3.6008,345.0
2022-09-12 06:00:00.000039936,38.58,59.264,178.255,6.0711227e-05,2.0576,340.0
2022-09-12 09:00:00.000039936,41.152,59.264,179.644,6.1173734e-05,1.0288,10.0
2022-09-12 12:00:00.000039936,43.724,59.264,180.57,6.14047e-05,1.0288,15.0
2022-09-12 15:00:00.000039936,43.724,59.264,181.959,6.1635496e-05,1.5432,20.0
2022-09-12 18:00:00.000039936,43.724,59.264,182.885,6.20965e-05,2.572,15.0
2022-09-12 21:00:00.000039936,46.296,48.152,187.97801,6.278661e-05,2.572,5.0
2022-09-13 00:00:00.000039936,48.868,37.04,192.14499,6.3474974e-05,2.572,345.0
2022-09-13 03:00:00.000039936,47.8392,37.04,194.923,6.370404e-05,2.0576,335.0
2022-09-13 06:00:00.000039936,46.296,37.04,196.775,6.393293e-05,2.572,350.0
2022-09-13 09:00:00.000039936,45.2672,33.336,200.479,6.4846485e-05,3.0864,355.0
2022-09-13 12:00:00.000039936,43.724,27.78,203.72,6.575688e-05,3.0864,340.0
2022-09-13 15:00:00.000039936,43.724,27.78,203.25699,6.621089e-05,3.0864,325.0
2022-09-13 18:00:00.000039936,43.724,27.78,201.405,6.666408e-05,3.6008,335.0
2022-09-13 21:00:00.000039936,43.724,38.892,199.09,6.734234e-05,4.1152,340.0
2022-09-14 00:00:00.000039936,43.724,50.004,196.775,6.8243826e-05,4.6296,335.0
2022-09-14 03:00:00.000039936,43.724,50.004,194.923,6.914198e-05,4.6296,340.0
2022-09-14 06:00:00.000039936,43.724,50.004,192.145,7.025991e-05,5.144,340.0
2022-09-14 09:00:00.000039936,41.152,50.004,182.422,7.137252e-05,6.1728,340.0
2022-09-14 12:00:00.000039936,38.58,50.004,171.31,7.270045e-05,6.1728,340.0
2022-09-14 15:00:00.000039936,36.008,48.152,164.36499,7.402041e-05,7.2016,335.0
