Time,Vmax,Rmax_IBT,R34,fcor,u_trans,v_trans
2018-07-22 18:00:00.000039936,18.004,175.94,162.04999,6.0247978e-05,4.1152,5.0
2018-07-22 21:00:00.000039936,18.004,175.94,164.36499,6.1173734e-05,4.6296,15.0
2018-07-23 00:00:00.000039936,18.004,175.94,166.68,6.20965e-05,4.6296,5.0
2018-07-23 03:00:00.000039936,19.5472,181.496,168.995,6.3016254e-05,5.144,350.0
2018-07-23 06:00:00.000039936,20.576,185.2,171.31,6.416161e-05,5.144,355.0
2018-07-23 09:00:00.000039936,22.1192,129.64,175.014,6.530208e-05,4.6296,360.0
2018-07-23 12:00:00.000039936,23.148,74.08,178.255,6.666408e-05,5.144,355.0
2018-07-23 15:00:00.000039936,23.148,70.376,181.95901,6.801876e-05,5.6584,350.0
2018-07-23 18:00:00.000039936,23.148,64.82,185.20001,6.936598e-05,5.144,350.0
2018-07-23 21:00:00.000039936,23.148,61.116,185.20001,7.025991e-05,4.6296,355.0
2018-07-24 00:00:00.000039936,23.148,55.56,185.20001,7.115043e-05,5.144,355.0
2018-07-24 03:00:00.000039936,23.148,61.116,187.515,7.2258685e-05,5.144,350.0
2018-07-24 06:00:00.000039936,23.148,64.82,189.83,7.314133e-05,4.6296,345.0
2018-07-24 09:00:00.000039936,24.6912,64.82,189.83,7.402041e-05,4.1152,345.0
2018-07-24 12:00:00.000039936,25.720001,64.82,189.83,7.467736e-05,4.1152,345.0
2018-07-24 15:00:00.000039936,27.2632,64.82,189.83,7.5550095e-05,4.1152,345.0
2018-07-24 18:00:00.000039936,28.292,64.82,189.83,7.663584e-05,4.6296,345.0
2018-07-24 21:00:00.000039936,29.835201,61.116,189.83,7.771575e-05,5.144,350.0
2018-07-25 00:00:00.000039936,30.864,55.56,189.83,7.878973e-05,5.6584,350.0
2018-07-25 03:00:00.000039936,32.4072,46.3,199.09001,8.007058e-05,6.6872,350.0
2018-07-25 06:00:00.000039936,33.436,37.04,208.34999,8.134267e-05,7.2016,345.0
2018-07-25 09:00:00.000039936,32.4072,35.188,208.34999,8.2815466e-05,7.716,340.0
2018-07-25 12:00:00.000039936,30.864,31.484,208.34999,8.427592e-05,8.744801,335.0
2018-07-25 15:00:00.000039936,30.864,31.484,208.34999,8.613512e-05,9.7736,330.0
2018-07-25 18:00:00.000039936,30.864,31.484,208.34999,8.7973065e-05,9.7736,325.0
2018-07-25 21:00:00.000039936,29.835201,31.484,189.83,8.938759e-05,9.2592,320.0
2018-07-26 00:00:00.000039936,28.292,31.484,171.31,9.078879e-05,8.2304,325.0
2018-07-26 03:00:00.000039936,25.720001,31.484,159.73499,9.2373535e-05,7.2016,330.0
2018-07-26 06:00:00.000039936,23.148,31.484,148.16,9.374543e-05,7.716,330.0
2018-07-26 09:00:00.000039936,20.576,57.412,129.64,9.491022e-05,9.2592,330.0
