Time,Vmax,Rmax_IBT,R34,fcor,u_trans,v_trans
2020-09-20 18:00:00.000039936,18.004,92.6,69.450005,6.0479695e-05,2.572,20.0
2020-09-20 21:00:00.000039936,20.576,98.156,79.173,6.1173734e-05,3.0864,10.0
2020-09-21 00:00:00.000039936,23.148,101.86,87.97,6.1635496e-05,2.572,15.0
2020-09-21 03:00:00.000039936,23.148,74.08,93.063,6.20965e-05,2.0576,25.0
2020-09-21 06:00:00.000039936,23.148,46.3,97.229996,6.255676e-05,2.0576,20.0
2020-09-21 09:00:00.000039936,23.148,42.596,102.323,6.278661e-05,2.0576,15.0
2020-09-21 12:00:00.000039936,23.148,37.04,106.49,6.324571e-05,2.0576,10.0
2020-09-21 15:00:00.000039936,24.6912,46.3,114.361,6.370404e-05,2.572,10.0
2020-09-21 18:00:00.000039936,25.720001,55.56,120.380005,6.43901e-05,3.0864,10.0
2020-09-21 21:00:00.000039936,25.720001,61.116,128.71399,6.530208e-05,4.1152,10.0
2020-09-22 00:00:00.000039936,25.720001,64.82,136.58499,6.643758e-05,5.144,15.0
2020-09-22 03:00:00.000039936,27.2632,51.856,148.623,6.756802e-05,6.1728,15.0
2020-09-22 06:00:00.000039936,28.292,37.04,159.73499,6.869332e-05,6.6872,20.0
2020-09-22 09:00:00.000039936,28.292,37.04,133.807,7.003676e-05,6.6872,20.0
2020-09-22 12:00:00.000039936,28.292,37.04,106.49,7.137252e-05,5.6584,25.0
2020-09-22 15:00:00.000039936,27.2632,46.3,150.938,7.2258685e-05,4.6296,30.0
2020-09-22 18:00:00.000039936,25.720001,55.56,194.45999,7.314133e-05,5.6584,35.0
2020-09-22 21:00:00.000039936,24.6912,61.116,207.887,7.423962e-05,7.2016,35.0
2020-09-23 00:00:00.000039936,23.148,64.82,219.925,7.533226e-05,7.2016,45.0
2020-09-23 03:00:00.000039936,24.6912,64.82,234.27798,7.663584e-05,7.716,55.0
2020-09-23 06:00:00.000039936,25.720001,64.82,247.705,7.771575e-05,8.2304,60.0
2020-09-23 09:00:00.000039936,27.2632,64.82,246.31598,7.8360856e-05,8.2304,65.0
2020-09-23 12:00:00.000039936,28.292,64.82,243.07501,7.878973e-05,5.6584,70.0
2020-09-23 15:00:00.000039936,25.720001,74.08,256.50198,7.900381e-05,2.572,80.0
2020-09-23 18:00:00.000039936,23.148,83.34,268.53998,7.900381e-05,1.5432,85.0
2020-09-23 21:00:00.000039936,22.1192,79.636,234.278,7.921766e-05,1.5432,85.0
2020-09-24 00:00:00.000039936,20.576,74.08,199.09001,7.921766e-05,2.0576,110.0
2020-09-24 03:00:00.000039936,19.5472,74.08,205.572,7.900381e-05,2.572,110.0
