Time,Vmax,Rmax_IBT,R34,fcor,u_trans,v_trans
2011-08-23 09:00:00.000039936,18.004,74.08,48.152,3.9464914e-05,1.0288,350.0
2011-08-23 12:00:00.000039936,20.576,74.08,97.23,3.9464914e-05,1.0288,330.0
2011-08-23 15:00:00.000039936,22.1192,74.08,97.23,3.9464914e-05,1.0288,310.0
2011-08-23 18:00:00.000039936,23.148,74.08,97.23,3.9464914e-05,1.0288,310.0
2011-08-23 21:00:00.000039936,24.6912,74.08,104.638,3.9709896e-05,1.0288,310.0
2011-08-24 00:00:00.000039936,25.720001,74.08,111.12,3.995476e-05,1.0288,295.0
2011-08-24 03:00:00.000039936,27.2632,64.82,111.12,3.995476e-05,1.0288,275.0
2011-08-24 06:00:00.000039936,28.292,55.56,111.12,3.9709896e-05,1.5432,265.0
2011-08-24 09:00:00.000039936,29.835201,51.856,132.418,3.9709896e-05,1.5432,260.0
2011-08-24 12:00:00.000039936,30.864,46.3,152.79001,3.9709896e-05,1.5432,270.0
2011-08-24 15:00:00.000039936,32.4072,46.3,152.79001,3.9709896e-05,2.0576,280.0
2011-08-24 18:00:00.000039936,33.436,46.3,152.79001,3.995476e-05,2.0576,280.0
2011-08-24 21:00:00.000039936,36.008,42.596,152.79001,4.0199502e-05,2.0576,285.0
2011-08-25 00:00:00.000039936,38.58,37.04,152.79001,4.0444127e-05,2.0576,290.0
2011-08-25 03:00:00.000039936,41.152,37.04,158.34601,4.0688625e-05,2.572,290.0
2011-08-25 06:00:00.000039936,43.724,37.04,162.04999,4.093299e-05,3.0864,290.0
2011-08-25 09:00:00.000039936,46.296,37.04,174.08798,4.1177245e-05,3.6008,290.0
2011-08-25 12:00:00.000039936,48.868,37.04,185.2,4.142137e-05,3.0864,275.0
2011-08-25 15:00:00.000039936,56.584,33.336,203.72,4.1177245e-05,2.0576,265.0
2011-08-25 18:00:00.000039936,64.3,27.78,222.24,4.1177245e-05,1.5432,285.0
2011-08-25 21:00:00.000039936,66.872,27.78,240.76,4.142137e-05,1.5432,330.0
2011-08-26 00:00:00.000039936,69.444,27.78,259.28,4.1909232e-05,2.572,335.0
2011-08-26 03:00:00.000039936,70.9872,27.78,249.557,4.239659e-05,3.0864,330.0
2011-08-26 06:00:00.000039936,72.016,27.78,238.44499,4.3126656e-05,2.572,325.0
2011-08-26 09:00:00.000039936,72.016,27.78,238.44499,4.3612705e-05,2.572,320.0
2011-08-26 12:00:00.000039936,72.016,27.78,238.44499,4.409823e-05,3.0864,310.0
2011-08-26 15:00:00.000039936,72.016,27.78,226.407,4.458322e-05,3.6008,310.0
2011-08-26 18:00:00.000039936,72.016,27.78,212.98,4.506766e-05,2.572,300.0
2011-08-26 21:00:00.000039936,68.4152,55.56,203.72,4.506766e-05,1.5432,295.0
2011-08-27 00:00:00.000039936,64.3,83.34,194.45999,4.5309676e-05,2.572,310.0
