Time,Vmax,Rmax_IBT,R34,fcor,u_trans,v_trans
2006-09-10 12:00:00.000039936,18.004,74.08,97.23,4.2640077e-05,4.1152,330.0
2006-09-10 15:00:00.000039936,22.1192,51.856,104.638,4.3369746e-05,4.6296,330.0
2006-09-10 18:00:00.000039936,25.720001,27.78,111.119995,4.409823e-05,3.6008,325.0
2006-09-10 21:00:00.000039936,28.292,33.336,123.158,4.458322e-05,3.0864,320.0
2006-09-11 00:00:00.000039936,30.864,37.04,134.26999,4.506766e-05,3.0864,325.0
2006-09-11 03:00:00.000039936,30.864,37.04,137.048,4.5793287e-05,3.0864,330.0
2006-09-11 06:00:00.000039936,30.864,37.04,138.9,4.651767e-05,3.0864,320.0
2006-09-11 09:00:00.000039936,32.4072,33.336,146.308,4.7240763e-05,3.0864,310.0
2006-09-11 12:00:00.000039936,33.436,27.78,152.79001,4.7722115e-05,3.0864,310.0
2006-09-11 15:00:00.000039936,34.979202,27.78,154.17899,4.796257e-05,3.0864,305.0
2006-09-11 18:00:00.000039936,36.008,27.78,155.10501,4.8202877e-05,3.0864,295.0
2006-09-11 21:00:00.000039936,38.58,27.78,207.887,4.844305e-05,2.572,285.0
2006-09-12 00:00:00.000039936,41.152,27.78,259.28,4.868306e-05,2.572,290.0
2006-09-12 03:00:00.000039936,43.724,27.78,252.79799,4.892293e-05,3.0864,305.0
2006-09-12 06:00:00.000039936,46.296,27.78,245.39,4.9402213e-05,3.0864,305.0
2006-09-12 09:00:00.000039936,46.296,27.78,245.39,4.9641636e-05,3.6008,300.0
2006-09-12 12:00:00.000039936,46.296,27.78,245.39,4.9880902e-05,3.6008,285.0
2006-09-12 15:00:00.000039936,46.296,27.78,242.149,4.9880902e-05,4.1152,270.0
2006-09-12 18:00:00.000039936,46.296,27.78,238.445,4.9880902e-05,4.6296,270.0
2006-09-12 21:00:00.000039936,46.296,27.78,249.55699,4.9880902e-05,5.144,275.0
2006-09-13 00:00:00.000039936,46.296,27.78,259.28,5.012002e-05,4.1152,275.0
2006-09-13 03:00:00.000039936,45.2672,27.78,254.65,5.012002e-05,3.6008,275.0
2006-09-13 06:00:00.000039936,43.724,27.78,250.01999,5.035898e-05,3.0864,275.0
2006-09-13 09:00:00.000039936,43.724,27.78,250.01999,5.059779e-05,3.6008,280.0
2006-09-13 12:00:00.000039936,43.724,27.78,250.01999,5.059779e-05,3.6008,275.0
2006-09-13 15:00:00.000039936,41.152,33.336,250.02,5.059779e-05,3.6008,270.0
2006-09-13 18:00:00.000039936,38.58,37.04,250.01999,5.035898e-05,3.6008,270.0
2006-09-13 21:00:00.000039936,38.58,37.04,250.01999,5.035898e-05,4.1152,270.0
2006-09-14 00:00:00.000039936,38.58,37.04,250.01999,5.035898e-05,3.6008,270.0
2006-09-14 03:00:00.000039936,41.152,37.04,256.502,5.035898e-05,2.572,275.0
2006-09-14 06:00:00.000039936,43.724,37.04,261.595,5.059779e-05,2.572,280.0
2006-09-14 09:00:00.000039936,43.724,37.04,261.595,5.083645e-05,2.572,290.0
2006-09-14 12:00:00.000039936,43.724,37.04,261.595,5.1074945e-05,3.0864,300.0
2006-09-14 15:00:00.000039936,47.8392,27.78,259.743,5.155148e-05,3.0864,310.0
2006-09-14 18:00:00.000039936,51.440002,18.52,256.965,5.2027382e-05,3.0864,330.0
2006-09-14 21:00:00.000039936,51.440002,27.78,256.965,5.2740055e-05,3.6008,340.0
2006-09-15 00:00:00.000039936,51.440002,37.04,256.965,5.345127e-05,3.6008,340.0
2006-09-15 03:00:00.000039936,55.5552,27.78,268.54,5.4161024e-05,3.6008,340.0
2006-09-15 06:00:00.000039936,59.156002,18.52,280.115,5.510506e-05,4.1152,345.0
2006-09-15 09:00:00.000039936,60.6992,18.52,285.671,5.6046403e-05,5.144,350.0
2006-09-15 12:00:00.000039936,61.728,18.52,289.375,5.721923e-05,5.144,355.0
2006-09-15 15:00:00.000039936,61.728,24.076,292.153,5.8154368e-05,4.6296,0.0
2006-09-15 18:00:00.000039936,61.728,27.78,294.005,5.9319285e-05,4.6296,10.0
2006-09-15 20:00:00.000053248,61.728,27.78,294.005,6.0016075e-05,4.6296,20.0
2006-09-15 21:00:00.000039936,61.728,27.78,294.005,6.0247978e-05,5.144,25.0
2006-09-16 00:00:00.000039936,61.728,27.78,294.005,6.14047e-05,5.6584,20.0
2006-09-16 03:00:00.000039936,60.6992,27.78,294.005,6.255676e-05,6.1728,25.0
2006-09-16 06:00:00.000039936,59.156002,27.78,294.005,6.393293e-05,7.2016,35.0
2006-09-16 09:00:00.000039936,58.1272,24.076,284.28198,6.530208e-05,7.716,40.0
2006-09-16 12:00:00.000039936,56.584,18.52,273.16998,6.666408e-05,8.2304,40.0
2006-09-16 15:00:00.000039936,56.584,18.52,282.43,6.801876e-05,9.2592,35.0
2006-09-16 18:00:00.000039936,56.584,18.52,291.69,6.958979e-05,9.7736,30.0
2006-09-16 21:00:00.000039936,54.012,18.52,291.69,7.137252e-05,9.7736,25.0
2006-09-17 00:00:00.000039936,51.440002,18.52,291.69,7.3581316e-05,10.288,25.0
2006-09-17 03:00:00.000039936,45.2672,27.78,271.781,7.5985095e-05,9.7736,25.0
