Time,Vmax,Rmax_IBT,R34,fcor,u_trans,v_trans
2013-08-27 00:00:00.000039936,20.576,74.08,46.3,4.627635e-05,4.6296,360.0
2013-08-27 03:00:00.000039936,20.576,64.82,49.078,4.7240763e-05,4.6296,355.0
2013-08-27 06:00:00.000039936,20.576,55.56,50.93,4.8202877e-05,4.1152,350.0
2013-08-27 09:00:00.000039936,20.576,55.56,57.412,4.916265e-05,3.6008,340.0
2013-08-27 12:00:00.000039936,20.576,55.56,62.504997,5.012002e-05,3.6008,330.0
2013-08-27 15:00:00.000039936,22.1192,55.56,69.913,5.083645e-05,3.6008,325.0
2013-08-27 18:00:00.000039936,23.148,55.56,76.395004,5.155148e-05,3.0864,315.0
2013-08-27 21:00:00.000039936,23.148,55.56,76.395004,5.22651e-05,3.0864,320.0
2013-08-28 00:00:00.000039936,23.148,55.56,76.395004,5.2740055e-05,3.0864,340.0
2013-08-28 03:00:00.000039936,24.6912,55.56,76.395004,5.321436e-05,4.1152,355.0
2013-08-28 06:00:00.000039936,25.720001,55.56,76.395004,5.392461e-05,4.6296,0.0
2013-08-28 09:00:00.000039936,25.720001,55.56,87.506996,5.4869302e-05,4.6296,360.0
2013-08-28 12:00:00.000039936,25.720001,55.56,97.23,5.581132e-05,4.6296,355.0
2013-08-28 15:00:00.000039936,25.720001,55.56,97.23,5.698501e-05,5.6584,355.0
2013-08-28 18:00:00.000039936,25.720001,55.56,97.23,5.8154368e-05,6.6872,360.0
2013-08-28 21:00:00.000039936,24.6912,55.56,97.23,5.9784e-05,7.2016,0.0
2013-08-29 00:00:00.000039936,23.148,55.56,97.23,6.14047e-05,6.6872,355.0
2013-08-29 03:00:00.000039936,22.1192,55.56,83.34,6.3016254e-05,5.144,350.0
2013-08-29 06:00:00.000039936,20.576,55.56,69.45,6.416161e-05,3.6008,350.0
2013-08-29 09:00:00.000039936,20.576,55.56,65.746,6.507438e-05,3.6008,0.0
2013-08-29 12:00:00.000039936,20.576,55.56,60.190002,6.575688e-05,3.0864,10.0
2013-08-29 15:00:00.000039936,19.5472,55.56,60.190002,6.666408e-05,3.6008,25.0
2013-08-29 18:00:00.000039936,18.004,55.56,60.190002,6.756802e-05,5.6584,30.0
2013-08-29 21:00:00.000039936,18.004,55.56,60.190002,6.869332e-05,7.716,30.0
