Time,Vmax,Rmax_IBT,R34,fcor,u_trans,v_trans
2021-08-05 18:00:00.000039936,18.004,92.6,194.46,6.5983986e-05,6.1728,90.0
2021-08-05 21:00:00.000039936,18.004,92.6,219.92499,6.5983986e-05,6.1728,85.0
2021-08-06 00:00:00.000039936,18.004,92.6,245.38998,6.621089e-05,7.716,80.0
2021-08-06 03:00:00.000039936,19.5472,92.6,253.724,6.643758e-05,8.744801,75.0
2021-08-06 06:00:00.000039936,20.576,92.6,261.595,6.689037e-05,8.2304,70.0
2021-08-06 09:00:00.000039936,22.1192,92.6,260.669,6.734234e-05,7.2016,70.0
2021-08-06 12:00:00.000039936,23.148,92.6,259.28,6.801876e-05,7.716,70.0
2021-08-06 15:00:00.000039936,23.148,92.6,254.65001,6.869332e-05,8.2304,65.0
2021-08-06 18:00:00.000039936,23.148,92.6,250.02,6.936598e-05,7.716,60.0
2021-08-06 21:00:00.000039936,22.1192,92.6,227.33301,7.048288e-05,7.2016,50.0
2021-08-07 00:00:00.000039936,20.576,92.6,203.72,7.181604e-05,8.2304,35.0
2021-08-07 03:00:00.000039936,20.576,107.416,202.794,7.3581316e-05,8.744801,25.0
2021-08-07 06:00:00.000039936,20.576,120.38,201.405,7.511419e-05,7.2016,25.0
2021-08-07 09:00:00.000039936,22.1192,116.676,197.238,7.620224e-05,5.6584,25.0
2021-08-07 12:00:00.000039936,23.148,111.12,192.14499,7.728449e-05,6.1728,20.0
2021-08-07 15:00:00.000039936,24.6912,83.34,194.923,7.85754e-05,7.2016,20.0
2021-08-07 18:00:00.000039936,25.720001,55.56,196.775,7.9644604e-05,6.6872,30.0
2021-08-07 21:00:00.000039936,25.720001,61.116,198.164,8.049559e-05,6.6872,45.0
2021-08-08 00:00:00.000039936,25.720001,64.82,199.09,8.155382e-05,7.716,50.0
2021-08-08 03:00:00.000039936,27.2632,64.82,199.09,8.2815466e-05,8.2304,50.0
2021-08-08 06:00:00.000039936,28.292,64.82,199.09,8.4068044e-05,7.716,50.0
2021-08-08 09:00:00.000039936,27.2632,64.82,188.904,8.510482e-05,7.716,50.0
2021-08-08 12:00:00.000039936,25.720001,64.82,178.25499,8.592957e-05,7.2016,55.0
2021-08-08 15:00:00.000039936,25.720001,61.116,181.95898,8.695463e-05,7.716,60.0
2021-08-08 18:00:00.000039936,25.720001,55.56,185.20001,8.7973065e-05,9.2592,60.0
2021-08-08 21:00:00.000039936,24.6912,42.596,181.959,8.8782996e-05,10.288,60.0
2021-08-09 00:00:00.000039936,23.148,27.78,178.255,8.938759e-05,10.288,65.0
2021-08-09 03:00:00.000039936,23.148,42.596,193.534,8.998974e-05,9.7736,70.0
2021-08-09 06:00:00.000039936,23.148,55.56,208.35,9.058944e-05,10.288,75.0
2021-08-09 09:00:00.000039936,20.576,55.56,215.75801,9.078879e-05,10.288,80.0
2021-08-09 12:00:00.000039936,18.004,55.56,222.23999,9.098784e-05,10.288,85.0
2021-08-09 15:00:00.000039936,19.5472,55.56,233.815,9.098784e-05,10.802401,90.0
2021-08-09 18:00:00.000039936,20.576,55.56,245.38998,9.098784e-05,12.3456,85.0
2021-08-09 21:00:00.000039936,20.576,55.56,256.039,9.098784e-05,12.860001,90.0
