Time,Vmax,Rmax_IBT,R34,fcor,u_trans,v_trans
2023-09-30 12:00:00.000039936,20.0616,72.228,98.619,4.1177245e-05,4.1152,315.0
2023-09-30 15:00:00.000039936,21.604801,72.228,100.934,4.1665367e-05,4.1152,305.0
2023-09-30 18:00:00.000039936,23.148,72.228,102.785995,4.2152973e-05,4.1152,310.0
2023-09-30 21:00:00.000039936,25.720001,64.82,114.361,4.288343e-05,4.1152,315.0
2023-10-01 00:00:00.000039936,27.7776,55.56,125.01,4.3612705e-05,4.1152,315.0
2023-10-01 03:00:00.000039936,30.3496,38.892,125.01,4.4340795e-05,4.1152,315.0
2023-10-01 06:00:00.000039936,32.9216,22.223999,125.01,4.4825505e-05,3.6008,320.0
2023-10-01 09:00:00.000039936,35.4936,20.372,125.01,4.5551555e-05,3.0864,325.0
2023-10-01 12:00:00.000039936,38.0656,18.52,125.01,4.6034886e-05,3.0864,315.0
2023-10-01 15:00:00.000039936,39.6088,20.372,117.13901,4.651767e-05,3.6008,305.0
2023-10-01 18:00:00.000039936,41.152,22.223999,109.268,4.6999867e-05,4.1152,305.0
2023-10-01 21:00:00.000039936,46.296,20.372,116.213,4.748151e-05,4.1152,305.0
2023-10-02 00:00:00.000039936,50.925602,18.52,122.695,4.796257e-05,4.1152,305.0
2023-10-02 03:00:00.000039936,52.4688,12.964,144.456,4.868306e-05,4.1152,310.0
2023-10-02 06:00:00.000039936,54.012,7.408,165.29099,4.916265e-05,3.0864,310.0
2023-10-02 09:00:00.000039936,55.040802,12.964,207.887,4.9641636e-05,2.572,305.0
2023-10-02 12:00:00.000039936,56.0696,18.52,250.01999,4.9880902e-05,3.0864,285.0
2023-10-02 15:00:00.000039936,56.0696,20.372,250.01999,4.9880902e-05,3.6008,280.0
2023-10-02 18:00:00.000039936,56.0696,22.223999,250.01999,4.9880902e-05,3.0864,295.0
2023-10-02 21:00:00.000039936,55.040802,20.372,250.01999,5.035898e-05,2.572,320.0
2023-10-03 00:00:00.000039936,54.012,18.52,250.01999,5.1074945e-05,3.0864,340.0
2023-10-03 03:00:00.000039936,52.4688,24.076,266.225,5.178951e-05,3.6008,345.0
2023-10-03 06:00:00.000039936,50.925602,27.78,281.041,5.250265e-05,3.6008,345.0
2023-10-03 09:00:00.000039936,49.3824,18.52,245.85301,5.321436e-05,3.0864,335.0
2023-10-03 12:00:00.000039936,47.8392,7.408,209.739,5.392461e-05,3.0864,320.0
2023-10-03 15:00:00.000039936,46.810402,14.816,230.111,5.4161024e-05,3.0864,300.0
2023-10-03 18:00:00.000039936,45.7816,22.223999,249.557,5.439729e-05,2.572,295.0
2023-10-03 21:00:00.000039936,48.3536,29.632,249.557,5.4633376e-05,2.572,290.0
2023-10-04 00:00:00.000039936,50.925602,35.188,249.557,5.4869302e-05,3.0864,275.0
2023-10-04 03:00:00.000039936,55.040802,33.336,249.557,5.4869302e-05,4.1152,270.0
2023-10-04 06:00:00.000039936,59.156002,31.484,249.557,5.4869302e-05,3.6008,265.0
2023-10-04 09:00:00.000039936,59.156002,25.928,249.557,5.4869302e-05,3.6008,260.0
2023-10-04 12:00:00.000039936,59.156002,18.52,249.557,5.4633376e-05,4.1152,260.0
2023-10-04 15:00:00.000039936,60.1848,20.372,249.557,5.439729e-05,3.6008,265.0
2023-10-04 18:00:00.000039936,61.2136,22.223999,249.557,5.439729e-05,2.572,270.0
2023-10-04 21:00:00.000039936,58.6416,20.372,248.168,5.439729e-05,2.0576,280.0
