Time,Vmax,Rmax_IBT,R34,fcor,u_trans,v_trans
2001-08-14 18:00:00.000040448,20.576,83.34,138.9,4.7722115e-05,6.1728,285.0
2001-08-14 21:00:00.000040448,22.1192,83.34,246.316,4.8202877e-05,6.1728,290.0
2001-08-15 00:00:00.000040448,23.148,83.34,351.88,4.868306e-05,5.6584,290.0
2001-08-15 03:00:00.000040448,24.6912,88.895996,361.14,4.916265e-05,4.6296,290.0
2001-08-15 06:00:00.000040448,25.720001,92.6,370.40002,4.9402213e-05,4.6296,290.0
2001-08-15 09:00:00.000040448,28.292,92.6,365.77,4.9641636e-05,4.6296,285.0
2001-08-15 12:00:00.000040448,30.864,92.6,361.13998,5.012002e-05,4.1152,290.0
2001-08-15 15:00:00.000040448,30.864,92.6,361.13998,5.059779e-05,3.6008,295.0
2001-08-15 18:00:00.000040448,30.864,92.6,361.13998,5.083645e-05,3.0864,300.0
2001-08-15 21:00:00.000040448,32.4072,92.6,361.13998,5.1074945e-05,3.0864,305.0
2001-08-16 00:00:00.000040448,33.436,92.6,361.13998,5.155148e-05,3.0864,300.0
2001-08-16 03:00:00.000040448,34.979202,98.156,372.715,5.2027382e-05,3.6008,295.0
2001-08-16 06:00:00.000040448,36.008,101.86,384.29,5.22651e-05,3.0864,295.0
2001-08-16 09:00:00.000040448,36.008,107.416,388.92,5.2740055e-05,2.572,295.0
2001-08-16 12:00:00.000040448,36.008,111.12,393.55002,5.2977284e-05,2.0576,285.0
2001-08-16 15:00:00.000040448,37.5512,111.12,393.55002,5.321436e-05,2.0576,275.0
2001-08-16 18:00:00.000040448,38.58,111.12,393.55002,5.321436e-05,2.0576,285.0
2001-08-16 21:00:00.000040448,40.1232,111.12,410.218,5.321436e-05,2.572,295.0
2001-08-17 00:00:00.000040448,41.152,111.12,425.96002,5.345127e-05,2.572,295.0
2001-08-17 03:00:00.000040448,41.152,111.12,426.423,5.3688025e-05,2.572,295.0
2001-08-17 06:00:00.000040448,41.152,111.12,425.96,5.392461e-05,2.572,300.0
2001-08-17 09:00:00.000040448,41.152,111.12,425.96,5.4161024e-05,2.0576,305.0
2001-08-17 12:00:00.000040448,41.152,111.12,425.96,5.4633376e-05,2.0576,310.0
2001-08-17 15:00:00.000040448,41.152,111.12,402.81,5.4869302e-05,2.0576,320.0
2001-08-17 18:00:00.000040448,41.152,111.12,379.66,5.5340646e-05,2.572,330.0
2001-08-17 21:00:00.000040448,40.1232,111.12,379.66,5.581132e-05,2.572,335.0
2001-08-18 00:00:00.000040448,38.58,111.12,379.66,5.6281307e-05,3.0864,330.0
2001-08-18 03:00:00.000040448,38.58,111.12,366.69598,5.698501e-05,4.1152,330.0
2001-08-18 06:00:00.000040448,38.58,111.12,351.88,5.7920843e-05,4.1152,325.0
2001-08-18 09:00:00.000040448,40.1232,111.12,359.28802,5.8853857e-05,4.6296,325.0
2001-08-18 12:00:00.000040448,41.152,111.12,365.77002,5.9784e-05,4.6296,315.0
2001-08-18 15:00:00.000040448,42.6952,111.12,365.77002,6.0479695e-05,4.6296,310.0
2001-08-18 18:00:00.000040448,43.724,111.12,365.77002,6.0942573e-05,4.6296,315.0
2001-08-18 21:00:00.000040448,45.2672,111.12,387.06802,6.1635496e-05,4.6296,320.0
2001-08-19 00:00:00.000040448,46.296,111.12,407.44,6.255676e-05,5.144,325.0
2001-08-19 03:00:00.000040448,46.296,101.86,412.07,6.3474974e-05,5.6584,325.0
2001-08-19 06:00:00.000040448,46.296,92.6,416.69998,6.43901e-05,5.144,325.0
2001-08-19 09:00:00.000040448,46.296,101.86,408.82898,6.507438e-05,4.1152,330.0
2001-08-19 12:00:00.000040448,46.296,111.12,400.49503,6.5983986e-05,4.1152,340.0
2001-08-19 15:00:00.000040448,46.296,88.895996,400.49503,6.689037e-05,4.1152,340.0
2001-08-19 18:00:00.000040448,46.296,64.82,400.49503,6.7793495e-05,4.1152,350.0
2001-08-19 21:00:00.000040448,46.296,64.82,400.49503,6.869332e-05,4.1152,355.0
2001-08-20 00:00:00.000040448,46.296,64.82,400.49503,6.958979e-05,4.6296,0.0
2001-08-20 03:00:00.000040448,43.724,64.82,400.49503,7.07056e-05,5.144,10.0
2001-08-20 06:00:00.000040448,41.152,64.82,400.49503,7.181604e-05,4.6296,20.0
2001-08-20 09:00:00.000040448,40.1232,74.08,385.67902,7.270045e-05,4.1152,35.0
2001-08-20 12:00:00.000040448,38.58,83.34,370.40002,7.336144e-05,4.6296,45.0
2001-08-20 15:00:00.000040448,37.5512,83.34,370.40002,7.402041e-05,4.6296,45.0
2001-08-20 18:00:00.000040448,36.008,83.34,370.40002,7.4895885e-05,5.144,35.0
2001-08-20 21:00:00.000040448,34.979202,83.34,370.40002,7.576771e-05,6.1728,20.0
2001-08-21 00:00:00.000040448,33.436,83.34,370.40002,7.663584e-05,6.1728,10.0
2001-08-21 03:00:00.000040448,32.4072,74.08,328.73,7.814606e-05,5.6584,5.0
2001-08-21 06:00:00.000040448,30.864,64.82,287.06,7.943125e-05,5.144,20.0
2001-08-21 09:00:00.000040448,29.835201,51.856,291.69,8.028322e-05,5.144,40.0
2001-08-21 10:00:00.000067072,29.3208,46.3,293.54202,8.049559e-05,4.6296,50.0
