Time,Vmax,Rmax_IBT,R34,fcor,u_trans,v_trans
2020-09-27 12:00:00.000039936,18.004,83.34,192.14499,5.7920843e-05,9.7736,325.0
2020-09-27 15:00:00.000039936,18.004,83.34,196.312,5.9784e-05,10.802401,320.0
2020-09-27 18:00:00.000039936,18.004,83.34,199.09,6.1635496e-05,10.802401,320.0
2020-09-27 21:00:00.000039936,19.5472,74.08,191.219,6.370404e-05,10.288,325.0
2020-09-28 00:00:00.000039936,20.576,64.82,182.88501,6.575688e-05,8.744801,330.0
2020-09-28 03:00:00.000039936,22.1192,64.82,180.107,6.734234e-05,6.6872,335.0
2020-09-28 06:00:00.000039936,23.148,64.82,175.94,6.8468675e-05,5.6584,340.0
2020-09-28 09:00:00.000039936,23.148,64.82,175.47699,6.914198e-05,5.6584,350.0
2020-09-28 12:00:00.000039936,23.148,64.82,173.625,7.025991e-05,7.2016,5.0
2020-09-28 15:00:00.000039936,24.6912,70.376,170.38399,7.2258685e-05,9.2592,10.0
2020-09-28 18:00:00.000039936,25.720001,74.08,166.68,7.4458614e-05,10.288,15.0
2020-09-28 21:00:00.000039936,28.292,74.08,162.513,7.641916e-05,10.802401,15.0
2020-09-29 00:00:00.000039936,30.864,74.08,157.42,7.85754e-05,11.8312,20.0
2020-09-29 03:00:00.000039936,32.4072,61.116,160.198,8.0919635e-05,11.8312,20.0
2020-09-29 06:00:00.000039936,33.436,46.3,162.04999,8.3234e-05,11.3168,25.0
2020-09-29 09:00:00.000039936,33.436,46.3,171.77301,8.510482e-05,10.802401,30.0
2020-09-29 12:00:00.000039936,33.436,46.3,180.57,8.675015e-05,11.3168,35.0
2020-09-29 15:00:00.000039936,30.864,61.116,193.07098,8.837856e-05,11.8312,40.0
2020-09-29 18:00:00.000039936,28.292,74.08,203.72,8.998974e-05,11.8312,45.0
2020-09-29 21:00:00.000039936,28.292,83.34,193.534,9.1781345e-05,11.3168,50.0
2020-09-30 00:00:00.000039936,28.292,92.6,182.885,9.315918e-05,11.3168,55.0
2020-09-30 03:00:00.000039936,25.720001,74.08,181.959,9.413484e-05,11.3168,60.0
2020-09-30 06:00:00.000039936,23.148,55.56,180.57,9.491022e-05,12.3456,70.0
2020-09-30 09:00:00.000039936,22.1192,74.08,186.589,9.548872e-05,12.860001,80.0
