Time,Vmax,Rmax_IBT,R34,fcor,u_trans,v_trans
2011-08-25 18:00:00.000039936,18.004,83.34,180.56999,5.083645e-05,3.0864,355.0
2011-08-25 21:00:00.000039936,18.004,83.34,192.608,5.155148e-05,3.0864,350.0
2011-08-26 00:00:00.000039936,18.004,83.34,203.72,5.22651e-05,3.0864,335.0
2011-08-26 03:00:00.000039936,18.004,83.34,220.388,5.250265e-05,3.0864,325.0
2011-08-26 06:00:00.000039936,18.004,83.34,236.13,5.2740055e-05,3.0864,355.0
2011-08-26 09:00:00.000039936,18.004,83.34,236.13,5.345127e-05,3.6008,0.0
2011-08-26 12:00:00.000039936,20.576,83.34,275.48502,5.510506e-05,3.0864,345.0
2011-08-26 15:00:00.000039936,22.1192,83.34,295.39398,5.581132e-05,1.5432,315.0
2011-08-26 18:00:00.000039936,23.148,83.34,314.84,5.581132e-05,1.0288,315.0
2011-08-26 21:00:00.000039936,23.148,83.34,314.84,5.6046403e-05,0.5144,360.0
2011-08-27 00:00:00.000039936,23.148,83.34,314.84,5.6281307e-05,0.5144,0.0
2011-08-27 03:00:00.000039936,23.148,79.636,314.84,5.6516048e-05,0.5144,0.0
2011-08-27 06:00:00.000039936,23.148,74.08,314.84,5.6516048e-05,0.5144,0.0
2011-08-27 09:00:00.000039936,23.148,74.08,314.84,5.6516048e-05,0.5144,330.0
2011-08-27 12:00:00.000039936,23.148,74.08,314.84,5.6516048e-05,0.5144,0.0
2011-08-27 15:00:00.000039936,23.148,74.08,314.84,5.6516048e-05,0.5144,0.0
2011-08-27 18:00:00.000039936,23.148,74.08,314.84,5.6750614e-05,0.5144,0.0
2011-08-27 21:00:00.000039936,23.148,74.08,314.84,5.698501e-05,1.0288,0.0
2011-08-28 00:00:00.000039936,23.148,74.08,314.84,5.721923e-05,1.0288,25.0
2011-08-28 03:00:00.000039936,23.148,74.08,319.46997,5.721923e-05,1.0288,50.0
2011-08-28 06:00:00.000039936,23.148,74.08,324.09998,5.721923e-05,1.5432,55.0
2011-08-28 09:00:00.000039936,23.148,74.08,324.09998,5.721923e-05,1.5432,55.0
2011-08-28 12:00:00.000039936,23.148,74.08,324.09998,5.7453286e-05,1.5432,35.0
2011-08-28 15:00:00.000039936,24.6912,70.376,324.09998,5.768715e-05,1.5432,10.0
2011-08-28 18:00:00.000039936,25.720001,64.82,324.09998,5.8154368e-05,1.0288,360.0
2011-08-28 21:00:00.000039936,27.2632,55.56,310.21,5.862087e-05,1.0288,350.0
2011-08-29 00:00:00.000039936,28.292,46.3,296.32,5.8853857e-05,1.0288,0.0
2011-08-29 03:00:00.000039936,28.292,55.56,296.32,5.9086666e-05,1.0288,10.0
2011-08-29 06:00:00.000039936,28.292,64.82,296.32,5.9086666e-05,1.0288,5.0
2011-08-29 09:00:00.000039936,28.292,64.82,296.32,5.9319285e-05,1.5432,0.0
2011-08-29 12:00:00.000039936,28.292,64.82,296.32,5.9784e-05,2.0576,0.0
2011-08-29 15:00:00.000039936,28.292,64.82,292.616,6.0247978e-05,2.572,360.0
2011-08-29 18:00:00.000039936,28.292,64.82,287.06,6.0942573e-05,2.572,0.0
2011-08-29 21:00:00.000039936,28.292,74.08,291.69,6.14047e-05,2.572,355.0
2011-08-30 00:00:00.000039936,28.292,83.34,296.32,6.20965e-05,3.0864,350.0
2011-08-30 03:00:00.000039936,28.292,83.34,299.098,6.278661e-05,3.6008,340.0
2011-08-30 06:00:00.000039936,28.292,83.34,300.95,6.3474974e-05,3.0864,325.0
2011-08-30 09:00:00.000039936,28.292,83.34,304.654,6.393293e-05,3.0864,305.0
2011-08-30 12:00:00.000039936,28.292,83.34,307.895,6.43901e-05,3.6008,295.0
2011-08-30 15:00:00.000039936,28.292,88.895996,331.04498,6.461839e-05,3.6008,295.0
2011-08-30 18:00:00.000039936,28.292,92.6,354.195,6.4846485e-05,3.6008,285.0
2011-08-30 21:00:00.000039936,28.292,92.6,354.195,6.507438e-05,3.0864,285.0
2011-08-31 00:00:00.000039936,28.292,92.6,354.195,6.552959e-05,2.572,295.0
2011-08-31 03:00:00.000039936,28.292,92.6,363.45502,6.575688e-05,2.572,305.0
2011-08-31 06:00:00.000039936,28.292,92.6,372.71503,6.5983986e-05,2.0576,305.0
2011-08-31 09:00:00.000039936,28.292,92.6,372.71503,6.621089e-05,2.0576,305.0
2011-08-31 12:00:00.000039936,28.292,92.6,372.71503,6.666408e-05,2.572,310.0
2011-08-31 15:00:00.000039936,28.292,92.6,392.62402,6.711647e-05,2.572,310.0
2011-08-31 18:00:00.000039936,28.292,92.6,412.06998,6.756802e-05,2.0576,315.0
2011-08-31 21:00:00.000039936,28.292,92.6,412.06998,6.801876e-05,2.572,330.0
2011-09-01 00:00:00.000039936,28.292,92.6,412.06998,6.8468675e-05,3.0864,330.0
2011-09-01 03:00:00.000039936,28.292,92.6,354.195,6.8917754e-05,3.0864,330.0
2011-09-01 06:00:00.000039936,28.292,92.6,296.32,6.936598e-05,3.0864,325.0
2011-09-01 09:00:00.000039936,28.292,83.34,287.06,6.981338e-05,3.0864,330.0
2011-09-01 12:00:00.000039936,28.292,74.08,277.8,7.048288e-05,3.0864,330.0
2011-09-01 15:00:00.000039936,28.292,83.34,324.09998,7.115043e-05,3.0864,335.0
2011-09-01 18:00:00.000039936,28.292,92.6,370.40002,7.181604e-05,4.1152,340.0
2011-09-01 21:00:00.000039936,28.292,92.6,351.88,7.270045e-05,4.6296,340.0
2011-09-02 00:00:00.000039936,28.292,92.6,333.36,7.380098e-05,5.144,335.0
2011-09-02 03:00:00.000039936,28.292,92.6,333.36,7.467736e-05,5.144,335.0
2011-09-02 06:00:00.000039936,28.292,92.6,333.36,7.5550095e-05,5.144,345.0
2011-09-02 09:00:00.000039936,27.2632,92.6,333.36,7.641916e-05,5.144,345.0
2011-09-02 12:00:00.000039936,25.720001,92.6,333.36,7.750023e-05,4.6296,340.0
2011-09-02 15:00:00.000039936,24.6912,92.6,310.673,7.8360856e-05,4.1152,335.0
2011-09-02 18:00:00.000039936,23.148,92.6,287.06,7.921766e-05,3.0864,345.0
2011-09-02 21:00:00.000039936,23.148,92.6,287.06,8.007058e-05,2.572,0.0
