Time,Vmax,Rmax_IBT,R34,fcor,u_trans,v_trans
2017-08-21 12:00:00.000039936,23.148,46.3,173.625,5.012002e-05,7.2016,265.0
2017-08-21 15:00:00.000039936,23.148,61.116,173.625,4.9880902e-05,7.716,260.0
2017-08-21 18:00:00.000039936,23.148,74.08,173.625,4.9880902e-05,7.2016,270.0
2017-08-21 21:00:00.000039936,24.6912,61.116,179.644,4.9880902e-05,6.6872,275.0
2017-08-22 00:00:00.000039936,25.720001,46.3,185.2,5.012002e-05,6.1728,280.0
2017-08-22 03:00:00.000039936,28.292,33.336,185.2,5.035898e-05,6.1728,280.0
2017-08-22 06:00:00.000039936,30.864,18.52,185.2,5.083645e-05,6.6872,275.0
2017-08-22 09:00:00.000039936,34.979202,18.52,185.2,5.1074945e-05,6.6872,275.0
2017-08-22 12:00:00.000039936,38.58,18.52,185.2,5.131329e-05,6.6872,285.0
2017-08-22 15:00:00.000039936,40.1232,18.52,230.57399,5.178951e-05,7.2016,290.0
2017-08-22 18:00:00.000039936,41.152,18.52,275.48502,5.22651e-05,7.2016,290.0
2017-08-22 21:00:00.000039936,43.724,18.52,253.72398,5.2740055e-05,7.716,290.0
2017-08-23 00:00:00.000039936,46.296,18.52,231.5,5.345127e-05,8.2304,295.0
2017-08-23 03:00:00.000039936,51.440002,18.52,231.5,5.439729e-05,8.2304,295.0
