Time,Vmax,Rmax_IBT,R34,fcor,u_trans,v_trans
2018-07-24 06:00:00.000039936,18.004,92.6,97.23001,4.675884e-05,4.1152,0.0
2018-07-24 09:00:00.000039936,19.5472,92.6,104.174995,4.748151e-05,3.6008,355.0
2018-07-24 12:00:00.000039936,20.576,92.6,111.12,4.8202877e-05,3.6008,355.0
2018-07-24 15:00:00.000039936,22.1192,92.6,111.12,4.9402213e-05,3.6008,355.0
2018-07-24 18:00:00.000039936,23.148,92.6,111.12,5.035898e-05,3.6008,0.0
2018-07-24 21:00:00.000039936,22.1192,92.6,113.435005,5.1074945e-05,3.0864,10.0
2018-07-25 00:00:00.000039936,20.576,92.6,115.75,5.178951e-05,3.6008,20.0
2018-07-25 03:00:00.000039936,20.576,79.636,122.69501,5.2740055e-05,3.6008,25.0
2018-07-25 06:00:00.000039936,20.576,64.82,129.64,5.345127e-05,3.0864,30.0
2018-07-25 09:00:00.000039936,22.1192,61.116,129.64,5.392461e-05,2.0576,40.0
2018-07-25 12:00:00.000039936,23.148,55.56,129.64,5.439729e-05,1.5432,50.0
2018-07-25 15:00:00.000039936,25.720001,55.56,131.955,5.4633376e-05,1.5432,60.0
2018-07-25 18:00:00.000039936,28.292,55.56,134.27,5.4869302e-05,2.572,70.0
2018-07-25 21:00:00.000039936,28.292,55.56,138.90001,5.5340646e-05,3.6008,70.0
2018-07-26 00:00:00.000039936,28.292,55.56,143.53,5.581132e-05,4.1152,65.0
2018-07-26 03:00:00.000039936,29.835201,55.56,148.16,5.6281307e-05,5.144,60.0
2018-07-26 06:00:00.000039936,30.864,55.56,152.79001,5.698501e-05,5.6584,55.0
2018-07-26 09:00:00.000039936,32.4072,55.56,157.42,5.768715e-05,5.6584,55.0
2018-07-26 12:00:00.000039936,33.436,55.56,162.05,5.8154368e-05,5.144,55.0
2018-07-26 15:00:00.000039936,36.008,55.56,171.31,5.862087e-05,5.144,50.0
2018-07-26 18:00:00.000039936,38.58,55.56,180.57,5.9319285e-05,6.6872,50.0
2018-07-26 21:00:00.000039936,41.152,51.856,194.46,6.0247978e-05,8.2304,50.0
2018-07-27 00:00:00.000039936,43.724,46.3,208.34999,6.1635496e-05,9.2592,45.0
2018-07-27 03:00:00.000039936,45.2672,46.3,224.55501,6.324571e-05,9.7736,40.0
2018-07-27 06:00:00.000039936,46.296,46.3,240.76,6.507438e-05,10.288,30.0
2018-07-27 09:00:00.000039936,46.296,35.188,256.965,6.689037e-05,10.288,20.0
2018-07-27 12:00:00.000039936,46.296,22.223999,273.16998,6.914198e-05,10.288,5.0
2018-07-27 15:00:00.000039936,46.296,18.52,280.115,7.159438e-05,10.802401,350.0
2018-07-27 18:00:00.000039936,46.296,12.964,287.06,7.402041e-05,11.3168,340.0
2018-07-27 21:00:00.000039936,45.2672,12.964,280.115,7.620224e-05,11.8312,330.0
2018-07-28 00:00:00.000039936,43.724,12.964,273.16998,7.793102e-05,12.860001,320.0
2018-07-28 03:00:00.000039936,42.6952,11.1119995,261.595,7.9857724e-05,12.860001,305.0
2018-07-28 06:00:00.000039936,41.152,9.26,250.01999,8.113127e-05,10.802401,295.0
2018-07-28 09:00:00.000039936,38.58,18.52,226.87,8.176471e-05,9.7736,280.0
2018-07-28 12:00:00.000039936,36.008,27.78,203.72,8.197536e-05,9.7736,285.0
2018-07-28 15:00:00.000039936,33.436,27.78,192.14499,8.2605824e-05,10.802401,285.0
2018-07-28 16:00:00.000066560,32.4072,27.78,187.978,8.302487e-05,11.3168,280.0
