Time,Vmax,Rmax_IBT,R34,fcor,u_trans,v_trans
2022-09-12 12:00:00.000039936,23.148,111.12,166.68,5.6046403e-05,4.6296,40.0
2022-09-12 15:00:00.000039936,25.720001,88.895996,177.329,5.6750614e-05,3.6008,35.0
2022-09-12 18:00:00.000039936,28.292,64.82,187.515,5.7453286e-05,3.6008,25.0
2022-09-12 21:00:00.000039936,28.292,61.116,200.47899,5.83877e-05,3.6008,10.0
2022-09-13 00:00:00.000039936,28.292,55.56,212.98,5.9319285e-05,4.1152,0.0
2022-09-13 03:00:00.000039936,29.835201,55.56,211.12799,6.0247978e-05,4.6296,355.0
2022-09-13 06:00:00.000039936,30.864,55.56,208.34999,6.1173734e-05,5.144,355.0
2022-09-13 09:00:00.000039936,30.864,55.56,213.443,6.2326726e-05,5.6584,350.0
2022-09-13 12:00:00.000039936,30.864,55.56,217.60999,6.370404e-05,5.144,335.0
2022-09-13 15:00:00.000039936,32.4072,55.56,236.59299,6.4846485e-05,5.6584,325.0
2022-09-13 18:00:00.000039936,33.436,55.56,254.65,6.5983986e-05,6.1728,340.0
2022-09-13 21:00:00.000039936,34.979202,55.56,251.409,6.756802e-05,7.716,355.0
2022-09-14 00:00:00.000039936,36.008,55.56,247.705,6.914198e-05,8.2304,355.0
2022-09-14 03:00:00.000039936,36.008,55.56,244.464,7.07056e-05,8.744801,355.0
2022-09-14 06:00:00.000039936,36.008,55.56,240.76,7.270045e-05,9.7736,355.0
2022-09-14 09:00:00.000039936,36.008,42.596,236.59299,7.511419e-05,10.288,355.0
2022-09-14 12:00:00.000039936,36.008,27.78,231.50002,7.728449e-05,9.7736,0.0
2022-09-14 15:00:00.000039936,34.979202,27.78,232.889,7.878973e-05,9.7736,10.0
2022-09-14 18:00:00.000039936,33.436,27.78,233.815,8.049559e-05,12.3456,25.0
2022-09-14 21:00:00.000039936,32.4072,51.856,249.557,8.34429e-05,16.4608,30.0
2022-09-15 00:00:00.000039936,30.864,74.08,263.91,8.7158856e-05,22.1192,25.0
2022-09-15 03:00:00.000039936,29.835201,74.08,295.857,9.1583395e-05,26.2344,20.0
2022-09-15 06:00:00.000039936,28.292,74.08,326.415,9.625596e-05,24.1768,15.0
2022-09-15 09:00:00.000039936,27.2632,92.6,358.36203,0.00010020622,20.576,10.0
