Time,Vmax,Rmax_IBT,R34,fcor,u_trans,v_trans
2019-09-02 06:00:00.000039936,18.004,111.12,69.450005,4.239659e-05,7.716,335.0
2019-09-02 09:00:00.000039936,19.5472,111.12,97.23,4.385554e-05,7.2016,340.0
2019-09-02 12:00:00.000039936,20.576,111.12,125.009995,4.506766e-05,6.6872,340.0
2019-09-02 15:00:00.000039936,22.1192,88.895996,125.009995,4.627635e-05,5.6584,340.0
2019-09-02 18:00:00.000039936,23.148,64.82,125.009995,4.748151e-05,4.6296,345.0
2019-09-02 21:00:00.000039936,24.6912,61.116,134.27,4.844305e-05,4.1152,350.0
2019-09-03 00:00:00.000039936,25.720001,55.56,143.53,4.9402213e-05,4.1152,0.0
2019-09-03 03:00:00.000039936,29.835201,46.3,143.53,5.059779e-05,4.6296,5.0
2019-09-03 06:00:00.000039936,33.436,37.04,143.53,5.155148e-05,4.1152,15.0
2019-09-03 09:00:00.000039936,34.979202,33.336,168.995,5.22651e-05,3.0864,15.0
2019-09-03 12:00:00.000039936,36.008,27.78,194.46,5.2977284e-05,3.0864,15.0
2019-09-03 15:00:00.000039936,36.008,27.78,196.77501,5.3688025e-05,3.0864,15.0
2019-09-03 18:00:00.000039936,36.008,27.78,199.09,5.4161024e-05,2.0576,25.0
2019-09-03 21:00:00.000039936,38.58,27.78,208.34999,5.4633376e-05,1.5432,40.0
2019-09-04 00:00:00.000039936,41.152,27.78,217.61,5.4869302e-05,2.0576,50.0
2019-09-04 03:00:00.000039936,42.6952,18.52,217.61,5.510506e-05,2.572,45.0
2019-09-04 06:00:00.000039936,43.724,9.26,217.61,5.5576067e-05,3.0864,40.0
2019-09-04 09:00:00.000039936,45.2672,16.668,224.55501,5.6281307e-05,3.6008,30.0
2019-09-04 12:00:00.000039936,46.296,22.223999,231.5,5.698501e-05,3.0864,15.0
2019-09-04 15:00:00.000039936,50.4112,22.223999,240.76,5.768715e-05,3.0864,0.0
2019-09-04 18:00:00.000039936,54.012,22.223999,250.01999,5.83877e-05,3.0864,350.0
2019-09-04 21:00:00.000039936,56.584,22.223999,254.65,5.9086666e-05,3.6008,350.0
2019-09-05 00:00:00.000039936,59.156002,22.223999,259.28,5.9784e-05,3.6008,360.0
2019-09-05 03:00:00.000039936,59.156002,25.928,261.595,6.0711227e-05,4.1152,0.0
2019-09-05 06:00:00.000039936,59.156002,27.78,263.91,6.1635496e-05,4.1152,360.0
2019-09-05 09:00:00.000039936,60.6992,27.78,266.225,6.2326726e-05,4.1152,355.0
2019-09-05 12:00:00.000039936,61.728,27.78,268.54,6.324571e-05,4.6296,355.0
2019-09-05 15:00:00.000039936,61.728,27.78,270.855,6.461839e-05,5.6584,360.0
2019-09-05 18:00:00.000039936,61.728,27.78,273.17,6.5983986e-05,6.1728,355.0
2019-09-05 21:00:00.000039936,60.6992,33.336,282.43,6.734234e-05,6.6872,355.0
2019-09-06 00:00:00.000039936,59.156002,37.04,291.69,6.869332e-05,7.2016,0.0
2019-09-06 03:00:00.000039936,58.1272,24.076,300.95,7.025991e-05,8.2304,5.0
2019-09-06 06:00:00.000039936,56.584,9.26,310.21,7.2037474e-05,8.744801,5.0
2019-09-06 09:00:00.000039936,54.012,14.816,333.36002,7.380098e-05,8.744801,360.0
2019-09-06 12:00:00.000039936,51.440002,18.52,356.50998,7.5550095e-05,10.288,355.0
2019-09-06 15:00:00.000039936,48.868,24.076,361.13998,7.771575e-05,11.3168,355.0
2019-09-06 18:00:00.000039936,46.296,27.78,365.77,8.007058e-05,11.8312,355.0
2019-09-06 21:00:00.000039936,42.6952,27.78,344.935,8.239592e-05,11.3168,360.0
2019-09-07 00:00:00.000039936,38.58,27.78,324.1,8.489798e-05,10.802401,0.0
2019-09-07 03:00:00.000039936,36.008,33.336,303.265,8.7158856e-05,11.3168,10.0
