Time,Vmax,Rmax_IBT,R34,fcor,u_trans,v_trans
2015-08-11 00:00:00.000039936,20.576,111.12,97.23,7.663584e-05,4.6296,60.0
2015-08-11 03:00:00.000039936,22.1192,83.34,97.23,7.70685e-05,4.6296,55.0
2015-08-11 06:00:00.000039936,23.148,55.56,97.23,7.771575e-05,5.144,60.0
2015-08-11 09:00:00.000039936,22.1192,64.82,106.952995,7.814606e-05,5.6584,70.0
2015-08-11 12:00:00.000039936,20.576,74.08,115.75,7.85754e-05,5.6584,65.0
2015-08-11 15:00:00.000039936,20.576,74.08,115.75,7.921766e-05,5.6584,60.0
2015-08-11 18:00:00.000039936,20.576,74.08,115.75,7.9644604e-05,5.6584,60.0
2015-08-11 21:00:00.000039936,20.576,74.08,115.75,8.007058e-05,5.6584,65.0
2015-08-12 00:00:00.000039936,20.576,74.08,115.75,8.028322e-05,5.6584,70.0
2015-08-12 03:00:00.000039936,20.576,74.08,128.71399,8.049559e-05,5.6584,75.0
2015-08-12 06:00:00.000039936,20.576,74.08,141.215,8.070772e-05,6.6872,80.0
2015-08-12 09:00:00.000039936,20.576,64.82,131.955,8.0919635e-05,7.2016,80.0
2015-08-12 12:00:00.000039936,20.576,55.56,122.69501,8.134267e-05,7.2016,85.0
2015-08-12 15:00:00.000039936,20.576,55.56,122.69501,8.155382e-05,7.2016,80.0
2015-08-12 18:00:00.000039936,20.576,55.56,122.69501,8.2185776e-05,8.2304,70.0
2015-08-12 21:00:00.000039936,20.576,55.56,121.769005,8.3234e-05,9.2592,60.0
2015-08-13 00:00:00.000039936,20.576,55.56,120.37999,8.448353e-05,9.2592,55.0
2015-08-13 03:00:00.000039936,19.5472,55.56,123.620995,8.5311396e-05,8.2304,60.0
2015-08-13 06:00:00.000039936,18.004,55.56,125.009995,8.5723776e-05,7.716,60.0
2015-08-13 09:00:00.000039936,18.004,64.82,128.714,8.613512e-05,7.716,65.0
2015-08-13 12:00:00.000039936,18.004,74.08,131.955,8.6545406e-05,8.744801,70.0
2015-08-13 15:00:00.000039936,18.004,74.08,131.955,8.7158856e-05,9.7736,70.0
2015-08-13 18:00:00.000039936,18.004,74.08,131.955,8.7973065e-05,9.7736,75.0
2015-08-13 21:00:00.000039936,18.004,74.08,131.955,8.858091e-05,10.288,80.0
