Time,Vmax,Rmax_IBT,R34,fcor,u_trans,v_trans
2014-09-12 12:00:00.000039936,20.576,55.56,194.46,3.404614e-05,3.6008,270.0
2014-09-12 15:00:00.000039936,23.148,55.56,194.46,3.4293596e-05,3.6008,275.0
2014-09-12 18:00:00.000039936,25.720001,55.56,194.46,3.47882e-05,3.6008,290.0
2014-09-12 21:00:00.000039936,27.2632,51.856,194.46,3.5035337e-05,4.1152,300.0
2014-09-13 00:00:00.000039936,28.292,46.3,194.46,3.5529305e-05,5.6584,300.0
2014-09-13 03:00:00.000039936,29.835201,46.3,194.46,3.6022833e-05,6.6872,300.0
2014-09-13 06:00:00.000039936,30.864,46.3,194.46,3.67623e-05,6.1728,300.0
2014-09-13 09:00:00.000039936,32.4072,46.3,199.09,3.7500762e-05,5.144,295.0
2014-09-13 12:00:00.000039936,33.436,46.3,203.72,3.8238195e-05,4.6296,300.0
2014-09-13 15:00:00.000039936,33.436,46.3,208.35,3.897458e-05,5.144,305.0
2014-09-13 18:00:00.000039936,33.436,46.3,212.98001,3.995476e-05,6.1728,300.0
2014-09-13 21:00:00.000039936,34.979202,42.596,212.98001,4.0688625e-05,6.6872,300.0
2014-09-14 00:00:00.000039936,36.008,37.04,212.98001,4.142137e-05,6.6872,300.0
2014-09-14 03:00:00.000039936,36.008,37.04,212.98001,4.2152973e-05,6.6872,300.0
2014-09-14 06:00:00.000039936,36.008,37.04,212.98001,4.288343e-05,8.2304,300.0
2014-09-14 09:00:00.000039936,38.58,37.04,212.98001,4.409823e-05,8.744801,295.0
