Time,Vmax,Rmax_IBT,R34,fcor,u_trans,v_trans
2005-09-06 12:00:00.000039936,20.576,46.3,92.6,3.0820032e-05,6.1728,325.0
2005-09-06 15:00:00.000039936,22.1192,46.3,92.6,3.206281e-05,6.1728,320.0
2005-09-06 18:00:00.000039936,23.148,46.3,92.6,3.280731e-05,5.6584,315.0
2005-09-06 21:00:00.000039936,23.148,46.3,108.805,3.330315e-05,5.6584,305.0
2005-09-07 00:00:00.000039936,23.148,46.3,125.01001,3.3550914e-05,4.1152,295.0
2005-09-07 03:00:00.000039936,25.720001,42.596,122.695,3.305528e-05,2.572,280.0
2005-09-07 06:00:00.000039936,28.292,37.04,120.380005,3.280731e-05,2.0576,295.0
2005-09-07 09:00:00.000039936,28.292,42.596,136.585,3.3798577e-05,2.572,320.0
2005-09-07 12:00:00.000039936,28.292,46.3,152.79001,3.5282377e-05,3.6008,325.0
2005-09-07 15:00:00.000039936,29.835201,46.3,157.883,3.626943e-05,4.6296,320.0
2005-09-07 18:00:00.000039936,30.864,46.3,162.05,3.700857e-05,4.6296,320.0
2005-09-07 21:00:00.000039936,32.4072,42.596,162.513,3.7992504e-05,4.1152,325.0
2005-09-08 00:00:00.000039936,33.436,37.04,162.04999,3.897458e-05,4.6296,340.0
2005-09-08 03:00:00.000039936,33.436,37.04,155.568,4.0199502e-05,5.144,345.0
2005-09-08 06:00:00.000039936,33.436,37.04,148.16,4.142137e-05,6.1728,335.0
2005-09-08 09:00:00.000039936,33.436,27.78,143.993,4.239659e-05,6.1728,325.0
2005-09-08 12:00:00.000039936,33.436,18.52,138.9,4.3369746e-05,5.6584,330.0
2005-09-08 15:00:00.000039936,34.979202,18.52,154.179,4.4340795e-05,4.6296,335.0
2005-09-08 18:00:00.000039936,36.008,18.52,168.995,4.5551555e-05,5.144,330.0
2005-09-08 21:00:00.000039936,37.5512,24.076,175.014,4.675884e-05,6.1728,330.0
2005-09-09 00:00:00.000039936,38.58,27.78,180.56999,4.796257e-05,6.6872,330.0
2005-09-09 03:00:00.000039936,40.1232,24.076,185.2,4.9402213e-05,7.2016,330.0
2005-09-09 06:00:00.000039936,41.152,18.52,189.83,5.083645e-05,7.716,320.0
2005-09-09 09:00:00.000039936,43.724,18.52,199.09,5.2027382e-05,7.716,315.0
2005-09-09 12:00:00.000039936,46.296,18.52,208.34999,5.321436e-05,7.2016,310.0
2005-09-09 15:00:00.000039936,46.296,18.52,205.109,5.439729e-05,6.6872,310.0
2005-09-09 18:00:00.000039936,46.296,18.52,201.405,5.5340646e-05,7.2016,310.0
2005-09-09 21:00:00.000039936,47.8392,18.52,199.09,5.6281307e-05,7.716,310.0
2005-09-10 00:00:00.000039936,48.868,18.52,196.775,5.7453286e-05,7.2016,310.0
2005-09-10 03:00:00.000039936,51.440002,18.52,190.293,5.862087e-05,7.2016,315.0
2005-09-10 06:00:00.000039936,54.012,18.52,182.88501,5.9784e-05,6.6872,320.0
2005-09-10 09:00:00.000039936,55.5552,18.52,170.847,6.0942573e-05,6.1728,320.0
2005-09-10 12:00:00.000039936,56.584,18.52,157.42,6.20965e-05,6.6872,320.0
2005-09-10 15:00:00.000039936,58.1272,18.52,157.42,6.3016254e-05,6.6872,320.0
2005-09-10 18:00:00.000039936,59.156002,18.52,157.42,6.416161e-05,6.6872,325.0
2005-09-10 21:00:00.000039936,58.1272,14.816,157.42,6.530208e-05,7.2016,330.0
2005-09-11 00:00:00.000039936,56.584,9.26,157.42,6.666408e-05,7.2016,325.0
2005-09-11 03:00:00.000039936,55.5552,14.816,147.697,6.801876e-05,6.6872,325.0
2005-09-11 06:00:00.000039936,54.012,18.52,136.585,6.914198e-05,6.6872,320.0
