Time,Vmax,Rmax_IBT,R34,fcor,u_trans,v_trans
2016-08-31 18:00:00.000039936,18.004,74.08,87.97,5.7453286e-05,5.6584,40.0
2016-08-31 21:00:00.000039936,20.576,70.376,99.545,5.8154368e-05,5.144,45.0
2016-09-01 00:00:00.000039936,23.148,64.82,111.12,5.8853857e-05,6.1728,60.0
2016-09-01 03:00:00.000039936,27.2632,55.56,111.12,5.9551734e-05,6.6872,65.0
2016-09-01 06:00:00.000039936,30.864,46.3,111.12,6.0247978e-05,6.6872,65.0
2016-09-01 09:00:00.000039936,33.436,46.3,111.12,6.1173734e-05,6.1728,60.0
2016-09-01 12:00:00.000039936,36.008,46.3,120.38,6.1635496e-05,5.144,50.0
2016-09-01 15:00:00.000039936,37.5512,46.3,125.01,6.255676e-05,4.6296,30.0
2016-09-01 18:00:00.000039936,38.58,46.3,129.64,6.3474974e-05,4.1152,20.0
2016-09-01 21:00:00.000039936,41.152,42.596,134.27,6.416161e-05,3.6008,10.0
2016-09-02 00:00:00.000039936,43.724,37.04,138.90001,6.4846485e-05,3.6008,5.0
2016-09-02 03:00:00.000039936,47.8392,27.78,138.90001,6.575688e-05,3.6008,5.0
2016-09-02 06:00:00.000039936,51.440002,18.52,138.90001,6.666408e-05,3.6008,0.0
2016-09-02 09:00:00.000039936,51.440002,18.52,138.90001,6.734234e-05,3.0864,0.0
2016-09-02 12:00:00.000039936,51.440002,18.52,138.90001,6.801876e-05,3.6008,350.0
2016-09-02 15:00:00.000039936,50.4112,18.52,136.585,6.869332e-05,3.6008,345.0
2016-09-02 18:00:00.000039936,48.868,18.52,134.27,6.958979e-05,4.1152,345.0
2016-09-02 21:00:00.000039936,47.8392,18.52,134.27,7.048288e-05,4.6296,345.0
2016-09-03 00:00:00.000039936,46.296,18.52,134.27,7.137252e-05,4.1152,345.0
2016-09-03 03:00:00.000039936,43.724,18.52,145.845,7.2037474e-05,3.6008,345.0
2016-09-03 06:00:00.000039936,41.152,18.52,157.42,7.270045e-05,3.0864,345.0
2016-09-03 09:00:00.000039936,38.58,24.076,157.42,7.336144e-05,3.0864,345.0
2016-09-03 12:00:00.000039936,36.008,27.78,157.42,7.402041e-05,2.572,345.0
2016-09-03 15:00:00.000039936,33.436,27.78,157.42,7.467736e-05,2.572,340.0
2016-09-03 18:00:00.000039936,30.864,27.78,157.42,7.511419e-05,2.572,340.0
2016-09-03 21:00:00.000039936,29.835201,27.78,143.53,7.5550095e-05,2.0576,340.0
2016-09-04 00:00:00.000039936,28.292,27.78,129.64,7.5985095e-05,2.572,350.0
2016-09-04 03:00:00.000039936,27.2632,27.78,127.325,7.663584e-05,2.572,5.0
2016-09-04 06:00:00.000039936,25.720001,27.78,125.009995,7.728449e-05,2.572,5.0
2016-09-04 09:00:00.000039936,23.148,27.78,120.38,7.771575e-05,2.572,5.0
2016-09-04 12:00:00.000039936,20.576,27.78,115.75,7.8360856e-05,3.0864,5.0
