Time,Vmax,Rmax_IBT,R34,fcor,u_trans,v_trans
2010-10-25 00:00:00.000039936,23.148,46.3,85.655,4.239659e-05,2.572,320.0
2010-10-25 03:00:00.000039936,25.720001,37.04,93.063,4.3126656e-05,3.6008,315.0
2010-10-25 06:00:00.000039936,28.292,27.78,99.545,4.385554e-05,3.6008,315.0
2010-10-25 09:00:00.000039936,29.835201,27.78,105.101,4.458322e-05,3.6008,315.0
2010-10-25 12:00:00.000039936,30.864,27.78,108.80499,4.5309676e-05,4.1152,325.0
2010-10-25 15:00:00.000039936,32.4072,33.336,123.15799,4.6034886e-05,4.6296,330.0
2010-10-25 18:00:00.000039936,33.436,37.04,136.58499,4.6999867e-05,4.6296,330.0
2010-10-25 21:00:00.000039936,34.979202,33.336,143.067,4.796257e-05,4.1152,330.0
2010-10-26 00:00:00.000039936,36.008,27.78,148.16,4.868306e-05,3.6008,325.0
2010-10-26 03:00:00.000039936,36.008,37.04,154.642,4.916265e-05,3.0864,320.0
2010-10-26 06:00:00.000039936,36.008,46.3,159.73499,4.9641636e-05,3.0864,315.0
2010-10-26 09:00:00.000039936,38.58,46.3,187.978,5.012002e-05,2.572,310.0
2010-10-26 12:00:00.000039936,41.152,46.3,215.29498,5.035898e-05,2.572,310.0
2010-10-26 15:00:00.000039936,43.724,46.3,216.68399,5.059779e-05,2.0576,315.0
2010-10-26 18:00:00.000039936,46.296,46.3,217.61,5.083645e-05,1.5432,330.0
2010-10-26 21:00:00.000039936,47.8392,46.3,224.555,5.131329e-05,1.5432,0.0
2010-10-27 00:00:00.000039936,48.868,46.3,231.5,5.2027382e-05,3.0864,0.0
2010-10-27 03:00:00.000039936,50.4112,37.04,255.113,5.2740055e-05,4.6296,0.0
2010-10-27 06:00:00.000039936,51.440002,27.78,277.8,5.3688025e-05,4.1152,5.0
2010-10-27 09:00:00.000039936,54.012,27.78,287.523,5.4633376e-05,3.6008,10.0
2010-10-27 12:00:00.000039936,56.584,27.78,296.32,5.5576067e-05,4.1152,15.0
2010-10-27 15:00:00.000039936,56.584,27.78,309.284,5.6516048e-05,4.6296,15.0
2010-10-27 18:00:00.000039936,56.584,27.78,321.785,5.768715e-05,5.144,15.0
2010-10-27 21:00:00.000039936,58.1272,27.78,330.119,5.8853857e-05,5.144,15.0
2010-10-28 00:00:00.000039936,59.156002,27.78,337.99,5.9784e-05,4.1152,25.0
2010-10-28 03:00:00.000039936,59.156002,27.78,337.99,6.0711227e-05,4.1152,40.0
2010-10-28 06:00:00.000039936,59.156002,27.78,337.99,6.14047e-05,5.144,45.0
2010-10-28 09:00:00.000039936,58.1272,27.78,334.28598,6.20965e-05,5.6584,45.0
2010-10-28 12:00:00.000039936,56.584,27.78,328.72998,6.3016254e-05,5.6584,45.0
2010-10-28 15:00:00.000039936,55.5552,27.78,333.36,6.393293e-05,5.144,45.0
2010-10-28 18:00:00.000039936,54.012,27.78,337.99,6.4846485e-05,5.144,40.0
2010-10-28 21:00:00.000039936,52.9832,33.336,336.138,6.552959e-05,5.6584,40.0
2010-10-29 00:00:00.000039936,51.440002,37.04,333.36,6.643758e-05,6.1728,40.0
2010-10-29 03:00:00.000039936,48.868,37.04,333.36,6.756802e-05,7.716,45.0
2010-10-29 06:00:00.000039936,46.296,37.04,333.36,6.8917754e-05,7.716,50.0
2010-10-29 09:00:00.000039936,46.296,37.04,333.36,7.003676e-05,7.716,50.0
2010-10-29 12:00:00.000039936,46.296,37.04,333.36,7.137252e-05,8.744801,45.0
2010-10-29 15:00:00.000039936,43.724,37.04,350.028,7.270045e-05,10.288,45.0
2010-10-29 18:00:00.000039936,41.152,37.04,365.77,7.423962e-05,10.288,45.0
2010-10-29 21:00:00.000039936,40.1232,33.336,357.89902,7.576771e-05,9.7736,45.0
2010-10-30 00:00:00.000039936,38.58,27.78,349.565,7.728449e-05,10.802401,45.0
2010-10-30 03:00:00.000039936,34.979202,55.56,349.565,7.878973e-05,11.8312,45.0
2010-10-30 06:00:00.000039936,30.864,83.34,349.565,8.049559e-05,11.8312,50.0
2010-10-30 09:00:00.000039936,27.2632,98.156,349.565,8.239592e-05,12.3456,60.0
