Time,Vmax,Rmax_IBT,R34,fcor,u_trans,v_trans
2013-09-13 15:00:00.000039936,18.004,181.496,93.526,5.721923e-05,7.2016,285.0
2013-09-13 18:00:00.000039936,20.576,175.94,187.515,5.7920843e-05,7.2016,290.0
2013-09-13 21:00:00.000039936,20.576,175.94,187.515,5.9086666e-05,6.6872,295.0
2013-09-14 00:00:00.000039936,20.576,175.94,187.515,6.0247978e-05,6.6872,310.0
2013-09-14 03:00:00.000039936,22.1192,175.94,212.05402,6.1173734e-05,6.6872,320.0
2013-09-14 06:00:00.000039936,23.148,175.94,236.13,6.20965e-05,6.6872,320.0
2013-09-14 09:00:00.000039936,23.148,175.94,236.13,6.324571e-05,7.2016,320.0
2013-09-14 12:00:00.000039936,23.148,175.94,236.13,6.461839e-05,6.6872,325.0
2013-09-14 15:00:00.000039936,23.148,175.94,236.13,6.575688e-05,6.6872,330.0
2013-09-14 18:00:00.000039936,23.148,175.94,236.13,6.689037e-05,7.2016,335.0
2013-09-14 21:00:00.000039936,23.148,172.236,232.426,6.8468675e-05,7.2016,340.0
2013-09-15 00:00:00.000039936,23.148,166.68,226.87,7.003676e-05,7.2016,350.0
2013-09-15 03:00:00.000039936,25.720001,144.456,226.87,7.159438e-05,7.716,5.0
2013-09-15 06:00:00.000039936,28.292,120.38,226.87,7.336144e-05,7.716,15.0
2013-09-15 09:00:00.000039936,29.835201,98.156,229.648,7.4895885e-05,7.716,20.0
2013-09-15 12:00:00.000039936,30.864,74.08,231.5,7.641916e-05,7.2016,20.0
2013-09-15 15:00:00.000039936,30.864,74.08,231.5,7.771575e-05,8.2304,30.0
2013-09-15 18:00:00.000039936,30.864,74.08,231.5,7.943125e-05,10.802401,30.0
2013-09-15 21:00:00.000039936,29.835201,74.08,231.5,8.155382e-05,13.8888,35.0
2013-09-15 22:00:00.000066560,29.3208,74.08,231.5,8.239592e-05,15.9464,35.0
