Time,Vmax,Rmax_IBT,R34,fcor,u_trans,v_trans
2016-09-10 00:00:00.000039936,18.004,74.08,92.600006,3.7254722e-05,5.6584,285.0
2016-09-10 03:00:00.000039936,19.5472,74.08,97.23001,3.7500762e-05,5.6584,290.0
2016-09-10 06:00:00.000039936,20.576,74.08,101.86,3.7746686e-05,5.6584,290.0
2016-09-10 09:00:00.000039936,22.1192,74.08,104.175,3.7992504e-05,6.1728,290.0
2016-09-10 12:00:00.000039936,23.148,74.08,106.490005,3.8483773e-05,5.6584,295.0
2016-09-10 15:00:00.000039936,24.6912,74.08,122.69501,3.897458e-05,5.144,300.0
2016-09-10 18:00:00.000039936,25.720001,74.08,138.9,3.9709896e-05,5.6584,300.0
2016-09-10 21:00:00.000039936,28.292,55.56,148.16,4.0688625e-05,6.1728,295.0
2016-09-11 00:00:00.000039936,30.864,37.04,157.42,4.142137e-05,6.1728,290.0
2016-09-11 03:00:00.000039936,34.979202,37.04,166.68,4.1909232e-05,6.6872,285.0
2016-09-11 06:00:00.000039936,38.58,37.04,175.93999,4.2152973e-05,7.2016,290.0
2016-09-11 09:00:00.000039936,41.152,37.04,185.2,4.2640077e-05,7.2016,295.0
2016-09-11 12:00:00.000039936,43.724,37.04,194.46,4.3126656e-05,7.2016,290.0
2016-09-11 15:00:00.000039936,47.8392,33.336,196.77501,4.3612705e-05,7.2016,285.0
2016-09-11 18:00:00.000039936,51.440002,27.78,199.09001,4.409823e-05,7.2016,285.0
2016-09-11 21:00:00.000039936,56.584,20.372,208.35,4.4340795e-05,7.2016,285.0
2016-09-12 00:00:00.000039936,61.728,12.964,217.60999,4.4825505e-05,6.1728,290.0
2016-09-12 03:00:00.000039936,65.8432,12.964,217.60999,4.5309676e-05,5.144,290.0
2016-09-12 06:00:00.000039936,69.444,12.964,217.60999,4.6034886e-05,5.6584,295.0
2016-09-12 09:00:00.000039936,74.588,12.964,224.555,4.675884e-05,6.6872,295.0
2016-09-12 12:00:00.000039936,79.732,12.964,231.5,4.7240763e-05,7.2016,290.0
2016-09-12 15:00:00.000039936,79.732,12.964,240.76001,4.7722115e-05,7.2016,285.0
2016-09-12 18:00:00.000039936,79.732,12.964,250.02,4.8202877e-05,6.6872,285.0
2016-09-12 21:00:00.000039936,81.2752,12.964,263.91,4.844305e-05,6.1728,285.0
2016-09-13 00:00:00.000039936,82.304,12.964,277.8,4.892293e-05,6.6872,290.0
2016-09-13 03:00:00.000039936,83.8472,18.52,296.32,4.9641636e-05,7.2016,295.0
2016-09-13 06:00:00.000039936,84.876,22.223999,314.84,5.035898e-05,6.6872,290.0
2016-09-13 09:00:00.000039936,86.419205,22.223999,319.47,5.059779e-05,6.1728,285.0
2016-09-13 12:00:00.000039936,87.448,22.223999,324.1,5.083645e-05,5.6584,285.0
2016-09-13 15:00:00.000039936,86.419205,22.223999,331.04498,5.131329e-05,5.6584,290.0
2016-09-13 18:00:00.000039936,84.876,22.223999,337.99,5.178951e-05,5.6584,300.0
2016-09-13 21:00:00.000039936,82.304,22.223999,340.305,5.250265e-05,6.1728,305.0
2016-09-14 00:00:00.000039936,79.732,22.223999,342.62,5.345127e-05,6.6872,315.0
2016-09-14 03:00:00.000039936,72.016,20.372,342.62,5.4633376e-05,7.2016,315.0
2016-09-14 06:00:00.000039936,64.3,18.52,342.62,5.6046403e-05,6.6872,320.0
2016-09-14 09:00:00.000039936,60.6992,18.52,319.47,5.698501e-05,6.1728,320.0
2016-09-14 12:00:00.000039936,56.584,18.52,296.32,5.7920843e-05,5.6584,325.0
2016-09-14 15:00:00.000039936,50.4112,33.336,287.06,5.9086666e-05,5.6584,330.0
2016-09-14 18:00:00.000039936,43.724,46.3,277.8,6.0247978e-05,5.6584,325.0
