Time,Vmax,Rmax_IBT,R34,fcor,u_trans,v_trans
2015-08-15 06:00:00.000039936,23.148,83.34,113.435,3.5529305e-05,3.6008,305.0
2015-08-15 09:00:00.000039936,24.6912,64.82,107.879,3.6022833e-05,3.6008,305.0
2015-08-15 12:00:00.000039936,25.720001,46.3,101.86,3.626943e-05,3.0864,290.0
2015-08-15 15:00:00.000039936,27.2632,46.3,102.323,3.626943e-05,3.0864,280.0
2015-08-15 18:00:00.000039936,28.292,46.3,101.86,3.626943e-05,2.572,290.0
2015-08-15 21:00:00.000039936,28.292,46.3,101.86,3.67623e-05,3.0864,300.0
2015-08-16 00:00:00.000039936,30.864,46.3,101.86,3.7254722e-05,3.6008,300.0
2015-08-16 03:00:00.000039936,32.4072,46.3,101.86,3.7746686e-05,3.0864,305.0
2015-08-16 06:00:00.000039936,33.436,46.3,101.86,3.8238195e-05,3.6008,305.0
2015-08-16 09:00:00.000039936,34.979202,46.3,116.676,3.872924e-05,3.6008,305.0
2015-08-16 12:00:00.000039936,36.008,46.3,129.64,3.9219805e-05,4.1152,305.0
2015-08-16 15:00:00.000039936,41.152,33.336,146.308,3.9709896e-05,4.6296,300.0
2015-08-16 18:00:00.000039936,46.296,18.52,162.05,4.0199502e-05,5.144,300.0
2015-08-16 21:00:00.000039936,54.012,18.52,176.866,4.0688625e-05,5.6584,295.0
2015-08-17 00:00:00.000039936,61.728,18.52,189.82999,4.142137e-05,6.1728,295.0
2015-08-17 03:00:00.000039936,60.6992,16.668,194.923,4.1909232e-05,6.6872,295.0
2015-08-17 06:00:00.000039936,59.156002,12.964,199.09,4.2640077e-05,6.6872,290.0
2015-08-17 09:00:00.000039936,59.156002,16.668,200.479,4.3369746e-05,6.6872,285.0
2015-08-17 12:00:00.000039936,59.156002,18.52,201.405,4.385554e-05,7.2016,285.0
2015-08-17 15:00:00.000039936,59.156002,16.668,201.405,4.4340795e-05,7.716,285.0
2015-08-17 18:00:00.000039936,59.156002,12.964,201.405,4.4825505e-05,8.2304,285.0
2015-08-17 21:00:00.000039936,56.584,16.668,201.405,4.5309676e-05,8.2304,285.0
2015-08-18 00:00:00.000039936,54.012,18.52,201.405,4.5551555e-05,7.716,285.0
2015-08-18 03:00:00.000039936,54.012,18.52,201.405,4.6034886e-05,7.2016,285.0
2015-08-18 06:00:00.000039936,54.012,18.52,201.405,4.627635e-05,7.716,280.0
2015-08-18 09:00:00.000039936,54.012,18.52,216.68399,4.651767e-05,8.2304,275.0
2015-08-18 12:00:00.000039936,54.012,18.52,231.49998,4.675884e-05,8.744801,275.0
2015-08-18 15:00:00.000039936,52.9832,18.52,216.68399,4.6999867e-05,8.2304,270.0
2015-08-18 18:00:00.000039936,51.440002,18.52,201.405,4.6999867e-05,7.716,270.0
2015-08-18 21:00:00.000039936,51.440002,18.52,201.405,4.7240763e-05,6.6872,275.0
2015-08-19 00:00:00.000039936,51.440002,18.52,201.405,4.7240763e-05,6.6872,275.0
2015-08-19 03:00:00.000039936,54.012,27.78,201.405,4.7240763e-05,6.6872,275.0
2015-08-19 06:00:00.000039936,56.584,37.04,201.405,4.7240763e-05,6.1728,270.0
2015-08-19 09:00:00.000039936,59.156002,29.632,231.96301,4.7240763e-05,5.6584,270.0
2015-08-19 12:00:00.000039936,61.728,22.223999,261.595,4.7240763e-05,5.6584,270.0
2015-08-19 15:00:00.000039936,60.6992,31.484,248.168,4.7240763e-05,5.6584,270.0
2015-08-19 18:00:00.000039936,59.156002,40.744,233.815,4.7240763e-05,5.144,270.0
2015-08-19 21:00:00.000039936,59.156002,46.3,257.428,4.7240763e-05,4.1152,270.0
2015-08-20 00:00:00.000039936,59.156002,50.004,280.11502,4.7240763e-05,3.6008,270.0
2015-08-20 03:00:00.000039936,58.1272,48.152,254.187,4.7240763e-05,3.0864,270.0
2015-08-20 06:00:00.000039936,56.584,46.3,226.87,4.7240763e-05,3.0864,275.0
2015-08-20 09:00:00.000039936,55.5552,44.447998,252.798,4.7240763e-05,3.0864,280.0
2015-08-20 12:00:00.000039936,54.012,40.744,277.8,4.748151e-05,3.6008,280.0
2015-08-20 15:00:00.000039936,52.9832,37.04,240.29701,4.748151e-05,3.6008,280.0
2015-08-20 18:00:00.000039936,51.440002,31.484,201.405,4.7722115e-05,2.572,280.0
2015-08-20 21:00:00.000039936,50.4112,31.484,226.40701,4.796257e-05,1.5432,285.0
2015-08-21 00:00:00.000039936,48.868,31.484,250.02002,4.8202877e-05,2.0576,285.0
2015-08-21 03:00:00.000039936,47.8392,27.78,225.018,4.8202877e-05,2.572,285.0
2015-08-21 06:00:00.000039936,46.296,22.223999,199.09,4.8202877e-05,1.5432,285.0
2015-08-21 09:00:00.000039936,45.2672,20.372,209.73901,4.8202877e-05,0.5144,315.0
2015-08-21 12:00:00.000039936,43.724,18.52,219.925,4.844305e-05,0.5144,30.0
2015-08-21 15:00:00.000039936,42.6952,16.668,213.443,4.868306e-05,1.5432,25.0
2015-08-21 18:00:00.000039936,41.152,12.964,206.035,4.892293e-05,2.0576,15.0
2015-08-21 21:00:00.000039936,41.152,12.964,206.035,4.9402213e-05,2.572,10.0
2015-08-22 00:00:00.000039936,41.152,12.964,206.035,5.012002e-05,3.0864,10.0
2015-08-22 03:00:00.000039936,41.152,16.668,206.035,5.083645e-05,3.0864,10.0
2015-08-22 06:00:00.000039936,41.152,18.52,206.035,5.155148e-05,3.6008,20.0
2015-08-22 09:00:00.000039936,40.1232,24.076,206.035,5.22651e-05,3.6008,25.0
2015-08-22 12:00:00.000039936,38.58,27.78,206.035,5.321436e-05,4.6296,15.0
2015-08-22 15:00:00.000039936,37.5512,24.076,206.035,5.439729e-05,5.144,10.0
2015-08-22 18:00:00.000039936,36.008,18.52,206.035,5.5576067e-05,4.6296,5.0
2015-08-22 21:00:00.000039936,38.58,18.52,206.035,5.6516048e-05,4.1152,10.0
2015-08-23 00:00:00.000039936,41.152,18.52,206.035,5.7453286e-05,3.6008,10.0
2015-08-23 03:00:00.000039936,43.724,25.928,206.035,5.8154368e-05,3.6008,15.0
2015-08-23 06:00:00.000039936,46.296,31.484,206.035,5.8853857e-05,3.6008,25.0
2015-08-23 09:00:00.000039936,50.4112,35.188,206.035,5.9551734e-05,4.1152,30.0
2015-08-23 10:00:00.000066560,51.440002,35.188,206.035,6.0016075e-05,4.1152,35.0
2015-08-23 12:00:00.000039936,54.012,37.04,206.035,6.0479695e-05,4.1152,35.0
2015-08-23 15:00:00.000039936,56.584,33.336,200.479,6.1173734e-05,4.6296,40.0
2015-08-23 18:00:00.000039936,59.156002,27.78,194.45999,6.20965e-05,6.1728,45.0
2015-08-23 21:00:00.000039936,59.156002,25.928,208.34999,6.324571e-05,7.716,50.0
2015-08-24 00:00:00.000039936,59.156002,22.223999,222.23999,6.461839e-05,9.7736,45.0
2015-08-24 03:00:00.000039936,59.156002,25.928,222.23999,6.643758e-05,11.3168,40.0
2015-08-24 06:00:00.000039936,59.156002,27.78,222.23999,6.8468675e-05,11.3168,35.0
2015-08-24 09:00:00.000039936,58.1272,25.928,222.23999,7.025991e-05,10.802401,35.0
2015-08-24 12:00:00.000039936,56.584,22.223999,222.23999,7.2258685e-05,11.3168,35.0
2015-08-24 15:00:00.000039936,56.584,22.223999,219.92499,7.423962e-05,11.3168,25.0
2015-08-24 18:00:00.000039936,56.584,22.223999,217.61,7.641916e-05,11.8312,20.0
2015-08-24 19:00:00.000066560,55.040802,22.223999,217.61,7.728449e-05,13.3744,20.0
2015-08-24 20:00:00.000053248,52.9832,22.223999,217.61,7.8360856e-05,13.3744,15.0
2015-08-24 21:00:00.000039936,51.440002,22.223999,217.61,7.921766e-05,11.3168,5.0
2015-08-25 00:00:00.000039936,43.724,27.78,187.515,8.176471e-05,9.2592,10.0
2015-08-25 03:00:00.000039936,38.58,37.04,205.109,8.34429e-05,7.2016,20.0
2015-08-25 06:00:00.000039936,33.436,46.3,222.24,8.448353e-05,6.6872,25.0
2015-08-25 09:00:00.000039936,29.835201,46.3,222.24,8.551773e-05,7.2016,25.0
2015-08-25 12:00:00.000039936,25.720001,46.3,222.24,8.675015e-05,7.2016,25.0
2015-08-25 15:00:00.000039936,25.720001,46.3,222.24,8.7973065e-05,7.716,25.0
2015-08-25 18:00:00.000039936,25.720001,46.3,222.24,8.938759e-05,7.716,25.0
2015-08-25 21:00:00.000039936,24.6912,46.3,222.24,9.078879e-05,7.716,30.0
