Time,Vmax,Rmax_IBT,R34,fcor,u_trans,v_trans
2012-08-20 12:00:00.000039936,20.576,74.08,74.08,4.5309676e-05,2.0576,340.0
2012-08-20 15:00:00.000039936,22.1192,55.56,74.08,4.5551555e-05,1.5432,320.0
2012-08-20 18:00:00.000039936,23.148,37.04,74.08,4.5793287e-05,1.5432,295.0
2012-08-20 21:00:00.000039936,24.6912,37.04,76.858,4.5793287e-05,2.0576,280.0
2012-08-21 00:00:00.000039936,25.720001,37.04,78.71,4.5793287e-05,2.0576,285.0
2012-08-21 03:00:00.000039936,28.292,42.596,86.118,4.5793287e-05,2.0576,300.0
2012-08-21 06:00:00.000039936,30.864,46.3,92.6,4.6034886e-05,2.572,315.0
2012-08-21 09:00:00.000039936,32.4072,46.3,100.007996,4.627635e-05,3.0864,320.0
2012-08-21 12:00:00.000039936,33.436,46.3,106.490005,4.675884e-05,3.0864,305.0
2012-08-21 15:00:00.000039936,36.008,42.596,112.97199,4.7240763e-05,3.6008,290.0
2012-08-21 18:00:00.000039936,38.58,37.04,118.065,4.748151e-05,3.6008,285.0
2012-08-21 21:00:00.000039936,40.1232,37.04,127.325,4.7722115e-05,3.6008,285.0
2012-08-22 00:00:00.000039936,41.152,37.04,136.58499,4.796257e-05,3.6008,280.0
2012-08-22 03:00:00.000039936,41.152,37.04,178.718,4.8202877e-05,3.6008,280.0
2012-08-22 06:00:00.000039936,41.152,37.04,219.925,4.8202877e-05,3.0864,280.0
2012-08-22 09:00:00.000039936,43.724,37.04,219.925,4.8202877e-05,3.0864,285.0
2012-08-22 12:00:00.000039936,46.296,37.04,219.925,4.844305e-05,4.1152,280.0
2012-08-22 15:00:00.000039936,46.296,37.04,230.574,4.868306e-05,4.6296,275.0
2012-08-22 18:00:00.000039936,46.296,37.04,240.76001,4.868306e-05,4.1152,280.0
2012-08-22 21:00:00.000039936,47.8392,33.336,250.483,4.868306e-05,3.0864,285.0
2012-08-23 00:00:00.000039936,48.868,27.78,259.28,4.892293e-05,3.0864,295.0
2012-08-23 03:00:00.000039936,50.4112,27.78,264.373,4.9402213e-05,3.0864,300.0
2012-08-23 06:00:00.000039936,51.440002,27.78,268.53998,5.012002e-05,3.6008,290.0
2012-08-23 09:00:00.000039936,51.440002,27.78,268.53998,5.035898e-05,4.1152,280.0
2012-08-23 12:00:00.000039936,51.440002,27.78,268.53998,5.035898e-05,3.6008,280.0
2012-08-23 15:00:00.000039936,52.9832,33.336,291.69,5.059779e-05,2.572,290.0
2012-08-23 18:00:00.000039936,54.012,37.04,314.84,5.1074945e-05,2.572,330.0
2012-08-23 21:00:00.000039936,54.012,37.04,314.84,5.178951e-05,4.1152,350.0
2012-08-24 00:00:00.000039936,54.012,37.04,314.84,5.2740055e-05,4.1152,335.0
2012-08-24 03:00:00.000039936,55.5552,37.04,314.84,5.345127e-05,4.1152,320.0
2012-08-24 06:00:00.000039936,56.584,37.04,314.84,5.392461e-05,3.6008,325.0
2012-08-24 09:00:00.000039936,59.156002,37.04,314.84,5.4633376e-05,3.0864,340.0
2012-08-24 12:00:00.000039936,61.728,37.04,314.84,5.5340646e-05,3.0864,340.0
2012-08-24 15:00:00.000039936,63.271202,37.04,320.859,5.6046403e-05,3.6008,335.0
2012-08-24 18:00:00.000039936,64.3,37.04,326.41498,5.6750614e-05,4.1152,325.0
2012-08-24 21:00:00.000039936,64.3,37.04,326.41498,5.7453286e-05,4.1152,320.0
2012-08-25 00:00:00.000039936,64.3,37.04,326.41498,5.8154368e-05,4.6296,315.0
2012-08-25 03:00:00.000039936,63.271202,46.3,334.749,5.8853857e-05,5.144,315.0
2012-08-25 06:00:00.000039936,61.728,55.56,342.62,5.9551734e-05,4.1152,305.0
2012-08-25 09:00:00.000039936,61.728,55.56,342.62,6.0016075e-05,3.0864,290.0
2012-08-25 12:00:00.000039936,61.728,55.56,342.62,6.0247978e-05,3.0864,295.0
2012-08-25 15:00:00.000039936,61.728,42.596,367.622,6.0711227e-05,3.0864,305.0
2012-08-25 18:00:00.000039936,61.728,27.78,391.23502,6.1173734e-05,3.6008,310.0
2012-08-25 21:00:00.000039936,60.6992,27.78,388.45697,6.1635496e-05,4.1152,315.0
2012-08-26 00:00:00.000039936,59.156002,27.78,384.29,6.2326726e-05,4.1152,320.0
2012-08-26 03:00:00.000039936,58.1272,27.78,384.29,6.3016254e-05,4.1152,320.0
2012-08-26 06:00:00.000039936,56.584,27.78,384.29,6.370404e-05,5.144,315.0
2012-08-26 09:00:00.000039936,55.5552,27.78,377.808,6.43901e-05,5.6584,310.0
2012-08-26 12:00:00.000039936,54.012,27.78,370.4,6.530208e-05,5.144,315.0
2012-08-26 15:00:00.000039936,52.9832,27.78,373.178,6.621089e-05,5.144,325.0
2012-08-26 18:00:00.000039936,51.440002,27.78,375.03,6.734234e-05,5.6584,330.0
2012-08-26 21:00:00.000039936,48.868,37.04,371.326,6.8468675e-05,5.6584,335.0
2012-08-27 00:00:00.000039936,46.296,46.3,365.77,6.981338e-05,7.2016,330.0
2012-08-27 03:00:00.000039936,42.6952,46.3,331.508,7.115043e-05,8.2304,330.0
2012-08-27 06:00:00.000039936,38.58,46.3,296.32,7.270045e-05,8.2304,335.0
2012-08-27 09:00:00.000039936,37.5512,46.3,296.32,7.423962e-05,7.716,345.0
2012-08-27 12:00:00.000039936,36.008,46.3,296.32,7.576771e-05,8.2304,350.0
2012-08-27 15:00:00.000039936,36.008,46.3,296.32,7.750023e-05,8.744801,350.0
2012-08-27 18:00:00.000039936,36.008,46.3,296.32,7.943125e-05,9.2592,350.0
2012-08-27 21:00:00.000039936,32.4072,55.56,296.32,8.134267e-05,9.2592,350.0
2012-08-28 00:00:00.000039936,28.292,64.82,296.32,8.3234e-05,9.7736,350.0
2012-08-28 03:00:00.000039936,28.292,70.376,296.32,8.5311396e-05,9.7736,355.0
2012-08-28 06:00:00.000039936,28.292,74.08,296.32,8.7362794e-05,10.288,355.0
2012-08-28 09:00:00.000039936,25.720001,79.636,240.76,8.938759e-05,10.802401,0.0
2012-08-28 12:00:00.000039936,23.148,83.34,185.2,9.1583395e-05,13.3744,10.0
