Time,Vmax,Rmax_IBT,R34,fcor,u_trans,v_trans
2020-10-06 06:00:00.000039936,25.720001,129.64,194.46002,5.9784e-05,2.572,290.0
2020-10-06 09:00:00.000039936,25.720001,125.936,214.832,6.0016075e-05,3.0864,290.0
2020-10-06 12:00:00.000039936,25.720001,120.38,233.815,6.0247978e-05,3.6008,290.0
2020-10-06 15:00:00.000039936,27.2632,120.38,248.631,6.0711227e-05,4.1152,295.0
2020-10-06 18:00:00.000039936,28.292,120.38,261.595,6.1173734e-05,4.6296,295.0
2020-10-06 21:00:00.000039936,29.835201,120.38,275.022,6.14047e-05,5.144,295.0
2020-10-07 00:00:00.000039936,30.864,120.38,287.06,6.186609e-05,5.6584,300.0
2020-10-07 03:00:00.000039936,32.4072,79.636,288.912,6.278661e-05,5.6584,305.0
2020-10-07 06:00:00.000039936,33.436,37.04,289.375,6.370404e-05,6.1728,305.0
2020-10-07 09:00:00.000039936,36.008,37.04,292.153,6.43901e-05,5.6584,305.0
2020-10-07 12:00:00.000039936,38.58,37.04,294.005,6.507438e-05,5.6584,310.0
2020-10-07 15:00:00.000039936,40.1232,37.04,339.379,6.575688e-05,5.6584,320.0
2020-10-07 18:00:00.000039936,41.152,37.04,384.29,6.666408e-05,4.6296,330.0
2020-10-07 21:00:00.000039936,40.1232,46.3,404.199,6.756802e-05,3.6008,350.0
2020-10-08 00:00:00.000039936,38.58,55.56,423.64502,6.8468675e-05,3.6008,0.0
2020-10-08 03:00:00.000039936,38.58,51.856,414.84802,6.936598e-05,4.1152,5.0
2020-10-08 06:00:00.000039936,38.58,46.3,405.125,7.025991e-05,4.1152,15.0
2020-10-08 09:00:00.000039936,40.1232,42.596,390.30902,7.092813e-05,4.1152,25.0
2020-10-08 12:00:00.000039936,41.152,37.04,375.03,7.137252e-05,3.6008,20.0
2020-10-08 15:00:00.000039936,41.152,37.04,360.214,7.181604e-05,3.0864,10.0
2020-10-08 18:00:00.000039936,41.152,37.04,344.935,7.2258685e-05,2.0576,5.0
2020-10-08 21:00:00.000039936,40.1232,33.336,337.064,7.270045e-05,1.5432,0.0
2020-10-09 00:00:00.000039936,38.58,27.78,328.72998,7.336144e-05,1.5432,5.0
2020-10-09 03:00:00.000039936,37.5512,27.78,325.952,7.380098e-05,2.0576,20.0
2020-10-09 06:00:00.000039936,36.008,27.78,321.78503,7.423962e-05,2.0576,40.0
2020-10-09 09:00:00.000039936,33.436,33.336,315.303,7.467736e-05,2.572,50.0
2020-10-09 12:00:00.000039936,30.864,37.04,307.89502,7.511419e-05,3.6008,55.0
2020-10-09 15:00:00.000039936,28.292,55.56,306.969,7.5550095e-05,4.1152,55.0
2020-10-09 18:00:00.000039936,25.720001,74.08,305.58002,7.620224e-05,4.6296,50.0
2020-10-09 21:00:00.000039936,25.720001,70.376,285.208,7.6852295e-05,5.144,50.0
2020-10-10 00:00:00.000039936,25.720001,64.82,263.91,7.750023e-05,4.6296,65.0
2020-10-10 03:00:00.000039936,25.720001,64.82,259.74298,7.771575e-05,5.144,80.0
2020-10-10 06:00:00.000039936,25.720001,64.82,254.65,7.771575e-05,5.6584,90.0
2020-10-10 09:00:00.000039936,25.720001,64.82,248.168,7.771575e-05,5.144,95.0
2020-10-10 12:00:00.000039936,25.720001,64.82,240.76,7.771575e-05,5.144,90.0
2020-10-10 15:00:00.000039936,24.6912,64.82,236.12999,7.771575e-05,5.6584,90.0
2020-10-10 18:00:00.000039936,23.148,64.82,231.5,7.771575e-05,5.144,90.0
2020-10-10 21:00:00.000039936,22.1192,83.34,195.849,7.771575e-05,5.144,95.0
2020-10-11 00:00:00.000039936,20.576,101.86,159.735,7.750023e-05,4.6296,105.0
2020-10-11 03:00:00.000039936,20.576,101.86,133.807,7.728449e-05,4.1152,110.0
2020-10-11 06:00:00.000039936,20.576,101.86,106.49,7.6852295e-05,3.6008,115.0
2020-10-11 09:00:00.000039936,19.5472,101.86,81.488,7.641916e-05,3.6008,125.0
