Time,Vmax,Rmax_IBT,R34,fcor,u_trans,v_trans
2001-08-27 12:00:00.000040448,23.148,111.12,125.009995,4.5309676e-05,4.6296,40.0
2001-08-27 15:00:00.000040448,25.720001,101.86,145.845,4.6034886e-05,5.144,40.0
2001-08-27 18:00:00.000040448,28.292,92.6,166.68,4.6999867e-05,5.6584,45.0
2001-08-27 21:00:00.000040448,30.864,79.636,181.959,4.796257e-05,5.6584,45.0
2001-08-28 00:00:00.000040448,33.436,64.82,196.77501,4.892293e-05,5.6584,40.0
2001-08-28 03:00:00.000040448,37.5512,46.3,165.754,4.9880902e-05,5.144,35.0
2001-08-28 06:00:00.000040448,41.152,27.78,134.27,5.1074945e-05,5.6584,40.0
2001-08-28 09:00:00.000040448,45.2672,27.78,134.27,5.2027382e-05,5.6584,40.0
2001-08-28 12:00:00.000040448,48.868,27.78,134.27,5.2977284e-05,5.6584,40.0
2001-08-28 15:00:00.000040448,52.9832,27.78,148.623,5.392461e-05,5.144,35.0
2001-08-28 18:00:00.000040448,56.584,27.78,162.05,5.4869302e-05,4.6296,35.0
2001-08-28 21:00:00.000040448,59.156002,27.78,182.88501,5.581132e-05,4.6296,35.0
2001-08-29 00:00:00.000040448,61.728,27.78,203.72,5.6516048e-05,4.1152,35.0
2001-08-29 03:00:00.000040448,63.271202,27.78,180.57,5.698501e-05,3.6008,35.0
2001-08-29 06:00:00.000040448,64.3,27.78,157.42,5.768715e-05,3.6008,40.0
2001-08-29 09:00:00.000040448,65.8432,27.78,178.255,5.83877e-05,4.1152,35.0
2001-08-29 12:00:00.000040448,66.872,27.78,199.09,5.9319285e-05,4.1152,30.0
2001-08-29 15:00:00.000040448,66.872,27.78,199.09,6.0016075e-05,3.6008,30.0
2001-08-29 18:00:00.000040448,66.872,27.78,199.09,6.0711227e-05,3.0864,30.0
2001-08-29 21:00:00.000040448,65.8432,27.78,199.09,6.1173734e-05,2.572,30.0
2001-08-30 00:00:00.000040448,64.3,27.78,199.09,6.1635496e-05,2.572,30.0
2001-08-30 03:00:00.000040448,63.271202,33.336,196.775,6.20965e-05,2.572,30.0
2001-08-30 06:00:00.000040448,61.728,37.04,194.46,6.278661e-05,3.0864,35.0
2001-08-30 09:00:00.000040448,60.6992,33.336,194.46,6.3474974e-05,3.0864,35.0
2001-08-30 12:00:00.000040448,59.156002,27.78,194.46,6.416161e-05,3.6008,15.0
2001-08-30 15:00:00.000040448,55.5552,27.78,175.94,6.507438e-05,4.6296,0.0
2001-08-30 18:00:00.000040448,51.440002,27.78,157.42,6.5983986e-05,4.1152,360.0
2001-08-30 21:00:00.000040448,48.868,27.78,157.42,6.689037e-05,4.1152,0.0
2001-08-31 00:00:00.000040448,46.296,27.78,157.42,6.7793495e-05,4.1152,5.0
2001-08-31 03:00:00.000040448,43.724,33.336,160.198,6.869332e-05,4.6296,15.0
2001-08-31 06:00:00.000040448,41.152,37.04,162.04999,6.958979e-05,4.6296,20.0
2001-08-31 09:00:00.000040448,41.152,37.04,171.31,7.07056e-05,5.144,30.0
2001-08-31 12:00:00.000040448,41.152,37.04,180.56999,7.159438e-05,4.6296,35.0
2001-08-31 15:00:00.000040448,40.1232,37.04,180.56999,7.2258685e-05,4.6296,40.0
2001-08-31 18:00:00.000040448,38.58,37.04,180.56999,7.314133e-05,5.6584,35.0
2001-08-31 21:00:00.000040448,37.5512,42.596,194.923,7.423962e-05,6.1728,35.0
2001-09-01 00:00:00.000040448,36.008,46.3,208.35,7.5550095e-05,6.6872,40.0
2001-09-01 03:00:00.000040448,36.008,46.3,206.035,7.641916e-05,6.1728,45.0
2001-09-01 06:00:00.000040448,36.008,46.3,203.72,7.728449e-05,6.1728,50.0
2001-09-01 09:00:00.000040448,34.979202,46.3,203.72,7.793102e-05,6.1728,60.0
2001-09-01 12:00:00.000040448,33.436,46.3,203.72,7.85754e-05,5.6584,60.0
2001-09-01 15:00:00.000040448,32.4072,55.56,212.98001,7.921766e-05,5.144,55.0
2001-09-01 18:00:00.000040448,30.864,64.82,222.24,7.9857724e-05,5.6584,55.0
2001-09-01 21:00:00.000040448,29.835201,70.376,222.23999,8.049559e-05,6.1728,55.0
2001-09-02 00:00:00.000040448,28.292,74.08,222.24,8.134267e-05,6.1728,55.0
2001-09-02 03:00:00.000040448,27.2632,70.376,236.13,8.2185776e-05,6.6872,55.0
