Time,Vmax,Rmax_IBT,R34,fcor,u_trans,v_trans
2007-10-02 00:00:00.000039936,20.576,83.34,108.805,4.1909232e-05,2.0576,130.0
2007-10-02 03:00:00.000039936,25.720001,83.34,129.17699,4.1665367e-05,1.5432,120.0
2007-10-02 06:00:00.000039936,30.864,83.34,148.16,4.1665367e-05,0.5144,60.0
2007-10-02 09:00:00.000039936,32.4072,83.34,193.99701,4.1665367e-05,1.5432,310.0
2007-10-02 12:00:00.000039936,33.436,83.34,238.445,4.1665367e-05,2.0576,295.0
2007-10-02 15:00:00.000039936,36.008,74.08,251.872,4.1665367e-05,2.0576,285.0
2007-10-02 18:00:00.000039936,38.58,64.82,263.91,4.1909232e-05,2.572,280.0
2007-10-02 21:00:00.000039936,40.1232,61.116,266.68802,4.2152973e-05,2.572,285.0
2007-10-03 00:00:00.000039936,41.152,55.56,268.54,4.239659e-05,2.572,295.0
2007-10-03 03:00:00.000039936,43.724,64.82,267.614,4.288343e-05,2.572,305.0
2007-10-03 06:00:00.000039936,46.296,74.08,266.225,4.3369746e-05,3.0864,310.0
2007-10-03 09:00:00.000039936,48.868,55.56,313.91397,4.385554e-05,3.6008,315.0
2007-10-03 12:00:00.000039936,51.440002,37.04,361.13998,4.4340795e-05,3.6008,320.0
2007-10-03 15:00:00.000039936,55.5552,37.04,351.88,4.4825505e-05,3.6008,320.0
2007-10-03 18:00:00.000039936,59.156002,37.04,342.62,4.5551555e-05,4.1152,300.0
2007-10-03 21:00:00.000039936,60.6992,33.336,346.787,4.6034886e-05,4.1152,290.0
2007-10-04 00:00:00.000039936,61.728,27.78,349.565,4.651767e-05,4.6296,300.0
2007-10-04 03:00:00.000039936,61.728,46.3,349.565,4.7240763e-05,4.6296,315.0
2007-10-04 06:00:00.000039936,61.728,64.82,349.565,4.796257e-05,4.6296,320.0
2007-10-04 09:00:00.000039936,61.728,64.82,349.565,4.868306e-05,4.6296,315.0
2007-10-04 12:00:00.000039936,61.728,64.82,349.565,4.9402213e-05,4.6296,305.0
2007-10-04 15:00:00.000039936,63.271202,55.56,354.65802,4.9880902e-05,4.6296,295.0
2007-10-04 18:00:00.000039936,64.3,46.3,358.825,5.035898e-05,3.6008,285.0
2007-10-04 21:00:00.000039936,65.8432,46.3,358.825,5.059779e-05,3.0864,290.0
2007-10-05 00:00:00.000039936,66.872,46.3,358.825,5.083645e-05,2.572,315.0
2007-10-05 03:00:00.000039936,66.872,61.116,358.825,5.155148e-05,3.0864,340.0
2007-10-05 06:00:00.000039936,66.872,74.08,358.825,5.22651e-05,4.1152,345.0
2007-10-05 09:00:00.000039936,66.872,74.08,358.825,5.321436e-05,4.1152,350.0
2007-10-05 12:00:00.000039936,66.872,74.08,358.825,5.4161024e-05,5.6584,335.0
2007-10-05 15:00:00.000039936,66.872,51.856,357.89902,5.5340646e-05,6.1728,325.0
2007-10-05 18:00:00.000039936,66.872,27.78,356.51,5.6516048e-05,5.6584,325.0
2007-10-05 21:00:00.000039936,65.8432,27.78,354.658,5.768715e-05,5.144,330.0
2007-10-06 00:00:00.000039936,64.3,27.78,351.88,5.8853857e-05,6.6872,320.0
2007-10-06 03:00:00.000039936,64.3,27.78,362.52902,5.9784e-05,7.2016,305.0
2007-10-06 06:00:00.000039936,64.3,27.78,372.715,6.0479695e-05,4.1152,275.0
2007-10-06 09:00:00.000039936,61.728,33.336,372.715,6.0711227e-05,2.0576,230.0
2007-10-06 12:00:00.000039936,59.156002,37.04,372.715,6.0942573e-05,3.6008,335.0
