Time,Vmax,Rmax_IBT,R34,fcor,u_trans,v_trans
2018-08-03 03:00:00.000039936,18.004,92.6,83.34,4.506766e-05,2.0576,300.0
2018-08-03 06:00:00.000039936,20.576,92.6,166.68,4.5309676e-05,2.0576,305.0
2018-08-03 09:00:00.000039936,22.1192,83.34,191.219,4.5551555e-05,2.572,310.0
2018-08-03 12:00:00.000039936,23.148,74.08,215.295,4.627635e-05,3.0864,325.0
2018-08-03 15:00:00.000039936,24.6912,74.08,232.88899,4.7240763e-05,4.1152,335.0
2018-08-03 18:00:00.000039936,25.720001,74.08,250.02,4.8202877e-05,5.144,335.0
2018-08-03 21:00:00.000039936,27.2632,74.08,266.22498,4.916265e-05,5.6584,335.0
2018-08-04 00:00:00.000039936,28.292,74.08,282.43,5.012002e-05,5.6584,330.0
2018-08-04 03:00:00.000039936,30.864,64.82,287.06,5.1074945e-05,5.144,325.0
2018-08-04 06:00:00.000039936,33.436,55.56,291.69,5.2027382e-05,4.6296,330.0
2018-08-04 09:00:00.000039936,34.979202,55.56,294.005,5.321436e-05,4.6296,335.0
2018-08-04 12:00:00.000039936,36.008,55.56,296.32,5.4161024e-05,4.6296,330.0
2018-08-04 15:00:00.000039936,37.5512,55.56,298.635,5.4869302e-05,5.144,325.0
2018-08-04 18:00:00.000039936,38.58,55.56,300.94998,5.5576067e-05,3.6008,325.0
2018-08-04 21:00:00.000039936,38.58,55.56,303.26498,5.6281307e-05,3.0864,330.0
2018-08-05 00:00:00.000039936,38.58,55.56,305.58,5.721923e-05,3.6008,350.0
2018-08-05 03:00:00.000039936,38.58,55.56,310.21,5.8154368e-05,5.144,0.0
2018-08-05 06:00:00.000039936,38.58,55.56,314.84,5.9319285e-05,4.6296,355.0
2018-08-05 09:00:00.000039936,38.58,64.82,317.15503,6.0247978e-05,4.1152,345.0
2018-08-05 12:00:00.000039936,38.58,74.08,319.47003,6.1173734e-05,4.6296,335.0
2018-08-05 15:00:00.000039936,38.58,55.56,319.47003,6.20965e-05,5.6584,330.0
2018-08-05 18:00:00.000039936,38.58,37.04,319.47003,6.324571e-05,5.6584,330.0
2018-08-05 21:00:00.000039936,37.5512,37.04,319.47003,6.43901e-05,5.144,335.0
2018-08-06 00:00:00.000039936,36.008,37.04,319.47003,6.552959e-05,5.144,345.0
2018-08-06 03:00:00.000039936,36.008,55.56,321.78503,6.643758e-05,5.144,350.0
2018-08-06 06:00:00.000039936,36.008,74.08,324.09998,6.756802e-05,5.144,350.0
2018-08-06 09:00:00.000039936,34.979202,70.376,328.72998,6.869332e-05,5.6584,345.0
2018-08-06 12:00:00.000039936,33.436,64.82,333.36,6.981338e-05,6.1728,335.0
2018-08-06 15:00:00.000039936,33.436,64.82,335.675,7.115043e-05,6.6872,330.0
2018-08-06 18:00:00.000039936,33.436,64.82,337.99,7.2258685e-05,6.1728,325.0
2018-08-06 21:00:00.000039936,36.008,64.82,331.045,7.314133e-05,5.144,320.0
2018-08-07 00:00:00.000039936,38.58,64.82,324.1,7.402041e-05,4.6296,330.0
2018-08-07 03:00:00.000039936,41.152,48.152,324.1,7.467736e-05,4.6296,335.0
2018-08-07 06:00:00.000039936,43.724,31.484,324.1,7.5550095e-05,4.6296,330.0
2018-08-07 09:00:00.000039936,42.6952,29.632,319.47,7.641916e-05,5.144,320.0
2018-08-07 12:00:00.000039936,41.152,27.78,314.84,7.728449e-05,5.144,310.0
2018-08-07 15:00:00.000039936,41.152,18.52,312.525,7.793102e-05,4.6296,305.0
2018-08-07 18:00:00.000039936,41.152,9.26,310.21,7.85754e-05,4.1152,320.0
2018-08-07 21:00:00.000039936,41.152,16.668,294.005,7.943125e-05,4.1152,335.0
2018-08-08 00:00:00.000039936,41.152,22.223999,277.8,8.028322e-05,4.1152,325.0
2018-08-08 03:00:00.000039936,40.1232,22.223999,261.595,8.070772e-05,3.6008,315.0
2018-08-08 06:00:00.000039936,38.58,22.223999,245.39,8.113127e-05,3.0864,335.0
2018-08-08 09:00:00.000039936,37.5512,22.223999,233.815,8.176471e-05,3.6008,0.0
2018-08-08 12:00:00.000039936,36.008,22.223999,222.24,8.2605824e-05,3.6008,355.0
2018-08-08 15:00:00.000039936,33.436,22.223999,210.66501,8.34429e-05,4.1152,345.0
2018-08-08 18:00:00.000039936,30.864,22.223999,199.09,8.427592e-05,4.6296,355.0
2018-08-08 21:00:00.000039936,30.864,29.632,185.20001,8.5311396e-05,5.144,5.0
2018-08-09 00:00:00.000039936,30.864,37.04,171.31,8.6340384e-05,5.6584,10.0
2018-08-09 03:00:00.000039936,28.292,37.04,157.42,8.7362794e-05,5.6584,20.0
2018-08-09 06:00:00.000039936,25.720001,37.04,143.53,8.837856e-05,5.144,40.0
2018-08-09 09:00:00.000039936,23.148,37.04,127.325,8.898478e-05,5.144,55.0
2018-08-09 12:00:00.000039936,20.576,37.04,111.12,8.9789304e-05,6.6872,55.0
2018-08-09 15:00:00.000039936,19.5472,46.3,85.655,9.078879e-05,8.744801,50.0
