Time,Vmax,Rmax_IBT,R34,fcor,u_trans,v_trans
2017-08-28 18:00:00.000039936,18.004,92.6,317.155,5.155148e-05,4.1152,25.0
2017-08-28 21:00:00.000039936,19.5472,92.6,317.155,5.2740055e-05,4.6296,20.0
2017-08-29 00:00:00.000039936,20.576,92.6,317.155,5.392461e-05,5.144,5.0
2017-08-29 03:00:00.000039936,22.1192,92.6,317.155,5.510506e-05,5.6584,355.0
2017-08-29 06:00:00.000039936,23.148,92.6,317.155,5.6516048e-05,6.6872,345.0
2017-08-29 09:00:00.000039936,24.6912,92.6,317.155,5.7920843e-05,7.716,340.0
2017-08-29 12:00:00.000039936,25.720001,92.6,317.155,5.9319285e-05,9.2592,335.0
2017-08-29 15:00:00.000039936,25.720001,111.12,329.19302,6.0942573e-05,10.288,325.0
2017-08-29 18:00:00.000039936,25.720001,129.64,340.305,6.255676e-05,10.288,315.0
2017-08-29 21:00:00.000039936,27.2632,129.64,360.214,6.370404e-05,9.2592,305.0
2017-08-30 00:00:00.000039936,28.292,129.64,379.66003,6.43901e-05,8.2304,290.0
2017-08-30 03:00:00.000039936,28.292,129.64,390.30902,6.530208e-05,7.2016,275.0
2017-08-30 06:00:00.000039936,28.292,129.64,400.495,6.575688e-05,6.6872,265.0
2017-08-30 09:00:00.000039936,28.292,111.12,349.56497,6.552959e-05,6.1728,265.0
2017-08-30 12:00:00.000039936,28.292,92.6,298.635,6.507438e-05,4.1152,255.0
2017-08-30 15:00:00.000039936,29.835201,79.636,298.635,6.4846485e-05,1.5432,245.0
2017-08-30 18:00:00.000039936,30.864,64.82,298.635,6.461839e-05,1.5432,95.0
2017-08-30 21:00:00.000039936,30.864,55.56,298.635,6.4846485e-05,3.0864,75.0
2017-08-31 00:00:00.000039936,30.864,46.3,298.635,6.530208e-05,3.0864,55.0
2017-08-31 03:00:00.000039936,33.436,42.596,289.838,6.575688e-05,2.572,25.0
2017-08-31 06:00:00.000039936,36.008,37.04,280.115,6.643758e-05,3.0864,10.0
2017-08-31 09:00:00.000039936,36.008,37.04,400.495,6.734234e-05,3.0864,355.0
2017-08-31 12:00:00.000039936,38.58,37.04,321.785,6.801876e-05,2.572,325.0
2017-08-31 15:00:00.000039936,40.1232,29.632,291.69,6.8243826e-05,1.5432,260.0
2017-08-31 18:00:00.000039936,41.152,22.223999,261.59497,6.801876e-05,2.0576,170.0
2017-08-31 21:00:00.000039936,43.724,20.372,271.318,6.734234e-05,3.6008,140.0
2017-09-01 00:00:00.000039936,46.296,18.52,280.115,6.666408e-05,4.1152,105.0
2017-09-01 03:00:00.000039936,46.296,18.52,400.495,6.666408e-05,4.6296,75.0
2017-09-01 06:00:00.000039936,43.724,18.52,300.95,6.756802e-05,4.6296,55.0
2017-09-01 09:00:00.000039936,41.152,18.52,295.394,6.8243826e-05,4.1152,35.0
2017-09-01 12:00:00.000039936,38.58,18.52,289.37503,6.8917754e-05,3.0864,30.0
2017-09-01 15:00:00.000039936,37.5512,20.372,294.00497,6.936598e-05,2.572,25.0
2017-09-01 18:00:00.000039936,36.008,22.223999,298.63498,7.003676e-05,4.1152,30.0
2017-09-01 21:00:00.000039936,34.979202,22.223999,302.339,7.115043e-05,6.1728,30.0
2017-09-02 00:00:00.000039936,33.436,22.223999,305.58,7.270045e-05,8.2304,25.0
2017-09-02 03:00:00.000039936,32.4072,22.223999,323.63696,7.423962e-05,10.288,25.0
2017-09-02 06:00:00.000039936,30.864,22.223999,340.305,7.5985095e-05,10.802401,25.0
2017-09-02 09:00:00.000039936,29.835201,22.223999,340.305,7.771575e-05,11.3168,30.0
2017-09-02 12:00:00.000039936,28.292,22.223999,340.305,7.9644604e-05,11.8312,30.0
2017-09-02 15:00:00.000039936,28.292,22.223999,340.305,8.197536e-05,12.860001,30.0
2017-09-02 18:00:00.000039936,28.292,22.223999,340.305,8.469088e-05,14.917601,25.0
2017-09-02 21:00:00.000039936,28.292,22.223999,340.305,8.756649e-05,16.9752,25.0
2017-09-03 00:00:00.000039936,28.292,22.223999,340.305,9.058944e-05,19.0328,30.0
2017-09-03 03:00:00.000039936,27.2632,22.223999,370.4,9.3940274e-05,20.0616,30.0
