Time,Vmax,Rmax_IBT,R34,fcor,u_trans,v_trans
2012-09-11 12:00:00.000039936,23.148,46.3,41.67,3.0073232e-05,4.6296,305.0
2012-09-11 15:00:00.000039936,23.148,46.3,41.67,3.0322259e-05,4.6296,300.0
2012-09-11 18:00:00.000039936,23.148,46.3,41.67,3.0571195e-05,5.144,305.0
2012-09-11 21:00:00.000039936,25.720001,37.04,41.67,3.1068776e-05,5.144,310.0
2012-09-12 00:00:00.000039936,28.292,27.78,41.67,3.156599e-05,4.6296,310.0
2012-09-12 03:00:00.000039936,29.835201,27.78,53.708,3.206281e-05,4.1152,310.0
2012-09-12 06:00:00.000039936,30.864,27.78,64.82,3.280731e-05,3.6008,315.0
2012-09-12 09:00:00.000039936,33.436,33.336,96.304,3.330315e-05,3.6008,325.0
2012-09-12 12:00:00.000039936,36.008,37.04,127.325005,3.404614e-05,3.6008,320.0
2012-09-12 15:00:00.000039936,38.58,37.04,144.919,3.47882e-05,3.6008,315.0
2012-09-12 18:00:00.000039936,41.152,37.04,162.04999,3.5529305e-05,3.6008,325.0
2012-09-12 21:00:00.000039936,45.2672,33.336,175.47699,3.626943e-05,3.6008,335.0
2012-09-13 00:00:00.000039936,48.868,27.78,187.51498,3.7254722e-05,4.1152,340.0
2012-09-13 03:00:00.000039936,54.012,33.336,187.51498,3.8238195e-05,4.6296,340.0
2012-09-13 06:00:00.000039936,59.156002,37.04,187.51498,3.9219805e-05,4.1152,350.0
2012-09-13 09:00:00.000039936,65.8432,46.3,187.51498,4.0199502e-05,3.6008,5.0
2012-09-13 12:00:00.000039936,72.016,55.56,187.51498,4.1177245e-05,4.1152,10.0
2012-09-13 15:00:00.000039936,76.1312,46.3,221.77701,4.2152973e-05,4.6296,5.0
2012-09-13 18:00:00.000039936,79.732,37.04,254.65001,4.3126656e-05,4.6296,0.0
2012-09-13 21:00:00.000039936,79.732,37.04,254.65001,4.409823e-05,4.6296,0.0
2012-09-14 00:00:00.000039936,79.732,37.04,254.65001,4.5309676e-05,5.144,5.0
2012-09-14 03:00:00.000039936,78.7032,37.04,254.65001,4.651767e-05,5.144,5.0
2012-09-14 06:00:00.000039936,77.16,37.04,254.65001,4.7722115e-05,5.6584,5.0
2012-09-14 09:00:00.000039936,73.559204,37.04,254.65001,4.892293e-05,5.6584,360.0
2012-09-14 12:00:00.000039936,69.444,37.04,254.65001,5.035898e-05,6.1728,355.0
2012-09-14 15:00:00.000039936,66.872,33.336,254.65001,5.178951e-05,6.1728,350.0
2012-09-14 18:00:00.000039936,64.3,27.78,254.65001,5.2977284e-05,5.6584,340.0
2012-09-14 21:00:00.000039936,60.6992,27.78,254.65001,5.4161024e-05,5.144,340.0
2012-09-15 00:00:00.000039936,56.584,27.78,254.65001,5.5340646e-05,5.6584,340.0
2012-09-15 03:00:00.000039936,56.584,27.78,254.65001,5.6516048e-05,5.6584,345.0
2012-09-15 06:00:00.000039936,56.584,27.78,254.65001,5.7920843e-05,6.1728,345.0
2012-09-15 09:00:00.000039936,56.584,27.78,254.65001,5.9086666e-05,5.6584,345.0
2012-09-15 12:00:00.000039936,56.584,27.78,254.65001,6.0479695e-05,5.6584,345.0
2012-09-15 15:00:00.000039936,55.5552,33.336,279.189,6.1635496e-05,5.6584,345.0
2012-09-15 18:00:00.000039936,54.012,37.04,303.26498,6.3016254e-05,6.6872,355.0
2012-09-15 21:00:00.000039936,52.9832,37.04,310.673,6.43901e-05,7.2016,355.0
2012-09-15 22:00:00.000066560,52.4688,37.04,312.52502,6.507438e-05,7.716,355.0
2012-09-16 00:00:00.000039936,51.440002,37.04,317.155,6.621089e-05,8.2304,0.0
2012-09-16 03:00:00.000039936,51.440002,37.04,317.155,6.8243826e-05,9.2592,0.0
2012-09-16 06:00:00.000039936,51.440002,37.04,317.155,7.025991e-05,9.7736,355.0
2012-09-16 09:00:00.000039936,51.440002,37.04,317.155,7.2258685e-05,9.2592,355.0
2012-09-16 12:00:00.000039936,51.440002,37.04,317.155,7.423962e-05,8.744801,355.0
2012-09-16 15:00:00.000039936,50.4112,33.336,325.952,7.620224e-05,8.744801,0.0
2012-09-16 18:00:00.000039936,48.868,27.78,333.36,7.814606e-05,8.744801,5.0
2012-09-16 21:00:00.000039936,46.296,33.336,337.064,8.007058e-05,9.7736,5.0
2012-09-17 00:00:00.000039936,43.724,37.04,340.305,8.197536e-05,10.288,5.0
