Time,Vmax,Rmax_IBT,R34,fcor,u_trans,v_trans
2005-09-21 06:00:00.000039936,20.576,64.82,62.505005,4.675884e-05,4.1152,300.0
2005-09-21 09:00:00.000039936,23.148,61.116,87.506996,4.7240763e-05,3.6008,290.0
2005-09-21 12:00:00.000039936,25.720001,55.56,111.12,4.7722115e-05,3.0864,295.0
2005-09-21 15:00:00.000039936,25.720001,55.56,111.12,4.7722115e-05,2.572,305.0
2005-09-21 18:00:00.000039936,25.720001,55.56,111.12,4.796257e-05,2.572,320.0
2005-09-21 21:00:00.000039936,27.2632,55.56,125.936,4.844305e-05,3.0864,325.0
2005-09-22 00:00:00.000039936,28.292,55.56,138.9,4.916265e-05,3.0864,320.0
2005-09-22 03:00:00.000039936,28.292,55.56,118.528,4.9641636e-05,3.0864,310.0
2005-09-22 06:00:00.000039936,28.292,55.56,97.229996,5.012002e-05,3.0864,290.0
2005-09-22 09:00:00.000039936,28.292,42.596,100.007996,5.012002e-05,3.0864,270.0
2005-09-22 12:00:00.000039936,28.292,27.78,101.86,4.9880902e-05,3.6008,260.0
2005-09-22 15:00:00.000039936,28.292,27.78,101.86,4.9641636e-05,3.6008,265.0
2005-09-22 18:00:00.000039936,28.292,27.78,101.86,4.9641636e-05,3.6008,270.0
2005-09-22 21:00:00.000039936,27.2632,24.076,111.12001,4.9880902e-05,4.1152,280.0
2005-09-23 00:00:00.000039936,25.720001,18.52,120.38,5.012002e-05,4.6296,285.0
2005-09-23 03:00:00.000039936,25.720001,18.52,116.675995,5.035898e-05,4.6296,285.0
2005-09-23 06:00:00.000039936,25.720001,18.52,111.12001,5.035898e-05,3.6008,280.0
2005-09-23 09:00:00.000039936,25.720001,18.52,101.86,5.035898e-05,2.0576,265.0
2005-09-23 12:00:00.000039936,25.720001,18.52,92.6,5.012002e-05,2.572,260.0
2005-09-23 15:00:00.000039936,24.6912,18.52,155.105,4.9880902e-05,3.0864,260.0
2005-09-23 18:00:00.000039936,23.148,18.52,217.60999,4.9641636e-05,3.0864,250.0
2005-09-23 21:00:00.000039936,24.6912,18.52,217.60999,4.9402213e-05,3.6008,245.0
2005-09-24 00:00:00.000039936,25.720001,18.52,217.60999,4.916265e-05,3.6008,245.0
2005-09-24 03:00:00.000039936,27.2632,33.336,215.295,4.892293e-05,3.6008,250.0
2005-09-24 06:00:00.000039936,28.292,46.3,212.98,4.868306e-05,4.1152,250.0
2005-09-24 09:00:00.000039936,29.835201,37.04,220.85101,4.844305e-05,4.1152,250.0
2005-09-24 12:00:00.000039936,30.864,27.78,226.87,4.8202877e-05,4.1152,240.0
2005-09-24 15:00:00.000039936,32.4072,27.78,226.87,4.748151e-05,3.0864,235.0
2005-09-24 18:00:00.000039936,33.436,27.78,226.87,4.6999867e-05,2.572,240.0
2005-09-24 21:00:00.000039936,37.5512,27.78,226.87,4.6999867e-05,2.0576,260.0
2005-09-25 00:00:00.000039936,41.152,27.78,226.87,4.7240763e-05,2.572,275.0
2005-09-25 03:00:00.000039936,43.724,27.78,248.63101,4.748151e-05,3.0864,280.0
2005-09-25 06:00:00.000039936,46.296,27.78,268.54,4.748151e-05,3.0864,280.0
2005-09-25 09:00:00.000039936,45.2672,33.336,266.225,4.748151e-05,3.0864,275.0
2005-09-25 12:00:00.000039936,43.724,37.04,263.91,4.748151e-05,4.1152,275.0
2005-09-25 15:00:00.000039936,42.6952,37.04,247.705,4.748151e-05,4.6296,270.0
2005-09-25 18:00:00.000039936,41.152,37.04,231.5,4.748151e-05,4.6296,255.0
