Time,Vmax,Rmax_IBT,R34,fcor,u_trans,v_trans
2003-09-27 00:00:00.000040448,25.720001,111.12,185.20001,5.2740055e-05,6.1728,20.0
2003-09-27 03:00:00.000040448,28.292,83.34,185.20001,5.4161024e-05,4.6296,10.0
2003-09-27 06:00:00.000040448,30.864,55.56,185.20001,5.5340646e-05,4.6296,10.0
2003-09-27 09:00:00.000040448,30.864,55.56,231.5,5.6516048e-05,4.1152,20.0
2003-09-27 12:00:00.000040448,30.864,55.56,277.80002,5.768715e-05,4.6296,20.0
2003-09-27 15:00:00.000040448,30.864,55.56,277.80002,5.862087e-05,5.144,20.0
2003-09-27 18:00:00.000040448,30.864,55.56,277.80002,5.9551734e-05,5.144,30.0
2003-09-27 21:00:00.000040448,30.864,55.56,268.53998,6.0711227e-05,4.6296,35.0
2003-09-28 00:00:00.000040448,30.864,55.56,259.28,6.1635496e-05,4.1152,25.0
2003-09-28 03:00:00.000040448,30.864,61.116,259.28003,6.255676e-05,3.6008,5.0
2003-09-28 06:00:00.000040448,30.864,64.82,259.28,6.324571e-05,3.6008,0.0
2003-09-28 09:00:00.000040448,33.436,55.56,296.32,6.393293e-05,3.0864,5.0
2003-09-28 12:00:00.000040448,36.008,46.3,333.36,6.461839e-05,3.0864,5.0
2003-09-28 15:00:00.000040448,38.58,37.04,333.36,6.530208e-05,3.0864,15.0
2003-09-28 18:00:00.000040448,41.152,27.78,333.36,6.621089e-05,3.6008,25.0
2003-09-28 21:00:00.000040448,42.6952,37.04,312.525,6.689037e-05,4.1152,35.0
2003-09-29 00:00:00.000040448,43.724,46.3,291.69,6.7793495e-05,4.6296,30.0
2003-09-29 03:00:00.000040448,45.2672,37.04,298.63498,6.869332e-05,5.6584,25.0
2003-09-29 06:00:00.000040448,46.296,27.78,305.58,6.958979e-05,6.1728,30.0
2003-09-29 09:00:00.000040448,45.2672,37.04,312.525,7.048288e-05,6.1728,35.0
2003-09-29 12:00:00.000040448,43.724,46.3,319.46997,7.159438e-05,7.2016,45.0
2003-09-29 15:00:00.000040448,41.152,55.56,306.04303,7.2921e-05,9.2592,50.0
