Time,Vmax,Rmax_IBT,R34,fcor,u_trans,v_trans
2014-09-25 18:00:00.000039936,20.576,120.38,231.5,5.22651e-05,4.1152,320.0
2014-09-25 21:00:00.000039936,22.1192,120.38,229.185,5.2977284e-05,4.6296,325.0
2014-09-26 00:00:00.000039936,23.148,120.38,226.87001,5.392461e-05,4.1152,330.0
2014-09-26 03:00:00.000039936,23.148,120.38,226.87001,5.4869302e-05,4.1152,335.0
2014-09-26 06:00:00.000039936,23.148,120.38,226.87001,5.581132e-05,4.6296,335.0
2014-09-26 09:00:00.000039936,25.720001,107.416,245.39001,5.6750614e-05,5.144,335.0
2014-09-26 12:00:00.000039936,28.292,92.6,263.90997,5.7920843e-05,5.144,335.0
2014-09-26 15:00:00.000039936,28.292,92.6,263.90997,5.9086666e-05,5.6584,330.0
2014-09-26 18:00:00.000039936,28.292,92.6,263.90997,6.0247978e-05,5.6584,335.0
2014-09-26 21:00:00.000039936,28.292,92.6,263.90997,6.1173734e-05,5.144,340.0
2014-09-27 00:00:00.000039936,28.292,92.6,263.90997,6.2326726e-05,5.6584,340.0
2014-09-27 03:00:00.000039936,28.292,101.86,266.22498,6.3474974e-05,6.1728,340.0
2014-09-27 06:00:00.000039936,28.292,111.12,268.53998,6.461839e-05,6.1728,340.0
2014-09-27 09:00:00.000039936,27.2632,111.12,268.53998,6.575688e-05,5.6584,345.0
2014-09-27 12:00:00.000039936,25.720001,111.12,268.53998,6.711647e-05,5.144,350.0
2014-09-27 15:00:00.000039936,25.720001,111.12,283.35602,6.8468675e-05,5.144,355.0
2014-09-27 18:00:00.000039936,25.720001,111.12,296.32,6.981338e-05,5.6584,355.0
2014-09-27 21:00:00.000039936,25.720001,111.12,293.07898,7.115043e-05,6.1728,355.0
2014-09-28 00:00:00.000039936,25.720001,111.12,289.375,7.247968e-05,6.1728,5.0
2014-09-28 03:00:00.000039936,25.720001,116.676,298.172,7.3581316e-05,6.1728,15.0
2014-09-28 06:00:00.000039936,25.720001,120.38,305.58,7.4458614e-05,6.1728,25.0
2014-09-28 09:00:00.000039936,24.6912,120.38,305.58,7.533226e-05,5.6584,35.0
2014-09-28 12:00:00.000039936,23.148,120.38,305.58,7.641916e-05,6.1728,35.0
2014-09-28 15:00:00.000039936,23.148,125.936,305.58,7.728449e-05,6.6872,40.0
2014-09-28 18:00:00.000039936,23.148,129.64,305.58,7.8360856e-05,6.1728,40.0
2014-09-28 21:00:00.000039936,23.148,129.64,305.58,7.943125e-05,6.6872,45.0
2014-09-29 00:00:00.000039936,23.148,129.64,305.58,8.070772e-05,8.2304,50.0
2014-09-29 03:00:00.000039936,23.148,129.64,305.58,8.197536e-05,9.7736,55.0
2014-09-29 06:00:00.000039936,23.148,129.64,305.58,8.3234e-05,10.288,55.0
2014-09-29 09:00:00.000039936,23.148,129.64,305.58,8.427592e-05,10.288,60.0
2014-09-29 12:00:00.000039936,23.148,129.64,305.58,8.551773e-05,11.8312,60.0
2014-09-29 15:00:00.000039936,23.148,129.64,305.58,8.695463e-05,13.3744,60.0
2014-09-29 18:00:00.000039936,23.148,129.64,305.58,8.837856e-05,13.8888,65.0
2014-09-29 21:00:00.000039936,22.1192,129.64,305.58,8.998974e-05,13.3744,65.0
