Time,Vmax,Rmax_IBT,R34,fcor,u_trans,v_trans
2015-08-15 06:00:00.000039936,20.576,74.08,92.6,3.7746686e-05,1.0288,300.0
2015-08-15 09:00:00.000039936,22.1192,64.82,90.284996,3.7746686e-05,1.0288,295.0
2015-08-15 12:00:00.000039936,23.148,55.56,87.97,3.7746686e-05,1.5432,280.0
2015-08-15 15:00:00.000039936,24.6912,51.856,100.47099,3.7746686e-05,2.0576,260.0
2015-08-15 18:00:00.000039936,25.720001,46.3,111.119995,3.7746686e-05,2.572,240.0
2015-08-15 21:00:00.000039936,27.2632,46.3,111.119995,3.7500762e-05,2.572,225.0
2015-08-16 00:00:00.000039936,28.292,46.3,111.119995,3.7254722e-05,2.572,245.0
2015-08-16 03:00:00.000039936,29.835201,46.3,161.587,3.700857e-05,2.572,265.0
2015-08-16 06:00:00.000039936,30.864,46.3,210.665,3.67623e-05,2.572,265.0
2015-08-16 09:00:00.000039936,32.4072,46.3,163.90201,3.651592e-05,2.0576,255.0
2015-08-16 12:00:00.000039936,33.436,46.3,115.75,3.626943e-05,2.0576,255.0
2015-08-16 15:00:00.000039936,34.979202,42.596,137.048,3.6022833e-05,2.0576,255.0
2015-08-16 18:00:00.000039936,36.008,37.04,157.42,3.6022833e-05,2.0576,270.0
2015-08-16 21:00:00.000039936,38.58,38.892,189.82999,3.6022833e-05,2.0576,290.0
2015-08-17 00:00:00.000039936,41.152,40.744,222.23999,3.626943e-05,3.0864,295.0
2015-08-17 03:00:00.000039936,45.2672,37.04,225.018,3.651592e-05,3.0864,295.0
2015-08-17 06:00:00.000039936,48.868,31.484,226.87,3.700857e-05,3.0864,300.0
2015-08-17 09:00:00.000039936,51.440002,29.632,268.54,3.7500762e-05,3.6008,305.0
2015-08-17 12:00:00.000039936,54.012,27.78,310.21,3.7992504e-05,4.6296,305.0
2015-08-17 15:00:00.000039936,55.5552,24.076,310.21,3.872924e-05,5.6584,300.0
2015-08-17 18:00:00.000039936,56.584,18.52,310.21,3.9219805e-05,5.144,295.0
2015-08-17 21:00:00.000039936,58.1272,18.52,310.21,3.9709896e-05,4.6296,285.0
2015-08-18 00:00:00.000039936,59.156002,18.52,310.21,3.995476e-05,4.1152,290.0
2015-08-18 03:00:00.000039936,60.6992,24.076,310.21,4.0444127e-05,4.1152,300.0
2015-08-18 06:00:00.000039936,61.728,27.78,310.21,4.093299e-05,4.1152,315.0
2015-08-18 09:00:00.000039936,61.728,25.928,310.21,4.1665367e-05,4.6296,320.0
2015-08-18 12:00:00.000039936,61.728,22.223999,310.21,4.2640077e-05,6.1728,315.0
2015-08-18 15:00:00.000039936,63.271202,25.928,310.21,4.385554e-05,7.2016,310.0
2015-08-18 18:00:00.000039936,64.3,27.78,310.21,4.4825505e-05,6.6872,310.0
2015-08-18 21:00:00.000039936,65.8432,24.076,310.21,4.5793287e-05,6.1728,310.0
2015-08-19 00:00:00.000039936,66.872,18.52,310.21,4.651767e-05,5.6584,300.0
2015-08-19 03:00:00.000039936,68.4152,24.076,310.21,4.7240763e-05,5.144,295.0
2015-08-19 06:00:00.000039936,69.444,27.78,310.21,4.7722115e-05,4.6296,300.0
2015-08-19 09:00:00.000039936,70.9872,35.188,337.99,4.844305e-05,4.6296,315.0
2015-08-19 12:00:00.000039936,72.016,40.744,365.77,4.916265e-05,5.144,315.0
2015-08-19 15:00:00.000039936,70.9872,48.152,383.364,5.012002e-05,5.6584,310.0
2015-08-19 18:00:00.000039936,69.444,55.56,400.495,5.1074945e-05,5.6584,310.0
2015-08-19 21:00:00.000039936,68.4152,53.708,400.495,5.178951e-05,6.1728,310.0
2015-08-20 00:00:00.000039936,66.872,50.004,400.495,5.2740055e-05,6.1728,315.0
2015-08-20 03:00:00.000039936,66.872,50.004,390.30902,5.3688025e-05,6.1728,315.0
2015-08-20 06:00:00.000039936,66.872,50.004,379.65997,5.4633376e-05,5.144,310.0
2015-08-20 09:00:00.000039936,64.3,50.004,377.808,5.5340646e-05,4.6296,310.0
2015-08-20 12:00:00.000039936,61.728,50.004,375.03003,5.6046403e-05,4.6296,315.0
2015-08-20 15:00:00.000039936,60.6992,53.708,375.03003,5.6750614e-05,5.144,315.0
2015-08-20 18:00:00.000039936,59.156002,55.56,375.03003,5.768715e-05,5.144,320.0
2015-08-20 21:00:00.000039936,58.1272,53.708,375.03003,5.862087e-05,5.144,325.0
2015-08-21 00:00:00.000039936,56.584,50.004,375.03003,5.9551734e-05,5.144,330.0
2015-08-21 03:00:00.000039936,55.5552,50.004,376.88202,6.0711227e-05,5.144,335.0
2015-08-21 06:00:00.000039936,54.012,50.004,377.345,6.1635496e-05,4.1152,330.0
2015-08-21 09:00:00.000039936,50.4112,50.004,376.88202,6.255676e-05,3.6008,325.0
2015-08-21 12:00:00.000039936,46.296,50.004,375.03,6.324571e-05,4.1152,330.0
2015-08-21 15:00:00.000039936,43.724,37.04,375.03,6.416161e-05,4.6296,340.0
2015-08-21 18:00:00.000039936,41.152,22.223999,375.03,6.4846485e-05,4.1152,340.0
2015-08-21 21:00:00.000039936,41.152,29.632,375.03,6.552959e-05,3.6008,340.0
2015-08-22 00:00:00.000039936,41.152,37.04,375.03,6.621089e-05,3.0864,350.0
2015-08-22 03:00:00.000039936,41.152,42.596,375.03,6.689037e-05,3.0864,5.0
2015-08-22 06:00:00.000039936,41.152,46.3,375.03,6.756802e-05,3.0864,10.0
2015-08-22 09:00:00.000039936,41.152,46.3,370.4,6.8243826e-05,3.6008,5.0
2015-08-22 12:00:00.000039936,41.152,46.3,365.77,6.914198e-05,3.6008,10.0
2015-08-22 15:00:00.000039936,41.152,46.3,380.12302,7.003676e-05,4.1152,10.0
2015-08-22 18:00:00.000039936,41.152,46.3,393.55002,7.07056e-05,3.6008,15.0
2015-08-22 21:00:00.000039936,41.152,46.3,393.55002,7.137252e-05,3.0864,20.0
2015-08-23 00:00:00.000039936,41.152,46.3,393.55002,7.2037474e-05,3.0864,35.0
2015-08-23 03:00:00.000039936,41.152,38.892,393.55002,7.247968e-05,3.6008,50.0
2015-08-23 06:00:00.000039936,41.152,31.484,393.55002,7.2921e-05,3.6008,45.0
2015-08-23 09:00:00.000039936,40.1232,29.632,393.55002,7.3581316e-05,4.1152,45.0
2015-08-23 12:00:00.000039936,38.58,27.78,393.55002,7.423962e-05,4.6296,40.0
2015-08-23 15:00:00.000039936,37.5512,27.78,392.62402,7.4895885e-05,4.6296,40.0
2015-08-23 18:00:00.000039936,36.008,27.78,391.23502,7.5550095e-05,5.144,40.0
2015-08-23 21:00:00.000039936,34.979202,27.78,391.23502,7.663584e-05,5.144,40.0
2015-08-24 00:00:00.000039936,33.436,27.78,391.23502,7.750023e-05,5.144,50.0
2015-08-24 03:00:00.000039936,32.4072,27.78,391.23502,7.793102e-05,5.6584,60.0
2015-08-24 06:00:00.000039936,30.864,27.78,391.23502,7.8360856e-05,6.1728,70.0
2015-08-24 09:00:00.000039936,29.835201,27.78,381.04898,7.878973e-05,7.2016,75.0
2015-08-24 12:00:00.000039936,28.292,27.78,370.4,7.943125e-05,8.744801,70.0
2015-08-24 15:00:00.000039936,29.835201,27.78,367.62198,8.049559e-05,10.288,60.0
2015-08-24 18:00:00.000039936,30.864,27.78,363.45502,8.176471e-05,11.8312,60.0
2015-08-24 21:00:00.000039936,30.864,33.336,340.30502,8.3234e-05,13.3744,55.0
2015-08-25 00:00:00.000039936,30.864,37.04,317.155,8.489798e-05,14.4032,45.0
2015-08-25 03:00:00.000039936,30.864,37.04,317.155,8.695463e-05,14.917601,35.0
