Time,Vmax,Rmax_IBT,R34,fcor,u_trans,v_trans
2013-09-17 09:00:00.000039936,18.004,83.34,48.152,4.385554e-05,1.5432,255.0
2013-09-17 12:00:00.000039936,20.576,83.34,97.23,4.3612705e-05,1.5432,250.0
2013-09-17 15:00:00.000039936,23.148,83.34,100.007996,4.3369746e-05,1.5432,250.0
2013-09-17 18:00:00.000039936,25.720001,83.34,101.86,4.3369746e-05,1.5432,245.0
2013-09-17 21:00:00.000039936,25.720001,83.34,101.86,4.3369746e-05,1.5432,245.0
2013-09-18 00:00:00.000039936,25.720001,83.34,101.86,4.3369746e-05,1.5432,270.0
2013-09-18 03:00:00.000039936,28.292,64.82,111.58299,4.3369746e-05,2.0576,280.0
2013-09-18 06:00:00.000039936,30.864,46.3,120.38,4.3369746e-05,2.0576,285.0
2013-09-18 09:00:00.000039936,34.979202,42.596,129.64,4.3369746e-05,2.572,280.0
2013-09-18 12:00:00.000039936,38.58,37.04,138.9,4.3369746e-05,3.6008,270.0
2013-09-18 15:00:00.000039936,42.6952,37.04,148.16,4.3126656e-05,4.1152,260.0
2013-09-18 18:00:00.000039936,46.296,37.04,157.42,4.288343e-05,3.0864,245.0
2013-09-18 21:00:00.000039936,47.8392,37.04,157.42,4.239659e-05,2.0576,230.0
2013-09-19 00:00:00.000039936,48.868,37.04,157.42,4.239659e-05,1.5432,305.0
2013-09-19 03:00:00.000039936,55.5552,33.336,176.866,4.288343e-05,3.6008,330.0
2013-09-19 06:00:00.000039936,61.728,27.78,194.45999,4.385554e-05,4.6296,320.0
2013-09-19 09:00:00.000039936,65.8432,25.928,203.72,4.4825505e-05,5.144,310.0
2013-09-19 12:00:00.000039936,69.444,22.223999,212.98001,4.5551555e-05,5.144,310.0
2013-09-19 15:00:00.000039936,69.444,22.223999,212.98001,4.627635e-05,5.144,305.0
2013-09-19 18:00:00.000039936,69.444,22.223999,212.98001,4.6999867e-05,5.144,305.0
2013-09-19 21:00:00.000039936,69.444,22.223999,212.98001,4.748151e-05,5.144,300.0
2013-09-20 00:00:00.000039936,69.444,22.223999,212.98001,4.796257e-05,5.144,300.0
2013-09-20 03:00:00.000039936,68.4152,22.223999,212.98001,4.868306e-05,5.144,300.0
2013-09-20 06:00:00.000039936,66.872,22.223999,212.98001,4.9402213e-05,4.6296,300.0
2013-09-20 09:00:00.000039936,66.872,22.223999,268.077,4.9880902e-05,4.6296,300.0
2013-09-20 12:00:00.000039936,66.872,22.223999,321.785,5.035898e-05,5.144,290.0
2013-09-20 15:00:00.000039936,66.872,22.223999,321.785,5.059779e-05,5.6584,285.0
2013-09-20 18:00:00.000039936,66.872,22.223999,321.785,5.083645e-05,5.144,285.0
2013-09-20 21:00:00.000039936,64.3,22.223999,321.785,5.1074945e-05,4.1152,285.0
2013-09-21 00:00:00.000039936,61.728,22.223999,321.785,5.131329e-05,4.6296,285.0
2013-09-21 03:00:00.000039936,58.1272,22.223999,321.785,5.155148e-05,4.6296,280.0
2013-09-21 06:00:00.000039936,54.012,22.223999,321.785,5.178951e-05,5.144,285.0
2013-09-21 09:00:00.000039936,48.868,22.223999,313.914,5.2027382e-05,5.144,285.0
2013-09-21 12:00:00.000039936,43.724,22.223999,305.58,5.250265e-05,4.6296,290.0
2013-09-21 15:00:00.000039936,45.2672,22.223999,305.58,5.2740055e-05,4.6296,290.0
2013-09-21 18:00:00.000039936,46.296,22.223999,305.58,5.321436e-05,4.6296,290.0
2013-09-21 21:00:00.000039936,47.8392,22.223999,305.58,5.3688025e-05,5.144,295.0
2013-09-22 00:00:00.000039936,48.868,22.223999,305.58,5.4161024e-05,5.6584,300.0
2013-09-22 03:00:00.000039936,50.4112,20.372,296.31998,5.4869302e-05,6.1728,300.0
2013-09-22 06:00:00.000039936,51.440002,18.52,287.06,5.5576067e-05,6.6872,295.0
2013-09-22 09:00:00.000039936,46.296,18.52,287.06,5.6281307e-05,7.2016,290.0
