Time,Vmax,Rmax_IBT,R34,fcor,u_trans,v_trans
2011-09-16 12:00:00.000039936,20.576,83.34,152.79001,6.416161e-05,2.0576,200.0
2011-09-16 15:00:00.000039936,20.576,74.08,152.79001,6.370404e-05,2.0576,0.0
2011-09-16 18:00:00.000039936,20.576,64.82,152.79001,6.324571e-05,2.0576,170.0
2011-09-16 21:00:00.000039936,23.148,61.116,154.642,6.278661e-05,2.0576,165.0
2011-09-17 00:00:00.000039936,25.720001,55.56,155.10501,6.2326726e-05,2.0576,160.0
2011-09-17 03:00:00.000039936,27.2632,46.3,177.792,6.1635496e-05,1.5432,150.0
2011-09-17 06:00:00.000039936,28.292,37.04,199.09001,6.1173734e-05,2.0576,125.0
2011-09-17 09:00:00.000039936,29.835201,37.04,178.255,6.1173734e-05,2.572,115.0
2011-09-17 12:00:00.000039936,30.864,37.04,157.42,6.1173734e-05,1.5432,110.0
2011-09-17 15:00:00.000039936,32.4072,37.04,166.68,6.1173734e-05,1.0288,90.0
2011-09-17 18:00:00.000039936,33.436,37.04,175.94,6.14047e-05,2.0576,60.0
2011-09-17 21:00:00.000039936,33.436,37.04,194.45999,6.186609e-05,3.0864,45.0
2011-09-18 00:00:00.000039936,33.436,37.04,212.98,6.255676e-05,3.0864,10.0
2011-09-18 03:00:00.000039936,32.4072,37.04,212.98,6.324571e-05,3.6008,340.0
2011-09-18 06:00:00.000039936,30.864,37.04,212.98,6.370404e-05,3.0864,325.0
2011-09-18 09:00:00.000039936,30.864,37.04,185.2,6.416161e-05,2.572,315.0
2011-09-18 12:00:00.000039936,30.864,37.04,157.42,6.43901e-05,1.5432,315.0
2011-09-18 15:00:00.000039936,30.864,37.04,175.93999,6.43901e-05,1.0288,325.0
2011-09-18 18:00:00.000039936,30.864,37.04,194.46,6.461839e-05,1.0288,0.0
2011-09-18 21:00:00.000039936,32.4072,37.04,178.718,6.4846485e-05,1.5432,20.0
2011-09-19 00:00:00.000039936,33.436,37.04,162.05,6.552959e-05,3.6008,10.0
2011-09-19 03:00:00.000039936,34.979202,37.04,169.458,6.643758e-05,5.144,0.0
2011-09-19 06:00:00.000039936,36.008,37.04,175.93999,6.756802e-05,4.1152,350.0
2011-09-19 09:00:00.000039936,41.152,37.04,185.2,6.8468675e-05,3.0864,335.0
2011-09-19 12:00:00.000039936,46.296,37.04,194.46,6.8917754e-05,1.0288,25.0
2011-09-19 15:00:00.000039936,48.868,42.596,203.72,6.869332e-05,2.0576,90.0
2011-09-19 18:00:00.000039936,51.440002,46.3,212.98,6.869332e-05,4.1152,65.0
2011-09-19 21:00:00.000039936,54.012,61.116,212.98,6.958979e-05,5.6584,50.0
2011-09-20 00:00:00.000039936,56.584,74.08,212.98,7.07056e-05,4.6296,45.0
2011-09-20 03:00:00.000039936,56.584,61.116,226.87,7.115043e-05,4.1152,55.0
2011-09-20 06:00:00.000039936,56.584,46.3,240.76,7.159438e-05,5.6584,55.0
2011-09-20 09:00:00.000039936,58.1272,46.3,240.76,7.247968e-05,7.2016,50.0
2011-09-20 12:00:00.000039936,59.156002,46.3,240.76,7.3581316e-05,8.2304,40.0
2011-09-20 15:00:00.000039936,59.156002,46.3,296.32,7.511419e-05,8.744801,35.0
2011-09-20 18:00:00.000039936,59.156002,46.3,351.88,7.663584e-05,8.744801,35.0
2011-09-20 21:00:00.000039936,55.5552,46.3,316.229,7.793102e-05,8.744801,40.0
2011-09-21 00:00:00.000039936,51.440002,46.3,280.11502,7.943125e-05,10.288,40.0
2011-09-21 03:00:00.000039936,45.2672,51.856,273.16998,8.113127e-05,12.3456,40.0
2011-09-21 05:00:00.000053248,40.6376,53.708,268.077,8.239592e-05,13.3744,40.0
