Time,Vmax,Rmax_IBT,R34,fcor,u_trans,v_trans
2018-08-08 00:00:00.000039936,18.004,111.12,115.75,4.8202877e-05,2.572,70.0
2018-08-08 03:00:00.000039936,18.004,111.12,122.695,4.844305e-05,4.1152,70.0
2018-08-08 06:00:00.000039936,18.004,111.12,129.64,4.868306e-05,4.1152,65.0
2018-08-08 09:00:00.000039936,18.004,111.12,145.845,4.916265e-05,3.6008,55.0
2018-08-08 12:00:00.000039936,18.004,111.12,162.05,4.9641636e-05,3.6008,35.0
2018-08-08 15:00:00.000039936,18.004,111.12,166.68,5.035898e-05,3.6008,10.0
2018-08-08 18:00:00.000039936,18.004,111.12,171.31,5.1074945e-05,3.0864,345.0
2018-08-08 21:00:00.000039936,18.004,111.12,175.94,5.178951e-05,2.572,315.0
2018-08-09 00:00:00.000039936,18.004,111.12,180.57,5.2027382e-05,2.0576,290.0
2018-08-09 03:00:00.000039936,19.5472,120.38,185.2,5.178951e-05,1.5432,260.0
2018-08-09 06:00:00.000039936,20.576,129.64,189.83,5.178951e-05,0.5144,250.0
2018-08-09 09:00:00.000039936,20.576,129.64,194.46,5.22651e-05,1.0288,10.0
2018-08-09 12:00:00.000039936,20.576,129.64,199.09,5.2977284e-05,3.6008,345.0
2018-08-09 15:00:00.000039936,20.576,138.9,199.09001,5.392461e-05,5.6584,340.0
2018-08-09 18:00:00.000039936,20.576,148.16,199.09,5.4869302e-05,6.1728,330.0
2018-08-09 21:00:00.000039936,19.5472,148.16,192.145,5.581132e-05,5.144,315.0
2018-08-10 00:00:00.000039936,18.004,148.16,185.2,5.6516048e-05,2.572,300.0
2018-08-10 03:00:00.000039936,18.004,148.16,173.625,5.6750614e-05,1.0288,260.0
2018-08-10 06:00:00.000039936,18.004,148.16,162.04999,5.6750614e-05,1.0288,0.0
2018-08-10 09:00:00.000039936,18.004,138.9,157.42,5.698501e-05,2.572,350.0
2018-08-10 12:00:00.000039936,18.004,129.64,152.79001,5.768715e-05,5.144,330.0
2018-08-10 15:00:00.000039936,18.004,129.64,152.79001,5.8853857e-05,7.2016,315.0
2018-08-10 18:00:00.000039936,18.004,129.64,152.79001,6.0016075e-05,7.716,310.0
2018-08-10 21:00:00.000039936,18.004,120.38,150.475,6.0942573e-05,7.2016,300.0
2018-08-11 00:00:00.000039936,18.004,111.12,148.16,6.1635496e-05,7.2016,285.0
2018-08-11 03:00:00.000039936,18.004,107.416,145.845,6.1635496e-05,7.2016,270.0
2018-08-11 06:00:00.000039936,18.004,101.86,143.53,6.14047e-05,6.6872,265.0
2018-08-11 09:00:00.000039936,19.5472,92.6,143.53,6.14047e-05,6.1728,265.0
2018-08-11 12:00:00.000039936,20.576,83.34,143.53,6.14047e-05,5.6584,270.0
2018-08-11 15:00:00.000039936,20.576,70.376,150.475,6.1635496e-05,5.6584,280.0
2018-08-11 18:00:00.000039936,20.576,55.56,157.42001,6.186609e-05,5.144,285.0
2018-08-11 21:00:00.000039936,20.576,46.3,159.735,6.2326726e-05,4.6296,295.0
2018-08-12 00:00:00.000039936,20.576,37.04,162.05,6.3016254e-05,5.144,310.0
2018-08-12 03:00:00.000039936,20.576,37.04,164.365,6.393293e-05,6.6872,320.0
2018-08-12 06:00:00.000039936,20.576,37.04,166.68001,6.530208e-05,8.2304,315.0
2018-08-12 09:00:00.000039936,22.1192,46.3,162.05,6.666408e-05,8.744801,310.0
2018-08-12 12:00:00.000039936,23.148,55.56,157.42,6.801876e-05,8.744801,310.0
