Time,Vmax,Rmax_IBT,R34,fcor,u_trans,v_trans
2016-09-12 00:00:00.000039936,18.004,92.6,125.009995,3.305528e-05,7.2016,280.0
2016-09-12 03:00:00.000039936,20.576,70.376,125.009995,3.330315e-05,6.6872,280.0
2016-09-12 06:00:00.000039936,23.148,46.3,125.009995,3.3798577e-05,6.1728,285.0
2016-09-12 09:00:00.000039936,22.1192,51.856,125.009995,3.4293596e-05,6.1728,290.0
2016-09-12 12:00:00.000039936,20.576,55.56,125.009995,3.47882e-05,6.6872,285.0
2016-09-12 15:00:00.000039936,22.1192,55.56,131.95499,3.5035337e-05,7.2016,285.0
2016-09-12 18:00:00.000039936,23.148,55.56,138.9,3.5282377e-05,6.6872,285.0
2016-09-12 21:00:00.000039936,23.148,55.56,138.9,3.5282377e-05,6.1728,280.0
2016-09-13 00:00:00.000039936,23.148,55.56,138.9,3.5529305e-05,6.1728,285.0
2016-09-13 03:00:00.000039936,24.6912,55.56,138.9,3.577612e-05,6.1728,285.0
2016-09-13 06:00:00.000039936,25.720001,55.56,138.9,3.6022833e-05,6.1728,285.0
2016-09-13 09:00:00.000039936,27.2632,55.56,138.9,3.626943e-05,5.6584,285.0
2016-09-13 12:00:00.000039936,28.292,55.56,138.9,3.67623e-05,5.6584,285.0
2016-09-13 15:00:00.000039936,29.835201,55.56,141.215,3.700857e-05,5.6584,285.0
2016-09-13 18:00:00.000039936,30.864,55.56,143.53,3.7500762e-05,6.1728,290.0
2016-09-13 21:00:00.000039936,32.4072,51.856,159.735,3.8238195e-05,6.6872,290.0
2016-09-14 00:00:00.000039936,33.436,46.3,175.94,3.897458e-05,6.6872,290.0
2016-09-14 03:00:00.000039936,34.979202,46.3,175.94,3.9464914e-05,6.1728,285.0
2016-09-14 06:00:00.000039936,36.008,46.3,175.94,3.9709896e-05,5.6584,290.0
2016-09-14 09:00:00.000039936,36.008,46.3,178.255,4.0199502e-05,5.144,295.0
2016-09-14 12:00:00.000039936,36.008,46.3,180.57,4.0688625e-05,5.6584,295.0
2016-09-14 15:00:00.000039936,37.5512,42.596,180.57,4.1177245e-05,6.6872,290.0
2016-09-14 18:00:00.000039936,38.58,37.04,180.57,4.1665367e-05,6.1728,285.0
2016-09-14 21:00:00.000039936,37.5512,37.04,185.2,4.1909232e-05,5.6584,285.0
2016-09-15 00:00:00.000039936,36.008,37.04,189.82999,4.239659e-05,5.6584,295.0
2016-09-15 03:00:00.000039936,37.5512,37.04,192.14499,4.3126656e-05,6.1728,300.0
2016-09-15 06:00:00.000039936,38.58,37.04,194.45999,4.385554e-05,6.6872,305.0
2016-09-15 09:00:00.000039936,42.6952,25.928,194.45999,4.4825505e-05,6.6872,310.0
2016-09-15 12:00:00.000039936,46.296,12.964,194.45999,4.6034886e-05,7.2016,310.0
2016-09-15 15:00:00.000039936,46.296,12.964,194.45999,4.6999867e-05,6.6872,310.0
2016-09-15 18:00:00.000039936,46.296,12.964,194.45999,4.8202877e-05,6.6872,310.0
2016-09-15 21:00:00.000039936,47.8392,12.964,187.515,4.916265e-05,6.1728,315.0
2016-09-16 00:00:00.000039936,48.868,12.964,180.56999,5.035898e-05,6.6872,320.0
2016-09-16 03:00:00.000039936,51.440002,16.668,194.46,5.155148e-05,6.1728,320.0
2016-09-16 06:00:00.000039936,54.012,18.52,208.35,5.2740055e-05,5.6584,330.0
2016-09-16 09:00:00.000039936,56.584,18.52,208.35,5.392461e-05,5.6584,335.0
2016-09-16 12:00:00.000039936,59.156002,18.52,208.35,5.4869302e-05,5.144,335.0
2016-09-16 15:00:00.000039936,59.156002,18.52,208.35,5.581132e-05,4.6296,340.0
2016-09-16 18:00:00.000039936,59.156002,18.52,208.35,5.6750614e-05,5.6584,350.0
2016-09-16 21:00:00.000039936,58.1272,18.52,210.66501,5.8154368e-05,6.1728,355.0
2016-09-17 00:00:00.000039936,56.584,18.52,212.98001,5.9784e-05,6.1728,355.0
2016-09-17 03:00:00.000039936,54.012,18.52,215.29498,6.1173734e-05,5.6584,350.0
2016-09-17 06:00:00.000039936,51.440002,18.52,217.60999,6.2326726e-05,4.6296,350.0
2016-09-17 09:00:00.000039936,46.296,24.076,219.92499,6.324571e-05,3.0864,355.0
2016-09-17 12:00:00.000039936,41.152,27.78,222.23999,6.370404e-05,2.572,355.0
2016-09-17 15:00:00.000039936,40.1232,33.336,222.23999,6.416161e-05,2.0576,10.0
2016-09-17 18:00:00.000039936,38.58,37.04,222.23999,6.461839e-05,3.0864,35.0
2016-09-17 21:00:00.000039936,38.58,42.596,210.66501,6.530208e-05,4.1152,45.0
2016-09-18 00:00:00.000039936,38.58,46.3,199.09,6.5983986e-05,4.6296,50.0
2016-09-18 03:00:00.000039936,41.152,46.3,196.77501,6.666408e-05,5.144,50.0
2016-09-18 06:00:00.000039936,43.724,46.3,194.46,6.711647e-05,5.144,50.0
2016-09-18 09:00:00.000039936,45.2672,42.596,196.77501,6.7793495e-05,4.6296,55.0
2016-09-18 12:00:00.000039936,46.296,37.04,199.09,6.8468675e-05,5.144,55.0
2016-09-18 15:00:00.000039936,50.4112,29.632,206.03499,6.914198e-05,5.6584,55.0
2016-09-18 18:00:00.000039936,54.012,22.223999,212.98,7.003676e-05,5.6584,50.0
2016-09-18 21:00:00.000039936,55.5552,22.223999,212.98,7.07056e-05,6.1728,50.0
2016-09-19 00:00:00.000039936,56.584,22.223999,212.98,7.159438e-05,6.1728,50.0
2016-09-19 03:00:00.000039936,56.584,20.372,226.87,7.247968e-05,6.6872,50.0
2016-09-19 06:00:00.000039936,56.584,18.52,240.76,7.336144e-05,6.6872,60.0
2016-09-19 09:00:00.000039936,54.012,18.52,266.225,7.402041e-05,7.2016,65.0
2016-09-19 12:00:00.000039936,51.440002,18.52,291.69,7.467736e-05,7.716,65.0
2016-09-19 15:00:00.000039936,46.296,33.336,280.115,7.5550095e-05,8.744801,60.0
2016-09-19 18:00:00.000039936,41.152,46.3,268.54,7.641916e-05,9.7736,60.0
2016-09-19 21:00:00.000039936,37.5512,46.3,256.965,7.771575e-05,10.802401,55.0
2016-09-20 00:00:00.000039936,33.436,46.3,245.39,7.900381e-05,11.8312,55.0
2016-09-20 02:00:00.000053248,31.8928,50.004,231.5,8.007058e-05,13.3744,55.0
2016-09-20 03:00:00.000039936,30.864,51.856,224.555,8.049559e-05,13.8888,55.0
2016-09-20 04:00:00.000066560,29.835201,51.856,217.61,8.0919635e-05,13.8888,55.0
