Time,Vmax,Rmax_IBT,R34,fcor,u_trans,v_trans
2005-09-21 06:00:00.000039936,20.576,55.56,55.56,5.6750614e-05,5.144,305.0
2005-09-21 09:00:00.000039936,24.6912,55.56,70.376,5.7453286e-05,5.6584,295.0
2005-09-21 12:00:00.000039936,28.292,55.56,83.34,5.8154368e-05,6.6872,295.0
2005-09-21 15:00:00.000039936,29.835201,37.04,88.895996,5.8853857e-05,7.716,295.0
2005-09-21 18:00:00.000039936,30.864,18.52,92.6,5.9551734e-05,7.2016,295.0
2005-09-21 21:00:00.000039936,32.4072,18.52,124.547,6.0016075e-05,7.2016,290.0
2005-09-22 00:00:00.000039936,33.436,18.52,155.105,6.0711227e-05,7.716,290.0
2005-09-22 03:00:00.000039936,34.979202,18.52,155.105,6.14047e-05,8.2304,290.0
2005-09-22 06:00:00.000039936,36.008,18.52,155.105,6.20965e-05,7.716,290.0
2005-09-22 09:00:00.000039936,38.58,27.78,154.179,6.255676e-05,7.2016,290.0
2005-09-22 12:00:00.000039936,41.152,37.04,152.79,6.324571e-05,7.716,295.0
2005-09-22 15:00:00.000039936,43.724,33.336,160.198,6.393293e-05,7.716,300.0
2005-09-22 18:00:00.000039936,46.296,27.78,166.68,6.4846485e-05,7.2016,300.0
2005-09-22 21:00:00.000039936,47.8392,24.076,164.828,6.575688e-05,6.6872,305.0
2005-09-23 00:00:00.000039936,48.868,18.52,162.05,6.643758e-05,6.1728,305.0
2005-09-23 03:00:00.000039936,48.868,18.52,162.513,6.711647e-05,5.144,300.0
2005-09-23 06:00:00.000039936,48.868,18.52,162.05,6.7793495e-05,4.1152,310.0
2005-09-23 09:00:00.000039936,50.4112,18.52,157.42,6.8468675e-05,4.1152,325.0
2005-09-23 12:00:00.000039936,51.440002,18.52,152.79001,6.936598e-05,4.1152,330.0
2005-09-23 15:00:00.000039936,51.440002,18.52,201.868,7.003676e-05,4.1152,330.0
2005-09-23 18:00:00.000039936,51.440002,18.52,250.01999,7.07056e-05,3.6008,330.0
2005-09-23 21:00:00.000039936,51.440002,18.52,247.705,7.137252e-05,3.6008,330.0
2005-09-24 00:00:00.000039936,51.440002,18.52,245.39,7.2037474e-05,3.6008,350.0
2005-09-24 03:00:00.000039936,51.440002,18.52,251.87198,7.2921e-05,4.1152,5.0
2005-09-24 06:00:00.000039936,51.440002,18.52,256.965,7.402041e-05,4.6296,15.0
2005-09-24 09:00:00.000039936,51.440002,24.076,259.74298,7.511419e-05,5.6584,20.0
2005-09-24 12:00:00.000039936,51.440002,27.78,261.595,7.620224e-05,5.144,30.0
2005-09-24 15:00:00.000039936,48.868,24.076,261.13202,7.6852295e-05,5.144,45.0
2005-09-24 18:00:00.000039936,46.296,18.52,259.28,7.771575e-05,6.6872,50.0
2005-09-24 21:00:00.000039936,46.296,18.52,250.01999,7.878973e-05,8.744801,55.0
2005-09-25 00:00:00.000039936,46.296,18.52,240.76001,7.9857724e-05,10.288,50.0
2005-09-25 03:00:00.000039936,42.6952,24.076,238.44499,8.134267e-05,11.3168,50.0
2005-09-25 06:00:00.000039936,38.58,27.78,236.13,8.2605824e-05,10.802401,55.0
2005-09-25 09:00:00.000039936,36.008,33.336,232.88899,8.365155e-05,9.2592,60.0
2005-09-25 12:00:00.000039936,33.436,37.04,229.185,8.448353e-05,7.716,60.0
2005-09-25 15:00:00.000039936,29.835201,37.04,218.99901,8.551773e-05,6.6872,55.0
