Time,Vmax,Rmax_IBT,R34,fcor,u_trans,v_trans
2022-09-22 06:00:00.000039936,18.004,37.04,27.780003,4.4825505e-05,1.0288,300.0
2022-09-22 09:00:00.000039936,19.5472,37.04,35.188,4.4825505e-05,1.5432,285.0
2022-09-22 12:00:00.000039936,20.576,37.04,41.670002,4.506766e-05,2.572,275.0
2022-09-22 15:00:00.000039936,22.1192,37.04,51.856,4.5309676e-05,3.0864,270.0
2022-09-22 18:00:00.000039936,23.148,37.04,60.190002,4.5551555e-05,4.1152,260.0
2022-09-22 21:00:00.000039936,22.1192,37.04,62.968002,4.5309676e-05,5.144,260.0
2022-09-23 00:00:00.000039936,20.576,37.04,64.82,4.506766e-05,5.6584,260.0
2022-09-23 03:00:00.000039936,19.5472,37.04,70.376,4.4825505e-05,5.144,265.0
2022-09-23 06:00:00.000039936,18.004,37.04,74.08,4.4340795e-05,4.6296,260.0
2022-09-23 09:00:00.000039936,20.576,37.04,76.858,4.409823e-05,4.1152,255.0
2022-09-23 12:00:00.000039936,23.148,37.04,78.71,4.385554e-05,5.144,250.0
2022-09-23 15:00:00.000039936,23.148,42.596,80.099,4.3126656e-05,6.1728,245.0
2022-09-23 18:00:00.000039936,23.148,46.3,81.025,4.239659e-05,6.6872,245.0
2022-09-23 21:00:00.000039936,27.2632,37.04,82.877,4.142137e-05,7.2016,240.0
2022-09-24 00:00:00.000039936,30.864,27.78,83.34,4.0688625e-05,7.2016,245.0
2022-09-24 03:00:00.000039936,33.436,27.78,83.80299,4.0199502e-05,6.6872,245.0
2022-09-24 06:00:00.000039936,36.008,27.78,83.34,3.9709896e-05,5.6584,245.0
2022-09-24 09:00:00.000039936,43.724,27.78,87.506996,3.9219805e-05,4.6296,250.0
2022-09-24 12:00:00.000039936,51.440002,27.78,90.284996,3.872924e-05,5.6584,255.0
2022-09-24 15:00:00.000039936,63.271202,20.372,97.69299,3.8483773e-05,6.6872,255.0
2022-09-24 18:00:00.000039936,74.588,12.964,104.175,3.8238195e-05,6.1728,260.0
2022-09-24 21:00:00.000039936,72.016,11.1119995,107.879,3.7992504e-05,5.6584,260.0
2022-09-25 00:00:00.000039936,69.444,9.26,111.12,3.7746686e-05,5.6584,265.0
2022-09-25 03:00:00.000039936,68.4152,11.1119995,113.898,3.7746686e-05,5.6584,270.0
2022-09-25 06:00:00.000039936,66.872,12.964,115.75,3.7746686e-05,5.144,275.0
2022-09-25 09:00:00.000039936,63.271202,11.1119995,104.638,3.7746686e-05,5.144,280.0
