Time,Vmax,Rmax_IBT,R34,fcor,u_trans,v_trans
2014-09-29 12:00:00.000039936,20.576,64.82,87.97,3.4293596e-05,4.1152,300.0
2014-09-29 15:00:00.000039936,20.576,61.116,102.785995,3.5035337e-05,4.6296,305.0
2014-09-29 18:00:00.000039936,20.576,55.56,115.75,3.626943e-05,7.716,310.0
2014-09-29 21:00:00.000039936,22.1192,55.56,132.418,3.7992504e-05,9.7736,315.0
2014-09-30 00:00:00.000039936,23.148,55.56,148.16,3.9464914e-05,9.2592,315.0
2014-09-30 03:00:00.000039936,22.1192,55.56,148.16,4.0444127e-05,7.716,315.0
2014-09-30 06:00:00.000039936,20.576,55.56,148.16,4.1177245e-05,6.1728,295.0
2014-09-30 09:00:00.000039936,22.1192,55.56,148.16,4.1177245e-05,6.6872,275.0
2014-09-30 12:00:00.000039936,23.148,55.56,148.16,4.1177245e-05,6.1728,270.0
2014-09-30 15:00:00.000039936,23.148,55.56,147.69699,4.1177245e-05,5.6584,280.0
2014-09-30 18:00:00.000039936,23.148,55.56,145.845,4.142137e-05,4.6296,285.0
2014-09-30 21:00:00.000039936,25.720001,55.56,145.845,4.2152973e-05,4.6296,300.0
2014-10-01 00:00:00.000039936,28.292,55.56,145.845,4.3126656e-05,6.6872,315.0
2014-10-01 03:00:00.000039936,30.864,55.56,145.845,4.458322e-05,7.716,315.0
2014-10-01 06:00:00.000039936,33.436,55.56,145.845,4.5309676e-05,7.2016,300.0
2014-10-01 09:00:00.000039936,34.979202,55.56,154.179,4.5793287e-05,6.6872,285.0
2014-10-01 12:00:00.000039936,36.008,55.56,162.04999,4.627635e-05,6.1728,290.0
2014-10-01 15:00:00.000039936,41.152,51.856,162.04999,4.675884e-05,5.6584,295.0
2014-10-01 18:00:00.000039936,46.296,46.3,162.04999,4.748151e-05,6.1728,300.0
2014-10-01 21:00:00.000039936,52.9832,35.188,181.959,4.8202877e-05,6.6872,295.0
2014-10-02 00:00:00.000039936,59.156002,22.223999,201.405,4.868306e-05,5.144,290.0
2014-10-02 03:00:00.000039936,59.156002,22.223999,219.462,4.892293e-05,4.1152,290.0
2014-10-02 06:00:00.000039936,59.156002,22.223999,236.13,4.9402213e-05,4.6296,305.0
2014-10-02 09:00:00.000039936,56.584,22.223999,236.13,5.035898e-05,5.6584,320.0
2014-10-02 12:00:00.000039936,56.584,18.52,243.07501,5.155148e-05,6.1728,320.0
2014-10-02 15:00:00.000039936,56.584,18.52,253.724,5.250265e-05,6.1728,310.0
2014-10-02 18:00:00.000039936,56.584,18.52,263.91,5.321436e-05,6.1728,310.0
2014-10-02 21:00:00.000039936,55.5552,18.52,263.91,5.4161024e-05,6.1728,315.0
2014-10-03 00:00:00.000039936,54.012,18.52,263.91,5.5340646e-05,6.1728,315.0
2014-10-03 03:00:00.000039936,54.012,20.372,263.91,5.6281307e-05,6.1728,320.0
2014-10-03 06:00:00.000039936,54.012,22.223999,263.91,5.7453286e-05,5.6584,320.0
2014-10-03 09:00:00.000039936,54.012,29.632,263.91,5.862087e-05,5.6584,325.0
2014-10-03 12:00:00.000039936,54.012,37.04,263.91,5.9551734e-05,5.144,325.0
2014-10-03 15:00:00.000039936,56.584,37.04,263.91,6.0247978e-05,4.6296,325.0
2014-10-03 18:00:00.000039936,59.156002,37.04,263.91,6.0942573e-05,4.6296,325.0
2014-10-03 21:00:00.000039936,64.3,37.04,263.91,6.1635496e-05,4.1152,325.0
2014-10-04 00:00:00.000039936,69.444,37.04,263.91,6.255676e-05,4.6296,330.0
2014-10-04 03:00:00.000039936,65.8432,38.892,255.576,6.324571e-05,5.144,330.0
2014-10-04 06:00:00.000039936,61.728,40.744,245.39,6.416161e-05,5.144,330.0
2014-10-04 09:00:00.000039936,60.6992,35.188,245.39,6.530208e-05,5.144,330.0
2014-10-04 12:00:00.000039936,59.156002,27.78,245.39,6.643758e-05,5.144,330.0
2014-10-04 15:00:00.000039936,58.1272,33.336,245.39,6.756802e-05,4.6296,330.0
2014-10-04 18:00:00.000039936,56.584,37.04,245.39,6.8468675e-05,4.6296,345.0
2014-10-04 21:00:00.000039936,54.012,37.04,245.39,6.958979e-05,5.144,0.0
2014-10-05 00:00:00.000039936,51.440002,37.04,245.39,7.07056e-05,5.6584,10.0
2014-10-05 03:00:00.000039936,48.868,37.04,237.519,7.2037474e-05,6.6872,25.0
2014-10-05 06:00:00.000039936,46.296,37.04,229.185,7.336144e-05,7.716,35.0
2014-10-05 09:00:00.000039936,45.2672,35.188,229.185,7.467736e-05,8.744801,45.0
2014-10-05 12:00:00.000039936,43.724,31.484,229.185,7.5985095e-05,10.802401,45.0
2014-10-05 15:00:00.000039936,42.6952,25.928,229.185,7.771575e-05,12.3456,45.0
2014-10-05 18:00:00.000039936,41.152,18.52,229.185,7.9644604e-05,13.8888,50.0
2014-10-05 21:00:00.000039936,38.58,37.04,227.33301,8.134267e-05,15.432,50.0
2014-10-05 23:00:00.000053248,37.0368,50.004,225.018,8.2605824e-05,16.9752,55.0
