Time,Vmax,Rmax_IBT,R34,fcor,u_trans,v_trans
2017-09-01 18:00:00.000039936,18.004,101.86,67.135,5.250265e-05,2.572,295.0
2017-09-01 21:00:00.000039936,19.5472,98.156,69.45,5.2740055e-05,2.0576,295.0
2017-09-02 00:00:00.000039936,20.576,92.6,71.765,5.2740055e-05,1.5432,300.0
2017-09-02 03:00:00.000039936,20.576,92.6,90.748,5.2740055e-05,1.0288,305.0
2017-09-02 06:00:00.000039936,20.576,92.6,108.805,5.2977284e-05,1.0288,320.0
2017-09-02 09:00:00.000039936,20.576,92.6,108.805,5.2977284e-05,1.0288,330.0
2017-09-02 12:00:00.000039936,20.576,92.6,108.805,5.321436e-05,1.0288,330.0
2017-09-02 15:00:00.000039936,20.576,92.6,108.805,5.345127e-05,1.5432,325.0
2017-09-02 18:00:00.000039936,20.576,92.6,108.805,5.3688025e-05,1.5432,320.0
2017-09-02 21:00:00.000039936,22.1192,92.6,105.564,5.392461e-05,2.0576,315.0
2017-09-03 00:00:00.000039936,23.148,92.6,101.86,5.439729e-05,2.0576,320.0
2017-09-03 03:00:00.000039936,22.1192,92.6,105.564,5.4633376e-05,2.0576,325.0
2017-09-03 06:00:00.000039936,20.576,92.6,108.805,5.510506e-05,2.0576,325.0
2017-09-03 09:00:00.000039936,19.5472,92.6,106.953,5.5576067e-05,2.0576,320.0
