Time,Vmax,Rmax_IBT,R34,fcor,u_trans,v_trans
2019-09-19 09:00:00.000039936,18.004,148.16,268.53998,5.6281307e-05,3.0864,315.0
2019-09-19 12:00:00.000039936,20.576,259.28,347.25,5.6516048e-05,3.6008,285.0
2019-09-19 15:00:00.000039936,20.576,259.28,375.02997,5.6750614e-05,3.6008,270.0
2019-09-19 18:00:00.000039936,20.576,259.28,402.81,5.6750614e-05,2.572,275.0
2019-09-19 21:00:00.000039936,23.148,237.056,437.53503,5.6750614e-05,1.5432,300.0
2019-09-20 00:00:00.000039936,25.720001,212.98,472.26,5.698501e-05,1.0288,325.0
2019-09-20 03:00:00.000039936,25.720001,212.98,497.72498,5.721923e-05,1.5432,345.0
2019-09-20 06:00:00.000039936,25.720001,212.98,523.19,5.768715e-05,2.0576,0.0
2019-09-20 09:00:00.000039936,27.2632,172.236,541.71,5.83877e-05,3.0864,355.0
2019-09-20 12:00:00.000039936,28.292,129.64,560.23,5.9551734e-05,5.144,340.0
2019-09-20 15:00:00.000039936,29.835201,129.64,564.86,6.0711227e-05,6.1728,330.0
2019-09-20 18:00:00.000039936,30.864,129.64,569.49,6.186609e-05,6.6872,335.0
2019-09-20 21:00:00.000039936,30.864,138.9,571.805,6.324571e-05,6.6872,335.0
2019-09-21 00:00:00.000039936,30.864,148.16,574.12,6.461839e-05,6.6872,340.0
2019-09-21 03:00:00.000039936,32.4072,120.38,576.435,6.5983986e-05,6.6872,355.0
2019-09-21 06:00:00.000039936,33.436,92.6,578.75,6.734234e-05,6.1728,360.0
2019-09-21 09:00:00.000039936,33.436,72.228,574.12,6.8468675e-05,5.6584,5.0
2019-09-21 12:00:00.000039936,33.436,50.004,569.49,6.958979e-05,5.6584,10.0
2019-09-21 15:00:00.000039936,33.436,50.004,560.23,7.07056e-05,6.1728,15.0
2019-09-21 18:00:00.000039936,33.436,50.004,550.97,7.2037474e-05,6.6872,20.0
2019-09-21 21:00:00.000039936,30.864,50.004,541.70996,7.3581316e-05,7.716,25.0
2019-09-22 00:00:00.000039936,28.292,50.004,532.44995,7.511419e-05,8.744801,25.0
2019-09-22 03:00:00.000039936,28.292,53.708,516.245,7.6852295e-05,9.2592,35.0
2019-09-22 06:00:00.000039936,28.292,55.56,500.03998,7.878973e-05,9.2592,40.0
2019-09-22 09:00:00.000039936,29.835201,61.116,483.83502,8.028322e-05,10.288,45.0
2019-09-22 12:00:00.000039936,30.864,64.82,467.62997,8.176471e-05,11.3168,50.0
2019-09-22 15:00:00.000039936,28.292,70.376,444.47998,8.2815466e-05,12.3456,45.0
2019-09-22 18:00:00.000039936,25.720001,74.08,421.33,8.448353e-05,15.432,45.0
2019-09-22 21:00:00.000039936,24.6912,74.08,384.29,8.7362794e-05,18.5184,45.0
2019-09-23 00:00:00.000039936,23.148,74.08,347.25,9.038981e-05,17.489601,45.0
2019-09-23 03:00:00.000039936,22.1192,74.08,326.41498,9.315918e-05,14.917601,50.0
