Time,Vmax,Rmax_IBT,R34,fcor,u_trans,v_trans
2021-09-06 12:00:00.000039936,18.004,46.3,37.04,3.7254722e-05,4.1152,315.0
2021-09-06 15:00:00.000039936,20.576,42.596,42.596,3.7746686e-05,4.1152,310.0
2021-09-06 18:00:00.000039936,23.148,37.04,46.300003,3.8238195e-05,4.1152,305.0
2021-09-06 21:00:00.000039936,24.6912,33.336,49.078003,3.872924e-05,4.1152,300.0
2021-09-07 00:00:00.000039936,25.720001,27.78,50.93,3.9219805e-05,4.6296,300.0
2021-09-07 03:00:00.000039936,29.835201,24.076,52.781998,3.995476e-05,5.144,300.0
2021-09-07 06:00:00.000039936,33.436,18.52,53.245003,4.0688625e-05,5.6584,290.0
2021-09-07 09:00:00.000039936,41.152,18.52,55.097,4.093299e-05,5.6584,280.0
2021-09-07 12:00:00.000039936,48.868,18.52,55.56,4.093299e-05,5.6584,275.0
2021-09-07 15:00:00.000039936,56.584,14.816,63.893997,4.093299e-05,5.144,270.0
2021-09-07 18:00:00.000039936,64.3,9.26,71.765,4.0688625e-05,5.6584,265.0
2021-09-07 21:00:00.000039936,65.8432,11.1119995,77.784,4.0444127e-05,5.6584,260.0
2021-09-08 00:00:00.000039936,66.872,12.964,83.34,4.0199502e-05,5.6584,250.0
2021-09-08 03:00:00.000039936,69.444,12.964,87.044,3.9709896e-05,5.144,250.0
2021-09-08 06:00:00.000039936,72.016,12.964,90.284996,3.9219805e-05,5.144,255.0
2021-09-08 09:00:00.000039936,69.444,11.1119995,94.451996,3.897458e-05,5.144,260.0
2021-09-08 12:00:00.000039936,66.872,9.26,97.229996,3.897458e-05,5.6584,265.0
2021-09-08 15:00:00.000039936,68.4152,24.076,101.86,3.872924e-05,6.1728,265.0
2021-09-08 18:00:00.000039936,69.444,37.04,106.490005,3.872924e-05,5.6584,270.0
2021-09-08 21:00:00.000039936,70.9872,24.076,110.194,3.872924e-05,5.144,275.0
2021-09-09 00:00:00.000039936,72.016,9.26,113.435,3.872924e-05,5.144,285.0
2021-09-09 03:00:00.000039936,69.444,9.26,128.71399,3.9219805e-05,5.144,290.0
2021-09-09 06:00:00.000039936,66.872,9.26,143.53,3.9709896e-05,5.6584,290.0
2021-09-09 09:00:00.000039936,64.3,9.26,132.418,3.995476e-05,5.6584,285.0
2021-09-09 12:00:00.000039936,61.728,9.26,120.38,4.0444127e-05,5.6584,290.0
2021-09-09 15:00:00.000039936,63.271202,9.26,128.71399,4.093299e-05,5.6584,295.0
2021-09-09 18:00:00.000039936,64.3,9.26,136.585,4.1665367e-05,5.144,300.0
2021-09-09 21:00:00.000039936,66.872,9.26,137.511,4.2152973e-05,5.144,300.0
2021-09-10 00:00:00.000039936,69.444,9.26,136.58499,4.288343e-05,4.6296,310.0
2021-09-10 03:00:00.000039936,72.016,9.26,143.06699,4.3612705e-05,4.6296,320.0
2021-09-10 06:00:00.000039936,74.588,9.26,148.16,4.458322e-05,5.144,330.0
2021-09-10 09:00:00.000039936,76.1312,9.26,156.494,4.5793287e-05,5.6584,325.0
2021-09-10 12:00:00.000039936,77.16,9.26,164.36499,4.6999867e-05,5.144,325.0
2021-09-10 15:00:00.000039936,78.7032,16.668,174.088,4.796257e-05,4.6296,325.0
2021-09-10 18:00:00.000039936,79.732,22.223999,182.885,4.868306e-05,4.6296,330.0
2021-09-10 21:00:00.000039936,77.16,22.223999,190.293,4.9641636e-05,4.6296,335.0
2021-09-11 00:00:00.000039936,74.588,22.223999,196.77501,5.059779e-05,4.6296,335.0
2021-09-11 03:00:00.000039936,70.9872,16.668,205.57199,5.155148e-05,4.1152,330.0
2021-09-11 06:00:00.000039936,66.872,9.26,212.98001,5.22651e-05,3.6008,360.0
2021-09-11 09:00:00.000039936,61.728,9.26,210.20201,5.321436e-05,4.6296,15.0
2021-09-11 12:00:00.000039936,56.584,9.26,206.035,5.4161024e-05,4.6296,15.0
2021-09-11 15:00:00.000039936,56.584,9.26,200.479,5.5340646e-05,5.144,10.0
2021-09-11 18:00:00.000039936,56.584,9.26,194.45999,5.6516048e-05,5.144,15.0
2021-09-11 21:00:00.000039936,55.5552,11.1119995,185.663,5.768715e-05,5.144,15.0
2021-09-12 00:00:00.000039936,54.012,12.964,175.94,5.8853857e-05,6.6872,10.0
2021-09-12 03:00:00.000039936,54.012,11.1119995,185.66301,6.0479695e-05,7.2016,360.0
2021-09-12 06:00:00.000039936,54.012,9.26,194.45999,6.2326726e-05,6.1728,5.0
2021-09-12 09:00:00.000039936,51.440002,9.26,204.18298,6.3474974e-05,5.6584,20.0
2021-09-12 12:00:00.000039936,48.868,9.26,212.98,6.461839e-05,6.1728,20.0
2021-09-12 15:00:00.000039936,47.8392,9.26,232.889,6.5983986e-05,7.2016,15.0
2021-09-12 18:00:00.000039936,46.296,9.26,252.33499,6.756802e-05,7.716,15.0
2021-09-12 21:00:00.000039936,45.2672,9.26,275.022,6.914198e-05,7.716,15.0
2021-09-13 00:00:00.000039936,43.724,9.26,296.32,7.092813e-05,8.744801,5.0
2021-09-13 03:00:00.000039936,41.152,14.816,287.523,7.2921e-05,8.2304,355.0
2021-09-13 06:00:00.000039936,38.58,18.52,277.8,7.4458614e-05,4.6296,345.0
2021-09-13 09:00:00.000039936,36.008,24.076,272.244,7.4895885e-05,1.5432,345.0
2021-09-13 12:00:00.000039936,33.436,27.78,266.225,7.4895885e-05,1.5432,15.0
2021-09-13 15:00:00.000039936,30.864,33.336,259.74298,7.5550095e-05,2.572,25.0
2021-09-13 18:00:00.000039936,28.292,37.04,252.33499,7.620224e-05,1.5432,55.0
2021-09-13 21:00:00.000039936,24.6912,46.3,244.464,7.620224e-05,1.5432,125.0
2021-09-14 00:00:00.000039936,20.576,55.56,236.13,7.576771e-05,2.572,135.0
2021-09-14 03:00:00.000039936,20.576,61.116,226.407,7.533226e-05,2.572,130.0
2021-09-14 06:00:00.000039936,20.576,64.82,215.295,7.4895885e-05,3.0864,135.0
2021-09-14 09:00:00.000039936,19.5472,70.376,211.128,7.4458614e-05,2.572,135.0
2021-09-14 12:00:00.000039936,18.004,74.08,206.035,7.402041e-05,2.572,130.0
2021-09-14 15:00:00.000039936,18.004,83.34,201.86801,7.380098e-05,2.572,125.0
2021-09-14 18:00:00.000039936,18.004,92.6,196.775,7.3581316e-05,2.572,105.0
2021-09-14 21:00:00.000039936,19.5472,83.34,193.534,7.336144e-05,2.0576,85.0
2021-09-15 00:00:00.000039936,20.576,74.08,189.83,7.336144e-05,1.5432,75.0
2021-09-15 03:00:00.000039936,22.1192,83.34,178.255,7.314133e-05,0.5144,70.0
2021-09-15 06:00:00.000039936,23.148,92.6,166.68,7.314133e-05,0.5144,230.0
2021-09-15 09:00:00.000039936,23.148,92.6,155.568,7.2921e-05,1.5432,235.0
2021-09-15 12:00:00.000039936,23.148,92.6,143.53,7.2921e-05,1.5432,255.0
2021-09-15 15:00:00.000039936,24.6912,79.636,152.79,7.314133e-05,1.5432,285.0
2021-09-15 18:00:00.000039936,25.720001,64.82,162.05,7.336144e-05,1.5432,300.0
2021-09-15 21:00:00.000039936,27.2632,55.56,171.773,7.3581316e-05,1.5432,320.0
2021-09-16 00:00:00.000039936,28.292,46.3,180.57,7.380098e-05,2.0576,0.0
2021-09-16 03:00:00.000039936,28.292,46.3,184.27399,7.423962e-05,3.6008,20.0
2021-09-16 06:00:00.000039936,28.292,46.3,187.515,7.4895885e-05,3.6008,30.0
2021-09-16 09:00:00.000039936,27.2632,46.3,186.58899,7.533226e-05,3.6008,35.0
2021-09-16 12:00:00.000039936,25.720001,46.3,185.2,7.576771e-05,3.6008,35.0
2021-09-16 15:00:00.000039936,24.6912,46.3,191.682,7.6852295e-05,4.6296,35.0
2021-09-16 18:00:00.000039936,23.148,46.3,196.775,7.793102e-05,5.144,45.0
2021-09-16 21:00:00.000039936,22.1192,46.3,191.68199,7.85754e-05,5.6584,55.0
2021-09-17 00:00:00.000039936,20.576,46.3,185.2,7.921766e-05,6.6872,60.0
2021-09-17 03:00:00.000039936,20.576,46.3,160.198,7.9857724e-05,7.716,70.0
2021-09-17 06:00:00.000039936,20.576,46.3,134.26999,8.028322e-05,8.744801,75.0
2021-09-17 09:00:00.000039936,19.5472,42.596,113.897995,8.070772e-05,10.288,80.0
