Time,Vmax,Rmax_IBT,R34,fcor,u_trans,v_trans
2008-09-24 06:00:00.000039936,23.148,74.08,101.86,3.0571195e-05,4.1152,300.0
2008-09-24 09:00:00.000039936,24.6912,74.08,101.86,3.131743e-05,5.144,295.0
2008-09-24 12:00:00.000039936,25.720001,74.08,101.86,3.206281e-05,6.1728,295.0
2008-09-24 15:00:00.000039936,25.720001,64.82,106.953,3.280731e-05,7.2016,295.0
2008-09-24 18:00:00.000039936,25.720001,55.56,111.119995,3.3550914e-05,6.6872,300.0
2008-09-24 21:00:00.000039936,27.2632,46.3,118.52799,3.454095e-05,6.6872,300.0
2008-09-25 00:00:00.000039936,28.292,37.04,125.009995,3.5282377e-05,7.716,300.0
2008-09-25 03:00:00.000039936,30.864,37.04,125.009995,3.577612e-05,8.744801,295.0
2008-09-25 06:00:00.000039936,33.436,37.04,125.009995,3.6022833e-05,7.716,285.0
2008-09-25 09:00:00.000039936,34.979202,33.336,140.752,3.626943e-05,6.1728,275.0
2008-09-25 12:00:00.000039936,36.008,27.78,155.10501,3.67623e-05,5.6584,280.0
2008-09-25 15:00:00.000039936,38.58,27.78,160.66101,3.700857e-05,4.6296,295.0
2008-09-25 18:00:00.000039936,41.152,27.78,164.36499,3.7500762e-05,4.6296,320.0
2008-09-25 21:00:00.000039936,43.724,33.336,197.238,3.872924e-05,5.144,335.0
2008-09-26 00:00:00.000039936,46.296,37.04,229.185,3.995476e-05,6.1728,325.0
2008-09-26 03:00:00.000039936,47.8392,37.04,237.51901,4.1177245e-05,6.6872,315.0
2008-09-26 06:00:00.000039936,48.868,37.04,245.39,4.2152973e-05,6.6872,315.0
2008-09-26 09:00:00.000039936,51.440002,33.336,270.392,4.3126656e-05,6.1728,315.0
2008-09-26 12:00:00.000039936,54.012,27.78,294.005,4.4340795e-05,6.1728,320.0
2008-09-26 15:00:00.000039936,58.1272,33.336,293.542,4.5551555e-05,6.1728,320.0
2008-09-26 18:00:00.000039936,61.728,37.04,291.69,4.675884e-05,6.1728,325.0
2008-09-26 21:00:00.000039936,65.8432,37.04,283.819,4.7722115e-05,6.1728,325.0
2008-09-27 00:00:00.000039936,69.444,37.04,275.485,4.892293e-05,6.6872,325.0
2008-09-27 03:00:00.000039936,70.9872,42.596,275.485,5.012002e-05,7.2016,320.0
2008-09-27 06:00:00.000039936,72.016,46.3,275.485,5.131329e-05,6.6872,310.0
2008-09-27 09:00:00.000039936,72.016,46.3,275.485,5.22651e-05,6.6872,300.0
2008-09-27 12:00:00.000039936,72.016,46.3,275.485,5.2977284e-05,5.6584,295.0
2008-09-27 15:00:00.000039936,70.9872,37.04,265.299,5.345127e-05,4.1152,300.0
2008-09-27 18:00:00.000039936,69.444,27.78,254.65,5.4161024e-05,4.1152,325.0
2008-09-27 21:00:00.000039936,68.4152,33.336,234.278,5.510506e-05,6.1728,335.0
2008-09-28 00:00:00.000039936,66.872,37.04,212.98001,5.6516048e-05,7.2016,335.0
2008-09-28 03:00:00.000039936,63.271202,42.596,212.98001,5.7920843e-05,7.2016,325.0
2008-09-28 06:00:00.000039936,59.156002,46.3,212.98001,5.9319285e-05,6.6872,310.0
2008-09-28 09:00:00.000039936,51.440002,55.56,212.98001,6.0711227e-05,4.6296,290.0
