Time,Vmax,Rmax_IBT,R34,fcor,u_trans,v_trans
2013-09-21 06:00:00.000039936,18.004,46.3,46.3,4.9880902e-05,3.0864,295.0
2013-09-21 09:00:00.000039936,18.004,46.3,64.82,5.035898e-05,3.0864,300.0
2013-09-21 12:00:00.000039936,18.004,46.3,83.34,5.1074945e-05,3.0864,310.0
2013-09-21 15:00:00.000039936,20.576,46.3,98.619,5.155148e-05,3.6008,320.0
2013-09-21 18:00:00.000039936,23.148,46.3,113.435,5.2027382e-05,4.1152,315.0
2013-09-21 21:00:00.000039936,23.148,46.3,113.435,5.250265e-05,5.144,315.0
2013-09-22 00:00:00.000039936,23.148,46.3,113.435,5.321436e-05,5.144,320.0
2013-09-22 03:00:00.000039936,24.6912,46.3,113.435,5.392461e-05,4.6296,320.0
2013-09-22 06:00:00.000039936,25.720001,46.3,113.435,5.4869302e-05,4.1152,320.0
2013-09-22 09:00:00.000039936,25.720001,46.3,113.435,5.5576067e-05,3.6008,320.0
2013-09-22 12:00:00.000039936,25.720001,46.3,113.435,5.6281307e-05,3.6008,320.0
2013-09-22 15:00:00.000039936,27.2632,46.3,113.435,5.6750614e-05,3.6008,320.0
2013-09-22 18:00:00.000039936,28.292,46.3,113.435,5.721923e-05,3.6008,335.0
2013-09-22 21:00:00.000039936,28.292,46.3,113.435,5.8154368e-05,3.6008,345.0
2013-09-23 00:00:00.000039936,28.292,46.3,113.435,5.9086666e-05,4.6296,345.0
2013-09-23 03:00:00.000039936,30.864,46.3,113.435,6.0016075e-05,5.144,340.0
2013-09-23 06:00:00.000039936,33.436,46.3,113.435,6.0942573e-05,4.1152,325.0
2013-09-23 09:00:00.000039936,33.436,46.3,115.287,6.1635496e-05,3.0864,305.0
2013-09-23 12:00:00.000039936,33.436,46.3,115.75,6.20965e-05,2.572,305.0
2013-09-23 15:00:00.000039936,33.436,46.3,146.30798,6.255676e-05,2.0576,315.0
2013-09-23 18:00:00.000039936,33.436,46.3,175.94,6.3016254e-05,2.572,315.0
2013-09-23 21:00:00.000039936,33.436,46.3,175.94,6.3474974e-05,3.0864,315.0
2013-09-24 00:00:00.000039936,33.436,46.3,175.94,6.370404e-05,3.0864,305.0
2013-09-24 03:00:00.000039936,34.979202,42.596,185.20001,6.393293e-05,2.572,305.0
2013-09-24 06:00:00.000039936,36.008,37.04,194.45999,6.416161e-05,3.0864,315.0
2013-09-24 09:00:00.000039936,38.58,37.04,194.45999,6.461839e-05,3.0864,325.0
2013-09-24 12:00:00.000039936,41.152,37.04,194.45999,6.530208e-05,3.6008,335.0
2013-09-24 15:00:00.000039936,42.6952,35.188,209.276,6.621089e-05,4.6296,345.0
2013-09-24 18:00:00.000039936,43.724,31.484,222.23999,6.734234e-05,4.6296,355.0
2013-09-24 21:00:00.000039936,45.2672,31.484,230.57399,6.8468675e-05,4.6296,5.0
2013-09-25 00:00:00.000039936,46.296,31.484,238.445,6.958979e-05,5.144,5.0
2013-09-25 03:00:00.000039936,46.296,31.484,235.66699,7.07056e-05,5.144,15.0
2013-09-25 06:00:00.000039936,46.296,31.484,231.5,7.159438e-05,5.6584,35.0
2013-09-25 09:00:00.000039936,46.296,38.892,231.5,7.247968e-05,6.6872,50.0
2013-09-25 12:00:00.000039936,46.296,46.3,231.5,7.336144e-05,7.2016,55.0
2013-09-25 15:00:00.000039936,46.296,38.892,225.944,7.423962e-05,7.716,60.0
2013-09-25 18:00:00.000039936,46.296,31.484,219.925,7.533226e-05,8.744801,55.0
2013-09-25 21:00:00.000039936,46.296,27.78,219.925,7.663584e-05,10.288,55.0
2013-09-26 00:00:00.000039936,46.296,22.223999,219.925,7.814606e-05,10.802401,45.0
2013-09-26 03:00:00.000039936,45.2672,22.223999,216.221,7.9644604e-05,10.802401,45.0
2013-09-26 06:00:00.000039936,43.724,22.223999,210.66501,8.113127e-05,10.802401,50.0
2013-09-26 09:00:00.000039936,42.6952,22.223999,210.66501,8.239592e-05,10.802401,55.0
2013-09-26 12:00:00.000039936,41.152,22.223999,210.66501,8.3859915e-05,12.860001,50.0
2013-09-26 15:00:00.000039936,37.5512,22.223999,210.66501,8.6340384e-05,14.917601,45.0
2013-09-26 18:00:00.000039936,33.436,22.223999,210.66501,8.898478e-05,16.4608,40.0
2013-09-26 21:00:00.000039936,27.2632,25.928,210.66501,9.138516e-05,18.004,40.0
