Time,Vmax,Rmax_IBT,R34,fcor,u_trans,v_trans
2019-09-27 12:00:00.000039936,18.004,64.82,37.04,3.626943e-05,7.716,295.0
2019-09-27 15:00:00.000039936,19.5472,64.82,57.875,3.67623e-05,8.2304,300.0
2019-09-27 18:00:00.000039936,20.576,64.82,78.71001,3.7746686e-05,9.2592,300.0
2019-09-27 21:00:00.000039936,20.576,98.156,111.12,3.897458e-05,10.288,295.0
2019-09-28 00:00:00.000039936,20.576,129.64,143.53,4.0444127e-05,10.802401,300.0
2019-09-28 03:00:00.000039936,22.1192,129.64,155.105,4.1909232e-05,11.3168,300.0
2019-09-28 06:00:00.000039936,23.148,129.64,166.68001,4.3126656e-05,9.7736,300.0
2019-09-28 09:00:00.000039936,23.148,125.936,185.2,4.385554e-05,8.2304,290.0
2019-09-28 12:00:00.000039936,23.148,120.38,203.72,4.4340795e-05,7.2016,285.0
2019-09-28 15:00:00.000039936,23.148,107.416,219.925,4.458322e-05,7.2016,280.0
2019-09-28 18:00:00.000039936,23.148,92.6,236.13,4.506766e-05,6.1728,290.0
2019-09-28 21:00:00.000039936,24.6912,92.6,243.075,4.5551555e-05,5.6584,300.0
2019-09-29 00:00:00.000039936,25.720001,92.6,250.01999,4.651767e-05,5.6584,310.0
2019-09-29 03:00:00.000039936,28.292,92.6,263.91,4.7722115e-05,6.1728,315.0
2019-09-29 06:00:00.000039936,30.864,92.6,277.8,4.892293e-05,6.6872,315.0
2019-09-29 09:00:00.000039936,32.4072,74.08,294.005,4.9880902e-05,6.6872,315.0
2019-09-29 12:00:00.000039936,33.436,55.56,310.21,5.083645e-05,6.6872,310.0
2019-09-29 15:00:00.000039936,33.436,55.56,328.72998,5.155148e-05,6.1728,305.0
2019-09-29 18:00:00.000039936,33.436,55.56,347.25,5.22651e-05,5.6584,305.0
2019-09-29 21:00:00.000039936,33.436,55.56,388.92,5.2740055e-05,5.144,320.0
2019-09-30 00:00:00.000039936,36.008,55.56,416.69998,5.4161024e-05,5.144,340.0
2019-09-30 03:00:00.000039936,40.1232,55.56,398.18,5.5340646e-05,6.1728,355.0
2019-09-30 06:00:00.000039936,43.724,55.56,379.66,5.6516048e-05,7.716,0.0
2019-09-30 09:00:00.000039936,45.2672,38.892,375.03,5.862087e-05,9.2592,0.0
2019-09-30 12:00:00.000039936,46.296,22.223999,370.4,6.0711227e-05,9.2592,355.0
2019-09-30 15:00:00.000039936,45.2672,25.928,344.935,6.2326726e-05,8.2304,345.0
2019-09-30 18:00:00.000039936,43.724,27.78,319.47,6.393293e-05,7.716,345.0
2019-09-30 21:00:00.000039936,40.1232,33.336,310.21002,6.552959e-05,6.6872,345.0
2019-10-01 00:00:00.000039936,36.008,37.04,300.95,6.689037e-05,6.1728,355.0
2019-10-01 03:00:00.000039936,34.979202,46.3,298.635,6.8243826e-05,6.6872,0.0
2019-10-01 06:00:00.000039936,33.436,55.56,296.32,6.981338e-05,7.2016,5.0
2019-10-01 09:00:00.000039936,32.4072,55.56,294.005,7.159438e-05,6.6872,5.0
2019-10-01 12:00:00.000039936,30.864,55.56,291.69,7.314133e-05,4.6296,10.0
2019-10-01 15:00:00.000039936,29.835201,55.56,270.855,7.402041e-05,4.1152,25.0
2019-10-01 18:00:00.000039936,28.292,55.56,250.02,7.467736e-05,6.1728,35.0
2019-10-01 21:00:00.000039936,25.720001,55.56,229.185,7.5985095e-05,8.2304,35.0
2019-10-02 00:00:00.000039936,23.148,55.56,208.34999,7.750023e-05,8.2304,30.0
2019-10-02 03:00:00.000039936,23.148,64.82,199.09,7.878973e-05,7.716,30.0
2019-10-02 06:00:00.000039936,23.148,74.08,189.83,8.007058e-05,8.2304,40.0
2019-10-02 09:00:00.000039936,22.1192,55.56,180.56999,8.113127e-05,9.2592,50.0
2019-10-02 12:00:00.000039936,20.576,37.04,171.31,8.2185776e-05,9.7736,50.0
