Time,Vmax,Rmax_IBT,R34,fcor,u_trans,v_trans
2009-09-29 00:00:00.000039936,20.576,64.82,50.93,2.0801292e-05,5.6584,240.0
2009-09-29 03:00:00.000039936,22.1192,64.82,50.93,2.0297284e-05,4.1152,250.0
2009-09-29 06:00:00.000039936,23.148,64.82,50.93,2.0045187e-05,4.1152,270.0
2009-09-29 09:00:00.000039936,23.148,64.82,50.93,2.0297284e-05,4.1152,280.0
2009-09-29 12:00:00.000039936,23.148,64.82,50.93,2.0549318e-05,4.1152,285.0
2009-09-29 15:00:00.000039936,25.720001,64.82,62.042,2.0549318e-05,3.6008,290.0
2009-09-29 18:00:00.000039936,28.292,64.82,71.765,2.0801292e-05,4.6296,310.0
2009-09-29 21:00:00.000039936,32.4072,55.56,85.655,2.1808535e-05,5.6584,320.0
2009-09-30 00:00:00.000039936,36.008,46.3,99.545,2.306609e-05,6.6872,310.0
2009-09-30 03:00:00.000039936,40.1232,33.336,106.952995,2.432189e-05,8.2304,300.0
2009-09-30 06:00:00.000039936,43.724,18.52,113.435,2.53252e-05,8.2304,295.0
2009-09-30 09:00:00.000039936,45.2672,18.52,113.435,2.6076874e-05,8.2304,295.0
2009-09-30 12:00:00.000039936,46.296,18.52,113.435,2.6827835e-05,8.2304,295.0
2009-09-30 15:00:00.000039936,50.4112,18.52,116.213005,2.7578055e-05,8.2304,295.0
2009-09-30 18:00:00.000039936,54.012,18.52,118.065,2.8327528e-05,8.2304,295.0
2009-09-30 21:00:00.000039936,61.728,18.52,145.845,2.9325609e-05,7.716,290.0
2009-10-01 00:00:00.000039936,69.444,18.52,173.625,3.0073232e-05,7.716,295.0
2009-10-01 03:00:00.000039936,66.872,24.076,202.794,3.0571195e-05,7.716,295.0
2009-10-01 06:00:00.000039936,64.3,27.78,231.5,3.131743e-05,7.2016,300.0
2009-10-01 09:00:00.000039936,61.728,27.78,247.705,3.206281e-05,6.1728,300.0
2009-10-01 12:00:00.000039936,59.156002,27.78,263.91,3.305528e-05,6.6872,305.0
2009-10-01 15:00:00.000039936,55.5552,27.78,312.06198,3.404614e-05,6.6872,305.0
2009-10-01 18:00:00.000039936,51.440002,27.78,358.825,3.5035337e-05,7.2016,305.0
2009-10-01 21:00:00.000039936,51.440002,27.78,358.825,3.577612e-05,6.6872,300.0
2009-10-02 00:00:00.000039936,51.440002,27.78,358.825,3.67623e-05,6.1728,300.0
2009-10-02 03:00:00.000039936,51.440002,27.78,358.825,3.7746686e-05,5.144,305.0
2009-10-02 06:00:00.000039936,51.440002,27.78,358.825,3.872924e-05,5.144,315.0
2009-10-02 09:00:00.000039936,50.4112,27.78,358.825,3.9464914e-05,5.6584,315.0
2009-10-02 12:00:00.000039936,48.868,27.78,358.825,4.0199502e-05,5.6584,310.0
2009-10-02 15:00:00.000039936,47.8392,27.78,358.825,4.093299e-05,5.6584,305.0
2009-10-02 18:00:00.000039936,46.296,27.78,358.825,4.1665367e-05,5.6584,310.0
2009-10-02 21:00:00.000039936,46.296,27.78,316.229,4.2640077e-05,5.6584,310.0
2009-10-03 00:00:00.000039936,46.296,27.78,273.17,4.3369746e-05,5.144,310.0
2009-10-03 03:00:00.000039936,43.724,27.78,237.51901,4.409823e-05,5.144,305.0
