Time,Vmax,Rmax_IBT,R34,fcor,u_trans,v_trans
2018-08-11 00:00:00.000039936,18.004,74.08,69.450005,4.6034886e-05,3.0864,330.0
2018-08-11 03:00:00.000039936,20.576,61.116,83.34,4.675884e-05,3.6008,335.0
2018-08-11 06:00:00.000039936,23.148,46.3,97.23,4.7722115e-05,4.1152,335.0
2018-08-11 09:00:00.000039936,24.6912,42.596,108.80499,4.868306e-05,4.6296,335.0
2018-08-11 12:00:00.000039936,25.720001,37.04,120.38,4.9641636e-05,4.6296,340.0
2018-08-11 15:00:00.000039936,25.720001,37.04,131.955,5.035898e-05,4.6296,340.0
2018-08-11 18:00:00.000039936,25.720001,37.04,143.53,5.131329e-05,4.6296,335.0
2018-08-11 21:00:00.000039936,27.2632,37.04,143.53,5.22651e-05,4.6296,330.0
2018-08-12 00:00:00.000039936,28.292,37.04,143.53,5.345127e-05,6.1728,330.0
2018-08-12 03:00:00.000039936,29.835201,37.04,143.53,5.4869302e-05,6.6872,330.0
2018-08-12 06:00:00.000039936,30.864,37.04,143.53,5.6516048e-05,5.6584,330.0
2018-08-12 09:00:00.000039936,32.4072,37.04,143.53,5.768715e-05,5.144,325.0
2018-08-12 12:00:00.000039936,33.436,37.04,143.53,5.862087e-05,5.6584,325.0
2018-08-12 15:00:00.000039936,33.436,37.04,141.215,5.9784e-05,6.1728,320.0
2018-08-12 18:00:00.000039936,33.436,37.04,138.9,6.0942573e-05,6.6872,320.0
2018-08-12 21:00:00.000039936,32.4072,27.78,134.27,6.20965e-05,6.6872,320.0
2018-08-13 00:00:00.000039936,30.864,18.52,129.64,6.324571e-05,7.2016,315.0
2018-08-13 03:00:00.000039936,29.835201,18.52,120.38,6.416161e-05,7.2016,315.0
2018-08-13 06:00:00.000039936,28.292,18.52,111.119995,6.507438e-05,6.1728,315.0
2018-08-13 09:00:00.000039936,28.292,27.78,111.119995,6.5983986e-05,5.144,320.0
2018-08-13 12:00:00.000039936,28.292,37.04,111.119995,6.689037e-05,5.6584,325.0
2018-08-13 15:00:00.000039936,27.2632,42.596,111.119995,6.801876e-05,6.6872,325.0
2018-08-13 18:00:00.000039936,25.720001,46.3,111.119995,6.914198e-05,7.2016,325.0
2018-08-13 21:00:00.000039936,25.720001,42.596,111.119995,7.025991e-05,7.2016,320.0
2018-08-14 00:00:00.000039936,25.720001,37.04,111.119995,7.159438e-05,7.716,320.0
2018-08-14 03:00:00.000039936,24.6912,37.04,108.80499,7.2921e-05,8.2304,315.0
2018-08-14 06:00:00.000039936,23.148,37.04,106.49,7.423962e-05,8.2304,310.0
2018-08-14 09:00:00.000039936,23.148,37.04,97.229996,7.533226e-05,8.2304,305.0
2018-08-14 12:00:00.000039936,23.148,37.04,87.97,7.641916e-05,8.744801,300.0
2018-08-14 15:00:00.000039936,22.1192,37.04,83.34,7.750023e-05,9.7736,305.0
2018-08-14 17:00:00.000053248,21.0904,37.04,80.562,7.814606e-05,10.288,310.0
