Time,Vmax,Rmax_IBT,R34,fcor,u_trans,v_trans
2005-09-26 12:00:00.000039936,23.148,37.04,92.6,5.1074945e-05,4.1152,305.0
2005-09-26 15:00:00.000039936,27.2632,27.78,110.194,5.155148e-05,4.6296,310.0
2005-09-26 18:00:00.000039936,30.864,18.52,127.325005,5.2027382e-05,4.6296,315.0
2005-09-26 21:00:00.000039936,33.436,14.816,143.993,5.2740055e-05,4.1152,310.0
2005-09-27 00:00:00.000039936,36.008,9.26,159.73499,5.321436e-05,4.1152,300.0
2005-09-27 03:00:00.000039936,40.1232,9.26,163.439,5.3688025e-05,4.6296,285.0
2005-09-27 06:00:00.000039936,43.724,9.26,166.68,5.392461e-05,4.6296,285.0
2005-09-27 09:00:00.000039936,45.2672,9.26,164.828,5.4161024e-05,4.6296,290.0
2005-09-27 12:00:00.000039936,46.296,9.26,162.04999,5.439729e-05,4.1152,285.0
2005-09-27 15:00:00.000039936,48.868,9.26,173.16199,5.4633376e-05,4.1152,280.0
2005-09-27 18:00:00.000039936,51.440002,9.26,182.885,5.4869302e-05,4.1152,280.0
2005-09-27 21:00:00.000039936,54.012,14.816,188.904,5.510506e-05,4.1152,285.0
2005-09-28 00:00:00.000039936,56.584,18.52,194.46,5.5340646e-05,4.1152,285.0
2005-09-28 03:00:00.000039936,59.156002,14.816,194.46,5.5576067e-05,3.6008,280.0
2005-09-28 06:00:00.000039936,61.728,9.26,194.46,5.581132e-05,3.0864,275.0
2005-09-28 09:00:00.000039936,63.271202,9.26,194.46,5.581132e-05,2.572,270.0
2005-09-28 12:00:00.000039936,64.3,9.26,194.46,5.581132e-05,2.572,265.0
2005-09-28 15:00:00.000039936,64.3,14.816,197.238,5.5576067e-05,2.572,265.0
2005-09-28 18:00:00.000039936,64.3,18.52,199.09,5.5576067e-05,2.0576,265.0
2005-09-28 21:00:00.000039936,64.3,18.52,193.071,5.5576067e-05,2.0576,270.0
2005-09-29 00:00:00.000039936,64.3,18.52,185.2,5.5576067e-05,2.0576,270.0
2005-09-29 03:00:00.000039936,64.3,18.52,190.75601,5.5576067e-05,2.572,270.0
2005-09-29 06:00:00.000039936,64.3,18.52,194.46,5.5576067e-05,3.0864,265.0
2005-09-29 09:00:00.000039936,64.3,18.52,206.49799,5.5576067e-05,3.6008,265.0
2005-09-29 12:00:00.000039936,64.3,18.52,217.61,5.5576067e-05,4.1152,265.0
2005-09-29 15:00:00.000039936,64.3,18.52,217.61,5.5340646e-05,4.6296,260.0
2005-09-29 18:00:00.000039936,64.3,18.52,217.61,5.510506e-05,4.1152,260.0
2005-09-29 21:00:00.000039936,64.3,18.52,236.13,5.4869302e-05,4.1152,255.0
2005-09-30 00:00:00.000039936,64.3,18.52,254.65,5.4633376e-05,4.6296,265.0
2005-09-30 03:00:00.000039936,63.271202,18.52,257.428,5.4633376e-05,5.144,270.0
2005-09-30 06:00:00.000039936,61.728,18.52,259.28,5.4869302e-05,5.144,275.0
2005-09-30 09:00:00.000039936,61.728,18.52,266.688,5.4869302e-05,5.144,275.0
2005-09-30 12:00:00.000039936,61.728,18.52,273.16998,5.510506e-05,6.1728,280.0
2005-09-30 15:00:00.000039936,61.728,37.04,252.798,5.510506e-05,7.2016,275.0
2005-09-30 18:00:00.000039936,61.728,55.56,231.5,5.5340646e-05,7.2016,275.0
2005-09-30 21:00:00.000039936,61.728,42.596,231.5,5.5340646e-05,7.2016,275.0
2005-10-01 00:00:00.000039936,61.728,27.78,231.5,5.5576067e-05,7.716,280.0
2005-10-01 03:00:00.000039936,63.271202,33.336,231.5,5.6046403e-05,7.716,285.0
2005-10-01 06:00:00.000039936,64.3,37.04,231.5,5.6516048e-05,7.2016,285.0
2005-10-01 09:00:00.000039936,63.271202,33.336,229.185,5.6750614e-05,7.2016,280.0
2005-10-01 12:00:00.000039936,61.728,27.78,226.87,5.721923e-05,7.2016,280.0
2005-10-01 15:00:00.000039936,60.6992,24.076,224.555,5.768715e-05,7.2016,285.0
2005-10-01 18:00:00.000039936,59.156002,18.52,222.24,5.8154368e-05,7.716,285.0
2005-10-01 21:00:00.000039936,54.012,18.52,212.98001,5.862087e-05,8.2304,290.0
