Time,Vmax,Rmax_IBT,R34,fcor,u_trans,v_trans
2011-09-16 06:00:00.000039936,18.004,64.82,129.64,5.698501e-05,6.6872,275.0
2011-09-16 09:00:00.000039936,18.004,74.08,129.64,5.721923e-05,6.6872,275.0
2011-09-16 12:00:00.000039936,18.004,83.34,129.64,5.768715e-05,6.6872,275.0
2011-09-16 15:00:00.000039936,20.576,74.08,129.64,5.7920843e-05,6.1728,280.0
2011-09-16 18:00:00.000039936,23.148,64.82,129.64,5.83877e-05,7.2016,305.0
2011-09-16 21:00:00.000039936,23.148,61.116,150.475,5.9319285e-05,8.2304,315.0
2011-09-17 00:00:00.000039936,23.148,55.56,171.31,6.0711227e-05,9.2592,310.0
2011-09-17 03:00:00.000039936,27.2632,55.56,179.644,6.186609e-05,9.2592,305.0
2011-09-17 06:00:00.000039936,30.864,55.56,187.515,6.3016254e-05,9.2592,300.0
2011-09-17 09:00:00.000039936,32.4072,55.56,182.422,6.393293e-05,8.2304,300.0
2011-09-17 12:00:00.000039936,33.436,55.56,175.93999,6.4846485e-05,7.716,305.0
2011-09-17 15:00:00.000039936,33.436,42.596,166.68,6.5983986e-05,7.2016,320.0
2011-09-17 18:00:00.000039936,33.436,27.78,157.42,6.711647e-05,7.2016,325.0
2011-09-17 21:00:00.000039936,34.979202,27.78,164.828,6.8468675e-05,7.2016,335.0
2011-09-18 00:00:00.000039936,36.008,27.78,171.31,7.003676e-05,7.716,345.0
2011-09-18 03:00:00.000039936,38.58,27.78,182.422,7.159438e-05,7.716,355.0
2011-09-18 06:00:00.000039936,41.152,27.78,192.145,7.336144e-05,7.716,355.0
2011-09-18 09:00:00.000039936,43.724,27.78,196.31201,7.4895885e-05,7.716,0.0
2011-09-18 12:00:00.000039936,46.296,27.78,199.09001,7.663584e-05,7.716,5.0
2011-09-18 15:00:00.000039936,46.296,27.78,189.83,7.8360856e-05,7.716,15.0
2011-09-18 18:00:00.000039936,46.296,27.78,180.56999,8.007058e-05,8.2304,25.0
2011-09-18 21:00:00.000039936,46.296,27.78,180.56999,8.155382e-05,9.2592,40.0
2011-09-19 00:00:00.000039936,46.296,27.78,180.56999,8.2815466e-05,9.7736,45.0
2011-09-19 03:00:00.000039936,45.2672,27.78,171.773,8.427592e-05,10.288,45.0
2011-09-19 06:00:00.000039936,43.724,27.78,162.04999,8.5723776e-05,10.802401,50.0
2011-09-19 09:00:00.000039936,43.724,27.78,162.04999,8.7158856e-05,11.8312,55.0
2011-09-19 12:00:00.000039936,43.724,27.78,162.04999,8.858091e-05,12.860001,60.0
2011-09-19 15:00:00.000039936,40.1232,51.856,192.608,8.998974e-05,14.4032,60.0
2011-09-19 18:00:00.000039936,36.008,74.08,222.24,9.138516e-05,15.432,65.0
2011-09-19 21:00:00.000039936,34.979202,83.34,229.64801,9.257037e-05,16.4608,70.0
2011-09-20 00:00:00.000039936,33.436,92.6,236.13,9.35503e-05,18.004,70.0
2011-09-20 03:00:00.000039936,32.4072,79.636,236.13,9.47168e-05,19.0328,75.0
2011-09-20 06:00:00.000039936,30.864,64.82,236.13,9.587293e-05,19.0328,75.0
2011-09-20 09:00:00.000039936,29.835201,64.82,236.13,9.6637836e-05,19.0328,75.0
