Time,Vmax,Rmax_IBT,R34,fcor,u_trans,v_trans
2007-10-19 06:00:00.000039936,25.720001,46.3,120.380005,4.916265e-05,6.1728,305.0
2007-10-19 09:00:00.000039936,27.2632,46.3,120.380005,5.012002e-05,5.6584,310.0
2007-10-19 12:00:00.000039936,28.292,46.3,120.380005,5.131329e-05,6.1728,315.0
2007-10-19 15:00:00.000039936,32.4072,42.596,145.38199,5.22651e-05,6.1728,315.0
2007-10-19 18:00:00.000039936,36.008,37.04,168.995,5.321436e-05,5.144,320.0
2007-10-19 21:00:00.000039936,41.152,27.78,176.403,5.392461e-05,4.1152,330.0
2007-10-20 00:00:00.000039936,46.296,18.52,182.885,5.4869302e-05,5.144,345.0
2007-10-20 03:00:00.000039936,50.4112,24.076,174.088,5.6281307e-05,6.6872,355.0
2007-10-20 06:00:00.000039936,54.012,27.78,164.36499,5.768715e-05,6.6872,5.0
2007-10-20 09:00:00.000039936,54.012,27.78,164.36499,5.9086666e-05,6.6872,20.0
2007-10-20 12:00:00.000039936,54.012,27.78,164.36499,6.0479695e-05,7.716,25.0
2007-10-20 15:00:00.000039936,56.584,27.78,161.124,6.2326726e-05,9.2592,35.0
2007-10-20 18:00:00.000039936,59.156002,27.78,157.42,6.416161e-05,11.3168,35.0
2007-10-20 21:00:00.000039936,59.156002,27.78,157.42,6.5983986e-05,12.860001,40.0
2007-10-21 00:00:00.000039936,59.156002,27.78,157.42,6.801876e-05,13.8888,45.0
2007-10-21 03:00:00.000039936,59.156002,27.78,157.42,7.025991e-05,14.917601,45.0
2007-10-21 06:00:00.000039936,59.156002,27.78,157.42,7.270045e-05,15.9464,45.0
2007-10-21 09:00:00.000039936,52.9832,33.336,157.42,7.533226e-05,16.9752,50.0
