Time,Vmax,Rmax_IBT,R34,fcor,u_trans,v_trans
2014-10-03 12:00:00.000039936,20.576,64.82,78.71,2.231176e-05,6.6872,290.0
2014-10-03 15:00:00.000039936,22.1192,64.82,78.71,2.2814716e-05,6.6872,285.0
2014-10-03 18:00:00.000039936,23.148,64.82,78.71,2.3568628e-05,6.6872,290.0
2014-10-03 21:00:00.000039936,25.720001,61.116,78.71,2.432189e-05,6.1728,295.0
2014-10-04 00:00:00.000039936,28.292,55.56,78.71,2.5074483e-05,6.6872,300.0
2014-10-04 03:00:00.000039936,29.835201,55.56,91.673996,2.5826394e-05,7.2016,305.0
2014-10-04 06:00:00.000039936,30.864,55.56,104.175,2.6827835e-05,6.1728,305.0
2014-10-04 09:00:00.000039936,30.864,55.56,104.175,2.7578055e-05,6.1728,305.0
2014-10-04 12:00:00.000039936,30.864,55.56,104.175,2.8327528e-05,7.2016,305.0
2014-10-04 15:00:00.000039936,32.4072,55.56,110.194,2.9076216e-05,8.2304,300.0
2014-10-04 18:00:00.000039936,33.436,55.56,115.75,3.0073232e-05,8.744801,295.0
2014-10-04 21:00:00.000039936,36.008,46.3,131.492,3.1068776e-05,9.2592,290.0
2014-10-05 00:00:00.000039936,38.58,37.04,145.845,3.1814445e-05,8.744801,290.0
2014-10-05 03:00:00.000039936,42.6952,37.04,168.069,3.2559245e-05,8.744801,290.0
2014-10-05 06:00:00.000039936,46.296,37.04,189.83,3.330315e-05,8.744801,290.0
2014-10-05 09:00:00.000039936,46.296,37.04,189.83,3.404614e-05,8.2304,295.0
2014-10-05 12:00:00.000039936,46.296,37.04,189.83,3.47882e-05,8.2304,295.0
2014-10-05 15:00:00.000039936,46.296,37.04,185.663,3.5529305e-05,8.744801,290.0
2014-10-05 18:00:00.000039936,46.296,37.04,180.56999,3.626943e-05,9.2592,290.0
2014-10-05 21:00:00.000039936,46.296,46.3,180.56999,3.700857e-05,10.288,290.0
2014-10-06 00:00:00.000039936,46.296,55.56,180.56999,3.7992504e-05,10.288,290.0
2014-10-06 03:00:00.000039936,46.296,55.56,180.56999,3.9219805e-05,10.288,290.0
2014-10-06 06:00:00.000039936,46.296,55.56,180.56999,4.0199502e-05,9.7736,295.0
2014-10-06 09:00:00.000039936,46.296,46.3,187.978,4.0688625e-05,8.744801,295.0
2014-10-06 12:00:00.000039936,46.296,37.04,194.45999,4.1177245e-05,8.2304,285.0
2014-10-06 15:00:00.000039936,46.296,37.04,194.45999,4.1665367e-05,8.2304,280.0
2014-10-06 18:00:00.000039936,46.296,37.04,194.45999,4.2152973e-05,8.2304,275.0
2014-10-06 21:00:00.000039936,50.4112,29.632,199.09,4.239659e-05,7.716,275.0
2014-10-07 00:00:00.000039936,54.012,22.223999,203.72,4.2640077e-05,6.6872,280.0
2014-10-07 03:00:00.000039936,59.156002,27.78,223.166,4.288343e-05,6.1728,285.0
2014-10-07 06:00:00.000039936,64.3,31.484,240.76001,4.3126656e-05,5.6584,280.0
2014-10-07 09:00:00.000039936,68.4152,29.632,240.76001,4.3369746e-05,5.6584,275.0
2014-10-07 12:00:00.000039936,72.016,27.78,240.76001,4.3612705e-05,5.144,280.0
2014-10-07 15:00:00.000039936,76.1312,27.78,240.76001,4.385554e-05,5.144,285.0
2014-10-07 18:00:00.000039936,79.732,27.78,240.76001,4.409823e-05,5.144,285.0
2014-10-07 21:00:00.000039936,79.732,27.78,240.76001,4.458322e-05,5.144,285.0
2014-10-08 00:00:00.000039936,79.732,27.78,240.76001,4.4825505e-05,4.1152,290.0
2014-10-08 03:00:00.000039936,77.16,29.632,240.76001,4.506766e-05,3.6008,290.0
2014-10-08 06:00:00.000039936,74.588,31.484,240.76001,4.5309676e-05,3.0864,295.0
2014-10-08 09:00:00.000039936,74.588,31.484,246.31601,4.5551555e-05,3.0864,300.0
2014-10-08 12:00:00.000039936,74.588,31.484,250.01999,4.6034886e-05,3.0864,300.0
2014-10-08 15:00:00.000039936,74.588,31.484,250.01999,4.627635e-05,3.0864,305.0
2014-10-08 18:00:00.000039936,74.588,31.484,250.01999,4.675884e-05,3.0864,310.0
2014-10-08 21:00:00.000039936,73.559204,29.632,250.01999,4.7240763e-05,3.0864,315.0
2014-10-09 00:00:00.000039936,72.016,27.78,250.01999,4.796257e-05,2.572,330.0
2014-10-09 03:00:00.000039936,70.9872,27.78,257.428,4.844305e-05,2.572,345.0
2014-10-09 06:00:00.000039936,69.444,27.78,263.91,4.916265e-05,2.572,335.0
2014-10-09 09:00:00.000039936,69.444,29.632,263.91,4.9641636e-05,3.0864,330.0
2014-10-09 12:00:00.000039936,69.444,31.484,263.91,5.035898e-05,3.0864,335.0
2014-10-09 15:00:00.000039936,68.4152,35.188,263.91,5.1074945e-05,3.0864,345.0
2014-10-09 18:00:00.000039936,66.872,37.04,263.91,5.178951e-05,3.0864,355.0
2014-10-09 21:00:00.000039936,65.8432,38.892,263.91,5.250265e-05,3.0864,0.0
2014-10-10 00:00:00.000039936,64.3,40.744,263.91,5.345127e-05,3.6008,360.0
2014-10-10 03:00:00.000039936,63.271202,37.04,263.91,5.439729e-05,4.6296,355.0
2014-10-10 06:00:00.000039936,61.728,31.484,263.91,5.5340646e-05,4.6296,355.0
2014-10-10 09:00:00.000039936,60.6992,27.78,359.288,5.6516048e-05,4.6296,360.0
2014-10-10 12:00:00.000039936,59.156002,22.223999,453.74002,5.7453286e-05,4.1152,350.0
2014-10-10 15:00:00.000039936,58.1272,20.372,453.74002,5.8154368e-05,3.6008,340.0
2014-10-10 18:00:00.000039936,56.584,18.52,453.74002,5.8853857e-05,3.0864,340.0
2014-10-10 21:00:00.000039936,54.012,18.52,442.165,5.9319285e-05,3.0864,345.0
2014-10-11 00:00:00.000039936,51.440002,18.52,430.59,6.0016075e-05,4.1152,345.0
2014-10-11 03:00:00.000039936,51.440002,18.52,430.59,6.1173734e-05,4.6296,350.0
2014-10-11 06:00:00.000039936,46.296,18.52,314.84,6.2326726e-05,4.1152,345.0
2014-10-11 09:00:00.000039936,43.724,24.076,314.84,6.3016254e-05,4.1152,340.0
2014-10-11 12:00:00.000039936,41.152,27.78,314.84,6.393293e-05,5.144,335.0
2014-10-11 15:00:00.000039936,38.58,27.78,314.84,6.530208e-05,5.6584,330.0
2014-10-11 18:00:00.000039936,36.008,37.04,282.43,6.643758e-05,5.144,325.0
2014-10-11 21:00:00.000039936,34.979202,42.596,280.578,6.711647e-05,4.6296,330.0
2014-10-12 00:00:00.000039936,33.436,46.3,277.8,6.801876e-05,5.144,340.0
2014-10-12 03:00:00.000039936,33.436,46.3,277.8,6.936598e-05,5.6584,350.0
2014-10-12 06:00:00.000039936,30.864,55.56,277.8,7.048288e-05,5.144,10.0
2014-10-12 09:00:00.000039936,29.835201,61.116,277.8,7.137252e-05,4.6296,25.0
2014-10-12 12:00:00.000039936,28.292,64.82,277.8,7.2037474e-05,5.6584,35.0
2014-10-12 15:00:00.000039936,28.292,74.08,277.8,7.2921e-05,6.6872,45.0
2014-10-12 18:00:00.000039936,28.292,83.34,277.8,7.402041e-05,7.716,55.0
2014-10-12 21:00:00.000039936,27.2632,83.34,262.05798,7.511419e-05,8.2304,65.0
2014-10-12 23:00:00.000053248,26.2344,83.34,250.01999,7.5985095e-05,9.7736,60.0
