Time,Vmax,Rmax_IBT,R34,fcor,u_trans,v_trans
2022-09-26 03:00:00.000039936,18.004,79.636,57.875004,5.768715e-05,6.6872,335.0
2022-09-26 06:00:00.000039936,20.576,83.34,115.75001,5.9086666e-05,8.2304,340.0
2022-09-26 09:00:00.000039936,22.1192,83.34,125.009995,6.14047e-05,8.744801,340.0
2022-09-26 12:00:00.000039936,23.148,83.34,134.27,6.370404e-05,7.716,340.0
2022-09-26 15:00:00.000039936,24.6912,83.34,143.53,6.507438e-05,5.6584,340.0
2022-09-26 18:00:00.000039936,25.720001,83.34,152.79,6.621089e-05,5.6584,340.0
2022-09-26 21:00:00.000039936,24.6912,61.116,162.04999,6.734234e-05,5.6584,345.0
2022-09-27 00:00:00.000039936,23.148,37.04,171.31,6.8243826e-05,5.144,355.0
2022-09-27 03:00:00.000039936,23.148,37.04,180.56999,6.8917754e-05,5.144,10.0
2022-09-27 06:00:00.000039936,23.148,37.04,189.83,6.981338e-05,5.144,20.0
2022-09-27 09:00:00.000039936,24.6912,37.04,203.72,7.115043e-05,5.6584,35.0
2022-09-27 12:00:00.000039936,25.720001,37.04,217.61,7.247968e-05,7.2016,45.0
2022-09-27 15:00:00.000039936,27.2632,37.04,226.87,7.336144e-05,8.2304,50.0
2022-09-27 18:00:00.000039936,28.292,37.04,236.13,7.423962e-05,8.744801,50.0
2022-09-27 21:00:00.000039936,28.292,46.3,234.27802,7.576771e-05,8.744801,45.0
2022-09-28 00:00:00.000039936,28.292,55.56,231.5,7.750023e-05,9.7736,50.0
2022-09-28 03:00:00.000039936,29.835201,55.56,236.59299,7.878973e-05,11.3168,55.0
2022-09-28 06:00:00.000039936,30.864,55.56,240.76,8.028322e-05,12.860001,60.0
2022-09-28 09:00:00.000039936,32.4072,55.56,249.09401,8.176471e-05,13.8888,60.0
2022-09-28 12:00:00.000039936,33.436,55.56,256.96503,8.34429e-05,13.8888,55.0
2022-09-28 15:00:00.000039936,34.979202,46.3,267.151,8.510482e-05,14.4032,50.0
2022-09-28 18:00:00.000039936,36.008,37.04,275.485,8.695463e-05,15.432,50.0
2022-09-28 21:00:00.000039936,37.5512,37.04,280.578,8.898478e-05,16.4608,45.0
2022-09-29 00:00:00.000039936,38.58,37.04,284.745,9.138516e-05,18.5184,45.0
2022-09-29 03:00:00.000039936,37.5512,64.82,311.599,9.3940274e-05,20.576,40.0
2022-09-29 06:00:00.000039936,36.008,92.6,337.99,9.6637836e-05,20.0616,45.0
2022-09-29 09:00:00.000039936,34.979202,101.86,390.309,9.9464e-05,19.0328,45.0
