Time,Vmax,Rmax_IBT,R34,fcor,u_trans,v_trans
2002-08-11 15:00:00.000040448,18.004,125.936,68.524,2.6327272e-05,1.0288,310.0
2002-08-11 18:00:00.000040448,20.576,83.34,138.9,2.6577594e-05,1.5432,325.0
2002-08-11 21:00:00.000040448,20.576,83.34,138.9,2.707799e-05,2.572,325.0
2002-08-12 00:00:00.000040448,20.576,83.34,138.9,2.7578055e-05,3.0864,330.0
2002-08-12 03:00:00.000040448,22.1192,83.34,144.456,2.8327528e-05,3.0864,335.0
2002-08-12 06:00:00.000040448,23.148,83.34,148.16,2.9076216e-05,3.6008,335.0
2002-08-12 09:00:00.000040448,25.720001,74.08,162.05,2.9574905e-05,3.6008,335.0
2002-08-12 12:00:00.000040448,28.292,64.82,175.94,3.0322259e-05,3.6008,340.0
2002-08-12 15:00:00.000040448,28.292,64.82,236.12999,3.1068776e-05,3.6008,345.0
2002-08-12 18:00:00.000040448,28.292,64.82,296.32,3.206281e-05,5.6584,345.0
2002-08-12 21:00:00.000040448,29.835201,64.82,296.32,3.3550914e-05,7.2016,345.0
2002-08-13 00:00:00.000040448,30.864,64.82,296.32,3.5282377e-05,8.2304,340.0
2002-08-13 03:00:00.000040448,32.4072,61.116,296.32,3.7254722e-05,8.744801,330.0
2002-08-13 06:00:00.000040448,33.436,55.56,296.32,3.897458e-05,8.744801,320.0
2002-08-13 09:00:00.000040448,34.979202,55.56,298.635,4.0444127e-05,8.744801,310.0
2002-08-13 12:00:00.000040448,36.008,55.56,300.94998,4.1665367e-05,7.716,305.0
2002-08-13 15:00:00.000040448,37.5512,55.56,300.94998,4.288343e-05,6.6872,305.0
2002-08-13 18:00:00.000040448,38.58,55.56,300.94998,4.385554e-05,7.716,310.0
2002-08-13 21:00:00.000040448,38.58,55.56,305.58002,4.506766e-05,8.744801,305.0
2002-08-14 00:00:00.000040448,38.58,55.56,310.21,4.6034886e-05,8.744801,300.0
2002-08-14 03:00:00.000040448,40.1232,55.56,310.21,4.675884e-05,8.744801,295.0
2002-08-14 06:00:00.000040448,41.152,55.56,310.21,4.748151e-05,7.716,290.0
2002-08-14 09:00:00.000040448,42.6952,51.856,331.04498,4.8202877e-05,7.2016,290.0
2002-08-14 12:00:00.000040448,43.724,46.3,351.88,4.868306e-05,6.6872,295.0
2002-08-14 15:00:00.000040448,45.2672,46.3,351.88,4.9402213e-05,6.6872,305.0
2002-08-14 18:00:00.000040448,46.296,46.3,351.88,5.012002e-05,7.2016,310.0
2002-08-14 21:00:00.000040448,48.868,46.3,351.88,5.131329e-05,7.716,310.0
2002-08-15 00:00:00.000040448,51.440002,46.3,351.88,5.2740055e-05,7.716,310.0
2002-08-15 03:00:00.000040448,55.5552,46.3,354.195,5.3688025e-05,7.2016,310.0
2002-08-15 06:00:00.000040448,59.156002,46.3,356.51,5.4633376e-05,7.2016,310.0
2002-08-15 09:00:00.000040448,63.271202,37.04,354.195,5.5576067e-05,7.2016,310.0
2002-08-15 12:00:00.000040448,66.872,27.78,351.88,5.6750614e-05,7.716,310.0
2002-08-15 15:00:00.000040448,68.4152,27.78,351.88,5.7920843e-05,7.716,310.0
2002-08-15 18:00:00.000040448,69.444,27.78,351.88,5.9086666e-05,7.716,310.0
2002-08-15 21:00:00.000040448,68.4152,27.78,351.88,6.0247978e-05,7.2016,305.0
2002-08-16 00:00:00.000040448,66.872,27.78,351.88,6.1173734e-05,6.6872,305.0
2002-08-16 03:00:00.000040448,66.872,27.78,351.88,6.186609e-05,6.1728,305.0
2002-08-16 06:00:00.000040448,66.872,27.78,351.88,6.255676e-05,5.6584,305.0
2002-08-16 09:00:00.000040448,66.872,33.336,349.565,6.3016254e-05,5.144,305.0
2002-08-16 12:00:00.000040448,66.872,37.04,347.25,6.370404e-05,5.144,315.0
2002-08-16 15:00:00.000040448,64.3,37.04,347.25,6.461839e-05,5.6584,320.0
2002-08-16 18:00:00.000040448,61.728,37.04,347.25,6.575688e-05,5.144,325.0
2002-08-16 21:00:00.000040448,60.6992,37.04,319.47,6.666408e-05,5.144,325.0
2002-08-17 00:00:00.000040448,59.156002,37.04,291.69,6.756802e-05,5.144,325.0
2002-08-17 03:00:00.000040448,59.156002,37.04,291.69,6.8468675e-05,5.144,330.0
2002-08-17 06:00:00.000040448,59.156002,37.04,291.69,6.958979e-05,5.6584,335.0
2002-08-17 09:00:00.000040448,59.156002,37.04,280.115,7.07056e-05,5.6584,335.0
2002-08-17 12:00:00.000040448,59.156002,37.04,268.54,7.181604e-05,5.144,330.0
2002-08-17 15:00:00.000040448,58.1272,37.04,268.54,7.270045e-05,4.6296,330.0
2002-08-17 18:00:00.000040448,56.584,37.04,268.54,7.336144e-05,3.6008,325.0
2002-08-17 21:00:00.000040448,55.5552,37.04,268.54,7.380098e-05,3.0864,320.0
2002-08-18 00:00:00.000040448,54.012,37.04,268.54,7.423962e-05,2.572,325.0
2002-08-18 03:00:00.000040448,52.9832,37.04,275.485,7.467736e-05,2.0576,335.0
2002-08-18 06:00:00.000040448,51.440002,37.04,282.43,7.533226e-05,2.0576,15.0
2002-08-18 09:00:00.000040448,48.868,37.04,282.43,7.576771e-05,2.572,50.0
2002-08-18 12:00:00.000040448,46.296,37.04,282.43,7.620224e-05,3.0864,55.0
2002-08-18 15:00:00.000040448,46.296,42.596,282.43,7.641916e-05,3.6008,60.0
2002-08-18 18:00:00.000040448,46.296,46.3,282.43,7.6852295e-05,4.6296,65.0
2002-08-18 21:00:00.000040448,45.2672,46.3,282.43,7.728449e-05,5.6584,65.0
2002-08-19 00:00:00.000040448,43.724,46.3,282.43,7.771575e-05,5.144,65.0
2002-08-19 03:00:00.000040448,41.152,46.3,282.43,7.814606e-05,4.6296,60.0
2002-08-19 06:00:00.000040448,38.58,46.3,282.43,7.878973e-05,4.6296,55.0
2002-08-19 07:00:00.000067072,37.5512,48.152,276.411,7.900381e-05,5.6584,55.0
2002-08-19 09:00:00.000040448,36.008,51.856,263.91,7.943125e-05,6.1728,65.0
2002-08-19 12:00:00.000040448,33.436,55.56,245.39,7.9857724e-05,6.6872,75.0
2002-08-19 15:00:00.000040448,30.864,55.56,235.66699,8.007058e-05,8.2304,80.0
2002-08-19 18:00:00.000040448,28.292,55.56,224.555,8.049559e-05,10.288,80.0
2002-08-19 21:00:00.000040448,27.2632,55.56,224.555,8.0919635e-05,13.3744,75.0
