Time,Vmax,Rmax_IBT,R34,fcor,u_trans,v_trans
2012-09-24 18:00:00.000039936,18.004,74.08,120.380005,5.22651e-05,4.6296,350.0
2012-09-24 21:00:00.000039936,18.004,74.08,126.862,5.321436e-05,4.6296,350.0
2012-09-25 00:00:00.000039936,18.004,74.08,131.955,5.439729e-05,4.6296,0.0
2012-09-25 03:00:00.000039936,18.004,74.08,131.955,5.5576067e-05,4.1152,15.0
2012-09-25 06:00:00.000039936,18.004,74.08,131.955,5.6750614e-05,4.1152,25.0
2012-09-25 09:00:00.000039936,20.576,74.08,137.974,5.8154368e-05,4.6296,30.0
2012-09-25 12:00:00.000039936,23.148,74.08,143.53,5.9319285e-05,6.6872,40.0
2012-09-25 15:00:00.000039936,23.148,70.376,158.80899,6.0479695e-05,8.2304,45.0
2012-09-25 18:00:00.000039936,23.148,64.82,173.62498,6.14047e-05,7.2016,50.0
2012-09-25 21:00:00.000039936,23.148,64.82,166.68,6.186609e-05,5.6584,50.0
2012-09-26 00:00:00.000039936,23.148,64.82,159.735,6.2326726e-05,5.6584,45.0
2012-09-26 03:00:00.000039936,23.148,64.82,159.735,6.3016254e-05,6.6872,45.0
2012-09-26 06:00:00.000039936,23.148,64.82,159.735,6.416161e-05,7.716,30.0
2012-09-26 09:00:00.000039936,23.148,64.82,153.253,6.575688e-05,8.2304,10.0
2012-09-26 12:00:00.000039936,23.148,64.82,145.845,6.756802e-05,7.716,0.0
2012-09-26 15:00:00.000039936,24.6912,64.82,145.845,6.936598e-05,6.1728,350.0
2012-09-26 18:00:00.000039936,25.720001,64.82,145.845,7.115043e-05,6.6872,350.0
2012-09-26 21:00:00.000039936,27.2632,51.856,145.845,7.270045e-05,7.2016,350.0
2012-09-27 00:00:00.000039936,28.292,37.04,145.845,7.380098e-05,5.6584,350.0
2012-09-27 03:00:00.000039936,28.292,51.856,184.274,7.467736e-05,4.1152,355.0
2012-09-27 06:00:00.000039936,28.292,64.82,222.23999,7.533226e-05,3.0864,340.0
2012-09-27 09:00:00.000039936,28.292,64.82,222.23999,7.576771e-05,2.572,320.0
2012-09-27 12:00:00.000039936,28.292,64.82,222.23999,7.5985095e-05,1.0288,290.0
2012-09-27 15:00:00.000039936,28.292,74.08,222.23999,7.620224e-05,0.5144,180.0
2012-09-27 18:00:00.000039936,28.292,83.34,222.23999,7.620224e-05,1.5432,110.0
2012-09-27 21:00:00.000039936,27.2632,79.636,222.23999,7.620224e-05,3.0864,85.0
2012-09-28 00:00:00.000039936,25.720001,74.08,222.23999,7.620224e-05,3.6008,70.0
2012-09-28 03:00:00.000039936,24.6912,79.636,217.60999,7.663584e-05,3.6008,55.0
2012-09-28 06:00:00.000039936,23.148,83.34,212.98001,7.728449e-05,4.6296,55.0
2012-09-28 09:00:00.000039936,23.148,83.34,212.98001,7.771575e-05,5.6584,55.0
2012-09-28 12:00:00.000039936,23.148,83.34,212.98001,7.8360856e-05,5.6584,45.0
2012-09-28 15:00:00.000039936,23.148,83.34,212.98001,7.943125e-05,6.1728,40.0
2012-09-28 18:00:00.000039936,23.148,83.34,212.98001,8.070772e-05,6.1728,35.0
2012-09-28 21:00:00.000039936,23.148,83.34,212.98001,8.197536e-05,6.6872,30.0
2012-09-29 00:00:00.000039936,23.148,83.34,212.98001,8.3234e-05,8.744801,30.0
2012-09-29 03:00:00.000039936,23.148,83.34,212.98001,8.489798e-05,10.802401,30.0
2012-09-29 06:00:00.000039936,23.148,83.34,212.98001,8.6545406e-05,11.3168,40.0
2012-09-29 09:00:00.000039936,20.576,83.34,212.98001,8.8175955e-05,10.802401,45.0
