Time,Vmax,Rmax_IBT,R34,fcor,u_trans,v_trans
2022-09-28 12:00:00.000039936,18.004,55.56,60.19,5.698501e-05,5.6584,350.0
2022-09-28 15:00:00.000039936,20.576,55.56,75.006,5.8154368e-05,4.6296,355.0
2022-09-28 18:00:00.000039936,23.148,55.56,87.96999,5.9319285e-05,5.144,360.0
2022-09-28 21:00:00.000039936,25.720001,42.596,82.414,6.0711227e-05,5.6584,0.0
2022-09-29 00:00:00.000039936,28.292,27.78,76.395004,6.20965e-05,5.144,15.0
2022-09-29 03:00:00.000039936,33.436,18.52,87.044,6.278661e-05,4.6296,30.0
2022-09-29 06:00:00.000039936,38.58,9.26,97.23,6.3474974e-05,5.144,40.0
2022-09-29 09:00:00.000039936,46.296,9.26,97.23,6.43901e-05,6.1728,45.0
2022-09-29 12:00:00.000039936,46.296,9.26,92.600006,6.530208e-05,6.6872,45.0
2022-09-29 15:00:00.000039936,43.724,14.816,91.673996,6.621089e-05,7.2016,50.0
2022-09-29 18:00:00.000039936,41.152,18.52,90.285,6.734234e-05,7.716,55.0
2022-09-29 21:00:00.000039936,38.58,18.52,95.841,6.8243826e-05,8.2304,65.0
2022-09-30 00:00:00.000039936,36.008,18.52,99.545,6.914198e-05,9.2592,65.0
2022-09-30 03:00:00.000039936,34.979202,18.52,98.619,7.07056e-05,10.802401,65.0
2022-09-30 06:00:00.000039936,33.436,18.52,97.229996,7.2037474e-05,10.802401,65.0
2022-09-30 09:00:00.000039936,32.4072,24.076,93.063,7.247968e-05,11.3168,65.0
2022-09-30 12:00:00.000039936,30.864,27.78,87.97,7.270045e-05,11.3168,65.0
2022-09-30 15:00:00.000039936,29.835201,33.336,90.285,7.3581316e-05,11.3168,65.0
2022-09-30 18:00:00.000039936,28.292,37.04,92.600006,7.467736e-05,10.288,65.0
2022-09-30 21:00:00.000039936,27.2632,37.04,89.359,7.576771e-05,9.2592,60.0
2022-10-01 00:00:00.000039936,25.720001,37.04,85.655,7.70685e-05,10.288,60.0
2022-10-01 03:00:00.000039936,25.720001,46.3,91.673996,7.8360856e-05,10.802401,55.0
