Time,Vmax,Rmax_IBT,R34,fcor,u_trans,v_trans
2001-09-07 00:00:00.000040448,23.148,37.04,55.56,6.43901e-05,2.572,70.0
2001-09-07 03:00:00.000040448,23.148,33.336,55.56,6.461839e-05,1.5432,65.0
2001-09-07 06:00:00.000040448,23.148,27.78,55.56,6.461839e-05,1.0288,70.0
2001-09-07 09:00:00.000040448,24.6912,27.78,72.228,6.4846485e-05,0.0,0.0
2001-09-07 12:00:00.000040448,25.720001,27.78,87.97,6.4846485e-05,1.0288,250.0
2001-09-07 15:00:00.000040448,30.864,27.78,95.37799,6.4846485e-05,2.0576,275.0
2001-09-07 18:00:00.000040448,36.008,27.78,101.86,6.4846485e-05,2.572,300.0
2001-09-07 21:00:00.000040448,36.008,27.78,98.156,6.507438e-05,3.0864,315.0
2001-09-08 00:00:00.000040448,36.008,27.78,92.6,6.552959e-05,3.0864,305.0
2001-09-08 03:00:00.000040448,34.979202,27.78,92.6,6.5983986e-05,3.0864,305.0
2001-09-08 06:00:00.000040448,33.436,27.78,92.6,6.643758e-05,3.0864,290.0
2001-09-08 09:00:00.000040448,33.436,27.78,92.6,6.666408e-05,3.0864,280.0
2001-09-08 12:00:00.000040448,33.436,27.78,92.6,6.666408e-05,3.0864,275.0
2001-09-08 15:00:00.000040448,33.436,27.78,84.729004,6.666408e-05,2.572,275.0
2001-09-08 18:00:00.000040448,33.436,27.78,76.395004,6.666408e-05,2.0576,275.0
2001-09-08 21:00:00.000040448,33.436,27.78,103.249,6.666408e-05,1.0288,270.0
2001-09-09 00:00:00.000040448,33.436,27.78,129.64,6.666408e-05,1.0288,265.0
2001-09-09 03:00:00.000040448,36.008,27.78,129.64,6.666408e-05,0.5144,270.0
2001-09-09 06:00:00.000040448,38.58,27.78,129.64,6.666408e-05,0.0,0.0
2001-09-09 09:00:00.000040448,38.58,27.78,129.64,6.666408e-05,0.0,0.0
2001-09-09 12:00:00.000040448,38.58,27.78,129.64,6.666408e-05,0.5144,210.0
2001-09-09 15:00:00.000040448,38.58,27.78,134.26999,6.666408e-05,0.5144,180.0
2001-09-09 18:00:00.000040448,38.58,27.78,138.9,6.643758e-05,1.0288,175.0
2001-09-09 21:00:00.000040448,36.008,27.78,129.64,6.5983986e-05,2.0576,175.0
2001-09-10 00:00:00.000040448,33.436,27.78,120.38,6.552959e-05,2.0576,160.0
2001-09-10 03:00:00.000040448,33.436,27.78,120.38,6.507438e-05,2.572,145.0
2001-09-10 06:00:00.000040448,33.436,27.78,120.38,6.4846485e-05,2.572,130.0
2001-09-10 09:00:00.000040448,33.436,27.78,120.38,6.43901e-05,3.0864,115.0
2001-09-10 12:00:00.000040448,33.436,27.78,120.38,6.416161e-05,2.572,105.0
2001-09-10 15:00:00.000040448,36.008,27.78,120.38,6.393293e-05,2.0576,95.0
2001-09-10 18:00:00.000040448,38.58,27.78,120.38,6.393293e-05,1.5432,90.0
2001-09-10 21:00:00.000040448,41.152,27.78,120.38,6.393293e-05,1.5432,80.0
2001-09-11 00:00:00.000040448,43.724,27.78,120.38,6.416161e-05,1.5432,70.0
2001-09-11 03:00:00.000040448,46.296,27.78,123.158,6.43901e-05,1.5432,65.0
2001-09-11 06:00:00.000040448,48.868,27.78,125.01,6.461839e-05,1.5432,50.0
2001-09-11 09:00:00.000040448,50.4112,27.78,125.01,6.4846485e-05,0.5144,35.0
2001-09-11 12:00:00.000040448,51.440002,27.78,125.01,6.4846485e-05,0.5144,305.0
2001-09-11 15:00:00.000040448,50.4112,33.336,132.418,6.4846485e-05,0.5144,270.0
2001-09-11 18:00:00.000040448,48.868,37.04,138.90001,6.4846485e-05,0.0,265.0
2001-09-11 21:00:00.000040448,48.868,37.04,138.90001,6.4846485e-05,0.0,0.0
2001-09-12 00:00:00.000040448,48.868,37.04,138.90001,6.4846485e-05,0.0,0.0
2001-09-12 03:00:00.000040448,47.8392,37.04,138.90001,6.4846485e-05,0.5144,155.0
2001-09-12 06:00:00.000040448,46.296,37.04,138.90001,6.461839e-05,0.5144,150.0
2001-09-12 09:00:00.000040448,45.2672,42.596,169.458,6.43901e-05,0.5144,140.0
2001-09-12 12:00:00.000040448,43.724,46.3,199.09,6.416161e-05,0.5144,315.0
2001-09-12 15:00:00.000040448,41.152,46.3,206.498,6.43901e-05,1.5432,305.0
2001-09-12 18:00:00.000040448,38.58,46.3,212.98,6.4846485e-05,2.0576,300.0
2001-09-12 21:00:00.000040448,38.58,46.3,212.98,6.4846485e-05,2.0576,295.0
2001-09-13 00:00:00.000040448,38.58,46.3,212.98,6.507438e-05,2.0576,305.0
2001-09-13 03:00:00.000040448,36.008,46.3,212.98,6.552959e-05,2.572,320.0
2001-09-13 06:00:00.000040448,33.436,46.3,212.98,6.5983986e-05,2.572,325.0
2001-09-13 09:00:00.000040448,33.436,46.3,212.98,6.643758e-05,2.0576,320.0
2001-09-13 12:00:00.000040448,33.436,46.3,212.98,6.689037e-05,1.5432,315.0
2001-09-13 15:00:00.000040448,34.979202,37.04,181.496,6.711647e-05,1.0288,315.0
2001-09-13 18:00:00.000040448,36.008,27.78,148.16,6.711647e-05,1.5432,305.0
2001-09-13 21:00:00.000040448,36.008,27.78,148.16,6.734234e-05,1.5432,295.0
2001-09-14 00:00:00.000040448,36.008,27.78,148.16,6.734234e-05,1.5432,280.0
2001-09-14 03:00:00.000040448,34.979202,27.78,148.16,6.734234e-05,1.0288,250.0
2001-09-14 06:00:00.000040448,33.436,27.78,148.16,6.711647e-05,1.5432,230.0
2001-09-14 09:00:00.000040448,33.436,27.78,148.16,6.689037e-05,1.5432,215.0
2001-09-14 12:00:00.000040448,33.436,27.78,148.16,6.643758e-05,2.0576,210.0
2001-09-14 15:00:00.000040448,32.4072,27.78,129.64,6.5983986e-05,2.572,210.0
2001-09-14 18:00:00.000040448,30.864,27.78,111.12001,6.552959e-05,2.572,210.0
2001-09-14 21:00:00.000040448,32.4072,27.78,111.12001,6.507438e-05,2.572,210.0
2001-09-15 00:00:00.000040448,33.436,27.78,111.12001,6.4846485e-05,2.572,210.0
2001-09-15 03:00:00.000040448,34.979202,33.336,138.9,6.43901e-05,2.572,215.0
2001-09-15 06:00:00.000040448,36.008,37.04,166.68,6.393293e-05,2.0576,215.0
2001-09-15 09:00:00.000040448,37.5512,37.04,175.94,6.370404e-05,1.5432,220.0
2001-09-15 12:00:00.000040448,38.58,37.04,185.2,6.3474974e-05,1.5432,230.0
2001-09-15 15:00:00.000040448,40.1232,42.596,180.56999,6.324571e-05,2.0576,235.0
2001-09-15 18:00:00.000040448,41.152,46.3,175.93999,6.3016254e-05,1.5432,240.0
2001-09-15 21:00:00.000040448,43.724,51.856,185.2,6.3016254e-05,2.0576,250.0
2001-09-16 00:00:00.000040448,46.296,55.56,194.46,6.278661e-05,2.572,255.0
2001-09-16 03:00:00.000040448,46.296,55.56,194.46,6.255676e-05,2.572,250.0
2001-09-16 06:00:00.000040448,46.296,55.56,194.46,6.2326726e-05,2.572,240.0
2001-09-16 09:00:00.000040448,45.2672,55.56,199.09001,6.20965e-05,2.0576,235.0
2001-09-16 12:00:00.000040448,43.724,55.56,203.72,6.186609e-05,3.0864,230.0
2001-09-16 15:00:00.000040448,38.58,46.3,160.198,6.14047e-05,3.6008,225.0
