Time,Vmax,Rmax_IBT,R34,fcor,u_trans,v_trans
2003-10-19 00:00:00.000040448,18.004,55.56,55.56,3.8238195e-05,1.5432,275.0
2003-10-19 03:00:00.000040448,19.5472,64.82,70.376,3.8483773e-05,1.0288,255.0
2003-10-19 06:00:00.000040448,20.576,74.08,83.34,3.8483773e-05,0.5144,275.0
2003-10-19 09:00:00.000040448,20.576,74.08,83.34,3.8483773e-05,0.5144,0.0
2003-10-19 12:00:00.000040448,20.576,74.08,83.34,3.872924e-05,1.0288,65.0
2003-10-19 15:00:00.000040448,22.1192,74.08,83.34,3.897458e-05,1.5432,80.0
2003-10-19 18:00:00.000040448,23.148,74.08,83.34,3.897458e-05,1.5432,85.0
2003-10-19 21:00:00.000040448,24.6912,55.56,112.046,3.897458e-05,1.0288,85.0
2003-10-20 00:00:00.000040448,25.720001,37.04,138.9,3.9219805e-05,1.0288,70.0
2003-10-20 03:00:00.000040448,27.2632,37.04,138.9,3.9219805e-05,1.0288,50.0
2003-10-20 06:00:00.000040448,28.292,37.04,138.9,3.9464914e-05,1.5432,45.0
2003-10-20 09:00:00.000040448,30.864,46.3,145.382,3.9709896e-05,1.5432,35.0
2003-10-20 12:00:00.000040448,33.436,55.56,150.47499,3.995476e-05,1.5432,10.0
2003-10-20 15:00:00.000040448,37.5512,42.596,211.591,4.0444127e-05,1.5432,350.0
2003-10-20 18:00:00.000040448,41.152,27.78,270.85498,4.0688625e-05,1.0288,0.0
2003-10-20 21:00:00.000040448,45.2672,33.336,270.85498,4.093299e-05,1.0288,25.0
2003-10-21 00:00:00.000040448,48.868,37.04,270.85498,4.1177245e-05,1.5432,25.0
2003-10-21 03:00:00.000040448,54.012,33.336,270.85498,4.142137e-05,1.5432,20.0
2003-10-21 06:00:00.000040448,59.156002,27.78,270.85498,4.1665367e-05,1.5432,0.0
2003-10-21 09:00:00.000040448,61.728,27.78,306.969,4.1909232e-05,1.5432,350.0
2003-10-21 12:00:00.000040448,64.3,27.78,342.62,4.2152973e-05,1.5432,350.0
2003-10-21 15:00:00.000040448,64.3,27.78,342.62,4.239659e-05,1.0288,0.0
2003-10-21 18:00:00.000040448,64.3,27.78,342.62,4.288343e-05,1.0288,0.0
2003-10-21 21:00:00.000040448,64.3,27.78,342.62,4.3126656e-05,1.5432,350.0
2003-10-22 00:00:00.000040448,64.3,27.78,342.62,4.3612705e-05,1.5432,0.0
2003-10-22 03:00:00.000040448,64.3,27.78,342.62,4.409823e-05,2.0576,0.0
2003-10-22 06:00:00.000040448,64.3,27.78,342.62,4.458322e-05,2.0576,10.0
2003-10-22 09:00:00.000040448,64.3,27.78,361.14,4.506766e-05,2.0576,20.0
2003-10-22 12:00:00.000040448,64.3,27.78,379.66,4.5551555e-05,2.0576,30.0
2003-10-22 15:00:00.000040448,61.728,27.78,375.03,4.6034886e-05,2.572,40.0
2003-10-22 18:00:00.000040448,59.156002,27.78,370.4,4.627635e-05,2.572,50.0
2003-10-22 21:00:00.000040448,58.1272,27.78,342.62,4.651767e-05,2.572,55.0
2003-10-23 00:00:00.000040448,56.584,27.78,314.84,4.675884e-05,2.572,45.0
2003-10-23 03:00:00.000040448,55.5552,27.78,310.21,4.6999867e-05,2.572,35.0
2003-10-23 06:00:00.000040448,54.012,27.78,305.58,4.748151e-05,3.0864,40.0
2003-10-23 09:00:00.000040448,54.012,27.78,305.58,4.796257e-05,3.0864,50.0
2003-10-23 12:00:00.000040448,54.012,27.78,305.58,4.868306e-05,3.6008,50.0
2003-10-23 15:00:00.000040448,52.9832,27.78,305.58,4.9402213e-05,3.6008,50.0
2003-10-23 18:00:00.000040448,51.440002,27.78,305.58,4.9880902e-05,2.572,40.0
2003-10-23 21:00:00.000040448,51.440002,27.78,305.58,5.035898e-05,2.0576,20.0
2003-10-24 00:00:00.000040448,51.440002,27.78,305.58,5.083645e-05,2.572,10.0
2003-10-24 03:00:00.000040448,48.868,27.78,296.31998,5.155148e-05,3.0864,15.0
2003-10-24 06:00:00.000040448,46.296,27.78,287.06,5.22651e-05,4.1152,15.0
2003-10-24 09:00:00.000040448,45.2672,27.78,285.208,5.321436e-05,4.6296,20.0
2003-10-24 12:00:00.000040448,43.724,27.78,282.43,5.439729e-05,5.6584,30.0
2003-10-24 15:00:00.000040448,43.724,27.78,282.43,5.5576067e-05,6.6872,35.0
2003-10-24 18:00:00.000040448,43.724,27.78,282.43,5.698501e-05,8.2304,30.0
2003-10-24 21:00:00.000040448,43.724,33.336,289.838,5.862087e-05,9.7736,25.0
2003-10-25 00:00:00.000040448,43.724,37.04,296.32,6.0479695e-05,9.2592,35.0
2003-10-25 03:00:00.000040448,42.6952,42.596,296.32,6.20965e-05,9.2592,40.0
2003-10-25 06:00:00.000040448,41.152,46.3,296.32,6.370404e-05,11.3168,45.0
2003-10-25 09:00:00.000040448,40.1232,51.856,296.32,6.575688e-05,13.3744,45.0
2003-10-25 12:00:00.000040448,38.58,55.56,296.32,6.801876e-05,14.917601,50.0
2003-10-25 15:00:00.000040448,37.5512,61.116,296.32,7.025991e-05,16.4608,50.0
2003-10-25 18:00:00.000040448,36.008,64.82,296.32,7.247968e-05,16.4608,45.0
2003-10-25 21:00:00.000040448,36.008,64.82,273.16998,7.467736e-05,16.4608,45.0
