Time,Vmax,Rmax_IBT,R34,fcor,u_trans,v_trans
2021-09-24 06:00:00.000039936,23.148,55.56,131.955,3.872924e-05,5.6584,310.0
2021-09-24 09:00:00.000039936,24.6912,51.856,138.437,3.9464914e-05,6.1728,310.0
2021-09-24 12:00:00.000039936,25.720001,46.3,143.53,4.0444127e-05,5.6584,310.0
2021-09-24 15:00:00.000039936,29.835201,46.3,156.494,4.1177245e-05,4.6296,310.0
2021-09-24 18:00:00.000039936,33.436,46.3,168.995,4.1909232e-05,4.1152,315.0
2021-09-24 21:00:00.000039936,37.5512,46.3,178.718,4.239659e-05,3.6008,320.0
2021-09-25 00:00:00.000039936,41.152,46.3,187.515,4.288343e-05,3.6008,325.0
2021-09-25 03:00:00.000039936,43.724,46.3,199.09,4.3369746e-05,3.6008,325.0
2021-09-25 06:00:00.000039936,46.296,46.3,210.665,4.409823e-05,3.6008,330.0
2021-09-25 09:00:00.000039936,52.9832,46.3,215.295,4.4825505e-05,3.0864,335.0
2021-09-25 12:00:00.000039936,59.156002,46.3,219.925,4.5309676e-05,2.572,325.0
2021-09-25 15:00:00.000039936,61.728,35.188,223.629,4.5793287e-05,2.572,310.0
2021-09-25 18:00:00.000039936,64.3,22.223999,226.87,4.6034886e-05,2.0576,305.0
2021-09-25 21:00:00.000039936,68.4152,22.223999,244.927,4.627635e-05,1.5432,300.0
2021-09-26 00:00:00.000039936,72.016,22.223999,261.595,4.651767e-05,1.0288,315.0
2021-09-26 03:00:00.000039936,70.9872,25.928,267.614,4.675884e-05,1.0288,335.0
2021-09-26 06:00:00.000039936,69.444,27.78,273.17,4.6999867e-05,1.0288,350.0
2021-09-26 09:00:00.000039936,66.872,27.78,299.098,4.7240763e-05,1.0288,10.0
2021-09-26 12:00:00.000039936,64.3,27.78,324.1,4.748151e-05,1.5432,0.0
2021-09-26 15:00:00.000039936,59.156002,27.78,317.155,4.796257e-05,2.0576,0.0
2021-09-26 18:00:00.000039936,54.012,27.78,310.21,4.844305e-05,1.5432,0.0
2021-09-26 21:00:00.000039936,51.440002,27.78,324.563,4.868306e-05,1.0288,350.0
2021-09-27 00:00:00.000039936,48.868,27.78,337.99,4.892293e-05,1.0288,350.0
2021-09-27 03:00:00.000039936,47.8392,27.78,332.897,4.916265e-05,1.5432,345.0
2021-09-27 06:00:00.000039936,46.296,27.78,326.415,4.9641636e-05,1.5432,335.0
2021-09-27 09:00:00.000039936,45.2672,33.336,321.785,5.012002e-05,1.5432,330.0
2021-09-27 12:00:00.000039936,43.724,37.04,317.155,5.035898e-05,1.5432,335.0
2021-09-27 15:00:00.000039936,45.2672,44.447998,318.544,5.059779e-05,1.5432,345.0
2021-09-27 18:00:00.000039936,46.296,50.004,319.47,5.1074945e-05,2.0576,345.0
2021-09-27 21:00:00.000039936,48.868,46.3,318.544,5.155148e-05,2.572,345.0
2021-09-28 00:00:00.000039936,51.440002,40.744,317.155,5.22651e-05,3.0864,335.0
2021-09-28 03:00:00.000039936,50.4112,38.892,329.193,5.2977284e-05,3.6008,325.0
2021-09-28 06:00:00.000039936,48.868,37.04,340.305,5.3688025e-05,3.0864,320.0
2021-09-28 09:00:00.000039936,51.440002,33.336,351.417,5.4161024e-05,2.572,320.0
2021-09-28 12:00:00.000039936,54.012,27.78,361.14,5.4633376e-05,2.572,350.0
2021-09-28 15:00:00.000039936,56.584,27.78,368.085,5.5340646e-05,3.6008,5.0
2021-09-28 18:00:00.000039936,59.156002,27.78,375.03,5.6281307e-05,3.6008,0.0
2021-09-28 21:00:00.000039936,60.6992,27.78,389.383,5.698501e-05,3.6008,355.0
2021-09-29 00:00:00.000039936,61.728,27.78,402.81,5.7920843e-05,4.1152,355.0
2021-09-29 03:00:00.000039936,60.6992,35.188,398.643,5.8853857e-05,4.1152,360.0
2021-09-29 06:00:00.000039936,59.156002,40.744,393.55002,5.9784e-05,4.1152,5.0
2021-09-29 09:00:00.000039936,58.1272,40.744,395.86502,6.0479695e-05,4.1152,15.0
2021-09-29 12:00:00.000039936,56.584,40.744,398.18002,6.14047e-05,4.6296,15.0
2021-09-29 15:00:00.000039936,55.5552,40.744,393.55002,6.255676e-05,4.6296,20.0
2021-09-29 18:00:00.000039936,54.012,40.744,388.92,6.370404e-05,4.6296,25.0
2021-09-29 21:00:00.000039936,52.9832,40.744,395.86502,6.461839e-05,4.6296,30.0
2021-09-30 00:00:00.000039936,51.440002,40.744,402.81,6.552959e-05,6.6872,30.0
2021-09-30 03:00:00.000039936,48.868,40.744,407.44,6.711647e-05,7.716,30.0
2021-09-30 06:00:00.000039936,46.296,40.744,412.07,6.869332e-05,7.716,30.0
2021-09-30 09:00:00.000039936,45.2672,37.04,420.867,7.003676e-05,7.2016,35.0
2021-09-30 12:00:00.000039936,43.724,31.484,428.275,7.137252e-05,7.2016,35.0
2021-09-30 15:00:00.000039936,43.724,35.188,435.683,7.247968e-05,8.2304,40.0
2021-09-30 18:00:00.000039936,43.724,37.04,442.165,7.380098e-05,9.7736,40.0
2021-09-30 21:00:00.000039936,42.6952,37.04,454.203,7.576771e-05,11.3168,40.0
2021-10-01 00:00:00.000039936,41.152,37.04,465.315,7.771575e-05,11.3168,40.0
2021-10-01 03:00:00.000039936,40.1232,37.04,465.315,7.921766e-05,10.802401,35.0
2021-10-01 06:00:00.000039936,38.58,37.04,465.315,8.0919635e-05,11.3168,35.0
2021-10-01 09:00:00.000039936,36.008,55.56,462.074,8.2815466e-05,11.8312,35.0
2021-10-01 12:00:00.000039936,33.436,74.08,458.37,8.489798e-05,11.8312,40.0
2021-10-01 15:00:00.000039936,36.008,83.34,455.12897,8.675015e-05,11.3168,40.0
2021-10-01 18:00:00.000039936,38.58,92.6,451.42502,8.858091e-05,12.3456,40.0
2021-10-01 21:00:00.000039936,34.979202,98.156,445.86902,9.078879e-05,13.8888,40.0
2021-10-02 00:00:00.000039936,30.864,101.86,439.85,9.296319e-05,14.4032,40.0
2021-10-02 03:00:00.000039936,25.720001,101.86,440.31302,9.5103336e-05,14.4032,40.0
