Time,Vmax,Rmax_IBT,R34,fcor,u_trans,v_trans
2012-10-02 00:00:00.000039936,20.576,64.82,101.86,5.012002e-05,5.6584,315.0
2012-10-02 03:00:00.000039936,22.1192,70.376,109.268005,5.1074945e-05,5.144,315.0
2012-10-02 06:00:00.000039936,23.148,74.08,115.75,5.22651e-05,4.6296,320.0
2012-10-02 09:00:00.000039936,23.148,74.08,115.75,5.345127e-05,4.6296,330.0
2012-10-02 12:00:00.000039936,23.148,74.08,115.75,5.4633376e-05,5.144,330.0
2012-10-02 15:00:00.000039936,23.148,74.08,115.75,5.5576067e-05,6.1728,325.0
2012-10-02 18:00:00.000039936,23.148,74.08,115.75,5.6750614e-05,8.2304,335.0
2012-10-02 21:00:00.000039936,23.148,74.08,129.177,5.8154368e-05,9.2592,345.0
2012-10-03 00:00:00.000039936,23.148,74.08,141.215,6.0016075e-05,8.2304,0.0
2012-10-03 03:00:00.000039936,23.148,79.636,141.215,6.186609e-05,8.2304,25.0
2012-10-03 06:00:00.000039936,23.148,83.34,141.215,6.370404e-05,10.288,25.0
2012-10-03 09:00:00.000039936,23.148,79.636,141.215,6.575688e-05,12.3456,15.0
2012-10-03 12:00:00.000039936,23.148,74.08,141.215,6.8243826e-05,12.860001,10.0
2012-10-03 15:00:00.000039936,23.148,74.08,141.215,7.137252e-05,13.3744,5.0
2012-10-03 18:00:00.000039936,23.148,74.08,141.215,7.4895885e-05,15.9464,10.0
2012-10-03 21:00:00.000039936,23.148,74.08,141.215,7.8360856e-05,18.004,20.0
