Time,Vmax,Rmax_IBT,R34,fcor,u_trans,v_trans
2014-10-31 18:00:00.000039936,23.148,83.34,71.765,3.2559245e-05,3.6008,280.0
2014-10-31 21:00:00.000039936,25.720001,64.82,90.284996,3.280731e-05,3.0864,280.0
2014-11-01 00:00:00.000039936,28.292,46.3,108.80499,3.330315e-05,2.572,300.0
2014-11-01 03:00:00.000039936,29.835201,46.3,108.80499,3.3798577e-05,3.0864,325.0
2014-11-01 06:00:00.000039936,30.864,46.3,108.80499,3.4293596e-05,3.0864,335.0
2014-11-01 09:00:00.000039936,32.4072,51.856,125.47299,3.5035337e-05,3.0864,340.0
2014-11-01 12:00:00.000039936,33.436,55.56,141.215,3.6022833e-05,4.1152,340.0
2014-11-01 15:00:00.000039936,37.5512,46.3,168.069,3.67623e-05,4.6296,340.0
2014-11-01 18:00:00.000039936,41.152,37.04,194.46,3.7500762e-05,4.1152,335.0
2014-11-01 21:00:00.000039936,46.296,25.928,194.46,3.8238195e-05,3.6008,330.0
2014-11-02 00:00:00.000039936,51.440002,12.964,194.46,3.897458e-05,3.6008,345.0
2014-11-02 03:00:00.000039936,56.584,16.668,210.66501,3.995476e-05,4.6296,355.0
2014-11-02 06:00:00.000039936,61.728,18.52,226.87001,4.093299e-05,4.6296,355.0
2014-11-02 09:00:00.000039936,66.872,18.52,222.24,4.2152973e-05,4.6296,350.0
2014-11-02 12:00:00.000039936,72.016,18.52,217.60999,4.3126656e-05,4.1152,350.0
2014-11-02 15:00:00.000039936,76.1312,20.372,252.33499,4.409823e-05,3.6008,350.0
2014-11-02 18:00:00.000039936,79.732,22.223999,287.06,4.4825505e-05,3.0864,0.0
2014-11-02 21:00:00.000039936,79.732,22.223999,304.654,4.5551555e-05,3.0864,15.0
2014-11-03 00:00:00.000039936,79.732,22.223999,321.785,4.6034886e-05,3.0864,20.0
2014-11-03 03:00:00.000039936,79.732,22.223999,304.654,4.675884e-05,3.6008,25.0
2014-11-03 06:00:00.000039936,79.732,22.223999,287.06,4.748151e-05,4.6296,35.0
2014-11-03 09:00:00.000039936,78.7032,22.223999,287.52298,4.844305e-05,5.144,40.0
2014-11-03 12:00:00.000039936,77.16,22.223999,287.06,4.9402213e-05,5.144,40.0
2014-11-03 15:00:00.000039936,76.1312,22.223999,306.04297,5.012002e-05,5.144,45.0
2014-11-03 18:00:00.000039936,74.588,22.223999,324.1,5.1074945e-05,5.144,45.0
2014-11-03 21:00:00.000039936,70.9872,22.223999,292.61597,5.2027382e-05,5.144,40.0
2014-11-04 00:00:00.000039936,66.872,22.223999,259.28,5.2977284e-05,5.144,35.0
2014-11-04 03:00:00.000039936,65.8432,20.372,293.07898,5.392461e-05,5.144,30.0
2014-11-04 06:00:00.000039936,64.3,18.52,326.415,5.510506e-05,5.144,30.0
2014-11-04 09:00:00.000039936,61.728,18.52,313.914,5.6046403e-05,5.6584,35.0
2014-11-04 12:00:00.000039936,59.156002,18.52,300.95,5.721923e-05,5.6584,35.0
2014-11-04 15:00:00.000039936,59.156002,18.52,300.95,5.83877e-05,5.6584,35.0
2014-11-04 18:00:00.000039936,54.012,27.78,282.43,5.9319285e-05,4.6296,35.0
2014-11-04 21:00:00.000039936,54.012,27.78,282.43,6.0016075e-05,4.6296,35.0
2014-11-05 00:00:00.000039936,51.440002,27.78,229.185,6.0711227e-05,5.144,35.0
2014-11-05 03:00:00.000039936,48.868,33.336,237.982,6.14047e-05,5.6584,35.0
2014-11-05 06:00:00.000039936,46.296,37.04,245.39001,6.255676e-05,5.6584,35.0
2014-11-05 09:00:00.000039936,46.296,37.04,245.39001,6.416161e-05,5.6584,35.0
2014-11-05 12:00:00.000039936,41.152,37.04,277.80002,6.507438e-05,5.144,40.0
2014-11-05 15:00:00.000039936,38.58,37.04,277.80002,6.575688e-05,5.6584,35.0
2014-11-05 18:00:00.000039936,36.008,37.04,277.80002,6.666408e-05,5.6584,30.0
2014-11-05 21:00:00.000039936,32.4072,64.82,235.204,6.801876e-05,6.1728,30.0
2014-11-06 00:00:00.000039936,28.292,92.6,192.145,6.936598e-05,7.716,35.0
2014-11-06 03:00:00.000039936,28.292,92.6,188.90399,7.048288e-05,9.7736,40.0
2014-11-06 06:00:00.000039936,28.292,92.6,185.2,7.2037474e-05,12.3456,35.0
2014-11-06 09:00:00.000039936,25.720001,92.6,187.515,7.423962e-05,14.917601,35.0
