Time,Vmax,Rmax_IBT,R34,fcor,u_trans,v_trans
2015-09-15 18:00:00.000039936,20.576,64.82,92.600006,4.627635e-05,4.1152,300.0
2015-09-15 21:00:00.000039936,22.1192,61.116,123.158,4.6999867e-05,5.144,305.0
2015-09-16 00:00:00.000039936,23.148,55.56,152.79001,4.796257e-05,6.1728,305.0
2015-09-16 03:00:00.000039936,25.720001,42.596,152.79001,4.868306e-05,6.1728,300.0
2015-09-16 06:00:00.000039936,28.292,27.78,152.79001,4.9402213e-05,5.6584,290.0
2015-09-16 09:00:00.000039936,29.835201,27.78,143.06702,4.9641636e-05,4.6296,280.0
2015-09-16 12:00:00.000039936,30.864,27.78,131.955,4.9880902e-05,4.1152,290.0
2015-09-16 15:00:00.000039936,33.436,27.78,150.012,5.035898e-05,4.1152,305.0
2015-09-16 18:00:00.000039936,36.008,27.78,166.68,5.1074945e-05,4.6296,310.0
2015-09-16 21:00:00.000039936,38.58,27.78,182.422,5.178951e-05,5.144,310.0
2015-09-17 00:00:00.000039936,41.152,27.78,196.77501,5.250265e-05,5.144,315.0
2015-09-17 03:00:00.000039936,43.724,27.78,196.77501,5.321436e-05,4.6296,315.0
2015-09-17 06:00:00.000039936,46.296,27.78,196.77501,5.392461e-05,4.1152,315.0
2015-09-17 09:00:00.000039936,48.868,27.78,179.181,5.439729e-05,4.6296,315.0
2015-09-17 12:00:00.000039936,51.440002,27.78,159.735,5.510506e-05,4.6296,315.0
2015-09-17 15:00:00.000039936,51.440002,29.632,166.21701,5.6046403e-05,4.6296,320.0
2015-09-17 18:00:00.000039936,51.440002,31.484,171.31001,5.698501e-05,4.6296,325.0
2015-09-17 21:00:00.000039936,50.4112,29.632,171.31001,5.768715e-05,4.1152,335.0
2015-09-18 00:00:00.000039936,48.868,27.78,171.31001,5.862087e-05,4.6296,345.0
2015-09-18 03:00:00.000039936,47.8392,27.78,161.587,5.9551734e-05,5.144,350.0
2015-09-18 06:00:00.000039936,46.296,27.78,150.475,6.0479695e-05,5.144,355.0
2015-09-18 09:00:00.000039936,45.2672,27.78,150.93799,6.1635496e-05,4.6296,0.0
2015-09-18 12:00:00.000039936,43.724,27.78,150.47499,6.3016254e-05,4.6296,10.0
2015-09-18 15:00:00.000039936,42.6952,27.78,161.124,6.416161e-05,6.1728,15.0
2015-09-18 18:00:00.000039936,41.152,27.78,171.31,6.530208e-05,6.6872,25.0
2015-09-18 21:00:00.000039936,40.1232,27.78,171.31,6.666408e-05,6.6872,25.0
2015-09-19 00:00:00.000039936,38.58,27.78,171.31,6.8243826e-05,6.6872,30.0
2015-09-19 03:00:00.000039936,37.5512,27.78,171.31,6.958979e-05,6.6872,40.0
2015-09-19 06:00:00.000039936,36.008,27.78,171.31,7.07056e-05,7.2016,40.0
2015-09-19 09:00:00.000039936,33.436,37.04,175.01399,7.2037474e-05,7.2016,40.0
2015-09-19 12:00:00.000039936,30.864,46.3,178.25499,7.314133e-05,6.6872,40.0
2015-09-19 15:00:00.000039936,29.835201,51.856,178.25499,7.423962e-05,6.6872,40.0
2015-09-19 18:00:00.000039936,28.292,55.56,178.25499,7.511419e-05,6.1728,40.0
2015-09-19 21:00:00.000039936,27.2632,61.116,173.162,7.5985095e-05,6.1728,40.0
2015-09-20 00:00:00.000039936,25.720001,64.82,166.68,7.6852295e-05,6.6872,40.0
2015-09-20 03:00:00.000039936,24.6912,64.82,166.68,7.793102e-05,7.2016,40.0
2015-09-20 06:00:00.000039936,23.148,64.82,166.68,7.921766e-05,7.2016,40.0
2015-09-20 09:00:00.000039936,22.1192,70.376,166.68,8.028322e-05,7.2016,40.0
2015-09-20 12:00:00.000039936,20.576,74.08,166.68,8.155382e-05,7.716,45.0
2015-09-20 15:00:00.000039936,20.576,74.08,166.68,8.302487e-05,8.744801,45.0
2015-09-20 18:00:00.000039936,20.576,74.08,166.68,8.427592e-05,7.716,40.0
2015-09-20 21:00:00.000039936,20.576,74.08,166.68,8.551773e-05,5.6584,35.0
