Time,Vmax,Rmax_IBT,R34,fcor,u_trans,v_trans
2009-09-30 00:00:00.000039936,20.576,55.56,87.97,2.9574905e-05,7.2016,310.0
2009-09-30 03:00:00.000039936,22.1192,55.56,87.97,3.0571195e-05,7.716,310.0
2009-09-30 06:00:00.000039936,23.148,55.56,87.97,3.156599e-05,6.1728,305.0
2009-09-30 09:00:00.000039936,25.720001,37.04,87.97,3.206281e-05,4.1152,290.0
2009-09-30 12:00:00.000039936,28.292,18.52,87.97,3.231108e-05,3.0864,285.0
2009-09-30 15:00:00.000039936,29.835201,18.52,111.583,3.2559245e-05,2.572,295.0
2009-09-30 18:00:00.000039936,30.864,18.52,134.27,3.305528e-05,2.572,315.0
2009-09-30 21:00:00.000039936,33.436,18.52,139.826,3.3550914e-05,3.0864,325.0
2009-10-01 00:00:00.000039936,36.008,18.52,143.53,3.4293596e-05,3.6008,310.0
2009-10-01 03:00:00.000039936,45.2672,24.076,158.80899,3.47882e-05,4.1152,295.0
2009-10-01 06:00:00.000039936,54.012,27.78,173.625,3.5035337e-05,3.6008,295.0
2009-10-01 09:00:00.000039936,56.584,27.78,233.352,3.5282377e-05,2.572,290.0
2009-10-01 12:00:00.000039936,59.156002,27.78,291.69,3.5529305e-05,3.0864,275.0
2009-10-01 15:00:00.000039936,59.156002,27.78,335.675,3.5282377e-05,3.0864,265.0
2009-10-01 18:00:00.000039936,59.156002,27.78,379.65997,3.5282377e-05,2.0576,275.0
2009-10-01 21:00:00.000039936,59.156002,27.78,379.65997,3.577612e-05,2.0576,305.0
2009-10-02 00:00:00.000039936,59.156002,27.78,379.65997,3.626943e-05,2.0576,305.0
2009-10-02 03:00:00.000039936,59.156002,37.04,379.65997,3.626943e-05,2.572,295.0
2009-10-02 06:00:00.000039936,59.156002,46.3,379.65997,3.651592e-05,3.6008,305.0
2009-10-02 09:00:00.000039936,59.156002,37.04,379.65997,3.7254722e-05,4.6296,305.0
2009-10-02 12:00:00.000039936,59.156002,27.78,379.65997,3.7992504e-05,5.144,295.0
2009-10-02 15:00:00.000039936,59.156002,27.78,377.34497,3.8238195e-05,5.6584,285.0
2009-10-02 18:00:00.000039936,59.156002,27.78,375.02997,3.8238195e-05,5.144,285.0
2009-10-02 21:00:00.000039936,59.156002,27.78,369.93698,3.8483773e-05,4.6296,285.0
2009-10-03 00:00:00.000039936,59.156002,27.78,363.45502,3.897458e-05,5.144,295.0
2009-10-03 03:00:00.000039936,59.156002,42.596,299.098,3.9709896e-05,6.1728,300.0
2009-10-03 06:00:00.000039936,59.156002,55.56,233.815,4.0688625e-05,7.2016,295.0
2009-10-03 09:00:00.000039936,60.6992,42.596,231.963,4.142137e-05,7.716,285.0
2009-10-03 12:00:00.000039936,61.728,27.78,229.18501,4.1665367e-05,7.716,275.0
2009-10-03 15:00:00.000039936,64.3,33.336,243.538,4.1665367e-05,7.716,270.0
2009-10-03 18:00:00.000039936,66.872,37.04,256.965,4.142137e-05,7.2016,270.0
2009-10-03 21:00:00.000039936,70.9872,37.04,249.094,4.142137e-05,7.2016,275.0
2009-10-04 00:00:00.000039936,74.588,37.04,240.76001,4.1665367e-05,7.2016,280.0
2009-10-04 03:00:00.000039936,76.1312,33.336,266.688,4.2152973e-05,7.2016,285.0
2009-10-04 06:00:00.000039936,77.16,27.78,291.69,4.2640077e-05,7.716,290.0
2009-10-04 09:00:00.000039936,77.16,27.78,262.05798,4.3126656e-05,7.716,290.0
2009-10-04 12:00:00.000039936,77.16,27.78,231.5,4.385554e-05,8.2304,285.0
2009-10-04 15:00:00.000039936,77.16,27.78,240.297,4.4340795e-05,8.744801,285.0
2009-10-04 18:00:00.000039936,77.16,27.78,247.70499,4.4825505e-05,7.716,290.0
2009-10-04 21:00:00.000039936,74.588,27.78,257.428,4.5551555e-05,7.2016,295.0
2009-10-05 00:00:00.000039936,72.016,27.78,266.225,4.651767e-05,7.716,295.0
2009-10-05 03:00:00.000039936,72.016,33.336,262.05798,4.7240763e-05,8.2304,295.0
2009-10-05 06:00:00.000039936,72.016,37.04,256.965,4.796257e-05,7.716,300.0
2009-10-05 09:00:00.000039936,70.9872,37.04,256.039,4.892293e-05,7.2016,305.0
2009-10-05 12:00:00.000039936,69.444,37.04,254.65,4.9880902e-05,7.716,315.0
2009-10-05 15:00:00.000039936,68.4152,37.04,254.65,5.131329e-05,8.2304,320.0
2009-10-05 18:00:00.000039936,66.872,37.04,254.65,5.2740055e-05,7.716,325.0
2009-10-05 21:00:00.000039936,64.3,37.04,254.65,5.4161024e-05,7.716,330.0
2009-10-06 00:00:00.000039936,61.728,37.04,254.65,5.581132e-05,7.716,330.0
2009-10-06 03:00:00.000039936,60.6992,42.596,269.929,5.721923e-05,7.716,335.0
2009-10-06 06:00:00.000039936,59.156002,46.3,284.745,5.8853857e-05,7.2016,340.0
2009-10-06 09:00:00.000039936,56.584,46.3,293.079,6.0479695e-05,6.6872,350.0
2009-10-06 12:00:00.000039936,54.012,46.3,300.94998,6.20965e-05,6.6872,355.0
2009-10-06 15:00:00.000039936,51.440002,46.3,318.544,6.370404e-05,7.2016,5.0
2009-10-06 18:00:00.000039936,48.868,46.3,335.675,6.530208e-05,8.2304,15.0
2009-10-06 21:00:00.000039936,48.868,46.3,335.675,6.711647e-05,9.2592,20.0
2009-10-07 00:00:00.000039936,48.868,46.3,335.675,6.914198e-05,9.2592,25.0
2009-10-07 03:00:00.000039936,45.2672,51.856,337.064,7.07056e-05,9.2592,30.0
2009-10-07 06:00:00.000039936,41.152,55.56,337.99,7.2258685e-05,10.802401,40.0
2009-10-07 09:00:00.000039936,40.1232,55.56,322.248,7.402041e-05,12.3456,45.0
2009-10-07 12:00:00.000039936,38.58,55.56,305.58,7.5985095e-05,14.4032,40.0
2009-10-07 15:00:00.000039936,36.008,55.56,304.654,7.8360856e-05,15.432,35.0
2009-10-07 18:00:00.000039936,33.436,55.56,303.265,8.113127e-05,14.917601,35.0
