Time,Vmax,Rmax_IBT,R34,fcor,u_trans,v_trans
2013-09-27 18:00:00.000039936,25.720001,55.56,87.97,4.1909232e-05,3.6008,245.0
2013-09-27 21:00:00.000039936,25.720001,55.56,87.97,4.1665367e-05,2.0576,220.0
2013-09-28 00:00:00.000039936,28.292,46.3,125.009995,4.1177245e-05,0.5144,260.0
2013-09-28 03:00:00.000039936,29.835201,42.596,125.009995,4.142137e-05,1.5432,340.0
2013-09-28 06:00:00.000039936,30.864,37.04,125.009995,4.1909232e-05,2.0576,340.0
2013-09-28 09:00:00.000039936,30.864,37.04,125.009995,4.239659e-05,1.5432,305.0
2013-09-28 12:00:00.000039936,33.436,37.04,125.009995,4.2152973e-05,2.0576,270.0
2013-09-28 15:00:00.000039936,34.979202,33.336,125.009995,4.2152973e-05,3.0864,265.0
2013-09-28 18:00:00.000039936,36.008,27.78,125.009995,4.2152973e-05,3.6008,265.0
2013-09-28 21:00:00.000039936,41.152,24.076,143.53,4.2152973e-05,3.6008,270.0
2013-09-29 00:00:00.000039936,46.296,18.52,162.05,4.1909232e-05,3.6008,265.0
2013-09-29 03:00:00.000039936,48.868,16.668,162.05,4.1909232e-05,3.6008,260.0
2013-09-29 06:00:00.000039936,51.440002,12.964,162.05,4.1909232e-05,3.6008,270.0
2013-09-29 09:00:00.000039936,48.868,20.372,162.05,4.1909232e-05,3.6008,280.0
2013-09-29 12:00:00.000039936,46.296,27.78,162.05,4.2152973e-05,4.1152,275.0
2013-09-29 15:00:00.000039936,46.296,33.336,162.05,4.2152973e-05,5.144,275.0
2013-09-29 18:00:00.000039936,46.296,37.04,162.05,4.239659e-05,5.6584,280.0
2013-09-29 21:00:00.000039936,46.296,33.336,162.05,4.2640077e-05,6.6872,285.0
2013-09-30 00:00:00.000039936,46.296,27.78,162.05,4.3126656e-05,6.1728,290.0
2013-09-30 03:00:00.000039936,47.8392,27.78,169.45801,4.3369746e-05,6.1728,285.0
2013-09-30 06:00:00.000039936,48.868,27.78,175.94,4.385554e-05,7.2016,285.0
2013-09-30 09:00:00.000039936,43.724,27.78,175.94,4.4340795e-05,8.2304,280.0
