Time,Vmax,Rmax_IBT,R34,fcor,u_trans,v_trans
2017-09-10 00:00:00.000039936,20.576,74.08,171.31,3.9709896e-05,5.6584,295.0
2017-09-10 03:00:00.000039936,20.576,74.08,147.234,4.0444127e-05,5.144,305.0
2017-09-10 06:00:00.000039936,20.576,74.08,122.69501,4.1177245e-05,5.6584,300.0
2017-09-10 09:00:00.000039936,22.1192,74.08,139.363,4.1909232e-05,6.1728,295.0
2017-09-10 12:00:00.000039936,23.148,74.08,155.105,4.288343e-05,6.1728,295.0
2017-09-10 15:00:00.000039936,24.6912,70.376,156.494,4.3612705e-05,6.6872,295.0
2017-09-10 18:00:00.000039936,25.720001,64.82,157.42,4.4340795e-05,6.6872,300.0
2017-09-10 21:00:00.000039936,27.2632,61.116,188.90399,4.506766e-05,6.6872,305.0
2017-09-11 00:00:00.000039936,28.292,55.56,219.925,4.5793287e-05,7.2016,300.0
2017-09-11 03:00:00.000039936,29.835201,55.56,208.813,4.675884e-05,7.716,300.0
2017-09-11 06:00:00.000039936,30.864,55.56,196.77501,4.7722115e-05,7.716,300.0
2017-09-11 09:00:00.000039936,30.864,55.56,202.79399,4.844305e-05,7.716,300.0
2017-09-11 12:00:00.000039936,30.864,55.56,208.35,4.916265e-05,8.2304,300.0
2017-09-11 15:00:00.000039936,30.864,55.56,191.219,4.9880902e-05,8.2304,300.0
2017-09-11 18:00:00.000039936,30.864,55.56,173.625,5.083645e-05,8.2304,300.0
2017-09-11 21:00:00.000039936,32.4072,42.596,187.97801,5.2027382e-05,7.716,305.0
2017-09-12 00:00:00.000039936,33.436,27.78,201.40501,5.321436e-05,8.744801,300.0
2017-09-12 03:00:00.000039936,34.979202,27.78,188.904,5.4161024e-05,9.2592,300.0
2017-09-12 06:00:00.000039936,36.008,27.78,175.94,5.510506e-05,7.716,305.0
2017-09-12 09:00:00.000039936,36.008,27.78,227.33301,5.6281307e-05,6.1728,310.0
2017-09-12 12:00:00.000039936,36.008,27.78,277.8,5.721923e-05,6.1728,310.0
2017-09-12 15:00:00.000039936,37.5512,27.78,281.504,5.7920843e-05,6.1728,310.0
2017-09-12 18:00:00.000039936,38.58,27.78,284.745,5.862087e-05,5.144,315.0
2017-09-12 21:00:00.000039936,40.1232,37.04,290.30103,5.9319285e-05,4.6296,320.0
2017-09-13 00:00:00.000039936,41.152,46.3,294.005,6.0016075e-05,4.1152,325.0
2017-09-13 03:00:00.000039936,43.724,42.596,298.172,6.0711227e-05,4.1152,325.0
2017-09-13 06:00:00.000039936,46.296,37.04,300.94998,6.14047e-05,3.6008,330.0
2017-09-13 09:00:00.000039936,48.868,38.892,310.673,6.20965e-05,3.6008,325.0
2017-09-13 12:00:00.000039936,51.440002,40.744,319.47,6.278661e-05,3.6008,320.0
2017-09-13 15:00:00.000039936,54.012,40.744,327.341,6.3474974e-05,3.0864,325.0
2017-09-13 18:00:00.000039936,56.584,40.744,333.36002,6.416161e-05,3.0864,325.0
2017-09-13 21:00:00.000039936,59.156002,40.744,331.508,6.4846485e-05,3.0864,330.0
2017-09-14 00:00:00.000039936,61.728,40.744,328.72998,6.530208e-05,3.0864,330.0
2017-09-14 03:00:00.000039936,60.6992,53.708,343.083,6.575688e-05,3.0864,330.0
2017-09-14 06:00:00.000039936,59.156002,64.82,356.51,6.621089e-05,2.0576,340.0
2017-09-14 09:00:00.000039936,58.1272,66.672,349.565,6.643758e-05,1.5432,10.0
2017-09-14 12:00:00.000039936,56.584,68.524,342.62,6.689037e-05,1.5432,15.0
2017-09-14 15:00:00.000039936,52.9832,57.412,325.952,6.734234e-05,2.0576,15.0
2017-09-14 18:00:00.000039936,48.868,46.3,307.895,6.7793495e-05,2.0576,20.0
2017-09-14 21:00:00.000039936,45.2672,46.3,316.22897,6.801876e-05,2.0576,30.0
2017-09-15 00:00:00.000039936,41.152,46.3,324.1,6.8243826e-05,1.5432,40.0
2017-09-15 03:00:00.000039936,38.58,42.596,298.172,6.8243826e-05,1.5432,50.0
2017-09-15 06:00:00.000039936,36.008,37.04,270.855,6.8243826e-05,2.0576,55.0
2017-09-15 09:00:00.000039936,34.979202,42.596,255.113,6.8468675e-05,2.0576,60.0
2017-09-15 12:00:00.000039936,33.436,46.3,238.44499,6.869332e-05,1.5432,60.0
2017-09-15 15:00:00.000039936,32.4072,64.82,270.392,6.8917754e-05,1.5432,60.0
2017-09-15 18:00:00.000039936,30.864,83.34,300.95,6.936598e-05,2.0576,60.0
2017-09-15 21:00:00.000039936,29.835201,88.895996,306.50598,6.958979e-05,2.572,60.0
2017-09-16 00:00:00.000039936,28.292,92.6,310.21002,6.981338e-05,3.0864,65.0
2017-09-16 03:00:00.000039936,28.292,98.156,338.453,7.003676e-05,3.0864,65.0
2017-09-16 06:00:00.000039936,28.292,101.86,365.77002,7.025991e-05,4.1152,65.0
2017-09-16 09:00:00.000039936,28.292,98.156,371.326,7.07056e-05,4.6296,60.0
2017-09-16 12:00:00.000039936,28.292,92.6,375.03,7.137252e-05,5.144,60.0
2017-09-16 15:00:00.000039936,28.292,92.6,333.823,7.2037474e-05,5.6584,55.0
2017-09-16 18:00:00.000039936,28.292,92.6,291.69,7.270045e-05,6.6872,60.0
2017-09-16 21:00:00.000039936,28.292,92.6,292.153,7.380098e-05,7.716,55.0
2017-09-17 00:00:00.000039936,28.292,92.6,291.69,7.511419e-05,8.2304,55.0
