Time,Vmax,Rmax_IBT,R34,fcor,u_trans,v_trans
2016-09-23 12:00:00.000039936,18.004,74.08,291.69,4.3369746e-05,5.144,290.0
2016-09-23 15:00:00.000039936,19.5472,83.34,291.69,4.3369746e-05,5.6584,295.0
2016-09-23 18:00:00.000039936,20.576,92.6,291.69,4.3612705e-05,5.6584,295.0
2016-09-23 21:00:00.000039936,23.148,83.34,310.21,4.385554e-05,6.1728,300.0
2016-09-24 00:00:00.000039936,25.720001,74.08,328.72998,4.4340795e-05,6.1728,305.0
2016-09-24 03:00:00.000039936,28.292,74.08,333.36,4.506766e-05,6.6872,305.0
2016-09-24 06:00:00.000039936,30.864,74.08,337.99,4.5793287e-05,6.6872,295.0
2016-09-24 09:00:00.000039936,32.4072,61.116,342.62,4.6034886e-05,7.2016,285.0
2016-09-24 12:00:00.000039936,33.436,46.3,347.25,4.6034886e-05,6.6872,285.0
2016-09-24 15:00:00.000039936,34.979202,46.3,347.25,4.651767e-05,5.6584,285.0
2016-09-24 18:00:00.000039936,36.008,46.3,347.25,4.6999867e-05,6.1728,290.0
2016-09-24 21:00:00.000039936,38.58,42.596,351.88,4.7722115e-05,6.1728,295.0
2016-09-25 00:00:00.000039936,41.152,37.04,356.50998,4.844305e-05,6.6872,295.0
2016-09-25 03:00:00.000039936,42.6952,37.04,368.085,4.892293e-05,6.6872,290.0
2016-09-25 06:00:00.000039936,43.724,37.04,379.66,4.9402213e-05,5.6584,290.0
2016-09-25 09:00:00.000039936,45.2672,25.928,384.29,4.9641636e-05,5.144,285.0
2016-09-25 12:00:00.000039936,46.296,12.964,388.92,5.012002e-05,5.6584,290.0
2016-09-25 15:00:00.000039936,46.296,16.668,388.92,5.059779e-05,6.1728,290.0
2016-09-25 18:00:00.000039936,46.296,18.52,388.92,5.1074945e-05,5.144,285.0
2016-09-25 21:00:00.000039936,47.8392,18.52,391.23502,5.155148e-05,4.6296,290.0
2016-09-26 00:00:00.000039936,48.868,18.52,393.55002,5.2027382e-05,5.144,295.0
2016-09-26 03:00:00.000039936,50.4112,24.076,393.55002,5.250265e-05,6.1728,300.0
2016-09-26 06:00:00.000039936,51.440002,27.78,393.55002,5.321436e-05,5.6584,300.0
2016-09-26 09:00:00.000039936,52.9832,27.78,395.86502,5.3688025e-05,5.144,300.0
2016-09-26 12:00:00.000039936,54.012,27.78,398.18002,5.439729e-05,5.6584,300.0
2016-09-26 15:00:00.000039936,55.5552,33.336,402.81003,5.510506e-05,5.6584,300.0
2016-09-26 18:00:00.000039936,56.584,37.04,407.44003,5.581132e-05,5.6584,305.0
2016-09-26 21:00:00.000039936,61.728,37.04,407.44003,5.6516048e-05,6.1728,310.0
2016-09-27 00:00:00.000039936,59.156002,40.744,444.48,5.768715e-05,7.716,310.0
2016-09-27 03:00:00.000039936,55.5552,38.892,444.48,5.862087e-05,9.2592,300.0
