Time,Vmax,Rmax_IBT,R34,fcor,u_trans,v_trans
2011-09-23 18:00:00.000039936,18.004,74.08,92.6,3.5035337e-05,4.6296,290.0
2011-09-23 21:00:00.000039936,19.5472,74.08,92.6,3.5529305e-05,5.6584,295.0
2011-09-24 00:00:00.000039936,20.576,74.08,92.6,3.6022833e-05,6.6872,300.0
2011-09-24 03:00:00.000039936,22.1192,74.08,92.6,3.700857e-05,7.2016,300.0
2011-09-24 06:00:00.000039936,23.148,74.08,92.6,3.7746686e-05,7.2016,290.0
2011-09-24 09:00:00.000039936,24.6912,74.08,97.229996,3.7992504e-05,7.2016,275.0
2011-09-24 12:00:00.000039936,25.720001,74.08,101.86,3.7746686e-05,7.716,265.0
2011-09-24 15:00:00.000039936,27.2632,46.3,113.435,3.7500762e-05,7.716,260.0
2011-09-24 18:00:00.000039936,28.292,18.52,125.01,3.700857e-05,7.2016,260.0
2011-09-24 21:00:00.000039936,29.835201,24.076,125.01,3.67623e-05,6.6872,265.0
2011-09-25 00:00:00.000039936,30.864,27.78,125.01,3.67623e-05,7.2016,265.0
2011-09-25 03:00:00.000039936,32.4072,27.78,128.251,3.67623e-05,7.2016,270.0
2011-09-25 06:00:00.000039936,33.436,27.78,129.64,3.67623e-05,6.1728,275.0
2011-09-25 09:00:00.000039936,33.436,27.78,129.64,3.67623e-05,5.144,280.0
2011-09-25 12:00:00.000039936,33.436,27.78,129.64,3.700857e-05,5.6584,280.0
2011-09-25 15:00:00.000039936,36.008,37.04,181.496,3.700857e-05,6.1728,280.0
2011-09-25 18:00:00.000039936,38.58,46.3,231.5,3.7254722e-05,5.6584,285.0
2011-09-25 21:00:00.000039936,40.1232,51.856,217.61002,3.7746686e-05,5.144,285.0
2011-09-26 00:00:00.000039936,41.152,55.56,203.72,3.8483773e-05,5.144,285.0
2011-09-26 03:00:00.000039936,42.6952,55.56,203.72,3.897458e-05,5.144,285.0
2011-09-26 06:00:00.000039936,43.724,55.56,203.72,3.9219805e-05,5.144,290.0
2011-09-26 09:00:00.000039936,45.2672,55.56,203.72,3.9464914e-05,5.144,290.0
2011-09-26 12:00:00.000039936,46.296,55.56,203.72,3.9709896e-05,5.144,290.0
2011-09-26 15:00:00.000039936,52.9832,55.56,212.98001,3.995476e-05,5.6584,285.0
2011-09-26 18:00:00.000039936,59.156002,55.56,222.23999,4.0444127e-05,6.1728,285.0
2011-09-26 21:00:00.000039936,52.9832,55.56,222.23999,4.0688625e-05,6.6872,280.0
