Time,Vmax,Rmax_IBT,R34,fcor,u_trans,v_trans
2019-10-17 06:00:00.000039936,18.004,83.34,60.190002,4.7722115e-05,2.0576,345.0
2019-10-17 09:00:00.000039936,19.5472,64.82,60.190002,4.8202877e-05,1.5432,355.0
2019-10-17 12:00:00.000039936,20.576,46.3,60.190002,4.844305e-05,1.5432,345.0
2019-10-17 15:00:00.000039936,20.576,46.3,60.190002,4.868306e-05,1.0288,340.0
2019-10-17 18:00:00.000039936,20.576,46.3,60.190002,4.892293e-05,1.0288,330.0
2019-10-17 21:00:00.000039936,22.1192,42.596,60.190002,4.916265e-05,1.0288,320.0
2019-10-18 00:00:00.000039936,23.148,37.04,60.190002,4.9402213e-05,1.0288,330.0
2019-10-18 03:00:00.000039936,23.148,46.3,62.505005,4.9641636e-05,1.5432,335.0
2019-10-18 06:00:00.000039936,23.148,55.56,64.82001,4.9880902e-05,2.0576,330.0
2019-10-18 09:00:00.000039936,24.6912,55.56,67.134995,5.035898e-05,2.572,320.0
2019-10-18 12:00:00.000039936,25.720001,55.56,69.45,5.083645e-05,3.0864,305.0
2019-10-18 15:00:00.000039936,27.2632,55.56,69.45,5.131329e-05,3.6008,295.0
2019-10-18 18:00:00.000039936,28.292,55.56,69.45,5.178951e-05,4.1152,295.0
2019-10-18 21:00:00.000039936,29.835201,55.56,69.45,5.2027382e-05,3.6008,300.0
2019-10-19 00:00:00.000039936,30.864,55.56,69.45,5.250265e-05,4.1152,305.0
2019-10-19 03:00:00.000039936,32.4072,35.188,76.395004,5.2977284e-05,3.6008,310.0
2019-10-19 06:00:00.000039936,33.436,12.964,83.340004,5.345127e-05,2.572,320.0
2019-10-19 09:00:00.000039936,36.008,11.1119995,90.285,5.3688025e-05,1.5432,345.0
2019-10-19 12:00:00.000039936,38.58,9.26,97.229996,5.4161024e-05,2.572,10.0
2019-10-19 15:00:00.000039936,43.724,9.26,104.175,5.510506e-05,4.1152,15.0
2019-10-19 18:00:00.000039936,48.868,9.26,111.12001,5.6046403e-05,4.1152,20.0
2019-10-19 21:00:00.000039936,47.8392,14.816,115.74999,5.6750614e-05,4.6296,25.0
2019-10-20 00:00:00.000039936,46.296,18.52,120.38,5.768715e-05,6.1728,35.0
2019-10-20 03:00:00.000039936,43.724,18.52,127.325,5.9086666e-05,7.716,40.0
2019-10-20 06:00:00.000039936,41.152,18.52,134.27,6.0479695e-05,7.2016,45.0
2019-10-20 09:00:00.000039936,37.5512,18.52,141.215,6.14047e-05,6.6872,40.0
2019-10-20 12:00:00.000039936,33.436,18.52,148.16,6.255676e-05,8.744801,40.0
2019-10-20 15:00:00.000039936,30.864,24.076,157.42,6.416161e-05,10.288,40.0
2019-10-20 18:00:00.000039936,28.292,27.78,166.68001,6.621089e-05,11.3168,40.0
2019-10-20 21:00:00.000039936,27.2632,27.78,182.885,6.8243826e-05,11.3168,40.0
2019-10-21 00:00:00.000039936,25.720001,27.78,199.09,7.003676e-05,10.802401,40.0
2019-10-21 03:00:00.000039936,24.6912,37.04,199.09,7.2037474e-05,9.7736,35.0
2019-10-21 06:00:00.000039936,23.148,46.3,199.09,7.3581316e-05,8.2304,40.0
2019-10-21 09:00:00.000039936,22.1192,55.56,199.09,7.4458614e-05,6.6872,45.0
2019-10-21 12:00:00.000039936,20.576,64.82,199.09,7.511419e-05,6.6872,55.0
2019-10-21 15:00:00.000039936,20.576,64.82,196.775,7.620224e-05,7.2016,55.0
2019-10-21 18:00:00.000039936,20.576,64.82,194.45999,7.70685e-05,6.6872,65.0
2019-10-21 21:00:00.000039936,20.576,74.08,189.83,7.771575e-05,5.6584,75.0
