Time,Vmax,Rmax_IBT,R34,fcor,u_trans,v_trans
2006-10-09 18:00:00.000039936,18.004,64.82,111.12,4.385554e-05,7.2016,305.0
2006-10-09 21:00:00.000039936,19.5472,64.82,111.12,4.4825505e-05,6.6872,305.0
2006-10-10 00:00:00.000039936,20.576,64.82,111.12,4.5551555e-05,6.1728,305.0
2006-10-10 03:00:00.000039936,22.1192,61.116,111.12,4.627635e-05,6.1728,300.0
2006-10-10 06:00:00.000039936,23.148,55.56,111.12,4.675884e-05,7.2016,295.0
2006-10-10 09:00:00.000039936,24.6912,37.04,118.065,4.6999867e-05,8.744801,285.0
2006-10-10 12:00:00.000039936,25.720001,18.52,125.01001,4.748151e-05,8.744801,280.0
2006-10-10 15:00:00.000039936,27.2632,27.78,141.215,4.796257e-05,8.744801,280.0
2006-10-10 18:00:00.000039936,28.292,37.04,157.42,4.868306e-05,10.288,285.0
2006-10-10 21:00:00.000039936,28.292,37.04,166.68,4.916265e-05,11.3168,290.0
2006-10-11 00:00:00.000039936,28.292,37.04,175.94,4.9641636e-05,9.7736,290.0
2006-10-11 03:00:00.000039936,29.835201,37.04,182.422,5.012002e-05,7.716,285.0
2006-10-11 06:00:00.000039936,30.864,37.04,187.515,5.083645e-05,7.716,285.0
2006-10-11 09:00:00.000039936,30.864,37.04,188.90399,5.155148e-05,7.2016,290.0
2006-10-11 12:00:00.000039936,30.864,37.04,189.83,5.22651e-05,6.1728,295.0
2006-10-11 15:00:00.000039936,30.864,42.596,194.46,5.2740055e-05,5.144,295.0
2006-10-11 18:00:00.000039936,30.864,46.3,199.09001,5.345127e-05,5.144,300.0
2006-10-11 21:00:00.000039936,30.864,46.3,199.09001,5.4161024e-05,4.6296,305.0
2006-10-12 00:00:00.000039936,30.864,46.3,199.09001,5.4869302e-05,4.6296,325.0
2006-10-12 03:00:00.000039936,30.864,42.596,207.42401,5.581132e-05,4.6296,340.0
2006-10-12 06:00:00.000039936,30.864,37.04,215.295,5.6750614e-05,4.1152,340.0
2006-10-12 09:00:00.000039936,32.4072,33.336,220.85101,5.7453286e-05,3.0864,330.0
2006-10-12 12:00:00.000039936,33.436,27.78,224.555,5.768715e-05,2.0576,320.0
2006-10-12 15:00:00.000039936,34.979202,33.336,224.555,5.7920843e-05,1.5432,310.0
2006-10-12 18:00:00.000039936,36.008,37.04,224.555,5.7920843e-05,1.0288,325.0
2006-10-12 21:00:00.000039936,37.5512,37.04,232.426,5.83877e-05,1.0288,10.0
2006-10-13 00:00:00.000039936,38.58,37.04,238.445,5.862087e-05,1.0288,35.0
2006-10-13 03:00:00.000039936,42.6952,27.78,244.001,5.862087e-05,1.0288,60.0
2006-10-13 06:00:00.000039936,46.296,18.52,247.705,5.862087e-05,1.0288,60.0
2006-10-13 09:00:00.000039936,46.296,27.78,247.705,5.8853857e-05,1.0288,40.0
2006-10-13 12:00:00.000039936,46.296,37.04,247.705,5.9086666e-05,1.0288,20.0
2006-10-13 15:00:00.000039936,46.296,37.04,248.168,5.9319285e-05,1.0288,10.0
2006-10-13 18:00:00.000039936,46.296,37.04,247.705,5.9784e-05,1.5432,0.0
2006-10-13 21:00:00.000039936,46.296,37.04,255.113,6.0016075e-05,1.5432,0.0
2006-10-14 00:00:00.000039936,46.296,37.04,261.595,6.0479695e-05,2.0576,350.0
2006-10-14 03:00:00.000039936,46.296,42.596,261.595,6.0942573e-05,2.0576,340.0
2006-10-14 06:00:00.000039936,46.296,46.3,261.595,6.14047e-05,2.572,355.0
2006-10-14 09:00:00.000039936,43.724,46.3,261.595,6.20965e-05,3.0864,5.0
2006-10-14 12:00:00.000039936,41.152,46.3,261.595,6.3016254e-05,4.1152,5.0
2006-10-14 15:00:00.000039936,40.1232,42.596,260.669,6.393293e-05,4.6296,5.0
2006-10-14 18:00:00.000039936,38.58,37.04,259.28,6.4846485e-05,5.144,10.0
2006-10-14 21:00:00.000039936,38.58,37.04,263.91,6.575688e-05,6.1728,20.0
2006-10-15 00:00:00.000039936,38.58,37.04,268.53998,6.711647e-05,7.2016,20.0
2006-10-15 03:00:00.000039936,36.008,37.04,268.53998,6.8917754e-05,9.2592,25.0
2006-10-15 06:00:00.000039936,33.436,37.04,268.53998,7.07056e-05,9.7736,35.0
2006-10-15 09:00:00.000039936,33.436,37.04,264.836,7.247968e-05,10.288,40.0
2006-10-15 12:00:00.000039936,33.436,37.04,259.28,7.423962e-05,11.8312,40.0
2006-10-15 15:00:00.000039936,29.835201,37.04,249.094,7.620224e-05,13.3744,45.0
