Time,Vmax,Rmax_IBT,R34,fcor,u_trans,v_trans
2012-10-02 06:00:00.000039936,20.576,46.3,46.3,3.9709896e-05,4.1152,130.0
2012-10-02 09:00:00.000039936,20.576,51.856,79.636,3.9464914e-05,4.1152,120.0
2012-10-02 12:00:00.000039936,20.576,55.56,111.12,3.9219805e-05,3.6008,115.0
2012-10-02 15:00:00.000039936,23.148,55.56,111.12,3.897458e-05,2.572,110.0
2012-10-02 18:00:00.000039936,25.720001,55.56,111.12,3.872924e-05,2.0576,100.0
2012-10-02 21:00:00.000039936,27.2632,55.56,111.12,3.872924e-05,2.0576,90.0
2012-10-03 00:00:00.000039936,28.292,55.56,111.12,3.897458e-05,2.0576,95.0
2012-10-03 03:00:00.000039936,28.292,46.3,116.676,3.897458e-05,2.0576,100.0
2012-10-03 06:00:00.000039936,28.292,37.04,120.38,3.872924e-05,1.5432,105.0
2012-10-03 09:00:00.000039936,28.292,42.596,120.38,3.8483773e-05,1.0288,110.0
2012-10-03 12:00:00.000039936,28.292,46.3,120.38,3.8238195e-05,1.0288,120.0
2012-10-03 15:00:00.000039936,27.2632,46.3,116.213,3.7992504e-05,1.0288,125.0
2012-10-03 18:00:00.000039936,25.720001,46.3,111.12,3.7746686e-05,1.0288,125.0
2012-10-03 21:00:00.000039936,23.148,51.856,106.953,3.7746686e-05,1.0288,130.0
2012-10-04 00:00:00.000039936,20.576,55.56,101.86,3.7746686e-05,1.0288,165.0
2012-10-04 03:00:00.000039936,20.576,55.56,111.583,3.7500762e-05,1.0288,215.0
2012-10-04 06:00:00.000039936,20.576,55.56,120.380005,3.700857e-05,1.5432,225.0
2012-10-04 09:00:00.000039936,19.5472,55.56,120.380005,3.67623e-05,1.5432,230.0
2012-10-04 12:00:00.000039936,18.004,55.56,120.380005,3.67623e-05,2.0576,245.0
2012-10-04 15:00:00.000039936,18.004,55.56,120.380005,3.67623e-05,2.572,260.0
2012-10-04 18:00:00.000039936,18.004,55.56,120.380005,3.67623e-05,3.6008,265.0
2012-10-04 21:00:00.000039936,18.004,55.56,124.547,3.67623e-05,4.1152,270.0
2012-10-05 00:00:00.000039936,18.004,55.56,127.325,3.651592e-05,4.1152,275.0
2012-10-05 03:00:00.000039936,18.004,55.56,127.325,3.651592e-05,4.1152,275.0
2012-10-05 06:00:00.000039936,18.004,55.56,127.325,3.651592e-05,4.6296,270.0
2012-10-05 09:00:00.000039936,18.004,55.56,127.325,3.626943e-05,5.6584,260.0
2012-10-05 12:00:00.000039936,18.004,55.56,127.325,3.6022833e-05,6.6872,255.0
2012-10-05 15:00:00.000039936,19.5472,64.82,127.325,3.5529305e-05,8.2304,250.0
2012-10-05 18:00:00.000039936,20.576,74.08,127.325,3.5035337e-05,8.2304,250.0
2012-10-05 21:00:00.000039936,20.576,74.08,121.769,3.4293596e-05,7.716,250.0
2012-10-06 00:00:00.000039936,20.576,74.08,115.75,3.3798577e-05,7.716,255.0
2012-10-06 03:00:00.000039936,20.576,79.636,115.75,3.3550914e-05,7.716,260.0
2012-10-06 06:00:00.000039936,20.576,83.34,115.75,3.3550914e-05,7.2016,265.0
2012-10-06 09:00:00.000039936,19.5472,79.636,115.75,3.3550914e-05,7.2016,270.0
