Time,Vmax,Rmax_IBT,R34,fcor,u_trans,v_trans
2009-10-11 06:00:00.000039936,25.720001,46.3,67.135,5.581132e-05,2.572,55.0
2009-10-11 09:00:00.000039936,27.2632,42.596,81.951004,5.6046403e-05,3.0864,65.0
2009-10-11 12:00:00.000039936,28.292,37.04,94.915,5.6516048e-05,3.0864,65.0
2009-10-11 15:00:00.000039936,28.292,37.04,94.915,5.698501e-05,3.0864,60.0
2009-10-11 18:00:00.000039936,28.292,37.04,94.915,5.7453286e-05,3.0864,60.0
2009-10-11 21:00:00.000039936,28.292,37.04,94.915,5.8154368e-05,3.6008,55.0
2009-10-12 00:00:00.000039936,28.292,37.04,94.915,5.8853857e-05,4.6296,50.0
2009-10-12 03:00:00.000039936,27.2632,42.596,98.619,5.9784e-05,5.6584,45.0
2009-10-12 06:00:00.000039936,25.720001,46.3,101.86,6.0711227e-05,7.2016,40.0
2009-10-12 09:00:00.000039936,24.6912,46.3,99.082,6.20965e-05,8.2304,40.0
2009-10-12 12:00:00.000039936,23.148,46.3,94.915,6.3474974e-05,8.744801,45.0
2009-10-12 15:00:00.000039936,23.148,46.3,93.989,6.4846485e-05,9.7736,45.0
2009-10-12 18:00:00.000039936,23.148,46.3,92.6,6.621089e-05,11.8312,50.0
2009-10-12 21:00:00.000039936,23.148,46.3,94.452,6.801876e-05,13.8888,50.0
2009-10-13 00:00:00.000039936,23.148,46.3,94.91499,7.003676e-05,14.917601,50.0
2009-10-13 03:00:00.000039936,22.1192,46.3,94.91499,7.2037474e-05,14.917601,50.0
