Time,Vmax,Rmax_IBT,R34,fcor,u_trans,v_trans
2016-09-29 06:00:00.000039936,18.004,46.3,97.23,3.5529305e-05,6.6872,260.0
2016-09-29 09:00:00.000039936,19.5472,51.856,99.545,3.5282377e-05,6.6872,260.0
2016-09-29 12:00:00.000039936,20.576,55.56,101.86,3.5035337e-05,6.1728,260.0
2016-09-29 15:00:00.000039936,22.1192,55.56,111.119995,3.454095e-05,5.144,260.0
2016-09-29 18:00:00.000039936,23.148,55.56,120.38,3.4293596e-05,5.144,265.0
2016-09-29 21:00:00.000039936,23.148,55.56,120.38,3.404614e-05,5.144,275.0
2016-09-30 00:00:00.000039936,23.148,55.56,120.38,3.404614e-05,4.6296,285.0
2016-09-30 03:00:00.000039936,23.148,55.56,125.01,3.454095e-05,4.6296,300.0
2016-09-30 06:00:00.000039936,23.148,55.56,129.64,3.5282377e-05,5.144,310.0
2016-09-30 09:00:00.000039936,24.6912,55.56,129.64,3.6022833e-05,5.144,320.0
2016-09-30 12:00:00.000039936,25.720001,55.56,129.64,3.700857e-05,5.144,315.0
2016-09-30 15:00:00.000039936,25.720001,55.56,134.26999,3.7746686e-05,5.144,310.0
2016-09-30 18:00:00.000039936,25.720001,55.56,138.9,3.8483773e-05,4.6296,310.0
2016-09-30 21:00:00.000039936,27.2632,55.56,141.215,3.897458e-05,4.6296,315.0
2016-10-01 00:00:00.000039936,28.292,55.56,143.53,3.9709896e-05,5.144,315.0
2016-10-01 03:00:00.000039936,29.835201,42.596,143.53,4.093299e-05,6.1728,320.0
2016-10-01 06:00:00.000039936,30.864,27.78,143.53,4.2152973e-05,6.1728,315.0
2016-10-01 09:00:00.000039936,34.979202,27.78,143.53,4.3126656e-05,6.1728,310.0
2016-10-01 12:00:00.000039936,38.58,27.78,143.53,4.409823e-05,6.1728,310.0
2016-10-01 15:00:00.000039936,42.6952,27.78,145.845,4.506766e-05,6.6872,315.0
2016-10-01 18:00:00.000039936,46.296,27.78,148.16,4.627635e-05,7.716,315.0
2016-10-01 21:00:00.000039936,51.440002,20.372,148.16,4.7722115e-05,8.2304,315.0
2016-10-02 00:00:00.000039936,56.584,12.964,148.16,4.916265e-05,8.2304,315.0
2016-10-02 03:00:00.000039936,58.1272,12.964,148.16,5.059779e-05,8.2304,315.0
2016-10-02 06:00:00.000039936,59.156002,12.964,148.16,5.178951e-05,7.716,315.0
2016-10-02 09:00:00.000039936,59.156002,12.964,152.79001,5.2977284e-05,7.2016,315.0
2016-10-02 12:00:00.000039936,59.156002,12.964,157.42,5.4161024e-05,7.2016,315.0
2016-10-02 15:00:00.000039936,61.728,18.52,162.05,5.5340646e-05,6.6872,320.0
2016-10-02 18:00:00.000039936,64.3,22.223999,166.68,5.6516048e-05,6.6872,325.0
2016-10-02 21:00:00.000039936,66.872,20.372,166.68,5.768715e-05,6.1728,330.0
2016-10-03 00:00:00.000039936,69.444,18.52,166.68,5.9086666e-05,6.6872,330.0
2016-10-03 03:00:00.000039936,73.559204,18.52,171.31,6.0479695e-05,6.6872,335.0
2016-10-03 06:00:00.000039936,77.16,18.52,175.94,6.1635496e-05,5.144,340.0
2016-10-03 09:00:00.000039936,74.588,18.52,185.2,6.278661e-05,4.6296,345.0
2016-10-03 12:00:00.000039936,72.016,18.52,194.46,6.370404e-05,4.6296,345.0
2016-10-03 15:00:00.000039936,70.9872,20.372,196.77501,6.461839e-05,5.144,345.0
2016-10-03 18:00:00.000039936,69.444,22.223999,199.09001,6.575688e-05,5.6584,345.0
2016-10-03 21:00:00.000039936,66.872,22.223999,210.66501,6.689037e-05,5.6584,350.0
2016-10-04 00:00:00.000039936,64.3,22.223999,222.24,6.8243826e-05,6.6872,350.0
2016-10-04 03:00:00.000039936,61.728,20.372,226.87,7.003676e-05,8.2304,355.0
2016-10-04 06:00:00.000039936,59.156002,18.52,231.5,7.181604e-05,8.2304,355.0
2016-10-04 09:00:00.000039936,54.012,24.076,231.5,7.314133e-05,8.2304,355.0
2016-10-04 12:00:00.000039936,48.868,27.78,231.5,7.467736e-05,8.744801,10.0
2016-10-04 15:00:00.000039936,46.296,27.78,240.76,7.641916e-05,9.2592,20.0
2016-10-04 18:00:00.000039936,43.724,27.78,250.01999,7.8360856e-05,9.7736,30.0
2016-10-04 21:00:00.000039936,40.1232,33.336,259.28,8.028322e-05,10.802401,35.0
2016-10-05 00:00:00.000039936,36.008,37.04,268.54,8.2185776e-05,12.860001,45.0
2016-10-05 03:00:00.000039936,32.4072,55.56,254.65001,8.427592e-05,15.432,55.0
2016-10-05 06:00:00.000039936,28.292,74.08,240.76001,8.613512e-05,20.0616,60.0
