Time,Vmax,Rmax_IBT,R34,fcor,u_trans,v_trans
2015-09-23 00:00:00.000039936,18.004,74.08,145.845,4.458322e-05,6.1728,285.0
2015-09-23 03:00:00.000039936,18.004,74.08,145.845,4.4825505e-05,6.1728,285.0
2015-09-23 06:00:00.000039936,18.004,74.08,145.845,4.5309676e-05,5.6584,285.0
2015-09-23 09:00:00.000039936,20.576,74.08,147.69699,4.5551555e-05,4.6296,285.0
2015-09-23 12:00:00.000039936,23.148,74.08,148.16,4.5793287e-05,3.6008,285.0
2015-09-23 15:00:00.000039936,23.148,74.08,148.16,4.6034886e-05,3.0864,285.0
2015-09-23 18:00:00.000039936,23.148,74.08,148.16,4.627635e-05,2.572,285.0
2015-09-23 21:00:00.000039936,24.6912,70.376,159.735,4.627635e-05,2.572,285.0
2015-09-24 00:00:00.000039936,25.720001,64.82,171.31,4.627635e-05,2.572,285.0
2015-09-24 03:00:00.000039936,25.720001,61.116,171.31,4.627635e-05,2.0576,290.0
2015-09-24 06:00:00.000039936,25.720001,55.56,171.31,4.651767e-05,2.0576,290.0
2015-09-24 09:00:00.000039936,27.2632,51.856,178.718,4.675884e-05,1.5432,290.0
2015-09-24 12:00:00.000039936,28.292,46.3,185.20001,4.6999867e-05,1.5432,305.0
2015-09-24 15:00:00.000039936,29.835201,51.856,185.20001,4.7240763e-05,1.5432,320.0
2015-09-24 18:00:00.000039936,30.864,55.56,185.20001,4.748151e-05,1.5432,325.0
2015-09-24 21:00:00.000039936,32.4072,42.596,194.45999,4.748151e-05,1.5432,325.0
2015-09-25 00:00:00.000039936,33.436,27.78,203.72,4.7722115e-05,1.5432,315.0
2015-09-25 03:00:00.000039936,36.008,27.78,203.72,4.796257e-05,2.0576,315.0
2015-09-25 06:00:00.000039936,38.58,27.78,203.72,4.8202877e-05,2.572,310.0
2015-09-25 09:00:00.000039936,40.1232,27.78,205.10901,4.868306e-05,2.572,310.0
2015-09-25 12:00:00.000039936,41.152,27.78,206.035,4.916265e-05,2.572,320.0
2015-09-25 15:00:00.000039936,42.6952,35.188,200.47902,4.9880902e-05,3.0864,325.0
2015-09-25 18:00:00.000039936,43.724,40.744,194.46,5.083645e-05,4.1152,320.0
2015-09-25 21:00:00.000039936,45.2672,38.892,223.62901,5.155148e-05,4.6296,320.0
2015-09-26 00:00:00.000039936,46.296,37.04,252.33499,5.22651e-05,4.6296,320.0
2015-09-26 03:00:00.000039936,47.8392,38.892,252.33499,5.2977284e-05,4.6296,315.0
2015-09-26 06:00:00.000039936,48.868,40.744,252.33499,5.3688025e-05,4.6296,310.0
2015-09-26 09:00:00.000039936,51.440002,44.447998,252.33499,5.4161024e-05,4.6296,300.0
2015-09-26 12:00:00.000039936,54.012,46.3,252.33499,5.4633376e-05,4.1152,290.0
2015-09-26 15:00:00.000039936,59.156002,44.447998,260.669,5.4869302e-05,3.6008,285.0
2015-09-26 18:00:00.000039936,64.3,40.744,268.54,5.4869302e-05,3.0864,285.0
2015-09-26 21:00:00.000039936,64.3,40.744,297.70898,5.510506e-05,3.0864,285.0
2015-09-27 00:00:00.000039936,64.3,40.744,326.41498,5.5340646e-05,3.6008,280.0
2015-09-27 03:00:00.000039936,64.3,46.3,331.04498,5.5576067e-05,3.6008,285.0
2015-09-27 06:00:00.000039936,64.3,50.004,335.675,5.581132e-05,4.1152,290.0
2015-09-27 09:00:00.000039936,64.3,50.004,335.675,5.6046403e-05,4.1152,285.0
2015-09-27 12:00:00.000039936,64.3,50.004,335.675,5.6281307e-05,4.6296,285.0
2015-09-27 15:00:00.000039936,65.8432,48.152,293.542,5.6516048e-05,4.6296,285.0
2015-09-27 18:00:00.000039936,66.872,46.3,250.02,5.698501e-05,5.144,285.0
2015-09-27 21:00:00.000039936,65.8432,48.152,241.22299,5.7453286e-05,5.144,290.0
2015-09-28 00:00:00.000039936,64.3,50.004,231.5,5.7920843e-05,5.144,300.0
2015-09-28 03:00:00.000039936,63.271202,44.447998,231.5,5.862087e-05,6.1728,305.0
2015-09-28 06:00:00.000039936,61.728,37.04,231.5,5.9319285e-05,7.2016,295.0
2015-09-28 09:00:00.000039936,61.728,37.04,231.5,6.0247978e-05,8.2304,275.0
