Time,Vmax,Rmax_IBT,R34,fcor,u_trans,v_trans
2001-09-18 12:00:00.000040448,25.720001,37.04,129.64,6.734234e-05,6.6872,345.0
2001-09-18 15:00:00.000040448,27.2632,42.596,129.64,6.8917754e-05,6.6872,345.0
2001-09-18 18:00:00.000040448,28.292,46.3,129.64,7.048288e-05,6.1728,350.0
2001-09-18 21:00:00.000040448,30.864,46.3,148.16,7.181604e-05,5.144,355.0
2001-09-19 00:00:00.000040448,33.436,46.3,166.68001,7.2921e-05,5.144,5.0
2001-09-19 03:00:00.000040448,33.436,37.04,152.79,7.402041e-05,5.144,10.0
2001-09-19 06:00:00.000040448,33.436,27.78,138.9,7.4895885e-05,5.144,20.0
2001-09-19 09:00:00.000040448,33.436,27.78,138.9,7.5985095e-05,5.144,30.0
2001-09-19 12:00:00.000040448,33.436,27.78,138.9,7.6852295e-05,5.144,30.0
2001-09-19 15:00:00.000040448,33.436,33.336,138.9,7.771575e-05,5.6584,40.0
2001-09-19 18:00:00.000040448,33.436,37.04,138.9,7.85754e-05,5.6584,45.0
2001-09-19 21:00:00.000040448,34.979202,37.04,138.9,7.943125e-05,6.1728,50.0
2001-09-20 00:00:00.000040448,36.008,37.04,138.9,8.028322e-05,6.6872,55.0
2001-09-20 03:00:00.000040448,36.008,46.3,138.9,8.113127e-05,7.716,55.0
2001-09-20 06:00:00.000040448,36.008,55.56,138.9,8.197536e-05,7.716,60.0
2001-09-20 09:00:00.000040448,36.008,42.596,138.9,8.2605824e-05,7.716,60.0
2001-09-20 12:00:00.000040448,36.008,27.78,138.9,8.34429e-05,8.744801,60.0
2001-09-20 15:00:00.000040448,37.5512,27.78,138.9,8.448353e-05,10.802401,55.0
2001-09-20 18:00:00.000040448,38.58,27.78,138.9,8.592957e-05,11.8312,55.0
2001-09-20 21:00:00.000040448,38.58,27.78,138.9,8.7362794e-05,13.8888,55.0
2001-09-21 00:00:00.000040448,38.58,27.78,138.9,8.9186324e-05,16.4608,50.0
2001-09-21 03:00:00.000040448,37.5512,33.336,153.253,9.138516e-05,19.5472,50.0
2001-09-21 06:00:00.000040448,36.008,37.04,166.68,9.3940274e-05,22.6336,55.0
2001-09-21 09:00:00.000040448,34.979202,46.3,163.439,9.644705e-05,25.2056,50.0
