Time,Vmax,Rmax_IBT,R34,fcor,u_trans,v_trans
2006-10-27 12:00:00.000039936,23.148,55.56,76.395004,3.404614e-05,5.144,300.0
2006-10-27 15:00:00.000039936,27.2632,46.3,100.007996,3.454095e-05,5.6584,300.0
2006-10-27 18:00:00.000039936,30.864,37.04,122.69499,3.5035337e-05,5.6584,295.0
2006-10-27 21:00:00.000039936,30.864,33.336,128.25099,3.5529305e-05,5.144,290.0
2006-10-28 00:00:00.000039936,30.864,27.78,131.95499,3.6022833e-05,5.144,295.0
2006-10-28 03:00:00.000039936,33.436,24.076,141.678,3.651592e-05,5.144,300.0
2006-10-28 06:00:00.000039936,36.008,18.52,150.475,3.700857e-05,5.144,300.0
2006-10-28 09:00:00.000039936,41.152,18.52,165.291,3.7746686e-05,4.6296,300.0
2006-10-28 12:00:00.000039936,46.296,18.52,178.255,3.8483773e-05,4.1152,300.0
2006-10-28 15:00:00.000039936,52.9832,24.076,188.90399,3.897458e-05,4.1152,295.0
2006-10-28 18:00:00.000039936,59.156002,27.78,199.09,3.9219805e-05,4.6296,295.0
2006-10-28 21:00:00.000039936,60.6992,27.78,203.72,3.9709896e-05,5.144,290.0
2006-10-29 00:00:00.000039936,61.728,27.78,208.35,4.0199502e-05,5.6584,285.0
2006-10-29 03:00:00.000039936,66.872,24.076,226.40698,4.0444127e-05,5.6584,285.0
2006-10-29 06:00:00.000039936,72.016,18.52,243.07501,4.0688625e-05,5.144,285.0
2006-10-29 09:00:00.000039936,72.016,14.816,235.204,4.093299e-05,5.144,280.0
2006-10-29 12:00:00.000039936,72.016,9.26,226.87001,4.1177245e-05,5.6584,280.0
