Time,Vmax,Rmax_IBT,R34,fcor,u_trans,v_trans
2014-12-01 12:00:00.000039936,20.576,74.08,74.08,1.3978337e-05,8.744801,285.0
2014-12-01 15:00:00.000039936,22.1192,64.82,81.488,1.4484991e-05,9.2592,285.0
2014-12-01 18:00:00.000039936,23.148,55.56,87.97,1.4991469e-05,9.7736,275.0
2014-12-01 21:00:00.000039936,25.720001,37.04,101.397,1.4991469e-05,9.7736,270.0
2014-12-02 00:00:00.000039936,28.292,18.52,113.435,1.4991469e-05,9.7736,275.0
2014-12-02 03:00:00.000039936,29.835201,18.52,128.71399,1.524464e-05,9.7736,275.0
2014-12-02 06:00:00.000039936,30.864,18.52,143.53,1.5497764e-05,8.744801,275.0
2014-12-02 09:00:00.000039936,33.436,18.52,155.105,1.5497764e-05,8.2304,270.0
2014-12-02 12:00:00.000039936,36.008,18.52,166.68,1.5750842e-05,7.716,280.0
2014-12-02 15:00:00.000039936,40.1232,18.52,175.014,1.600387e-05,7.716,285.0
2014-12-02 18:00:00.000039936,43.724,18.52,182.88501,1.6762664e-05,8.2304,295.0
2014-12-02 21:00:00.000039936,45.2672,18.52,187.51498,1.777367e-05,9.2592,300.0
2014-12-03 00:00:00.000039936,46.296,18.52,192.14499,1.9036203e-05,10.288,295.0
2014-12-03 03:00:00.000039936,48.868,18.52,192.14499,2.0045187e-05,10.288,290.0
2014-12-03 06:00:00.000039936,51.440002,18.52,192.14499,2.1053198e-05,10.288,285.0
2014-12-03 09:00:00.000039936,54.012,18.52,192.14499,2.1556822e-05,9.2592,285.0
2014-12-03 12:00:00.000039936,56.584,18.52,192.14499,2.206018e-05,8.744801,285.0
2014-12-03 15:00:00.000039936,61.728,18.52,192.60799,2.2563274e-05,8.2304,290.0
2014-12-03 18:00:00.000039936,66.872,18.52,192.14499,2.3317392e-05,8.2304,290.0
2014-12-03 21:00:00.000039936,73.559204,24.076,192.14499,2.4070872e-05,7.716,290.0
2014-12-04 00:00:00.000039936,79.732,27.78,192.145,2.4823696e-05,8.2304,290.0
2014-12-04 03:00:00.000039936,79.732,25.928,201.868,2.5575835e-05,7.716,295.0
2014-12-04 06:00:00.000039936,79.732,22.223999,210.665,2.6327272e-05,7.2016,295.0
2014-12-04 09:00:00.000039936,78.7032,20.372,216.68399,2.707799e-05,6.1728,300.0
2014-12-04 12:00:00.000039936,77.16,18.52,222.23999,2.7827968e-05,5.6584,300.0
2014-12-04 15:00:00.000039936,76.1312,18.52,247.705,2.8327528e-05,5.144,295.0
2014-12-04 18:00:00.000039936,74.588,18.52,273.16998,2.882674e-05,4.1152,290.0
2014-12-04 21:00:00.000039936,73.559204,24.076,261.595,2.9325609e-05,3.6008,290.0
2014-12-05 00:00:00.000039936,72.016,27.78,250.02,2.9574905e-05,3.6008,290.0
2014-12-05 03:00:00.000039936,70.9872,24.076,231.5,2.9824112e-05,3.6008,290.0
2014-12-05 06:00:00.000039936,69.444,18.52,212.98001,3.0073232e-05,3.0864,285.0
2014-12-05 09:00:00.000039936,68.4152,24.076,212.98001,3.0322259e-05,2.572,280.0
2014-12-05 12:00:00.000039936,66.872,27.78,212.98001,3.0322259e-05,2.572,275.0
2014-12-05 15:00:00.000039936,65.8432,33.336,220.388,3.0322259e-05,2.572,275.0
2014-12-05 18:00:00.000039936,64.3,37.04,226.87,3.0322259e-05,2.572,270.0
2014-12-05 21:00:00.000039936,63.271202,35.188,222.23999,3.0322259e-05,3.0864,270.0
2014-12-06 00:00:00.000039936,61.728,31.484,217.61,3.0322259e-05,3.6008,275.0
2014-12-06 03:00:00.000039936,60.6992,35.188,217.61,3.0322259e-05,4.1152,275.0
2014-12-06 06:00:00.000039936,59.156002,37.04,217.61,3.0322259e-05,3.6008,270.0
2014-12-06 09:00:00.000039936,58.1272,37.04,217.61,3.0322259e-05,3.6008,260.0
2014-12-06 12:00:00.000039936,56.584,37.04,217.61,3.0322259e-05,3.0864,260.0
2014-12-06 15:00:00.000039936,54.012,37.04,217.61,3.0073232e-05,3.0864,260.0
