Time,Vmax,Rmax_IBT,R34,fcor,u_trans,v_trans
2018-08-16 00:00:00.000039936,18.004,101.86,101.86,3.8238195e-05,9.2592,335.0
2018-08-16 03:00:00.000039936,20.576,92.6,129.64001,4.0199502e-05,9.7736,340.0
2018-08-16 06:00:00.000039936,23.148,83.34,157.42,4.2152973e-05,9.2592,340.0
2018-08-16 09:00:00.000039936,25.720001,74.08,171.31,4.409823e-05,8.2304,340.0
2018-08-16 12:00:00.000039936,28.292,64.82,185.20001,4.627635e-05,8.2304,345.0
2018-08-16 15:00:00.000039936,29.835201,70.376,194.45999,4.8202877e-05,8.2304,350.0
2018-08-16 18:00:00.000039936,30.864,74.08,203.72,5.035898e-05,8.2304,345.0
2018-08-16 21:00:00.000039936,32.4072,64.82,206.035,5.250265e-05,8.2304,340.0
2018-08-17 00:00:00.000039936,33.436,55.56,208.35,5.4633376e-05,8.2304,340.0
2018-08-17 03:00:00.000039936,36.008,51.856,210.665,5.6281307e-05,7.716,345.0
2018-08-17 06:00:00.000039936,38.58,46.3,212.98,5.7453286e-05,6.1728,345.0
2018-08-17 09:00:00.000039936,40.1232,37.04,217.61,5.8154368e-05,4.1152,345.0
2018-08-17 12:00:00.000039936,41.152,27.78,222.24,5.862087e-05,3.0864,345.0
2018-08-17 15:00:00.000039936,43.724,27.78,229.185,5.9319285e-05,2.572,350.0
2018-08-17 18:00:00.000039936,46.296,27.78,236.13,6.0016075e-05,2.0576,355.0
2018-08-17 21:00:00.000039936,47.8392,27.78,238.445,6.0479695e-05,1.5432,5.0
2018-08-18 00:00:00.000039936,48.868,27.78,240.76001,6.0711227e-05,1.5432,10.0
2018-08-18 03:00:00.000039936,51.440002,27.78,245.39001,6.0942573e-05,1.0288,5.0
2018-08-18 06:00:00.000039936,54.012,27.78,250.01999,6.1173734e-05,0.5144,345.0
2018-08-18 09:00:00.000039936,51.440002,27.78,250.01999,6.14047e-05,0.5144,305.0
2018-08-18 12:00:00.000039936,48.868,27.78,250.01999,6.14047e-05,1.0288,295.0
2018-08-18 15:00:00.000039936,47.8392,33.336,250.01999,6.1635496e-05,1.0288,290.0
2018-08-18 18:00:00.000039936,46.296,37.04,250.01999,6.1635496e-05,2.0576,285.0
2018-08-18 21:00:00.000039936,46.296,35.188,252.33499,6.1635496e-05,2.572,280.0
2018-08-19 00:00:00.000039936,46.296,31.484,254.65,6.1635496e-05,2.572,280.0
2018-08-19 03:00:00.000039936,45.2672,31.484,254.65,6.1635496e-05,2.0576,280.0
2018-08-19 06:00:00.000039936,43.724,31.484,254.65,6.1635496e-05,2.0576,280.0
2018-08-19 09:00:00.000039936,42.6952,31.484,259.28,6.186609e-05,2.572,285.0
2018-08-19 12:00:00.000039936,41.152,31.484,263.90997,6.20965e-05,3.6008,290.0
2018-08-19 15:00:00.000039936,43.724,44.447998,263.90997,6.2326726e-05,4.1152,295.0
2018-08-19 18:00:00.000039936,46.296,55.56,263.90997,6.278661e-05,4.1152,290.0
2018-08-19 21:00:00.000039936,47.8392,64.82,266.22498,6.3016254e-05,4.1152,285.0
2018-08-20 00:00:00.000039936,48.868,74.08,268.53998,6.3474974e-05,4.1152,285.0
2018-08-20 03:00:00.000039936,50.4112,74.08,273.16998,6.370404e-05,4.6296,290.0
2018-08-20 06:00:00.000039936,51.440002,74.08,277.8,6.416161e-05,5.144,290.0
2018-08-20 09:00:00.000039936,51.440002,61.116,280.115,6.461839e-05,5.144,290.0
2018-08-20 12:00:00.000039936,51.440002,46.3,282.43,6.507438e-05,5.6584,295.0
2018-08-20 15:00:00.000039936,52.9832,48.152,289.375,6.552959e-05,6.1728,300.0
2018-08-20 18:00:00.000039936,54.012,50.004,296.32,6.621089e-05,6.1728,300.0
2018-08-20 21:00:00.000039936,52.9832,50.004,298.635,6.689037e-05,6.1728,300.0
2018-08-21 00:00:00.000039936,51.440002,50.004,300.95,6.7793495e-05,6.1728,305.0
2018-08-21 03:00:00.000039936,50.4112,53.708,300.95,6.869332e-05,6.6872,305.0
2018-08-21 06:00:00.000039936,48.868,55.56,300.95,6.936598e-05,6.6872,305.0
2018-08-21 09:00:00.000039936,47.8392,55.56,300.95,7.003676e-05,6.1728,300.0
2018-08-21 12:00:00.000039936,46.296,55.56,300.95,7.07056e-05,6.1728,305.0
2018-08-21 15:00:00.000039936,47.8392,61.116,300.95,7.159438e-05,6.6872,305.0
2018-08-21 18:00:00.000039936,48.868,64.82,300.95,7.247968e-05,6.1728,305.0
2018-08-21 21:00:00.000039936,47.8392,62.968,294.005,7.314133e-05,5.6584,305.0
2018-08-22 00:00:00.000039936,46.296,59.264,287.06,7.380098e-05,5.144,310.0
2018-08-22 03:00:00.000039936,45.2672,59.264,280.115,7.4458614e-05,5.144,315.0
2018-08-22 06:00:00.000039936,43.724,59.264,273.16998,7.511419e-05,5.6584,325.0
2018-08-22 09:00:00.000039936,42.6952,57.412,266.225,7.5985095e-05,5.144,325.0
2018-08-22 12:00:00.000039936,41.152,55.56,259.28,7.6852295e-05,4.6296,325.0
2018-08-22 15:00:00.000039936,40.1232,61.116,259.28,7.750023e-05,4.1152,325.0
2018-08-22 18:00:00.000039936,38.58,64.82,259.28,7.814606e-05,3.0864,335.0
2018-08-22 21:00:00.000039936,36.008,70.376,254.65,7.85754e-05,2.572,345.0
2018-08-23 00:00:00.000039936,33.436,74.08,250.01999,7.921766e-05,3.0864,0.0
2018-08-23 03:00:00.000039936,32.4072,79.636,250.01999,7.9857724e-05,3.0864,15.0
2018-08-23 06:00:00.000039936,30.864,83.34,250.01999,8.070772e-05,3.6008,25.0
2018-08-23 09:00:00.000039936,28.292,83.34,240.76001,8.176471e-05,4.6296,30.0
2018-08-23 12:00:00.000039936,25.720001,83.34,231.5,8.302487e-05,6.1728,35.0
