Time,Vmax,Rmax_IBT,R34,fcor,u_trans,v_trans
2001-09-19 18:00:00.000040448,18.004,92.6,87.97,3.7500762e-05,5.144,290.0
2001-09-19 21:00:00.000040448,18.004,92.6,87.97,3.7992504e-05,5.6584,295.0
2001-09-20 00:00:00.000040448,18.004,92.6,87.97,3.872924e-05,6.1728,295.0
2001-09-20 03:00:00.000040448,18.004,79.636,87.97,3.9219805e-05,6.1728,295.0
2001-09-20 06:00:00.000040448,18.004,64.82,87.97,3.995476e-05,6.6872,300.0
2001-09-20 09:00:00.000040448,20.576,64.82,116.213005,4.093299e-05,7.716,300.0
2001-09-20 12:00:00.000040448,23.148,64.82,143.53,4.1909232e-05,8.744801,300.0
2001-09-20 15:00:00.000040448,24.6912,61.116,146.308,4.3126656e-05,9.2592,300.0
2001-09-20 18:00:00.000040448,25.720001,55.56,148.16,4.409823e-05,9.2592,295.0
2001-09-20 21:00:00.000040448,27.2632,55.56,148.16,4.506766e-05,8.2304,290.0
2001-09-21 00:00:00.000040448,28.292,55.56,148.16,4.5551555e-05,7.2016,290.0
2001-09-21 03:00:00.000040448,29.835201,55.56,148.16,4.5793287e-05,6.1728,290.0
2001-09-21 06:00:00.000040448,30.864,55.56,148.16,4.6034886e-05,6.1728,295.0
2001-09-21 09:00:00.000040448,32.4072,55.56,167.143,4.6999867e-05,6.1728,300.0
2001-09-21 12:00:00.000040448,33.436,55.56,185.2,4.796257e-05,5.6584,305.0
2001-09-21 15:00:00.000040448,36.008,61.116,190.756,4.892293e-05,5.6584,310.0
2001-09-21 18:00:00.000040448,38.58,64.82,194.46,4.9880902e-05,6.1728,310.0
2001-09-21 21:00:00.000040448,40.1232,64.82,220.388,5.083645e-05,6.6872,310.0
2001-09-22 00:00:00.000040448,41.152,64.82,245.39,5.178951e-05,5.6584,315.0
2001-09-22 03:00:00.000040448,42.6952,64.82,243.075,5.250265e-05,4.6296,320.0
2001-09-22 06:00:00.000040448,43.724,64.82,240.76,5.345127e-05,5.144,330.0
2001-09-22 09:00:00.000040448,45.2672,51.856,240.76,5.4633376e-05,5.6584,340.0
2001-09-22 12:00:00.000040448,46.296,37.04,240.76,5.581132e-05,5.6584,340.0
2001-09-22 15:00:00.000040448,46.296,37.04,240.76,5.698501e-05,5.144,335.0
2001-09-22 18:00:00.000040448,46.296,37.04,240.76,5.8154368e-05,5.6584,340.0
2001-09-22 21:00:00.000040448,46.296,37.04,240.76,5.9319285e-05,5.6584,345.0
2001-09-23 00:00:00.000040448,46.296,37.04,240.76,6.0479695e-05,5.6584,340.0
2001-09-23 03:00:00.000040448,46.296,37.04,250.01999,6.1635496e-05,5.6584,340.0
2001-09-23 06:00:00.000040448,46.296,37.04,259.28,6.278661e-05,4.6296,345.0
2001-09-23 09:00:00.000040448,48.868,37.04,254.65,6.370404e-05,4.1152,355.0
2001-09-23 12:00:00.000040448,51.440002,37.04,250.01999,6.461839e-05,4.1152,0.0
2001-09-23 15:00:00.000040448,51.440002,37.04,250.01999,6.552959e-05,4.6296,5.0
2001-09-23 18:00:00.000040448,51.440002,37.04,250.01999,6.666408e-05,5.144,10.0
2001-09-23 21:00:00.000040448,51.440002,37.04,250.01999,6.801876e-05,6.1728,10.0
2001-09-24 00:00:00.000040448,51.440002,37.04,250.01999,6.936598e-05,6.6872,10.0
2001-09-24 03:00:00.000040448,50.4112,37.04,250.01999,7.092813e-05,7.2016,10.0
2001-09-24 06:00:00.000040448,48.868,37.04,250.01999,7.270045e-05,7.716,15.0
2001-09-24 09:00:00.000040448,46.296,37.04,250.01999,7.4458614e-05,8.2304,10.0
2001-09-24 12:00:00.000040448,43.724,37.04,250.01999,7.620224e-05,9.2592,5.0
2001-09-24 15:00:00.000040448,40.1232,37.04,244.46399,7.814606e-05,10.288,355.0
2001-09-24 18:00:00.000040448,36.008,37.04,238.44499,8.028322e-05,10.288,355.0
2001-09-24 21:00:00.000040448,34.979202,46.3,240.76,8.2185776e-05,10.288,355.0
2001-09-25 00:00:00.000040448,33.436,55.56,243.075,8.427592e-05,10.288,10.0
2001-09-25 03:00:00.000040448,32.4072,55.56,216.68399,8.613512e-05,11.3168,25.0
2001-09-25 06:00:00.000040448,30.864,55.56,189.82999,8.8175955e-05,13.3744,40.0
2001-09-25 09:00:00.000040448,29.835201,55.56,189.82999,9.058944e-05,15.9464,45.0
