Time,Vmax,Rmax_IBT,R34,fcor,u_trans,v_trans
2020-10-28 18:00:00.000039936,23.148,55.56,94.915,4.1909232e-05,4.6296,270.0
2020-10-28 21:00:00.000039936,25.720001,46.3,100.007996,4.1909232e-05,5.144,270.0
2020-10-29 00:00:00.000039936,28.292,37.04,104.175,4.1909232e-05,5.144,270.0
2020-10-29 03:00:00.000039936,32.4072,37.04,103.249,4.2152973e-05,5.144,270.0
2020-10-29 06:00:00.000039936,36.008,37.04,101.86,4.2152973e-05,5.6584,270.0
2020-10-29 09:00:00.000039936,40.1232,27.78,100.934006,4.1909232e-05,6.1728,270.0
2020-10-29 12:00:00.000039936,43.724,18.52,99.545,4.1665367e-05,6.1728,260.0
2020-10-29 15:00:00.000039936,51.440002,16.668,100.934006,4.1177245e-05,5.6584,260.0
2020-10-29 18:00:00.000039936,59.156002,12.964,101.86,4.093299e-05,4.6296,260.0
2020-10-29 21:00:00.000039936,63.271202,11.1119995,100.007996,4.093299e-05,3.6008,265.0
2020-10-30 00:00:00.000039936,66.872,9.26,97.229996,4.093299e-05,4.6296,270.0
2020-10-30 03:00:00.000039936,69.444,9.26,96.304,4.093299e-05,5.6584,270.0
2020-10-30 06:00:00.000039936,72.016,9.26,94.91501,4.093299e-05,4.6296,265.0
2020-10-30 09:00:00.000039936,74.588,9.26,95.378,4.0688625e-05,3.6008,250.0
2020-10-30 12:00:00.000039936,77.16,9.26,94.915,4.0444127e-05,4.1152,250.0
2020-10-30 15:00:00.000039936,78.7032,9.26,106.490005,4.0199502e-05,5.144,255.0
2020-10-30 18:00:00.000039936,79.732,9.26,118.064995,3.9709896e-05,5.6584,250.0
2020-10-30 21:00:00.000039936,81.2752,9.26,124.547,3.9219805e-05,6.1728,240.0
2020-10-31 00:00:00.000039936,82.304,9.26,129.64,3.8483773e-05,6.6872,240.0
2020-10-31 03:00:00.000039936,82.304,11.1119995,135.659,3.7746686e-05,6.6872,240.0
2020-10-31 06:00:00.000039936,82.304,12.964,141.215,3.700857e-05,6.6872,245.0
2020-10-31 09:00:00.000039936,83.8472,11.1119995,147.69699,3.626943e-05,6.1728,245.0
2020-10-31 12:00:00.000039936,84.876,9.26,152.79001,3.577612e-05,7.2016,250.0
2020-10-31 15:00:00.000039936,86.419205,9.26,158.34601,3.5035337e-05,7.716,250.0
2020-10-31 18:00:00.000039936,87.448,9.26,162.04999,3.4293596e-05,7.716,255.0
