Time,Vmax,Rmax_IBT,R34,fcor,u_trans,v_trans
2005-10-29 06:00:00.000039936,23.148,37.04,111.12,3.231108e-05,2.0576,295.0
2005-10-29 09:00:00.000039936,24.6912,33.336,123.158,3.2559245e-05,1.5432,305.0
2005-10-29 12:00:00.000039936,25.720001,27.78,134.26999,3.280731e-05,1.0288,0.0
2005-10-29 15:00:00.000039936,27.2632,27.78,134.733,3.305528e-05,2.0576,35.0
2005-10-29 18:00:00.000039936,28.292,27.78,134.26999,3.330315e-05,3.0864,20.0
2005-10-29 21:00:00.000039936,29.835201,24.076,137.974,3.404614e-05,3.6008,5.0
2005-10-30 00:00:00.000039936,30.864,18.52,141.215,3.47882e-05,2.572,325.0
2005-10-30 03:00:00.000039936,33.436,14.816,147.69699,3.5035337e-05,3.0864,285.0
2005-10-30 06:00:00.000039936,36.008,9.26,152.79,3.5035337e-05,2.0576,280.0
2005-10-30 09:00:00.000039936,37.5512,9.26,178.718,3.5529305e-05,1.5432,295.0
2005-10-30 12:00:00.000039936,38.58,9.26,203.72,3.577612e-05,1.5432,305.0
2005-10-30 15:00:00.000039936,40.1232,14.816,206.03499,3.577612e-05,1.5432,310.0
2005-10-30 18:00:00.000039936,41.152,18.52,208.35,3.577612e-05,1.0288,310.0
2005-10-30 21:00:00.000039936,41.152,18.52,206.035,3.577612e-05,1.0288,310.0
2005-10-31 00:00:00.000039936,41.152,18.52,203.72,3.577612e-05,1.5432,310.0
2005-10-31 03:00:00.000039936,42.6952,14.816,189.83002,3.6022833e-05,1.5432,305.0
2005-10-31 06:00:00.000039936,43.724,9.26,175.94,3.626943e-05,2.0576,295.0
2005-10-31 09:00:00.000039936,41.152,9.26,175.94,3.651592e-05,2.0576,290.0
2005-10-31 12:00:00.000039936,38.58,9.26,175.94,3.67623e-05,2.0576,290.0
2005-10-31 15:00:00.000039936,37.5512,9.26,182.88501,3.700857e-05,2.572,295.0
2005-10-31 18:00:00.000039936,36.008,9.26,189.82999,3.7500762e-05,3.0864,295.0
2005-10-31 21:00:00.000039936,34.979202,14.816,189.82999,3.7992504e-05,3.6008,295.0
2005-11-01 00:00:00.000039936,33.436,18.52,189.82999,3.8483773e-05,4.6296,295.0
2005-11-01 03:00:00.000039936,32.4072,27.78,175.94,3.897458e-05,4.6296,300.0
2005-11-01 06:00:00.000039936,30.864,37.04,162.04999,3.9709896e-05,4.6296,305.0
2005-11-01 09:00:00.000039936,30.864,37.04,163.439,4.0199502e-05,4.1152,315.0
2005-11-01 12:00:00.000039936,30.864,37.04,164.36499,4.093299e-05,4.1152,315.0
2005-11-01 15:00:00.000039936,29.835201,27.78,152.79,4.1665367e-05,4.6296,315.0
2005-11-01 18:00:00.000039936,28.292,18.52,141.215,4.2640077e-05,5.144,310.0
2005-11-01 21:00:00.000039936,27.2632,14.816,133.344,4.3369746e-05,5.6584,310.0
2005-11-02 00:00:00.000039936,25.720001,9.26,125.009995,4.4340795e-05,6.1728,310.0
