Time,Vmax,Rmax_IBT,R34,fcor,u_trans,v_trans
2013-09-30 18:00:00.000039936,18.004,46.3,64.82,3.5529305e-05,3.0864,315.0
2013-09-30 21:00:00.000039936,19.5472,46.3,64.82,3.6022833e-05,3.0864,325.0
2013-10-01 00:00:00.000039936,20.576,46.3,64.82,3.651592e-05,3.6008,330.0
2013-10-01 03:00:00.000039936,23.148,55.56,88.895996,3.7254722e-05,4.1152,335.0
2013-10-01 06:00:00.000039936,25.720001,64.82,111.12,3.8238195e-05,4.6296,345.0
2013-10-01 09:00:00.000039936,25.720001,64.82,129.64,3.9219805e-05,4.6296,350.0
2013-10-01 12:00:00.000039936,25.720001,64.82,148.16,4.0444127e-05,5.144,350.0
2013-10-01 15:00:00.000039936,27.2632,64.82,142.604,4.1665367e-05,5.6584,350.0
2013-10-01 18:00:00.000039936,28.292,64.82,136.58499,4.288343e-05,4.6296,335.0
2013-10-01 21:00:00.000039936,28.292,61.116,151.401,4.3612705e-05,4.1152,320.0
2013-10-02 00:00:00.000039936,28.292,55.56,164.36499,4.409823e-05,4.1152,320.0
2013-10-02 03:00:00.000039936,29.835201,55.56,164.36499,4.4825505e-05,4.1152,325.0
2013-10-02 06:00:00.000039936,30.864,55.56,164.36499,4.5793287e-05,3.6008,330.0
2013-10-02 09:00:00.000039936,30.864,55.56,173.625,4.651767e-05,3.0864,340.0
2013-10-02 12:00:00.000039936,30.864,55.56,182.88501,4.7240763e-05,3.0864,345.0
2013-10-02 15:00:00.000039936,30.864,55.56,182.88501,4.796257e-05,3.0864,350.0
2013-10-02 18:00:00.000039936,30.864,55.56,182.88501,4.868306e-05,3.0864,355.0
2013-10-02 21:00:00.000039936,30.864,55.56,218.53601,4.9402213e-05,2.572,0.0
2013-10-03 00:00:00.000039936,30.864,55.56,252.335,5.012002e-05,3.0864,360.0
2013-10-03 03:00:00.000039936,33.436,55.56,260.66898,5.083645e-05,3.0864,355.0
2013-10-03 06:00:00.000039936,36.008,55.56,268.54,5.131329e-05,3.0864,360.0
2013-10-03 09:00:00.000039936,36.008,55.56,268.54,5.178951e-05,2.572,5.0
2013-10-03 12:00:00.000039936,36.008,55.56,268.54,5.250265e-05,2.572,10.0
2013-10-03 15:00:00.000039936,38.58,44.447998,268.54,5.321436e-05,2.572,10.0
2013-10-03 18:00:00.000039936,41.152,31.484,268.54,5.3688025e-05,2.572,5.0
2013-10-03 21:00:00.000039936,41.152,31.484,287.523,5.4161024e-05,2.572,355.0
2013-10-04 00:00:00.000039936,41.152,31.484,305.58,5.4869302e-05,3.0864,350.0
2013-10-04 03:00:00.000039936,41.152,31.484,338.453,5.5340646e-05,3.0864,340.0
2013-10-04 06:00:00.000039936,41.152,31.484,370.4,5.6046403e-05,3.0864,335.0
2013-10-04 09:00:00.000039936,42.6952,31.484,347.713,5.6750614e-05,3.6008,330.0
2013-10-04 12:00:00.000039936,43.724,31.484,324.09998,5.7453286e-05,3.6008,315.0
2013-10-04 15:00:00.000039936,45.2672,37.04,324.09998,5.8154368e-05,4.1152,305.0
2013-10-04 18:00:00.000039936,46.296,40.744,324.09998,5.8853857e-05,4.6296,310.0
2013-10-04 21:00:00.000039936,46.296,38.892,324.09998,5.9551734e-05,5.144,310.0
2013-10-05 00:00:00.000039936,46.296,37.04,324.09998,6.0247978e-05,4.6296,305.0
2013-10-05 03:00:00.000039936,46.296,42.596,324.09998,6.0711227e-05,4.1152,295.0
2013-10-05 06:00:00.000039936,46.296,46.3,324.09998,6.0942573e-05,4.6296,295.0
2013-10-05 09:00:00.000039936,46.296,61.116,324.09998,6.14047e-05,4.6296,290.0
2013-10-05 12:00:00.000039936,46.296,74.08,324.09998,6.186609e-05,5.144,290.0
2013-10-05 15:00:00.000039936,45.2672,74.08,324.09998,6.2326726e-05,5.144,290.0
2013-10-05 18:00:00.000039936,43.724,74.08,324.09998,6.278661e-05,5.6584,285.0
2013-10-05 21:00:00.000039936,42.6952,74.08,322.248,6.278661e-05,5.6584,285.0
2013-10-06 00:00:00.000039936,41.152,74.08,319.47,6.3016254e-05,4.6296,290.0
2013-10-06 03:00:00.000039936,41.152,74.08,319.47,6.3474974e-05,4.6296,300.0
2013-10-06 06:00:00.000039936,41.152,74.08,319.47,6.416161e-05,5.6584,305.0
2013-10-06 09:00:00.000039936,40.1232,74.08,306.50598,6.507438e-05,6.6872,305.0
2013-10-06 12:00:00.000039936,38.58,74.08,291.69,6.5983986e-05,6.6872,295.0
2013-10-06 15:00:00.000039936,33.436,74.08,291.69,6.643758e-05,6.6872,285.0
