Time,Vmax,Rmax_IBT,R34,fcor,u_trans,v_trans
2019-10-19 03:00:00.000039936,18.004,55.56,34.725,2.6327272e-05,8.2304,285.0
2019-10-19 06:00:00.000039936,20.576,55.56,69.45,2.6827835e-05,7.2016,285.0
2019-10-19 09:00:00.000039936,22.1192,42.596,71.765,2.7328068e-05,6.1728,285.0
2019-10-19 12:00:00.000039936,23.148,27.78,74.08,2.7827968e-05,6.1728,280.0
2019-10-19 15:00:00.000039936,25.720001,37.04,81.024994,2.8327528e-05,6.6872,280.0
2019-10-19 18:00:00.000039936,28.292,46.3,87.97,2.857718e-05,6.1728,285.0
2019-10-19 21:00:00.000039936,29.835201,51.856,90.284996,2.9076216e-05,6.1728,290.0
2019-10-20 00:00:00.000039936,30.864,55.56,92.6,2.9574905e-05,5.6584,300.0
2019-10-20 03:00:00.000039936,32.4072,42.596,97.23,3.0073232e-05,5.6584,305.0
2019-10-20 06:00:00.000039936,33.436,27.78,101.86,3.0820032e-05,5.144,310.0
2019-10-20 09:00:00.000039936,34.979202,27.78,108.80499,3.131743e-05,4.6296,310.0
2019-10-20 12:00:00.000039936,36.008,27.78,115.75,3.206281e-05,4.6296,310.0
2019-10-20 15:00:00.000039936,37.5512,25.928,120.38,3.2559245e-05,4.6296,310.0
2019-10-20 18:00:00.000039936,38.58,22.223999,125.01,3.330315e-05,5.6584,310.0
2019-10-20 21:00:00.000039936,42.6952,16.668,125.01,3.4293596e-05,6.1728,310.0
2019-10-21 00:00:00.000039936,46.296,9.26,125.01,3.5282377e-05,5.144,315.0
2019-10-21 03:00:00.000039936,48.868,16.668,127.325005,3.626943e-05,4.1152,320.0
2019-10-21 06:00:00.000039936,51.440002,22.223999,129.64,3.700857e-05,4.6296,315.0
2019-10-21 09:00:00.000039936,54.012,22.223999,136.585,3.7746686e-05,5.6584,315.0
2019-10-21 12:00:00.000039936,56.584,22.223999,143.53,3.872924e-05,5.6584,315.0
2019-10-21 15:00:00.000039936,58.1272,18.52,150.475,3.9709896e-05,6.1728,320.0
2019-10-21 18:00:00.000039936,59.156002,12.964,157.42001,4.093299e-05,6.1728,315.0
2019-10-21 21:00:00.000039936,60.6992,11.1119995,164.365,4.1909232e-05,6.6872,310.0
2019-10-22 00:00:00.000039936,61.728,9.26,171.31,4.288343e-05,6.1728,320.0
2019-10-22 03:00:00.000039936,64.3,9.26,171.31,4.409823e-05,6.1728,330.0
2019-10-22 06:00:00.000039936,66.872,9.26,171.31,4.5551555e-05,6.6872,325.0
2019-10-22 09:00:00.000039936,72.016,9.26,171.31,4.675884e-05,6.6872,320.0
2019-10-22 12:00:00.000039936,69.444,9.26,171.31,4.796257e-05,6.1728,330.0
2019-10-22 15:00:00.000039936,66.872,9.26,175.94,4.9402213e-05,6.1728,340.0
2019-10-22 18:00:00.000039936,64.3,9.26,180.56999,5.083645e-05,7.2016,335.0
2019-10-22 21:00:00.000039936,61.728,9.26,182.885,5.250265e-05,7.716,330.0
2019-10-23 00:00:00.000039936,59.156002,9.26,185.2,5.392461e-05,7.2016,335.0
2019-10-23 03:00:00.000039936,56.584,14.816,192.145,5.5340646e-05,6.1728,345.0
2019-10-23 06:00:00.000039936,54.012,18.52,199.09,5.6516048e-05,5.6584,350.0
2019-10-23 09:00:00.000039936,54.012,24.076,199.09,5.7920843e-05,6.1728,355.0
2019-10-23 12:00:00.000039936,54.012,27.78,199.09,5.9319285e-05,6.6872,360.0
2019-10-23 15:00:00.000039936,54.012,20.372,210.66501,6.0942573e-05,7.716,360.0
2019-10-23 18:00:00.000039936,54.012,12.964,222.23999,6.255676e-05,7.2016,0.0
2019-10-23 21:00:00.000039936,51.440002,20.372,238.44499,6.416161e-05,7.2016,5.0
2019-10-24 00:00:00.000039936,48.868,27.78,254.65,6.575688e-05,7.2016,10.0
2019-10-24 03:00:00.000039936,47.8392,27.78,263.91,6.734234e-05,7.716,15.0
2019-10-24 06:00:00.000039936,46.296,27.78,273.16998,6.869332e-05,7.716,25.0
2019-10-24 09:00:00.000039936,46.296,27.78,273.16998,7.003676e-05,8.2304,35.0
2019-10-24 12:00:00.000039936,46.296,27.78,273.16998,7.137252e-05,8.744801,40.0
2019-10-24 15:00:00.000039936,43.724,33.336,280.115,7.2921e-05,9.2592,40.0
2019-10-24 18:00:00.000039936,41.152,37.04,287.06,7.4458614e-05,9.2592,40.0
2019-10-24 21:00:00.000039936,38.58,37.04,300.95,7.5985095e-05,9.2592,40.0
2019-10-25 00:00:00.000039936,36.008,37.04,314.84,7.771575e-05,10.802401,40.0
2019-10-25 03:00:00.000039936,33.436,37.04,344.935,7.943125e-05,11.3168,40.0
2019-10-25 06:00:00.000039936,30.864,37.04,375.02997,8.113127e-05,9.7736,40.0
2019-10-25 09:00:00.000039936,29.835201,37.04,407.44,8.239592e-05,7.2016,30.0
