Time,Vmax,Rmax_IBT,R34,fcor,u_trans,v_trans
2002-08-29 06:00:00.000040448,18.004,111.12,125.009995,4.5793287e-05,3.0864,345.0
2002-08-29 09:00:00.000040448,20.576,111.12,139.826,4.651767e-05,3.0864,345.0
2002-08-29 12:00:00.000040448,23.148,111.12,152.79,4.7240763e-05,3.0864,340.0
2002-08-29 15:00:00.000040448,23.148,111.12,152.79,4.796257e-05,4.1152,335.0
2002-08-29 18:00:00.000040448,23.148,111.12,152.79,4.892293e-05,5.144,330.0
2002-08-29 21:00:00.000040448,25.720001,74.08,150.938,4.9880902e-05,6.1728,330.0
2002-08-30 00:00:00.000040448,28.292,37.04,148.16,5.083645e-05,5.6584,335.0
2002-08-30 03:00:00.000040448,28.292,37.04,148.16,5.2027382e-05,5.144,330.0
2002-08-30 06:00:00.000040448,28.292,37.04,148.16,5.345127e-05,5.6584,325.0
2002-08-30 09:00:00.000040448,32.4072,37.04,185.2,5.4633376e-05,6.1728,315.0
2002-08-30 12:00:00.000040448,36.008,37.04,222.24,5.581132e-05,6.1728,310.0
2002-08-30 15:00:00.000040448,38.58,37.04,245.39,5.6516048e-05,5.6584,305.0
2002-08-30 18:00:00.000040448,41.152,37.04,268.53998,5.698501e-05,4.6296,305.0
2002-08-30 21:00:00.000040448,43.724,37.04,268.53998,5.7453286e-05,4.1152,300.0
2002-08-31 00:00:00.000040448,46.296,37.04,268.53998,5.7920843e-05,4.6296,290.0
2002-08-31 03:00:00.000040448,51.440002,37.04,268.53998,5.83877e-05,5.6584,285.0
2002-08-31 06:00:00.000040448,56.584,37.04,268.53998,5.862087e-05,5.144,280.0
2002-08-31 09:00:00.000040448,56.584,37.04,268.53998,5.8853857e-05,4.6296,280.0
2002-08-31 12:00:00.000040448,56.584,37.04,268.53998,5.8853857e-05,4.1152,275.0
2002-08-31 15:00:00.000040448,55.5552,37.04,268.53998,5.8853857e-05,4.1152,275.0
2002-08-31 18:00:00.000040448,54.012,37.04,268.53998,5.8853857e-05,4.6296,275.0
2002-08-31 21:00:00.000040448,54.012,37.04,263.90997,5.8853857e-05,5.144,275.0
2002-09-01 00:00:00.000040448,54.012,37.04,259.28,5.8853857e-05,5.144,275.0
2002-09-01 03:00:00.000040448,55.5552,37.04,291.69,5.9086666e-05,5.144,275.0
2002-09-01 06:00:00.000040448,56.584,37.04,324.1,5.9319285e-05,5.6584,275.0
2002-09-01 09:00:00.000040448,56.584,37.04,287.06,5.9551734e-05,5.6584,275.0
2002-09-01 12:00:00.000040448,56.584,37.04,250.01999,5.9551734e-05,6.1728,275.0
2002-09-01 15:00:00.000040448,55.5552,37.04,264.37302,5.9551734e-05,6.1728,275.0
2002-09-01 18:00:00.000040448,54.012,37.04,277.8,5.9784e-05,6.1728,270.0
2002-09-01 21:00:00.000040448,52.9832,42.596,282.893,5.9784e-05,6.1728,270.0
2002-09-02 00:00:00.000040448,51.440002,46.3,287.06,6.0016075e-05,6.1728,275.0
2002-09-02 03:00:00.000040448,50.4112,42.596,254.65,6.0247978e-05,6.6872,275.0
2002-09-02 06:00:00.000040448,48.868,37.04,222.23999,6.0247978e-05,6.6872,275.0
2002-09-02 09:00:00.000040448,47.8392,42.596,208.35,6.0016075e-05,6.1728,270.0
2002-09-02 12:00:00.000040448,46.296,46.3,194.45999,6.0016075e-05,6.1728,270.0
2002-09-02 15:00:00.000040448,46.296,46.3,208.35,6.0247978e-05,6.1728,275.0
2002-09-02 18:00:00.000040448,46.296,46.3,222.24,6.0479695e-05,6.1728,280.0
2002-09-02 21:00:00.000040448,46.296,88.895996,208.35,6.0711227e-05,6.6872,285.0
2002-09-03 00:00:00.000040448,46.296,129.64,194.45999,6.1173734e-05,7.2016,285.0
2002-09-03 03:00:00.000040448,46.296,129.64,194.45999,6.14047e-05,7.2016,285.0
2002-09-03 06:00:00.000040448,46.296,129.64,194.45999,6.186609e-05,7.2016,285.0
2002-09-03 09:00:00.000040448,46.296,129.64,196.775,6.2326726e-05,7.2016,280.0
2002-09-03 12:00:00.000040448,46.296,129.64,199.09,6.278661e-05,6.6872,280.0
2002-09-03 15:00:00.000040448,46.296,120.38,252.33499,6.3016254e-05,5.6584,280.0
2002-09-03 18:00:00.000040448,46.296,111.12,305.58,6.3016254e-05,6.1728,275.0
2002-09-03 21:00:00.000040448,46.296,111.12,282.43,6.324571e-05,6.6872,280.0
2002-09-04 00:00:00.000040448,46.296,111.12,259.28,6.3474974e-05,6.1728,280.0
2002-09-04 03:00:00.000040448,46.296,111.12,259.28,6.370404e-05,5.6584,280.0
2002-09-04 06:00:00.000040448,46.296,111.12,259.28,6.393293e-05,5.144,280.0
2002-09-04 09:00:00.000040448,46.296,111.12,259.28,6.416161e-05,5.144,280.0
2002-09-04 12:00:00.000040448,46.296,111.12,259.28,6.43901e-05,5.144,280.0
2002-09-04 15:00:00.000040448,47.8392,116.676,259.28,6.461839e-05,5.144,280.0
2002-09-04 18:00:00.000040448,48.868,120.38,259.28,6.4846485e-05,4.1152,280.0
2002-09-04 21:00:00.000040448,48.868,88.895996,262.058,6.507438e-05,3.0864,280.0
2002-09-04 23:00:00.000053760,48.868,66.672,262.984,6.507438e-05,2.572,275.0
2002-09-05 00:00:00.000040448,48.868,55.56,263.91,6.507438e-05,3.0864,280.0
2002-09-05 03:00:00.000040448,47.8392,70.376,263.91,6.507438e-05,2.572,280.0
2002-09-05 06:00:00.000040448,46.296,83.34,263.91,6.507438e-05,2.0576,275.0
2002-09-05 09:00:00.000040448,46.296,83.34,263.91,6.507438e-05,2.0576,275.0
2002-09-05 12:00:00.000040448,46.296,83.34,263.91,6.507438e-05,2.0576,255.0
2002-09-05 15:00:00.000040448,46.296,83.34,268.53998,6.507438e-05,2.572,240.0
2002-09-05 18:00:00.000040448,46.296,83.34,273.16998,6.4846485e-05,1.5432,230.0
2002-09-05 21:00:00.000040448,46.296,83.34,273.16998,6.461839e-05,1.5432,220.0
2002-09-06 00:00:00.000040448,46.296,83.34,273.16998,6.461839e-05,1.5432,240.0
2002-09-06 03:00:00.000040448,45.2672,83.34,273.16998,6.461839e-05,1.5432,270.0
2002-09-06 06:00:00.000040448,43.724,83.34,273.16998,6.461839e-05,1.0288,280.0
2002-09-06 09:00:00.000040448,43.724,83.34,273.16998,6.461839e-05,1.5432,285.0
2002-09-06 12:00:00.000040448,43.724,83.34,273.16998,6.461839e-05,2.572,285.0
2002-09-06 15:00:00.000040448,42.6952,83.34,288.449,6.461839e-05,3.6008,290.0
2002-09-06 18:00:00.000040448,41.152,83.34,303.26498,6.461839e-05,4.1152,300.0
2002-09-06 21:00:00.000040448,38.58,61.116,295.394,6.530208e-05,4.1152,305.0
2002-09-07 00:00:00.000040448,36.008,37.04,287.06,6.5983986e-05,5.6584,295.0
2002-09-07 03:00:00.000040448,36.008,46.3,287.06,6.621089e-05,7.2016,280.0
2002-09-07 06:00:00.000040448,36.008,55.56,287.06,6.643758e-05,6.6872,275.0
2002-09-07 09:00:00.000040448,34.979202,55.56,289.375,6.666408e-05,5.144,270.0
