Time,Vmax,Rmax_IBT,R34,fcor,u_trans,v_trans
2011-09-28 00:00:00.000039936,20.576,83.34,55.56,4.748151e-05,2.0576,275.0
2011-09-28 03:00:00.000039936,22.1192,79.636,104.175,4.748151e-05,2.572,265.0
2011-09-28 06:00:00.000039936,23.148,74.08,152.79,4.7240763e-05,2.572,250.0
2011-09-28 09:00:00.000039936,24.6912,70.376,150.47499,4.6999867e-05,3.0864,235.0
2011-09-28 12:00:00.000039936,25.720001,64.82,148.16,4.651767e-05,3.0864,235.0
2011-09-28 15:00:00.000039936,27.2632,55.56,148.16,4.627635e-05,3.6008,240.0
2011-09-28 18:00:00.000039936,28.292,46.3,148.16,4.6034886e-05,4.1152,245.0
2011-09-28 21:00:00.000039936,30.864,51.856,148.16,4.5793287e-05,4.6296,250.0
2011-09-29 00:00:00.000039936,33.436,55.56,148.16,4.5551555e-05,5.144,255.0
2011-09-29 03:00:00.000039936,33.436,51.856,146.308,4.5309676e-05,5.6584,260.0
2011-09-29 06:00:00.000039936,33.436,46.3,143.53,4.506766e-05,6.1728,260.0
2011-09-29 09:00:00.000039936,36.008,46.3,143.53,4.4825505e-05,6.6872,260.0
2011-09-29 12:00:00.000039936,38.58,46.3,143.53,4.458322e-05,6.6872,265.0
2011-09-29 15:00:00.000039936,40.1232,42.596,149.086,4.4340795e-05,6.6872,270.0
2011-09-29 18:00:00.000039936,41.152,37.04,152.79,4.4340795e-05,7.2016,270.0
2011-09-29 21:00:00.000039936,43.724,37.04,164.828,4.4340795e-05,7.2016,270.0
2011-09-30 00:00:00.000039936,46.296,37.04,175.94,4.4340795e-05,7.2016,270.0
2011-09-30 03:00:00.000039936,48.868,37.04,194.45999,4.4340795e-05,7.716,270.0
2011-09-30 06:00:00.000039936,51.440002,37.04,212.98001,4.4340795e-05,7.716,270.0
2011-09-30 09:00:00.000039936,55.5552,33.336,212.98001,4.409823e-05,8.2304,265.0
2011-09-30 12:00:00.000039936,59.156002,27.78,212.98001,4.385554e-05,8.2304,255.0
2011-09-30 15:00:00.000039936,59.156002,27.78,210.66501,4.3126656e-05,8.2304,250.0
2011-09-30 18:00:00.000039936,59.156002,27.78,208.35,4.239659e-05,7.716,255.0
2011-09-30 21:00:00.000039936,63.271202,27.78,201.405,4.1909232e-05,7.2016,260.0
2011-10-01 00:00:00.000039936,66.872,27.78,194.45999,4.1665367e-05,7.716,260.0
