Time,Vmax,Rmax_IBT,R34,fcor,u_trans,v_trans
2022-10-15 09:00:00.000039936,18.004,88.895996,95.840996,4.6999867e-05,5.144,275.0
2022-10-15 12:00:00.000039936,20.576,74.08,192.14499,4.7240763e-05,4.6296,285.0
2022-10-15 15:00:00.000039936,23.148,64.82,191.219,4.748151e-05,4.6296,285.0
2022-10-15 18:00:00.000039936,25.720001,55.56,189.82999,4.7722115e-05,5.144,280.0
2022-10-15 21:00:00.000039936,25.720001,51.856,187.978,4.7722115e-05,5.6584,275.0
2022-10-16 00:00:00.000039936,25.720001,46.3,185.20001,4.796257e-05,5.6584,280.0
2022-10-16 03:00:00.000039936,30.864,38.892,184.274,4.8202877e-05,5.6584,285.0
2022-10-16 06:00:00.000039936,36.008,31.484,182.88501,4.868306e-05,5.144,285.0
2022-10-16 09:00:00.000039936,37.5512,38.892,185.663,4.892293e-05,5.144,280.0
2022-10-16 12:00:00.000039936,38.58,46.3,187.51498,4.892293e-05,5.144,275.0
2022-10-16 15:00:00.000039936,38.58,46.3,188.90399,4.892293e-05,5.144,275.0
2022-10-16 18:00:00.000039936,38.58,46.3,189.83,4.892293e-05,4.6296,265.0
2022-10-16 21:00:00.000039936,40.1232,37.04,191.219,4.868306e-05,4.1152,255.0
2022-10-17 00:00:00.000039936,41.152,27.78,192.14499,4.844305e-05,3.6008,250.0
2022-10-17 03:00:00.000039936,42.6952,27.78,193.534,4.8202877e-05,3.6008,250.0
2022-10-17 06:00:00.000039936,43.724,27.78,194.45999,4.796257e-05,4.1152,250.0
2022-10-17 09:00:00.000039936,45.2672,18.52,225.01799,4.796257e-05,4.1152,245.0
2022-10-17 12:00:00.000039936,46.296,9.26,254.65,4.7722115e-05,4.6296,245.0
2022-10-17 15:00:00.000039936,46.296,9.26,256.039,4.6999867e-05,4.6296,240.0
2022-10-17 18:00:00.000039936,46.296,9.26,256.96497,4.627635e-05,4.6296,245.0
2022-10-17 21:00:00.000039936,45.2672,14.816,259.74298,4.5793287e-05,4.6296,245.0
2022-10-18 00:00:00.000039936,43.724,18.52,261.595,4.5551555e-05,4.1152,245.0
2022-10-18 03:00:00.000039936,42.6952,18.52,262.984,4.5309676e-05,3.6008,245.0
2022-10-18 06:00:00.000039936,41.152,18.52,263.91,4.506766e-05,3.6008,245.0
2022-10-18 09:00:00.000039936,40.1232,18.52,268.077,4.458322e-05,4.1152,240.0
2022-10-18 12:00:00.000039936,38.58,18.52,270.855,4.385554e-05,3.6008,240.0
2022-10-18 15:00:00.000039936,33.436,37.04,269.003,4.3369746e-05,3.6008,245.0
2022-10-18 18:00:00.000039936,28.292,55.56,266.225,4.288343e-05,4.1152,250.0
2022-10-18 21:00:00.000039936,25.720001,74.08,191.682,4.288343e-05,4.1152,255.0
2022-10-19 00:00:00.000039936,23.148,92.6,115.75,4.288343e-05,4.1152,260.0
2022-10-19 03:00:00.000039936,20.576,70.376,103.712,4.288343e-05,3.6008,265.0
