Time,Vmax,Rmax_IBT,R34,fcor,u_trans,v_trans
2018-08-18 06:00:00.000039936,18.004,64.82,166.68,3.5282377e-05,2.572,310.0
2018-08-18 09:00:00.000039936,18.004,79.636,168.995,3.577612e-05,3.0864,305.0
2018-08-18 12:00:00.000039936,18.004,92.6,171.31,3.626943e-05,3.6008,305.0
2018-08-18 15:00:00.000039936,20.576,83.34,164.36499,3.67623e-05,4.6296,300.0
2018-08-18 18:00:00.000039936,23.148,74.08,157.42,3.7254722e-05,4.6296,300.0
2018-08-18 21:00:00.000039936,23.148,74.08,164.365,3.7500762e-05,4.6296,300.0
2018-08-19 00:00:00.000039936,23.148,74.08,171.31,3.7992504e-05,5.144,300.0
2018-08-19 03:00:00.000039936,23.148,74.08,175.94,3.872924e-05,5.144,300.0
2018-08-19 06:00:00.000039936,23.148,74.08,180.57,3.9219805e-05,4.6296,300.0
2018-08-19 09:00:00.000039936,25.720001,74.08,194.46002,3.9464914e-05,4.1152,300.0
2018-08-19 12:00:00.000039936,28.292,74.08,208.35,3.9709896e-05,4.1152,305.0
2018-08-19 15:00:00.000039936,29.835201,70.376,245.39,4.0444127e-05,4.1152,310.0
2018-08-19 18:00:00.000039936,30.864,64.82,282.43,4.1177245e-05,4.6296,305.0
2018-08-19 21:00:00.000039936,30.864,64.82,284.745,4.1909232e-05,4.6296,305.0
2018-08-20 00:00:00.000039936,30.864,64.82,287.06,4.2640077e-05,5.6584,305.0
2018-08-20 03:00:00.000039936,32.4072,64.82,286.59702,4.3612705e-05,6.1728,305.0
2018-08-20 06:00:00.000039936,33.436,64.82,284.745,4.458322e-05,5.6584,310.0
2018-08-20 09:00:00.000039936,34.979202,61.116,284.282,4.5309676e-05,5.144,315.0
2018-08-20 12:00:00.000039936,36.008,55.56,282.43,4.627635e-05,5.6584,315.0
2018-08-20 15:00:00.000039936,34.979202,55.56,313.451,4.7240763e-05,6.1728,310.0
2018-08-20 18:00:00.000039936,33.436,55.56,342.62,4.844305e-05,7.2016,310.0
2018-08-20 21:00:00.000039936,36.008,51.856,302.802,4.9402213e-05,7.716,305.0
2018-08-21 00:00:00.000039936,38.58,46.3,261.595,5.035898e-05,7.716,315.0
2018-08-21 03:00:00.000039936,41.152,35.188,277.33698,5.155148e-05,7.2016,320.0
2018-08-21 06:00:00.000039936,43.724,22.223999,291.69,5.2740055e-05,7.2016,310.0
2018-08-21 09:00:00.000039936,45.2672,22.223999,324.563,5.345127e-05,7.2016,300.0
2018-08-21 12:00:00.000039936,46.296,22.223999,356.51,5.439729e-05,8.2304,305.0
2018-08-21 15:00:00.000039936,48.868,16.668,339.379,5.581132e-05,9.2592,310.0
2018-08-21 18:00:00.000039936,51.440002,9.26,321.785,5.7453286e-05,9.2592,310.0
2018-08-21 21:00:00.000039936,55.5552,24.076,330.582,5.862087e-05,8.744801,310.0
2018-08-22 00:00:00.000039936,59.156002,37.04,337.99,5.9784e-05,8.2304,315.0
2018-08-22 03:00:00.000039936,58.1272,37.04,334.286,6.1173734e-05,8.2304,320.0
2018-08-22 06:00:00.000039936,56.584,37.04,328.72998,6.278661e-05,9.2592,320.0
2018-08-22 09:00:00.000039936,54.012,33.336,312.988,6.43901e-05,9.7736,315.0
2018-08-22 12:00:00.000039936,51.440002,27.78,296.32,6.5983986e-05,10.288,315.0
2018-08-22 15:00:00.000039936,48.868,27.78,309.284,6.756802e-05,10.288,320.0
2018-08-22 18:00:00.000039936,46.296,27.78,321.785,6.936598e-05,9.2592,325.0
2018-08-22 21:00:00.000039936,43.724,27.78,333.823,7.115043e-05,9.2592,335.0
2018-08-23 00:00:00.000039936,41.152,27.78,344.935,7.314133e-05,9.7736,340.0
2018-08-23 03:00:00.000039936,40.1232,33.336,350.028,7.511419e-05,9.7736,345.0
2018-08-23 06:00:00.000039936,38.58,37.04,354.195,7.70685e-05,9.2592,355.0
2018-08-23 09:00:00.000039936,37.5512,37.04,355.584,7.900381e-05,10.288,5.0
2018-08-23 12:00:00.000039936,36.008,37.04,356.51,8.134267e-05,11.8312,5.0
2018-08-23 14:00:00.000053248,33.436,40.744,340.768,8.302487e-05,13.8888,5.0
