Time,Vmax,Rmax_IBT,R34,fcor,u_trans,v_trans
2015-10-04 00:00:00.000039936,23.148,120.38,527.81995,5.035898e-05,8.744801,290.0
2015-10-04 03:00:00.000039936,23.148,120.38,527.81995,5.131329e-05,8.2304,295.0
2015-10-04 06:00:00.000039936,23.148,120.38,527.81995,5.2027382e-05,8.2304,290.0
2015-10-04 09:00:00.000039936,23.148,120.38,510.689,5.250265e-05,8.2304,285.0
2015-10-04 12:00:00.000039936,23.148,120.38,493.095,5.2977284e-05,7.2016,285.0
2015-10-04 15:00:00.000039936,23.148,116.676,493.095,5.345127e-05,6.6872,280.0
2015-10-04 18:00:00.000039936,23.148,111.12,493.095,5.3688025e-05,6.1728,280.0
2015-10-04 21:00:00.000039936,24.6912,111.12,489.854,5.392461e-05,5.6584,275.0
2015-10-05 00:00:00.000039936,25.720001,111.12,486.15,5.392461e-05,5.144,285.0
2015-10-05 03:00:00.000039936,27.2632,111.12,489.854,5.4161024e-05,4.6296,290.0
2015-10-05 06:00:00.000039936,28.292,111.12,493.095,5.4633376e-05,4.6296,295.0
2015-10-05 09:00:00.000039936,28.292,98.156,492.169,5.510506e-05,5.144,295.0
2015-10-05 12:00:00.000039936,28.292,83.34,490.78,5.581132e-05,5.144,295.0
2015-10-05 15:00:00.000039936,29.835201,83.34,496.79898,5.6281307e-05,4.6296,295.0
2015-10-05 18:00:00.000039936,30.864,83.34,502.35498,5.6750614e-05,5.144,300.0
2015-10-05 21:00:00.000039936,32.4072,83.34,502.35498,5.7453286e-05,5.144,310.0
2015-10-06 00:00:00.000039936,33.436,83.34,502.35498,5.8154368e-05,4.6296,325.0
2015-10-06 03:00:00.000039936,33.436,88.895996,482.909,5.9086666e-05,4.1152,345.0
2015-10-06 06:00:00.000039936,33.436,92.6,463.0,6.0016075e-05,4.6296,350.0
2015-10-06 09:00:00.000039936,34.979202,92.6,471.334,6.0942573e-05,5.144,355.0
2015-10-06 12:00:00.000039936,36.008,92.6,479.20502,6.186609e-05,5.6584,360.0
2015-10-06 15:00:00.000039936,36.008,101.86,462.07397,6.324571e-05,6.6872,0.0
2015-10-06 18:00:00.000039936,36.008,111.12,444.48,6.507438e-05,8.2304,5.0
2015-10-06 21:00:00.000039936,34.979202,111.12,444.48,6.711647e-05,10.288,10.0
2015-10-07 00:00:00.000039936,33.436,111.12,444.48,6.936598e-05,12.3456,5.0
2015-10-07 03:00:00.000039936,33.436,129.64,432.90503,7.2037474e-05,13.8888,0.0
2015-10-07 06:00:00.000039936,33.436,148.16,421.33002,7.511419e-05,14.917601,360.0
2015-10-07 09:00:00.000039936,32.4072,153.716,440.313,7.793102e-05,15.9464,355.0
2015-10-07 12:00:00.000039936,30.864,157.42,458.37,8.113127e-05,16.9752,350.0
2015-10-07 15:00:00.000039936,30.864,157.42,458.37,8.5311396e-05,16.9752,350.0
