Time,Vmax,Rmax_IBT,R34,fcor,u_trans,v_trans
2013-10-04 12:00:00.000039936,23.148,83.34,92.6,4.3369746e-05,5.6584,300.0
2013-10-04 15:00:00.000039936,24.6912,74.08,98.156,4.409823e-05,5.6584,305.0
2013-10-04 18:00:00.000039936,25.720001,64.82,101.86,4.4825505e-05,6.6872,290.0
2013-10-04 21:00:00.000039936,25.720001,64.82,106.490005,4.506766e-05,8.2304,280.0
2013-10-05 00:00:00.000039936,25.720001,64.82,111.119995,4.5551555e-05,7.716,285.0
2013-10-05 03:00:00.000039936,27.2632,51.856,111.119995,4.627635e-05,6.6872,295.0
2013-10-05 06:00:00.000039936,28.292,37.04,111.119995,4.6999867e-05,7.2016,295.0
2013-10-05 09:00:00.000039936,29.835201,37.04,111.119995,4.7722115e-05,7.716,295.0
2013-10-05 12:00:00.000039936,30.864,37.04,111.119995,4.868306e-05,8.2304,300.0
2013-10-05 15:00:00.000039936,34.979202,33.336,112.509,4.9641636e-05,8.744801,305.0
2013-10-05 18:00:00.000039936,38.58,27.78,113.435,5.059779e-05,8.744801,300.0
2013-10-05 21:00:00.000039936,38.58,27.78,125.473,5.155148e-05,8.744801,300.0
2013-10-06 00:00:00.000039936,38.58,27.78,136.58499,5.250265e-05,8.744801,300.0
2013-10-06 03:00:00.000039936,42.6952,27.78,136.58499,5.345127e-05,8.2304,300.0
2013-10-06 06:00:00.000039936,46.296,27.78,136.58499,5.439729e-05,8.2304,300.0
2013-10-06 09:00:00.000039936,48.868,27.78,136.58499,5.5340646e-05,8.2304,300.0
2013-10-06 12:00:00.000039936,51.440002,27.78,136.58499,5.6516048e-05,9.2592,305.0
2013-10-06 15:00:00.000039936,55.5552,27.78,145.845,5.7920843e-05,10.288,310.0
2013-10-06 18:00:00.000039936,59.156002,27.78,155.105,5.9319285e-05,9.7736,310.0
2013-10-06 21:00:00.000039936,60.6992,29.632,164.36499,6.0711227e-05,9.7736,310.0
2013-10-07 00:00:00.000039936,61.728,31.484,173.625,6.20965e-05,10.288,315.0
2013-10-07 03:00:00.000039936,61.728,29.632,173.625,6.370404e-05,9.7736,320.0
2013-10-07 06:00:00.000039936,61.728,27.78,173.625,6.530208e-05,9.7736,325.0
2013-10-07 09:00:00.000039936,59.156002,27.78,173.625,6.689037e-05,9.2592,330.0
2013-10-07 12:00:00.000039936,56.584,27.78,173.625,6.869332e-05,8.744801,335.0
2013-10-07 15:00:00.000039936,55.5552,24.076,163.439,7.025991e-05,8.744801,340.0
2013-10-07 18:00:00.000039936,54.012,18.52,152.79,7.2037474e-05,8.2304,350.0
2013-10-07 21:00:00.000039936,50.4112,18.52,152.79,7.380098e-05,8.744801,360.0
2013-10-08 00:00:00.000039936,46.296,18.52,152.79,7.5550095e-05,8.2304,5.0
2013-10-08 03:00:00.000039936,42.6952,27.78,152.79,7.70685e-05,7.716,20.0
2013-10-08 06:00:00.000039936,38.58,37.04,152.79,7.878973e-05,10.288,35.0
2013-10-08 09:00:00.000039936,33.436,37.04,152.79,8.070772e-05,12.3456,40.0
2013-10-08 12:00:00.000039936,28.292,37.04,152.79,8.2605824e-05,10.802401,50.0
2013-10-08 15:00:00.000039936,27.2632,51.856,152.79,8.3859915e-05,10.288,60.0
