Time,Vmax,Rmax_IBT,R34,fcor,u_trans,v_trans
2009-10-27 06:00:00.000039936,23.148,46.3,76.395,3.7500762e-05,8.744801,295.0
2009-10-27 09:00:00.000039936,25.720001,42.596,81.951004,3.8483773e-05,8.744801,295.0
2009-10-27 12:00:00.000039936,28.292,37.04,85.655,3.9219805e-05,8.744801,285.0
2009-10-27 15:00:00.000039936,30.864,37.04,99.082,3.9709896e-05,9.2592,280.0
2009-10-27 18:00:00.000039936,33.436,37.04,111.12,3.995476e-05,9.2592,280.0
2009-10-27 21:00:00.000039936,36.008,33.336,111.12,4.0444127e-05,8.744801,280.0
2009-10-28 00:00:00.000039936,38.58,27.78,111.12,4.0688625e-05,8.2304,275.0
2009-10-28 03:00:00.000039936,41.152,27.78,129.177,4.0688625e-05,7.716,270.0
2009-10-28 06:00:00.000039936,43.724,27.78,145.845,4.0688625e-05,7.716,270.0
2009-10-28 09:00:00.000039936,45.2672,27.78,161.124,4.0688625e-05,7.716,270.0
2009-10-28 12:00:00.000039936,46.296,27.78,175.94,4.093299e-05,7.716,270.0
2009-10-28 15:00:00.000039936,46.296,27.78,180.57,4.093299e-05,7.716,270.0
2009-10-28 18:00:00.000039936,46.296,27.78,185.2,4.093299e-05,8.2304,265.0
2009-10-28 21:00:00.000039936,46.296,27.78,189.83,4.0688625e-05,8.2304,260.0
2009-10-29 00:00:00.000039936,46.296,27.78,194.45999,4.0444127e-05,8.2304,265.0
2009-10-29 03:00:00.000039936,46.296,27.78,201.868,4.0199502e-05,7.716,265.0
2009-10-29 06:00:00.000039936,46.296,27.78,208.35,3.995476e-05,7.716,270.0
2009-10-29 09:00:00.000039936,46.296,27.78,208.35,3.9709896e-05,7.716,270.0
2009-10-29 12:00:00.000039936,46.296,27.78,208.35,3.9464914e-05,7.716,265.0
2009-10-29 15:00:00.000039936,46.296,27.78,215.295,3.897458e-05,8.2304,260.0
2009-10-29 18:00:00.000039936,46.296,27.78,222.23999,3.8483773e-05,8.744801,260.0
2009-10-29 21:00:00.000039936,46.296,27.78,222.23999,3.7992504e-05,8.744801,260.0
2009-10-30 00:00:00.000039936,46.296,27.78,222.23999,3.7746686e-05,7.2016,255.0
2009-10-30 03:00:00.000039936,45.2672,27.78,226.87,3.7500762e-05,6.1728,255.0
2009-10-30 06:00:00.000039936,43.724,27.78,231.5,3.7500762e-05,6.1728,255.0
2009-10-30 09:00:00.000039936,43.724,27.78,226.87,3.7254722e-05,6.6872,260.0
2009-10-30 12:00:00.000039936,43.724,27.78,222.23999,3.67623e-05,7.2016,255.0
2009-10-30 15:00:00.000039936,36.008,27.78,201.868,3.626943e-05,7.716,255.0
2009-10-30 18:00:00.000039936,28.292,27.78,180.57,3.577612e-05,7.716,260.0
