Time,Vmax,Rmax_IBT,R34,fcor,u_trans,v_trans
2001-09-23 06:00:00.000040448,23.148,55.56,185.20001,4.844305e-05,2.572,260.0
2001-09-23 09:00:00.000040448,25.720001,55.56,185.20001,4.844305e-05,2.0576,270.0
2001-09-23 12:00:00.000040448,28.292,55.56,185.20001,4.844305e-05,1.5432,275.0
2001-09-23 15:00:00.000040448,30.864,55.56,185.20001,4.844305e-05,1.5432,285.0
2001-09-23 18:00:00.000040448,33.436,55.56,185.20001,4.868306e-05,1.5432,305.0
2001-09-23 21:00:00.000040448,33.436,55.56,185.20001,4.868306e-05,1.5432,330.0
2001-09-24 00:00:00.000040448,33.436,55.56,185.20001,4.892293e-05,1.0288,330.0
2001-09-24 03:00:00.000040448,36.008,55.56,185.20001,4.916265e-05,1.0288,330.0
2001-09-24 06:00:00.000040448,38.58,55.56,185.20001,4.9402213e-05,1.0288,0.0
2001-09-24 09:00:00.000040448,38.58,55.56,185.20001,4.9641636e-05,1.0288,35.0
2001-09-24 12:00:00.000040448,38.58,55.56,185.20001,4.9880902e-05,1.0288,40.0
2001-09-24 15:00:00.000040448,37.5512,55.56,185.20001,4.9880902e-05,1.0288,30.0
2001-09-24 18:00:00.000040448,36.008,55.56,185.20001,4.9880902e-05,1.0288,25.0
2001-09-24 21:00:00.000040448,37.5512,42.596,196.775,5.012002e-05,1.5432,20.0
2001-09-25 00:00:00.000040448,38.58,27.78,208.35,5.035898e-05,1.5432,15.0
2001-09-25 03:00:00.000040448,40.1232,27.78,182.885,5.059779e-05,2.0576,10.0
2001-09-25 06:00:00.000040448,41.152,27.78,157.42,5.1074945e-05,2.0576,355.0
2001-09-25 09:00:00.000040448,43.724,27.78,153.253,5.131329e-05,2.0576,340.0
2001-09-25 12:00:00.000040448,46.296,27.78,148.16,5.178951e-05,2.0576,330.0
2001-09-25 15:00:00.000040448,46.296,33.336,148.16,5.22651e-05,1.5432,330.0
2001-09-25 18:00:00.000040448,46.296,37.04,148.16,5.250265e-05,1.5432,325.0
2001-09-25 21:00:00.000040448,47.8392,33.336,176.403,5.2740055e-05,1.5432,325.0
2001-09-26 00:00:00.000040448,48.868,27.78,203.72,5.321436e-05,2.0576,335.0
2001-09-26 03:00:00.000040448,47.8392,33.336,206.035,5.3688025e-05,2.572,340.0
2001-09-26 06:00:00.000040448,46.296,37.04,208.35,5.4161024e-05,2.572,330.0
2001-09-26 09:00:00.000040448,40.1232,37.04,187.515,5.439729e-05,2.572,325.0
