Time,Vmax,Rmax_IBT,R34,fcor,u_trans,v_trans
2016-10-08 15:00:00.000039936,18.004,83.34,32.41,5.059779e-05,8.744801,295.0
2016-10-08 18:00:00.000039936,20.576,74.08,64.82,5.155148e-05,8.744801,290.0
2016-10-08 21:00:00.000039936,22.1192,70.376,69.45,5.22651e-05,8.2304,290.0
2016-10-09 00:00:00.000039936,23.148,64.82,74.08,5.321436e-05,7.716,300.0
2016-10-09 03:00:00.000039936,24.6912,64.82,76.395,5.4161024e-05,7.716,310.0
2016-10-09 06:00:00.000039936,25.720001,64.82,78.71,5.5340646e-05,8.2304,310.0
2016-10-09 09:00:00.000039936,25.720001,64.82,87.97,5.6750614e-05,8.2304,305.0
2016-10-09 12:00:00.000039936,28.292,55.56,97.229996,5.698501e-05,7.716,305.0
2016-10-09 15:00:00.000039936,29.835201,51.856,108.80501,5.7920843e-05,7.2016,310.0
2016-10-09 18:00:00.000039936,30.864,46.3,120.380005,5.9086666e-05,6.6872,310.0
2016-10-09 21:00:00.000039936,33.436,37.04,120.380005,5.9784e-05,5.6584,315.0
2016-10-10 00:00:00.000039936,36.008,27.78,120.380005,6.0711227e-05,5.144,320.0
2016-10-10 03:00:00.000039936,42.6952,24.076,143.53,6.1635496e-05,4.6296,335.0
2016-10-10 06:00:00.000039936,48.868,18.52,166.68,6.278661e-05,4.6296,345.0
2016-10-10 09:00:00.000039936,52.9832,18.52,173.625,6.393293e-05,4.1152,355.0
2016-10-10 12:00:00.000039936,56.584,18.52,180.57,6.4846485e-05,4.6296,360.0
2016-10-10 15:00:00.000039936,58.1272,16.668,187.515,6.575688e-05,4.6296,360.0
2016-10-10 18:00:00.000039936,59.156002,12.964,194.46,6.666408e-05,3.6008,5.0
2016-10-10 21:00:00.000039936,56.584,12.964,199.09001,6.734234e-05,3.0864,15.0
2016-10-11 00:00:00.000039936,54.012,12.964,203.72,6.801876e-05,4.1152,30.0
2016-10-11 03:00:00.000039936,52.9832,16.668,212.98001,6.8917754e-05,5.144,40.0
2016-10-11 06:00:00.000039936,51.440002,18.52,222.23999,6.981338e-05,5.144,40.0
2016-10-11 09:00:00.000039936,55.5552,24.076,224.555,7.048288e-05,5.144,45.0
2016-10-11 12:00:00.000039936,59.156002,27.78,226.87,7.115043e-05,6.6872,45.0
2016-10-11 15:00:00.000039936,63.271202,25.928,233.815,7.2258685e-05,8.2304,50.0
2016-10-11 18:00:00.000039936,66.872,22.223999,240.76001,7.3581316e-05,9.2592,55.0
2016-10-11 21:00:00.000039936,65.8432,25.928,247.705,7.467736e-05,10.802401,60.0
2016-10-12 00:00:00.000039936,64.3,27.78,254.65,7.576771e-05,12.3456,60.0
2016-10-12 03:00:00.000039936,63.271202,27.78,261.595,7.70685e-05,13.3744,60.0
2016-10-12 06:00:00.000039936,61.728,27.78,268.53998,7.85754e-05,13.8888,60.0
2016-10-12 09:00:00.000039936,56.584,29.632,270.85498,7.9857724e-05,14.917601,60.0
2016-10-12 12:00:00.000039936,51.440002,31.484,273.16998,8.155382e-05,17.489601,60.0
2016-10-12 15:00:00.000039936,47.8392,31.484,275.485,8.34429e-05,20.0616,60.0
2016-10-12 18:00:00.000039936,43.724,31.484,277.8,8.5723776e-05,23.148,60.0
2016-10-12 21:00:00.000039936,38.58,44.447998,287.06,8.7973065e-05,24.6912,60.0
2016-10-13 00:00:00.000039936,33.436,55.56,296.32,9.0189926e-05,24.1768,60.0
2016-10-13 03:00:00.000039936,30.864,55.56,300.95,9.2373535e-05,22.6336,60.0
