Time,Vmax,Rmax_IBT,R34,fcor,u_trans,v_trans
2012-10-14 12:00:00.000039936,18.004,83.34,115.75,4.4825505e-05,4.1152,310.0
2012-10-14 15:00:00.000039936,19.5472,79.636,121.306,4.5551555e-05,4.6296,315.0
2012-10-14 18:00:00.000039936,20.576,74.08,125.009995,4.651767e-05,4.6296,320.0
2012-10-14 21:00:00.000039936,22.1192,64.82,130.566,4.748151e-05,5.6584,330.0
2012-10-15 00:00:00.000039936,23.148,55.56,134.27,4.892293e-05,6.6872,340.0
2012-10-15 03:00:00.000039936,23.148,55.56,134.27,5.059779e-05,8.2304,345.0
2012-10-15 06:00:00.000039936,23.148,55.56,134.27,5.250265e-05,9.2592,350.0
2012-10-15 09:00:00.000039936,23.148,55.56,134.27,5.4633376e-05,9.7736,355.0
2012-10-15 12:00:00.000039936,23.148,55.56,134.27,5.6750614e-05,9.2592,350.0
2012-10-15 15:00:00.000039936,23.148,55.56,134.27,5.83877e-05,7.716,350.0
2012-10-15 18:00:00.000039936,23.148,55.56,134.27,5.9784e-05,7.2016,350.0
2012-10-15 21:00:00.000039936,24.6912,55.56,150.475,6.14047e-05,6.1728,355.0
2012-10-16 00:00:00.000039936,25.720001,55.56,166.68,6.278661e-05,6.6872,5.0
2012-10-16 03:00:00.000039936,27.2632,55.56,178.718,6.43901e-05,7.2016,10.0
2012-10-16 06:00:00.000039936,28.292,55.56,189.83,6.575688e-05,5.6584,20.0
2012-10-16 09:00:00.000039936,28.292,55.56,189.83,6.689037e-05,4.1152,30.0
2012-10-16 12:00:00.000039936,28.292,55.56,189.83,6.7793495e-05,4.6296,40.0
2012-10-16 15:00:00.000039936,28.292,55.56,189.83,6.869332e-05,5.6584,45.0
2012-10-16 18:00:00.000039936,28.292,55.56,189.83,6.958979e-05,5.6584,55.0
2012-10-16 21:00:00.000039936,28.292,55.56,188.904,7.003676e-05,6.1728,65.0
2012-10-17 00:00:00.000039936,28.292,55.56,187.51501,7.048288e-05,6.1728,65.0
2012-10-17 03:00:00.000039936,27.2632,55.56,171.31,7.115043e-05,6.6872,60.0
2012-10-17 06:00:00.000039936,25.720001,55.56,155.105,7.181604e-05,7.716,60.0
2012-10-17 09:00:00.000039936,24.6912,55.56,150.938,7.270045e-05,8.2304,65.0
2012-10-17 12:00:00.000039936,23.148,55.56,145.845,7.3581316e-05,9.2592,60.0
2012-10-17 15:00:00.000039936,23.148,55.56,128.71399,7.467736e-05,9.2592,60.0
2012-10-17 18:00:00.000039936,23.148,55.56,111.12,7.5550095e-05,9.7736,70.0
2012-10-17 21:00:00.000039936,23.148,55.56,111.12,7.5985095e-05,10.288,75.0
2012-10-18 00:00:00.000039936,23.148,55.56,111.12,7.641916e-05,10.288,75.0
2012-10-18 03:00:00.000039936,22.1192,55.56,111.12,7.6852295e-05,10.288,75.0
2012-10-18 06:00:00.000039936,20.576,55.56,111.12,7.728449e-05,10.288,85.0
2012-10-18 09:00:00.000039936,19.5472,55.56,111.12,7.70685e-05,9.7736,95.0
2012-10-18 12:00:00.000039936,18.004,55.56,111.12,7.6852295e-05,7.716,100.0
2012-10-18 15:00:00.000039936,18.004,55.56,111.12,7.663584e-05,5.6584,105.0
