Time,Vmax,Rmax_IBT,R34,fcor,u_trans,v_trans
2020-11-02 12:00:00.000039936,18.004,64.82,39.355,4.9402213e-05,1.5432,335.0
2020-11-02 15:00:00.000039936,18.004,64.82,47.689003,4.9641636e-05,1.5432,0.0
2020-11-02 18:00:00.000039936,18.004,64.82,55.560005,4.9880902e-05,1.5432,45.0
2020-11-02 21:00:00.000039936,18.004,64.82,68.987,5.012002e-05,2.0576,70.0
2020-11-03 00:00:00.000039936,18.004,64.82,81.024994,5.012002e-05,2.0576,85.0
2020-11-03 03:00:00.000039936,18.004,64.82,95.378006,5.012002e-05,2.0576,100.0
2020-11-03 06:00:00.000039936,18.004,64.82,108.805,4.9880902e-05,2.572,105.0
2020-11-03 09:00:00.000039936,18.004,64.82,129.177,4.9641636e-05,2.572,110.0
2020-11-03 12:00:00.000039936,18.004,64.82,148.16,4.9641636e-05,2.0576,105.0
2020-11-03 15:00:00.000039936,18.004,64.82,166.21701,4.9641636e-05,1.5432,95.0
2020-11-03 18:00:00.000039936,18.004,64.82,182.885,4.9880902e-05,1.5432,75.0
2020-11-03 21:00:00.000039936,19.5472,74.08,200.479,5.012002e-05,2.0576,65.0
2020-11-04 00:00:00.000039936,20.576,83.34,217.60999,5.035898e-05,1.5432,20.0
2020-11-04 03:00:00.000039936,22.1192,83.34,228.259,5.059779e-05,1.5432,330.0
2020-11-04 06:00:00.000039936,23.148,83.34,238.445,5.059779e-05,1.5432,295.0
2020-11-04 09:00:00.000039936,24.6912,55.56,229.64798,5.035898e-05,2.0576,260.0
2020-11-04 12:00:00.000039936,25.720001,27.78,219.92499,5.035898e-05,3.0864,260.0
2020-11-04 15:00:00.000039936,25.720001,33.336,198.627,5.059779e-05,4.6296,260.0
2020-11-04 18:00:00.000039936,25.720001,37.04,175.94,5.083645e-05,5.144,265.0
2020-11-04 21:00:00.000039936,25.720001,37.04,163.439,5.083645e-05,5.144,270.0
2020-11-05 00:00:00.000039936,25.720001,37.04,150.475,5.059779e-05,5.6584,275.0
2020-11-05 03:00:00.000039936,25.720001,33.336,140.752,5.059779e-05,5.6584,275.0
2020-11-05 06:00:00.000039936,25.720001,27.78,129.64,5.059779e-05,6.1728,280.0
2020-11-05 09:00:00.000039936,25.720001,33.336,124.084,5.083645e-05,6.6872,285.0
2020-11-05 12:00:00.000039936,25.720001,37.04,118.064995,5.1074945e-05,6.6872,280.0
2020-11-05 15:00:00.000039936,24.6912,42.596,122.231995,5.1074945e-05,6.6872,275.0
2020-11-05 18:00:00.000039936,23.148,46.3,125.01,5.131329e-05,5.6584,280.0
2020-11-05 21:00:00.000039936,24.6912,46.3,124.547,5.155148e-05,5.144,290.0
2020-11-06 00:00:00.000039936,25.720001,46.3,122.69499,5.2027382e-05,4.6296,295.0
2020-11-06 03:00:00.000039936,24.6912,46.3,121.769,5.250265e-05,4.6296,290.0
2020-11-06 06:00:00.000039936,23.148,46.3,120.380005,5.321436e-05,4.6296,300.0
2020-11-06 09:00:00.000039936,24.6912,46.3,112.972,5.392461e-05,4.1152,305.0
2020-11-06 12:00:00.000039936,25.720001,46.3,104.174995,5.439729e-05,3.6008,310.0
2020-11-06 15:00:00.000039936,25.720001,42.596,100.007996,5.4869302e-05,3.6008,315.0
2020-11-06 18:00:00.000039936,25.720001,37.04,94.91499,5.5340646e-05,3.0864,320.0
2020-11-06 21:00:00.000039936,23.148,37.04,82.414,5.581132e-05,2.572,320.0
2020-11-07 00:00:00.000039936,20.576,37.04,69.45,5.6281307e-05,1.5432,310.0
