Time,Vmax,Rmax_IBT,R34,fcor,u_trans,v_trans
2021-10-14 06:00:00.000039936,23.148,111.12,101.85999,5.9784e-05,5.144,80.0
2021-10-14 09:00:00.000039936,23.148,98.156,106.953,6.0016075e-05,3.6008,75.0
2021-10-14 12:00:00.000039936,23.148,83.34,111.12,6.0479695e-05,5.144,60.0
2021-10-14 15:00:00.000039936,20.576,83.34,118.52801,6.1173734e-05,6.6872,55.0
2021-10-14 18:00:00.000039936,18.004,83.34,125.01,6.186609e-05,6.1728,50.0
2021-10-14 21:00:00.000039936,20.576,83.34,124.547005,6.255676e-05,4.6296,50.0
2021-10-15 00:00:00.000039936,23.148,83.34,122.69499,6.324571e-05,5.144,55.0
2021-10-15 03:00:00.000039936,23.148,79.636,123.158,6.393293e-05,5.6584,60.0
2021-10-15 06:00:00.000039936,23.148,74.08,122.695,6.461839e-05,5.6584,55.0
2021-10-15 09:00:00.000039936,23.148,74.08,123.158005,6.552959e-05,5.6584,50.0
2021-10-15 12:00:00.000039936,23.148,74.08,122.69499,6.666408e-05,6.1728,45.0
2021-10-15 15:00:00.000039936,25.720001,51.856,126.862,6.7793495e-05,7.2016,40.0
2021-10-15 18:00:00.000039936,28.292,27.78,129.64,6.8917754e-05,7.716,40.0
2021-10-15 21:00:00.000039936,28.292,27.78,113.435,7.025991e-05,8.2304,40.0
2021-10-16 00:00:00.000039936,28.292,27.78,97.229996,7.159438e-05,8.744801,35.0
2021-10-16 03:00:00.000039936,27.2632,33.336,96.767,7.336144e-05,8.2304,30.0
2021-10-16 06:00:00.000039936,25.720001,37.04,94.91501,7.4895885e-05,7.716,25.0
2021-10-16 09:00:00.000039936,27.2632,33.336,94.45201,7.5985095e-05,6.6872,30.0
2021-10-16 12:00:00.000039936,28.292,27.78,92.600006,7.6852295e-05,6.1728,35.0
2021-10-16 15:00:00.000039936,27.2632,33.336,79.173,7.814606e-05,6.1728,35.0
