Time,Vmax,Rmax_IBT,R34,fcor,u_trans,v_trans
2006-11-09 09:00:00.000039936,19.5472,64.82,41.207,3.9219805e-05,6.1728,270.0
2006-11-09 12:00:00.000039936,23.148,55.56,83.34,3.9464914e-05,6.6872,275.0
2006-11-09 15:00:00.000039936,25.720001,55.56,83.34,3.9709896e-05,7.2016,275.0
2006-11-09 18:00:00.000039936,28.292,55.56,83.34,3.995476e-05,7.2016,275.0
2006-11-09 21:00:00.000039936,30.864,33.336,93.063,3.995476e-05,7.2016,270.0
2006-11-10 00:00:00.000039936,33.436,9.26,101.86,4.0199502e-05,7.2016,275.0
2006-11-10 03:00:00.000039936,46.296,9.26,120.843,4.0444127e-05,7.716,275.0
2006-11-10 06:00:00.000039936,59.156002,9.26,138.9,4.0688625e-05,7.2016,275.0
2006-11-10 09:00:00.000039936,61.728,9.26,154.642,4.0688625e-05,6.6872,270.0
2006-11-10 12:00:00.000039936,64.3,9.26,168.995,4.0688625e-05,7.2016,270.0
2006-11-10 15:00:00.000039936,64.3,9.26,168.995,4.0688625e-05,7.2016,270.0
2006-11-10 18:00:00.000039936,64.3,9.26,168.995,4.0444127e-05,6.6872,265.0
2006-11-10 21:00:00.000039936,59.156002,14.816,170.384,4.0199502e-05,5.6584,255.0
2006-11-11 00:00:00.000039936,54.012,18.52,171.31,4.0199502e-05,6.1728,265.0
