Time,Vmax,Rmax_IBT,R34,fcor,u_trans,v_trans
2013-10-09 09:00:00.000039936,19.5472,74.08,27.78,3.651592e-05,2.572,285.0
2013-10-09 12:00:00.000039936,23.148,74.08,55.56,3.651592e-05,2.572,290.0
2013-10-09 15:00:00.000039936,27.2632,55.56,68.524,3.67623e-05,3.0864,300.0
2013-10-09 18:00:00.000039936,30.864,37.04,81.025,3.7254722e-05,3.6008,305.0
2013-10-09 21:00:00.000039936,30.864,37.04,86.581,3.7746686e-05,3.6008,305.0
2013-10-10 00:00:00.000039936,30.864,37.04,90.285,3.8238195e-05,4.1152,290.0
2013-10-10 03:00:00.000039936,33.436,37.04,90.285,3.8483773e-05,4.6296,280.0
2013-10-10 06:00:00.000039936,36.008,37.04,90.285,3.8483773e-05,4.6296,280.0
2013-10-10 09:00:00.000039936,37.5512,27.78,90.285,3.872924e-05,4.1152,275.0
2013-10-10 12:00:00.000039936,38.58,18.52,90.285,3.897458e-05,4.1152,270.0
2013-10-10 15:00:00.000039936,41.152,18.52,110.194,3.897458e-05,3.6008,265.0
2013-10-10 18:00:00.000039936,43.724,18.52,129.64,3.872924e-05,4.1152,265.0
2013-10-10 21:00:00.000039936,46.296,16.668,143.99301,3.8483773e-05,4.1152,270.0
2013-10-11 00:00:00.000039936,48.868,12.964,157.42,3.8483773e-05,5.144,270.0
2013-10-11 03:00:00.000039936,48.868,16.668,157.42,3.8483773e-05,5.6584,275.0
2013-10-11 06:00:00.000039936,48.868,18.52,157.42,3.872924e-05,5.144,275.0
2013-10-11 09:00:00.000039936,50.4112,18.52,157.42,3.872924e-05,5.144,270.0
2013-10-11 12:00:00.000039936,51.440002,18.52,157.42,3.872924e-05,7.2016,270.0
