Time,Vmax,Rmax_IBT,R34,fcor,u_trans,v_trans
2021-10-10 06:00:00.000039936,18.004,259.28,157.42,4.409823e-05,6.1728,300.0
2021-10-10 09:00:00.000039936,19.5472,240.76,163.90201,4.458322e-05,6.1728,295.0
2021-10-10 12:00:00.000039936,20.576,222.24,168.995,4.506766e-05,6.1728,290.0
2021-10-10 15:00:00.000039936,22.1192,222.24,173.162,4.5551555e-05,6.1728,285.0
2021-10-10 18:00:00.000039936,23.148,222.24,175.93999,4.6034886e-05,5.6584,280.0
2021-10-10 21:00:00.000039936,24.6912,135.196,185.2,4.6034886e-05,5.144,275.0
2021-10-11 00:00:00.000039936,25.720001,46.3,194.46,4.627635e-05,6.6872,275.0
2021-10-11 03:00:00.000039936,27.2632,42.596,195.849,4.675884e-05,7.2016,275.0
2021-10-11 06:00:00.000039936,28.292,37.04,196.775,4.7240763e-05,7.2016,275.0
2021-10-11 09:00:00.000039936,28.292,37.04,201.868,4.7240763e-05,6.1728,270.0
2021-10-11 12:00:00.000039936,28.292,37.04,206.035,4.6999867e-05,5.6584,275.0
2021-10-11 15:00:00.000039936,28.292,37.04,235.20401,4.6999867e-05,6.1728,270.0
2021-10-11 18:00:00.000039936,28.292,37.04,263.91,4.6999867e-05,6.1728,270.0
2021-10-11 21:00:00.000039936,28.292,42.596,296.78302,4.675884e-05,6.6872,270.0
2021-10-12 00:00:00.000039936,28.292,46.3,328.72998,4.675884e-05,7.716,270.0
2021-10-12 03:00:00.000039936,29.835201,74.08,348.63898,4.675884e-05,8.2304,270.0
2021-10-12 06:00:00.000039936,30.864,101.86,368.085,4.6999867e-05,6.6872,270.0
2021-10-12 09:00:00.000039936,29.835201,101.86,393.087,4.6999867e-05,5.6584,270.0
2021-10-12 12:00:00.000039936,28.292,101.86,416.7,4.6999867e-05,6.6872,275.0
2021-10-12 15:00:00.000039936,27.2632,101.86,395.402,4.748151e-05,8.2304,280.0
2021-10-12 18:00:00.000039936,25.720001,101.86,372.715,4.7722115e-05,8.744801,275.0
2021-10-12 21:00:00.000039936,27.2632,88.895996,342.15698,4.7722115e-05,8.2304,270.0
2021-10-13 00:00:00.000039936,28.292,74.08,310.21,4.748151e-05,9.2592,270.0
2021-10-13 03:00:00.000039936,27.2632,79.636,294.005,4.7722115e-05,9.7736,270.0
2021-10-13 06:00:00.000039936,25.720001,83.34,277.8,4.796257e-05,8.2304,270.0
