Time,Vmax,Rmax_IBT,R34,fcor,u_trans,v_trans
2016-10-13 18:00:00.000039936,18.004,64.82,129.64,3.577612e-05,4.1152,275.0
2016-10-13 21:00:00.000039936,19.5472,55.56,134.27,3.5529305e-05,4.1152,270.0
2016-10-14 00:00:00.000039936,20.576,46.3,138.9,3.5035337e-05,3.6008,270.0
2016-10-14 03:00:00.000039936,23.148,46.3,145.845,3.47882e-05,3.0864,275.0
2016-10-14 06:00:00.000039936,25.720001,46.3,152.79001,3.47882e-05,2.572,275.0
2016-10-14 09:00:00.000039936,28.292,46.3,162.05,3.454095e-05,2.572,275.0
2016-10-14 12:00:00.000039936,30.864,46.3,171.31,3.47882e-05,3.0864,280.0
2016-10-14 15:00:00.000039936,33.436,46.3,182.88501,3.5035337e-05,3.6008,285.0
2016-10-14 18:00:00.000039936,36.008,46.3,194.45999,3.5282377e-05,3.6008,285.0
2016-10-14 21:00:00.000039936,38.58,46.3,208.35,3.5529305e-05,3.6008,290.0
2016-10-15 00:00:00.000039936,41.152,46.3,222.23999,3.6022833e-05,3.6008,300.0
2016-10-15 03:00:00.000039936,43.724,35.188,222.23999,3.651592e-05,4.1152,305.0
2016-10-15 06:00:00.000039936,46.296,22.223999,222.23999,3.7254722e-05,4.1152,300.0
2016-10-15 09:00:00.000039936,50.4112,20.372,226.87,3.7746686e-05,5.144,295.0
2016-10-15 12:00:00.000039936,54.012,18.52,231.5,3.8238195e-05,5.6584,300.0
2016-10-15 15:00:00.000039936,56.584,18.52,236.13,3.897458e-05,6.6872,300.0
2016-10-15 18:00:00.000039936,59.156002,18.52,240.76,3.9709896e-05,8.2304,290.0
