Time,Vmax,Rmax_IBT,R34,fcor,u_trans,v_trans
2007-11-21 00:00:00.000039936,20.576,46.3,85.655,3.5282377e-05,6.1728,285.0
2007-11-21 03:00:00.000039936,22.1192,46.3,87.04401,3.5529305e-05,6.1728,285.0
2007-11-21 06:00:00.000039936,23.148,46.3,87.97,3.577612e-05,5.6584,285.0
2007-11-21 09:00:00.000039936,27.2632,37.04,100.007996,3.6022833e-05,4.6296,285.0
2007-11-21 12:00:00.000039936,30.864,27.78,111.119995,3.6022833e-05,4.6296,275.0
2007-11-21 15:00:00.000039936,32.4072,27.78,111.119995,3.6022833e-05,4.6296,270.0
2007-11-21 18:00:00.000039936,33.436,27.78,111.119995,3.626943e-05,5.144,270.0
2007-11-21 21:00:00.000039936,34.979202,27.78,111.119995,3.651592e-05,5.6584,270.0
2007-11-22 00:00:00.000039936,36.008,27.78,111.119995,3.651592e-05,5.144,265.0
2007-11-22 03:00:00.000039936,38.58,27.78,131.02899,3.626943e-05,4.1152,265.0
2007-11-22 06:00:00.000039936,41.152,27.78,150.475,3.577612e-05,4.1152,260.0
2007-11-22 09:00:00.000039936,42.6952,33.336,160.198,3.5282377e-05,4.1152,255.0
2007-11-22 12:00:00.000039936,43.724,37.04,168.995,3.5035337e-05,4.1152,255.0
2007-11-22 15:00:00.000039936,43.724,33.336,168.995,3.47882e-05,3.6008,255.0
2007-11-22 18:00:00.000039936,43.724,27.78,168.995,3.454095e-05,2.0576,245.0
2007-11-22 21:00:00.000039936,45.2672,27.78,168.995,3.454095e-05,1.5432,230.0
2007-11-23 00:00:00.000039936,46.296,27.78,168.995,3.454095e-05,1.0288,235.0
2007-11-23 03:00:00.000039936,46.296,33.336,178.71799,3.454095e-05,0.5144,280.0
2007-11-23 06:00:00.000039936,46.296,37.04,187.51501,3.47882e-05,1.0288,315.0
2007-11-23 09:00:00.000039936,46.296,33.336,188.90399,3.5035337e-05,1.5432,325.0
2007-11-23 12:00:00.000039936,46.296,27.78,189.83002,3.5282377e-05,1.5432,320.0
2007-11-23 15:00:00.000039936,47.8392,27.78,229.64801,3.5529305e-05,1.0288,315.0
2007-11-23 18:00:00.000039936,48.868,27.78,268.54,3.577612e-05,1.5432,310.0
2007-11-23 21:00:00.000039936,47.8392,24.076,270.855,3.6022833e-05,1.5432,305.0
2007-11-24 00:00:00.000039936,46.296,18.52,273.17,3.626943e-05,1.5432,315.0
2007-11-24 03:00:00.000039936,45.2672,27.78,280.578,3.67623e-05,2.0576,315.0
2007-11-24 06:00:00.000039936,43.724,37.04,287.06,3.7254722e-05,2.0576,305.0
2007-11-24 09:00:00.000039936,43.724,37.04,291.69,3.7500762e-05,2.572,295.0
2007-11-24 12:00:00.000039936,43.724,37.04,296.32,3.7500762e-05,2.572,300.0
2007-11-24 15:00:00.000039936,42.6952,33.336,296.32,3.7746686e-05,2.572,300.0
2007-11-24 18:00:00.000039936,41.152,27.78,296.32,3.7992504e-05,2.572,305.0
2007-11-24 21:00:00.000039936,41.152,27.78,296.32,3.8483773e-05,3.0864,310.0
2007-11-25 00:00:00.000039936,41.152,27.78,296.32,3.9219805e-05,4.1152,315.0
2007-11-25 03:00:00.000039936,41.152,33.336,259.28,3.995476e-05,4.6296,320.0
2007-11-25 06:00:00.000039936,41.152,37.04,222.23999,4.093299e-05,4.6296,320.0
2007-11-25 09:00:00.000039936,41.152,33.336,218.073,4.2152973e-05,4.6296,315.0
2007-11-25 12:00:00.000039936,41.152,27.78,212.98,4.3369746e-05,6.1728,305.0
2007-11-25 15:00:00.000039936,40.1232,27.78,210.20201,4.409823e-05,7.2016,300.0
