Time,Vmax,Rmax_IBT,R34,fcor,u_trans,v_trans
2015-10-13 18:00:00.000039936,20.576,74.08,120.380005,3.995476e-05,7.2016,270.0
2015-10-13 21:00:00.000039936,20.576,74.08,140.289,3.9709896e-05,7.2016,265.0
2015-10-14 00:00:00.000039936,20.576,74.08,159.735,3.9464914e-05,6.6872,265.0
2015-10-14 03:00:00.000039936,20.576,70.376,159.735,3.9464914e-05,6.1728,265.0
2015-10-14 06:00:00.000039936,20.576,64.82,159.735,3.9464914e-05,6.1728,265.0
2015-10-14 09:00:00.000039936,20.576,64.82,159.735,3.897458e-05,5.6584,265.0
2015-10-14 12:00:00.000039936,20.576,64.82,159.735,3.872924e-05,5.144,265.0
2015-10-14 15:00:00.000039936,20.576,64.82,159.735,3.872924e-05,4.6296,265.0
2015-10-14 18:00:00.000039936,20.576,64.82,159.735,3.872924e-05,5.144,270.0
2015-10-14 21:00:00.000039936,22.1192,64.82,159.735,3.872924e-05,5.6584,270.0
2015-10-15 00:00:00.000039936,23.148,64.82,159.735,3.872924e-05,6.6872,270.0
2015-10-15 03:00:00.000039936,23.148,64.82,159.735,3.872924e-05,7.2016,275.0
2015-10-15 06:00:00.000039936,25.720001,64.82,155.10501,3.9464914e-05,6.6872,275.0
2015-10-15 09:00:00.000039936,28.292,64.82,158.80899,3.9709896e-05,5.144,270.0
2015-10-15 12:00:00.000039936,30.864,64.82,162.04999,3.9464914e-05,5.144,270.0
2015-10-15 15:00:00.000039936,33.436,42.596,196.31201,3.9219805e-05,4.6296,270.0
2015-10-15 18:00:00.000039936,36.008,18.52,229.185,3.897458e-05,4.1152,275.0
2015-10-15 21:00:00.000039936,37.5512,18.52,229.185,3.897458e-05,4.1152,280.0
2015-10-16 00:00:00.000039936,38.58,18.52,229.185,3.897458e-05,4.1152,270.0
2015-10-16 03:00:00.000039936,40.1232,24.076,213.443,3.897458e-05,4.6296,265.0
2015-10-16 06:00:00.000039936,41.152,27.78,196.775,3.897458e-05,4.1152,270.0
2015-10-16 09:00:00.000039936,42.6952,27.78,202.794,3.897458e-05,3.6008,275.0
2015-10-16 12:00:00.000039936,43.724,27.78,208.35,3.897458e-05,3.0864,280.0
2015-10-16 15:00:00.000039936,46.296,27.78,208.35,3.897458e-05,3.0864,275.0
2015-10-16 18:00:00.000039936,48.868,27.78,208.35,3.9219805e-05,3.0864,275.0
2015-10-16 21:00:00.000039936,51.440002,25.928,217.147,3.9219805e-05,3.0864,270.0
2015-10-17 00:00:00.000039936,54.012,22.223999,224.555,3.9464914e-05,3.0864,275.0
2015-10-17 03:00:00.000039936,56.584,20.372,224.555,3.9464914e-05,3.6008,275.0
2015-10-17 06:00:00.000039936,59.156002,18.52,224.555,3.9709896e-05,3.0864,280.0
2015-10-17 09:00:00.000039936,63.271202,24.076,224.555,3.9709896e-05,3.6008,280.0
2015-10-17 12:00:00.000039936,66.872,27.78,224.555,3.995476e-05,4.1152,280.0
2015-10-17 15:00:00.000039936,64.3,25.928,215.295,4.0199502e-05,5.144,275.0
2015-10-17 18:00:00.000039936,61.728,22.223999,206.03499,4.0199502e-05,4.1152,270.0
2015-10-17 21:00:00.000039936,58.1272,16.668,206.03499,3.995476e-05,3.6008,265.0
