Time,Vmax,Rmax_IBT,R34,fcor,u_trans,v_trans
2019-11-02 12:00:00.000039936,18.004,55.56,101.86,3.2559245e-05,6.1728,305.0
2019-11-02 15:00:00.000039936,19.5472,111.12,108.80499,3.3550914e-05,6.1728,305.0
2019-11-02 18:00:00.000039936,20.576,166.68,115.75,3.454095e-05,6.6872,305.0
2019-11-02 21:00:00.000039936,22.1192,129.64,125.009995,3.577612e-05,6.6872,305.0
2019-11-03 00:00:00.000039936,23.148,92.6,134.27,3.67623e-05,6.1728,310.0
2019-11-03 03:00:00.000039936,24.6912,88.895996,157.42,3.7500762e-05,5.144,310.0
2019-11-03 06:00:00.000039936,25.720001,83.34,180.57,3.8238195e-05,4.1152,315.0
2019-11-03 09:00:00.000039936,25.720001,61.116,185.2,3.897458e-05,3.6008,325.0
2019-11-03 12:00:00.000039936,25.720001,37.04,189.83,3.995476e-05,3.6008,330.0
2019-11-03 15:00:00.000039936,29.835201,24.076,194.46,4.093299e-05,3.6008,330.0
2019-11-03 18:00:00.000039936,33.436,9.26,199.09,4.1665367e-05,3.6008,335.0
2019-11-03 21:00:00.000039936,34.979202,9.26,201.405,4.239659e-05,3.0864,335.0
2019-11-04 00:00:00.000039936,36.008,9.26,203.72,4.3126656e-05,3.6008,335.0
2019-11-04 03:00:00.000039936,37.5512,14.816,206.035,4.409823e-05,4.1152,335.0
2019-11-04 06:00:00.000039936,38.58,18.52,208.35,4.4825505e-05,3.6008,325.0
2019-11-04 09:00:00.000039936,41.152,24.076,210.66501,4.5309676e-05,3.0864,315.0
2019-11-04 12:00:00.000039936,43.724,27.78,212.98001,4.5793287e-05,3.6008,315.0
2019-11-04 15:00:00.000039936,47.8392,20.372,203.72,4.627635e-05,3.6008,320.0
2019-11-04 18:00:00.000039936,51.440002,12.964,194.46,4.675884e-05,3.0864,315.0
2019-11-04 21:00:00.000039936,56.584,11.1119995,187.515,4.7240763e-05,2.572,310.0
2019-11-05 00:00:00.000039936,61.728,9.26,180.57,4.7722115e-05,3.0864,315.0
2019-11-05 03:00:00.000039936,66.872,9.26,173.625,4.844305e-05,4.1152,315.0
2019-11-05 06:00:00.000039936,72.016,9.26,166.68,4.892293e-05,3.6008,310.0
2019-11-05 09:00:00.000039936,76.1312,9.26,159.735,4.9402213e-05,2.572,300.0
2019-11-05 12:00:00.000039936,79.732,9.26,152.79,4.9641636e-05,2.572,310.0
2019-11-05 15:00:00.000039936,84.876,9.26,152.79,5.012002e-05,2.572,330.0
2019-11-05 18:00:00.000039936,82.304,9.26,152.79,5.059779e-05,2.572,340.0
2019-11-05 21:00:00.000039936,81.2752,9.26,150.475,5.1074945e-05,2.572,350.0
2019-11-06 00:00:00.000039936,79.732,9.26,148.16,5.178951e-05,2.572,0.0
2019-11-06 03:00:00.000039936,74.588,9.26,143.53,5.22651e-05,2.0576,10.0
2019-11-06 06:00:00.000039936,69.444,9.26,138.9,5.2740055e-05,2.0576,20.0
2019-11-06 09:00:00.000039936,66.872,9.26,138.9,5.321436e-05,2.572,25.0
2019-11-06 12:00:00.000039936,64.3,9.26,138.9,5.392461e-05,3.0864,25.0
2019-11-06 15:00:00.000039936,61.728,9.26,136.58499,5.439729e-05,3.0864,20.0
2019-11-06 18:00:00.000039936,59.156002,9.26,134.27,5.510506e-05,3.6008,15.0
2019-11-06 21:00:00.000039936,55.5552,9.26,134.27,5.5576067e-05,3.6008,15.0
2019-11-07 00:00:00.000039936,51.440002,9.26,134.27,5.6281307e-05,3.6008,10.0
2019-11-07 03:00:00.000039936,48.868,9.26,134.27,5.698501e-05,4.1152,10.0
2019-11-07 06:00:00.000039936,46.296,9.26,134.27,5.7920843e-05,4.1152,20.0
2019-11-07 09:00:00.000039936,46.296,18.52,134.27,5.9086666e-05,5.144,25.0
2019-11-07 12:00:00.000039936,46.296,27.78,134.27,6.0247978e-05,5.6584,35.0
2019-11-07 15:00:00.000039936,43.724,27.78,136.585,6.1635496e-05,6.6872,40.0
2019-11-07 18:00:00.000039936,41.152,27.78,138.9,6.3016254e-05,8.2304,45.0
2019-11-07 21:00:00.000039936,40.1232,27.78,136.58499,6.461839e-05,9.2592,50.0
2019-11-08 00:00:00.000039936,38.58,27.78,134.27,6.621089e-05,10.288,50.0
2019-11-08 03:00:00.000039936,38.58,27.78,134.27,6.756802e-05,11.3168,50.0
2019-11-08 06:00:00.000039936,38.58,27.78,134.27,6.8917754e-05,11.8312,55.0
2019-11-08 09:00:00.000039936,34.979202,27.78,134.27,7.025991e-05,11.3168,55.0
2019-11-08 12:00:00.000039936,30.864,27.78,134.27,7.159438e-05,10.288,50.0
2019-11-08 15:00:00.000039936,27.2632,27.78,134.27,7.336144e-05,8.744801,45.0
2019-11-08 18:00:00.000039936,23.148,27.78,134.27,7.467736e-05,7.2016,45.0
2019-11-08 21:00:00.000039936,22.1192,55.56,125.009995,7.533226e-05,6.1728,55.0
2019-11-09 00:00:00.000039936,20.576,83.34,115.75,7.576771e-05,6.6872,70.0
2019-11-09 03:00:00.000039936,19.5472,83.34,106.49,7.5985095e-05,7.716,75.0
