Time,Vmax,Rmax_IBT,R34,fcor,u_trans,v_trans
2001-10-04 06:00:00.000040448,20.576,37.04,203.72,3.9709896e-05,7.2016,305.0
2001-10-04 09:00:00.000040448,23.148,37.04,180.57,4.0688625e-05,6.6872,305.0
2001-10-04 12:00:00.000040448,25.720001,37.04,157.42,4.1665367e-05,6.6872,305.0
2001-10-04 15:00:00.000040448,28.292,37.04,172.236,4.288343e-05,7.2016,305.0
2001-10-04 18:00:00.000040448,30.864,37.04,185.2,4.385554e-05,6.1728,300.0
2001-10-04 21:00:00.000040448,32.4072,42.596,185.2,4.4340795e-05,5.6584,300.0
2001-10-05 00:00:00.000040448,33.436,46.3,185.2,4.4825505e-05,6.1728,305.0
2001-10-05 03:00:00.000040448,36.008,42.596,192.608,4.5793287e-05,6.6872,310.0
2001-10-05 06:00:00.000040448,38.58,37.04,199.09,4.6999867e-05,7.2016,310.0
2001-10-05 09:00:00.000040448,46.296,37.04,229.64798,4.796257e-05,6.6872,310.0
2001-10-05 12:00:00.000040448,54.012,37.04,259.28,4.892293e-05,7.2016,320.0
2001-10-05 15:00:00.000040448,54.012,37.04,259.28,5.035898e-05,6.6872,325.0
2001-10-05 18:00:00.000040448,54.012,37.04,259.28,5.155148e-05,5.6584,325.0
2001-10-05 21:00:00.000040448,52.9832,37.04,259.28,5.250265e-05,4.6296,320.0
2001-10-06 00:00:00.000040448,51.440002,37.04,259.28,5.321436e-05,5.144,325.0
2001-10-06 03:00:00.000040448,51.440002,37.04,259.28,5.439729e-05,5.6584,330.0
2001-10-06 06:00:00.000040448,51.440002,37.04,259.28,5.5576067e-05,5.6584,350.0
2001-10-06 09:00:00.000040448,51.440002,37.04,259.28,5.6750614e-05,5.144,5.0
2001-10-06 12:00:00.000040448,51.440002,37.04,259.28,5.768715e-05,4.1152,15.0
2001-10-06 15:00:00.000040448,51.440002,37.04,259.28,5.83877e-05,3.6008,15.0
2001-10-06 18:00:00.000040448,51.440002,37.04,259.28,5.9319285e-05,4.1152,15.0
2001-10-06 21:00:00.000040448,50.4112,37.04,259.28,6.0479695e-05,4.6296,20.0
2001-10-07 00:00:00.000040448,48.868,37.04,259.28,6.1635496e-05,5.144,35.0
2001-10-07 03:00:00.000040448,47.8392,37.04,259.28,6.2326726e-05,5.6584,50.0
2001-10-07 06:00:00.000040448,46.296,37.04,259.28,6.278661e-05,5.6584,50.0
2001-10-07 09:00:00.000040448,46.296,37.04,259.28,6.3474974e-05,5.6584,50.0
2001-10-07 12:00:00.000040448,46.296,37.04,259.28,6.43901e-05,5.6584,50.0
2001-10-07 15:00:00.000040448,46.296,37.04,233.81499,6.530208e-05,5.6584,50.0
2001-10-07 18:00:00.000040448,46.296,37.04,208.35,6.621089e-05,6.1728,45.0
2001-10-07 21:00:00.000040448,45.2672,37.04,236.13,6.734234e-05,7.2016,45.0
2001-10-08 00:00:00.000040448,43.724,37.04,263.91,6.8468675e-05,6.6872,45.0
2001-10-08 03:00:00.000040448,41.152,37.04,250.01999,6.958979e-05,6.6872,45.0
2001-10-08 06:00:00.000040448,38.58,37.04,236.12999,7.048288e-05,7.2016,55.0
2001-10-08 09:00:00.000040448,38.58,37.04,236.12999,7.137252e-05,8.744801,60.0
2001-10-08 12:00:00.000040448,38.58,37.04,236.12999,7.2258685e-05,11.3168,60.0
2001-10-08 15:00:00.000040448,38.58,37.04,270.85498,7.3581316e-05,13.3744,60.0
2001-10-08 18:00:00.000040448,38.58,37.04,305.58,7.511419e-05,13.3744,60.0
2001-10-08 21:00:00.000040448,38.58,37.04,305.58,7.6852295e-05,13.8888,60.0
2001-10-09 00:00:00.000040448,38.58,37.04,305.58,7.878973e-05,15.9464,60.0
2001-10-09 03:00:00.000040448,33.436,46.3,299.098,8.049559e-05,18.5184,60.0
