Time,Vmax,Rmax_IBT,R34,fcor,u_trans,v_trans
2015-10-14 12:00:00.000039936,20.576,55.56,168.995,3.7254722e-05,5.6584,280.0
2015-10-14 15:00:00.000039936,20.576,55.56,168.995,3.7746686e-05,6.1728,285.0
2015-10-14 18:00:00.000039936,20.576,55.56,168.995,3.8238195e-05,6.6872,285.0
2015-10-14 21:00:00.000039936,22.1192,55.56,184.274,3.872924e-05,7.2016,285.0
2015-10-15 00:00:00.000039936,23.148,55.56,199.09,3.9219805e-05,7.2016,280.0
2015-10-15 03:00:00.000039936,23.148,70.376,192.608,3.9709896e-05,7.2016,275.0
2015-10-15 06:00:00.000039936,23.148,83.34,185.2,4.0199502e-05,7.2016,275.0
2015-10-15 09:00:00.000039936,23.148,83.34,185.2,4.0199502e-05,6.6872,280.0
2015-10-15 12:00:00.000039936,23.148,83.34,185.2,3.995476e-05,7.2016,275.0
2015-10-15 15:00:00.000039936,24.6912,70.376,221.314,3.995476e-05,7.716,270.0
2015-10-15 18:00:00.000039936,25.720001,55.56,256.965,4.0199502e-05,7.2016,270.0
2015-10-15 21:00:00.000039936,27.2632,46.3,231.037,4.0199502e-05,7.2016,270.0
2015-10-16 00:00:00.000039936,28.292,37.04,203.72,4.0199502e-05,7.716,270.0
2015-10-16 03:00:00.000039936,28.292,37.04,203.72,3.995476e-05,7.716,265.0
2015-10-16 06:00:00.000039936,28.292,37.04,203.72,3.9709896e-05,6.1728,275.0
2015-10-16 09:00:00.000039936,29.835201,42.596,201.868,3.9709896e-05,4.6296,295.0
2015-10-16 12:00:00.000039936,30.864,46.3,199.09,4.0199502e-05,4.1152,300.0
2015-10-16 15:00:00.000039936,32.4072,46.3,199.09,4.0688625e-05,4.1152,295.0
2015-10-16 18:00:00.000039936,33.436,46.3,199.09,4.142137e-05,4.6296,295.0
2015-10-16 21:00:00.000039936,36.008,35.188,209.739,4.1909232e-05,5.144,300.0
2015-10-17 00:00:00.000039936,38.58,22.223999,219.925,4.2640077e-05,5.144,305.0
2015-10-17 03:00:00.000039936,41.152,25.928,219.925,4.3369746e-05,5.6584,310.0
2015-10-17 06:00:00.000039936,43.724,27.78,219.925,4.4340795e-05,5.6584,310.0
2015-10-17 09:00:00.000039936,45.2672,25.928,219.925,4.5309676e-05,5.6584,315.0
2015-10-17 12:00:00.000039936,46.296,22.223999,219.925,4.6034886e-05,4.6296,315.0
2015-10-17 15:00:00.000039936,46.296,18.52,219.925,4.675884e-05,3.0864,315.0
2015-10-17 18:00:00.000039936,46.296,12.964,219.925,4.7240763e-05,2.572,320.0
2015-10-17 21:00:00.000039936,48.868,12.964,219.925,4.748151e-05,2.0576,335.0
2015-10-18 00:00:00.000039936,51.440002,12.964,219.925,4.7722115e-05,1.5432,345.0
2015-10-18 03:00:00.000039936,55.5552,16.668,219.925,4.796257e-05,1.5432,0.0
2015-10-18 06:00:00.000039936,59.156002,18.52,219.925,4.844305e-05,1.5432,10.0
2015-10-18 09:00:00.000039936,61.728,27.78,239.83398,4.892293e-05,2.0576,15.0
2015-10-18 12:00:00.000039936,64.3,37.04,259.28,4.9402213e-05,2.0576,15.0
2015-10-18 15:00:00.000039936,63.271202,29.632,259.28,4.9880902e-05,2.0576,15.0
2015-10-18 18:00:00.000039936,61.728,22.223999,259.28,5.035898e-05,2.0576,20.0
2015-10-18 21:00:00.000039936,59.156002,22.223999,259.74298,5.083645e-05,1.5432,20.0
2015-10-19 00:00:00.000039936,56.584,22.223999,259.28,5.1074945e-05,1.5432,0.0
2015-10-19 03:00:00.000039936,55.5552,25.928,259.28,5.131329e-05,1.5432,345.0
2015-10-19 06:00:00.000039936,54.012,27.78,259.28,5.178951e-05,1.5432,340.0
2015-10-19 09:00:00.000039936,52.9832,29.632,259.28,5.2027382e-05,1.0288,335.0
2015-10-19 12:00:00.000039936,51.440002,31.484,259.28,5.250265e-05,1.0288,330.0
2015-10-19 15:00:00.000039936,50.4112,27.78,259.28,5.2977284e-05,1.0288,330.0
2015-10-19 18:00:00.000039936,48.868,22.223999,259.28,5.345127e-05,1.0288,350.0
2015-10-19 21:00:00.000039936,47.8392,22.223999,251.87201,5.392461e-05,1.5432,0.0
2015-10-20 00:00:00.000039936,46.296,22.223999,243.075,5.4161024e-05,1.5432,0.0
2015-10-20 03:00:00.000039936,45.2672,25.928,251.87201,5.439729e-05,1.5432,355.0
2015-10-20 06:00:00.000039936,43.724,27.78,259.28,5.4633376e-05,1.5432,345.0
2015-10-20 09:00:00.000039936,42.6952,33.336,262.984,5.4869302e-05,1.5432,330.0
2015-10-20 12:00:00.000039936,41.152,37.04,266.225,5.510506e-05,1.0288,340.0
2015-10-20 15:00:00.000039936,40.1232,37.04,251.872,5.5340646e-05,1.0288,10.0
2015-10-20 18:00:00.000039936,38.58,37.04,236.13,5.5576067e-05,1.5432,0.0
2015-10-20 21:00:00.000039936,38.58,37.04,210.202,5.6046403e-05,2.0576,355.0
2015-10-21 00:00:00.000039936,38.58,37.04,182.88501,5.6281307e-05,1.5432,5.0
2015-10-21 03:00:00.000039936,40.1232,37.04,209.739,5.6516048e-05,1.0288,20.0
2015-10-21 06:00:00.000039936,41.152,37.04,236.13,5.6750614e-05,1.5432,35.0
2015-10-21 09:00:00.000039936,42.6952,37.04,225.481,5.698501e-05,2.0576,45.0
2015-10-21 12:00:00.000039936,43.724,37.04,212.98,5.7453286e-05,2.572,45.0
2015-10-21 15:00:00.000039936,45.2672,33.336,212.98,5.768715e-05,2.572,45.0
2015-10-21 18:00:00.000039936,46.296,27.78,212.98,5.8154368e-05,2.572,55.0
2015-10-21 21:00:00.000039936,48.868,25.928,248.168,5.862087e-05,2.572,65.0
2015-10-22 00:00:00.000039936,51.440002,22.223999,282.43,5.8853857e-05,2.572,65.0
2015-10-22 03:00:00.000039936,52.9832,31.484,282.43,5.9086666e-05,3.0864,65.0
2015-10-22 06:00:00.000039936,54.012,40.744,282.43,5.9319285e-05,3.6008,70.0
2015-10-22 09:00:00.000039936,54.012,40.744,282.43,5.9551734e-05,4.6296,75.0
2015-10-22 12:00:00.000039936,54.012,40.744,282.43,5.9784e-05,5.144,70.0
2015-10-22 15:00:00.000039936,52.9832,44.447998,253.724,6.0247978e-05,6.1728,65.0
2015-10-22 18:00:00.000039936,51.440002,46.3,224.555,6.0942573e-05,6.1728,70.0
2015-10-22 21:00:00.000039936,50.4112,46.3,239.83398,6.14047e-05,6.1728,75.0
2015-10-23 00:00:00.000039936,48.868,46.3,254.65,6.186609e-05,6.6872,75.0
2015-10-23 03:00:00.000039936,47.8392,38.892,254.65,6.20965e-05,7.2016,75.0
2015-10-23 06:00:00.000039936,46.296,31.484,254.65,6.255676e-05,6.6872,75.0
2015-10-23 09:00:00.000039936,43.724,38.892,266.68802,6.3016254e-05,6.6872,70.0
2015-10-23 12:00:00.000039936,41.152,46.3,277.80002,6.3474974e-05,6.6872,65.0
2015-10-23 15:00:00.000039936,40.1232,46.3,256.039,6.416161e-05,7.2016,65.0
2015-10-23 18:00:00.000039936,38.58,46.3,233.815,6.507438e-05,6.1728,60.0
2015-10-23 21:00:00.000039936,37.5512,46.3,237.51901,6.552959e-05,5.6584,60.0
2015-10-24 00:00:00.000039936,36.008,46.3,240.76001,6.621089e-05,6.1728,65.0
2015-10-24 03:00:00.000039936,33.436,44.447998,218.073,6.689037e-05,7.2016,65.0
2015-10-24 06:00:00.000039936,30.864,40.744,194.46,6.7793495e-05,7.716,65.0
2015-10-24 09:00:00.000039936,30.864,48.152,194.46,6.869332e-05,8.2304,60.0
2015-10-24 12:00:00.000039936,30.864,55.56,194.46,6.958979e-05,9.2592,55.0
2015-10-24 15:00:00.000039936,29.835201,55.56,171.77301,7.07056e-05,10.802401,55.0
2015-10-24 18:00:00.000039936,28.292,55.56,148.16,7.2258685e-05,12.3456,55.0
2015-10-24 21:00:00.000039936,27.2632,55.56,148.16,7.402041e-05,15.432,55.0
2015-10-25 00:00:00.000039936,25.720001,55.56,148.16,7.641916e-05,20.576,60.0
2015-10-25 03:00:00.000039936,25.720001,55.56,148.16,7.921766e-05,25.2056,60.0
