Time,Vmax,Rmax_IBT,R34,fcor,u_trans,v_trans
2013-10-11 00:00:00.000039936,20.576,64.82,106.490005,3.5035337e-05,4.6296,295.0
2013-10-11 03:00:00.000039936,23.148,61.116,110.657,3.5529305e-05,5.6584,295.0
2013-10-11 06:00:00.000039936,25.720001,55.56,113.435,3.626943e-05,4.6296,300.0
2013-10-11 09:00:00.000039936,25.720001,51.856,131.02899,3.67623e-05,3.6008,310.0
2013-10-11 12:00:00.000039936,25.720001,46.3,148.16,3.7500762e-05,4.1152,315.0
2013-10-11 15:00:00.000039936,28.292,42.596,174.088,3.8238195e-05,5.144,315.0
2013-10-11 18:00:00.000039936,30.864,37.04,199.09001,3.897458e-05,5.144,315.0
2013-10-11 21:00:00.000039936,30.864,42.596,218.07301,3.9464914e-05,4.6296,315.0
2013-10-12 00:00:00.000039936,30.864,46.3,236.13,4.0199502e-05,4.1152,325.0
2013-10-12 03:00:00.000039936,30.864,46.3,236.13,4.093299e-05,4.1152,330.0
2013-10-12 06:00:00.000039936,30.864,46.3,236.13,4.1909232e-05,3.6008,325.0
2013-10-12 09:00:00.000039936,32.4072,46.3,236.13,4.239659e-05,3.6008,325.0
2013-10-12 12:00:00.000039936,33.436,46.3,236.13,4.3126656e-05,3.6008,325.0
2013-10-12 15:00:00.000039936,37.5512,37.04,256.965,4.385554e-05,4.1152,325.0
2013-10-12 18:00:00.000039936,41.152,27.78,277.8,4.4825505e-05,3.6008,320.0
2013-10-12 21:00:00.000039936,42.6952,27.78,310.21,4.5551555e-05,3.6008,315.0
2013-10-13 00:00:00.000039936,43.724,27.78,342.62,4.6034886e-05,3.6008,330.0
2013-10-13 03:00:00.000039936,48.868,24.076,342.62,4.675884e-05,4.1152,340.0
2013-10-13 06:00:00.000039936,54.012,18.52,342.62,4.7722115e-05,4.6296,325.0
2013-10-13 09:00:00.000039936,55.5552,20.372,344.935,4.844305e-05,5.144,315.0
2013-10-13 12:00:00.000039936,56.584,22.223999,347.25,4.9402213e-05,4.6296,320.0
2013-10-13 15:00:00.000039936,59.156002,25.928,369.01102,5.035898e-05,4.6296,330.0
2013-10-13 18:00:00.000039936,61.728,27.78,388.92,5.131329e-05,5.6584,335.0
2013-10-13 21:00:00.000039936,59.156002,25.928,382.43802,5.250265e-05,6.6872,340.0
2013-10-14 00:00:00.000039936,56.584,22.223999,375.03,5.392461e-05,6.6872,340.0
2013-10-14 03:00:00.000039936,56.584,20.372,375.03,5.5340646e-05,7.2016,335.0
2013-10-14 06:00:00.000039936,56.584,18.52,375.03,5.698501e-05,7.2016,335.0
2013-10-14 09:00:00.000039936,54.012,33.336,375.03,5.83877e-05,7.2016,335.0
2013-10-14 12:00:00.000039936,51.440002,46.3,375.03,5.9784e-05,7.2016,340.0
2013-10-14 15:00:00.000039936,51.440002,46.3,383.364,6.14047e-05,7.2016,345.0
2013-10-14 18:00:00.000039936,51.440002,46.3,391.23502,6.3016254e-05,6.6872,350.0
2013-10-14 21:00:00.000039936,47.8392,51.856,389.383,6.461839e-05,6.6872,0.0
2013-10-15 00:00:00.000039936,43.724,55.56,386.605,6.621089e-05,7.716,10.0
2013-10-15 03:00:00.000039936,43.724,55.56,386.605,6.801876e-05,9.2592,20.0
2013-10-15 06:00:00.000039936,43.724,55.56,386.605,6.936598e-05,10.288,30.0
2013-10-15 09:00:00.000039936,40.1232,55.56,377.345,7.137252e-05,12.860001,40.0
2013-10-15 12:00:00.000039936,36.008,55.56,368.085,7.380098e-05,14.4032,40.0
2013-10-15 15:00:00.000039936,36.008,55.56,368.085,7.620224e-05,15.9464,40.0
2013-10-15 18:00:00.000039936,36.008,55.56,368.085,7.900381e-05,19.5472,40.0
2013-10-15 21:00:00.000039936,32.4072,55.56,368.085,8.2185776e-05,22.1192,40.0
2013-10-16 00:00:00.000039936,28.292,55.56,368.085,8.592957e-05,25.2056,35.0
2013-10-16 03:00:00.000039936,25.720001,55.56,368.085,8.998974e-05,28.292,30.0
