Time,Vmax,Rmax_IBT,R34,fcor,u_trans,v_trans
2020-11-10 00:00:00.000039936,18.004,120.38,131.955,3.3550914e-05,4.6296,315.0
2020-11-10 03:00:00.000039936,20.576,120.38,132.418,3.3798577e-05,4.1152,315.0
2020-11-10 06:00:00.000039936,23.148,120.38,131.95499,3.4293596e-05,5.6584,300.0
2020-11-10 09:00:00.000039936,24.6912,92.6,131.02899,3.5282377e-05,6.6872,290.0
2020-11-10 12:00:00.000039936,25.720001,64.82,129.64,3.626943e-05,5.6584,285.0
2020-11-10 15:00:00.000039936,28.292,64.82,155.105,3.651592e-05,4.6296,280.0
2020-11-10 18:00:00.000039936,30.864,64.82,180.57,3.651592e-05,5.144,275.0
2020-11-10 21:00:00.000039936,33.436,64.82,202.794,3.67623e-05,5.6584,275.0
2020-11-11 00:00:00.000039936,36.008,64.82,224.55501,3.67623e-05,5.6584,265.0
2020-11-11 03:00:00.000039936,40.1232,51.856,237.51898,3.651592e-05,5.6584,260.0
2020-11-11 06:00:00.000039936,43.724,37.04,250.02,3.651592e-05,4.6296,265.0
2020-11-11 09:00:00.000039936,47.8392,24.076,258.354,3.651592e-05,3.6008,285.0
2020-11-11 12:00:00.000039936,51.440002,9.26,266.225,3.67623e-05,5.6584,290.0
2020-11-11 15:00:00.000039936,50.4112,14.816,293.079,3.7254722e-05,7.716,285.0
