Time,Vmax,Rmax_IBT,R34,fcor,u_trans,v_trans
2001-10-13 00:00:00.000040448,23.148,92.6,106.490005,4.4340795e-05,1.5432,5.0
2001-10-13 03:00:00.000040448,23.148,83.34,127.325,4.4340795e-05,1.0288,0.0
2001-10-13 06:00:00.000040448,23.148,74.08,148.16,4.458322e-05,0.5144,0.0
2001-10-13 09:00:00.000040448,24.6912,74.08,177.792,4.4825505e-05,0.5144,0.0
2001-10-13 12:00:00.000040448,25.720001,74.08,206.035,4.5309676e-05,1.0288,15.0
2001-10-13 15:00:00.000040448,25.720001,74.08,187.052,4.6034886e-05,2.0576,5.0
2001-10-13 18:00:00.000040448,25.720001,74.08,166.68,4.675884e-05,2.572,355.0
2001-10-13 21:00:00.000040448,28.292,74.08,199.09,4.7722115e-05,3.0864,350.0
2001-10-14 00:00:00.000040448,30.864,74.08,231.5,4.868306e-05,4.1152,350.0
2001-10-14 03:00:00.000040448,30.864,74.08,243.07498,4.9880902e-05,5.144,350.0
2001-10-14 06:00:00.000040448,30.864,74.08,254.65,5.1074945e-05,4.6296,350.0
2001-10-14 09:00:00.000040448,33.436,74.08,254.65,5.22651e-05,4.6296,340.0
2001-10-14 12:00:00.000040448,36.008,74.08,254.65,5.321436e-05,4.6296,325.0
2001-10-14 15:00:00.000040448,37.5512,55.56,238.445,5.392461e-05,5.6584,310.0
2001-10-14 18:00:00.000040448,38.58,37.04,222.23999,5.439729e-05,5.144,305.0
2001-10-14 21:00:00.000040448,40.1232,37.04,243.075,5.510506e-05,4.6296,300.0
2001-10-15 00:00:00.000040448,41.152,37.04,263.91,5.5576067e-05,5.144,295.0
2001-10-15 03:00:00.000040448,41.152,37.04,263.91,5.6046403e-05,5.6584,290.0
2001-10-15 06:00:00.000040448,41.152,37.04,263.91,5.6281307e-05,5.144,295.0
2001-10-15 09:00:00.000040448,42.6952,46.3,274.559,5.6750614e-05,4.6296,305.0
2001-10-15 12:00:00.000040448,43.724,55.56,284.745,5.721923e-05,4.6296,315.0
2001-10-15 15:00:00.000040448,45.2672,46.3,304.654,5.7920843e-05,4.6296,320.0
2001-10-15 18:00:00.000040448,46.296,37.04,324.09998,5.8853857e-05,4.6296,320.0
2001-10-15 21:00:00.000040448,46.296,37.04,331.04498,5.9551734e-05,4.6296,320.0
2001-10-16 00:00:00.000040448,46.296,37.04,337.99,6.0479695e-05,4.1152,335.0
2001-10-16 03:00:00.000040448,46.296,37.04,337.99,6.14047e-05,4.6296,0.0
2001-10-16 06:00:00.000040448,46.296,37.04,337.99,6.255676e-05,5.144,15.0
2001-10-16 09:00:00.000040448,45.2672,37.04,337.99,6.3474974e-05,5.144,25.0
2001-10-16 12:00:00.000040448,43.724,37.04,337.99,6.43901e-05,5.144,40.0
2001-10-16 15:00:00.000040448,41.152,42.596,321.78497,6.530208e-05,5.6584,45.0
2001-10-16 18:00:00.000040448,38.58,46.3,305.58,6.621089e-05,6.1728,50.0
2001-10-16 21:00:00.000040448,37.5512,46.3,305.58,6.711647e-05,6.6872,60.0
2001-10-17 00:00:00.000040448,36.008,46.3,305.58,6.7793495e-05,6.6872,65.0
2001-10-17 03:00:00.000040448,36.008,46.3,300.94998,6.8243826e-05,7.716,70.0
2001-10-17 06:00:00.000040448,36.008,46.3,296.32,6.8917754e-05,9.2592,65.0
2001-10-17 09:00:00.000040448,34.979202,46.3,296.32,6.958979e-05,9.7736,65.0
