Time,Vmax,Rmax_IBT,R34,fcor,u_trans,v_trans
2018-08-28 00:00:00.000039936,18.004,55.56,111.119995,3.8238195e-05,5.6584,315.0
2018-08-28 03:00:00.000039936,20.576,55.56,111.119995,3.897458e-05,5.144,315.0
2018-08-28 06:00:00.000039936,23.148,55.56,111.119995,3.995476e-05,5.144,310.0
2018-08-28 09:00:00.000039936,24.6912,55.56,113.898,4.0688625e-05,5.144,300.0
2018-08-28 12:00:00.000039936,25.720001,55.56,115.75,4.1177245e-05,5.144,290.0
2018-08-28 15:00:00.000039936,27.2632,55.56,134.733,4.1665367e-05,5.144,280.0
2018-08-28 18:00:00.000039936,28.292,55.56,152.79,4.1909232e-05,5.144,280.0
2018-08-28 21:00:00.000039936,29.835201,46.3,160.198,4.2152973e-05,4.6296,285.0
2018-08-29 00:00:00.000039936,30.864,37.04,166.68,4.239659e-05,5.144,285.0
2018-08-29 03:00:00.000039936,33.436,37.04,169.458,4.2640077e-05,5.6584,285.0
2018-08-29 06:00:00.000039936,36.008,37.04,171.31,4.288343e-05,5.144,280.0
2018-08-29 09:00:00.000039936,38.58,37.04,161.124,4.3126656e-05,4.6296,275.0
2018-08-29 12:00:00.000039936,41.152,37.04,150.47499,4.3369746e-05,4.6296,275.0
2018-08-29 15:00:00.000039936,43.724,29.632,153.253,4.3369746e-05,4.6296,275.0
2018-08-29 18:00:00.000039936,46.296,22.223999,155.105,4.3612705e-05,5.6584,280.0
2018-08-29 21:00:00.000039936,48.868,22.223999,161.124,4.385554e-05,6.1728,280.0
2018-08-30 00:00:00.000039936,51.440002,22.223999,166.68,4.409823e-05,5.6584,280.0
2018-08-30 03:00:00.000039936,54.012,16.668,181.033,4.4340795e-05,5.144,275.0
2018-08-30 06:00:00.000039936,56.584,9.26,194.45999,4.4340795e-05,5.6584,275.0
2018-08-30 09:00:00.000039936,60.6992,16.668,228.259,4.458322e-05,6.1728,275.0
2018-08-30 12:00:00.000039936,64.3,22.223999,261.595,4.458322e-05,6.6872,270.0
2018-08-30 15:00:00.000039936,68.4152,22.223999,262.058,4.458322e-05,7.2016,270.0
2018-08-30 18:00:00.000039936,72.016,22.223999,261.59497,4.458322e-05,6.6872,270.0
2018-08-30 21:00:00.000039936,74.588,22.223999,256.039,4.458322e-05,6.1728,275.0
2018-08-31 00:00:00.000039936,77.16,22.223999,250.01999,4.4825505e-05,6.6872,280.0
2018-08-31 03:00:00.000039936,78.7032,22.223999,241.22302,4.506766e-05,7.716,285.0
2018-08-31 06:00:00.000039936,79.732,22.223999,231.5,4.5551555e-05,6.6872,285.0
2018-08-31 09:00:00.000039936,78.7032,22.223999,255.11298,4.5793287e-05,6.1728,285.0
2018-08-31 12:00:00.000039936,77.16,22.223999,277.8,4.627635e-05,6.1728,290.0
2018-08-31 15:00:00.000039936,76.1312,25.928,279.652,4.675884e-05,6.6872,295.0
2018-08-31 18:00:00.000039936,74.588,27.78,280.115,4.748151e-05,6.1728,295.0
2018-08-31 21:00:00.000039936,73.559204,29.632,284.28198,4.8202877e-05,6.1728,300.0
2018-09-01 00:00:00.000039936,72.016,31.484,287.06,4.892293e-05,6.1728,305.0
2018-09-01 03:00:00.000039936,72.016,29.632,292.616,4.9880902e-05,6.1728,310.0
2018-09-01 06:00:00.000039936,72.016,27.78,296.32,5.083645e-05,5.6584,310.0
2018-09-01 09:00:00.000039936,70.9872,27.78,292.15298,5.155148e-05,5.6584,305.0
2018-09-01 12:00:00.000039936,69.444,27.78,287.06,5.22651e-05,5.6584,310.0
2018-09-01 15:00:00.000039936,66.872,27.78,287.06,5.2977284e-05,5.6584,315.0
2018-09-01 18:00:00.000039936,64.3,27.78,287.06,5.392461e-05,5.6584,320.0
2018-09-01 21:00:00.000039936,63.271202,37.04,282.893,5.510506e-05,5.6584,325.0
2018-09-02 00:00:00.000039936,61.728,46.3,277.8,5.6281307e-05,6.1728,325.0
2018-09-02 03:00:00.000039936,63.271202,46.3,286.597,5.7453286e-05,6.6872,320.0
2018-09-02 06:00:00.000039936,64.3,46.3,294.005,5.862087e-05,5.6584,325.0
2018-09-02 09:00:00.000039936,63.271202,46.3,300.024,5.9551734e-05,5.144,325.0
2018-09-02 12:00:00.000039936,61.728,46.3,305.58,6.0479695e-05,5.6584,330.0
2018-09-02 15:00:00.000039936,60.6992,37.04,303.728,6.1635496e-05,6.1728,330.0
2018-09-02 18:00:00.000039936,59.156002,27.78,300.95,6.278661e-05,6.1728,330.0
2018-09-02 21:00:00.000039936,58.1272,27.78,300.487,6.393293e-05,6.1728,330.0
2018-09-03 00:00:00.000039936,56.584,27.78,298.635,6.507438e-05,5.6584,330.0
2018-09-03 03:00:00.000039936,55.5552,33.336,301.41302,6.5983986e-05,5.6584,335.0
2018-09-03 06:00:00.000039936,54.012,37.04,303.265,6.711647e-05,5.6584,345.0
2018-09-03 09:00:00.000039936,54.012,42.596,288.912,6.869332e-05,6.1728,355.0
2018-09-03 12:00:00.000039936,54.012,46.3,273.16998,7.025991e-05,7.2016,5.0
2018-09-03 15:00:00.000039936,52.9832,46.3,273.16998,7.181604e-05,8.744801,10.0
2018-09-03 18:00:00.000039936,51.440002,46.3,273.16998,7.3581316e-05,9.7736,15.0
2018-09-03 21:00:00.000039936,51.440002,46.3,281.967,7.5550095e-05,11.3168,20.0
2018-09-04 00:00:00.000039936,51.440002,46.3,289.375,7.814606e-05,13.8888,25.0
2018-09-04 02:00:00.000053248,47.8392,46.3,288.449,8.007058e-05,16.4608,25.0
