Time,Vmax,Rmax_IBT,R34,fcor,u_trans,v_trans
2019-11-06 06:00:00.000039936,18.004,92.6,180.56999,3.3550914e-05,0.5144,105.0
2019-11-06 09:00:00.000039936,19.5472,107.416,194.45999,3.3550914e-05,1.0288,105.0
2019-11-06 12:00:00.000039936,20.576,120.38,208.35,3.3550914e-05,1.0288,95.0
2019-11-06 15:00:00.000039936,22.1192,120.38,215.295,3.3798577e-05,1.0288,85.0
2019-11-06 18:00:00.000039936,23.148,120.38,222.23999,3.3798577e-05,1.0288,80.0
2019-11-06 21:00:00.000039936,25.720001,107.416,231.5,3.3798577e-05,1.0288,90.0
2019-11-07 00:00:00.000039936,28.292,92.6,240.76001,3.3798577e-05,0.5144,100.0
2019-11-07 03:00:00.000039936,29.835201,74.08,250.01999,3.3798577e-05,0.5144,110.0
2019-11-07 06:00:00.000039936,30.864,55.56,259.28,3.3798577e-05,0.5144,115.0
2019-11-07 09:00:00.000039936,30.864,55.56,259.28,3.3550914e-05,0.5144,135.0
2019-11-07 12:00:00.000039936,30.864,55.56,259.28,3.330315e-05,0.5144,200.0
2019-11-07 15:00:00.000039936,30.864,55.56,259.28,3.305528e-05,1.0288,230.0
2019-11-07 18:00:00.000039936,30.864,55.56,259.28,3.280731e-05,1.5432,215.0
2019-11-07 21:00:00.000039936,30.864,55.56,254.65,3.2559245e-05,2.0576,210.0
2019-11-08 00:00:00.000039936,30.864,55.56,250.02,3.231108e-05,1.5432,225.0
2019-11-08 03:00:00.000039936,32.4072,46.3,250.02,3.206281e-05,2.0576,250.0
2019-11-08 06:00:00.000039936,33.436,37.04,250.02,3.206281e-05,2.0576,250.0
2019-11-08 09:00:00.000039936,32.4072,42.596,250.02,3.1814445e-05,2.0576,255.0
2019-11-08 12:00:00.000039936,30.864,46.3,250.02,3.156599e-05,3.0864,265.0
2019-11-08 15:00:00.000039936,29.835201,46.3,240.76001,3.131743e-05,3.6008,270.0
2019-11-08 18:00:00.000039936,28.292,46.3,231.5,3.131743e-05,3.0864,265.0
2019-11-08 21:00:00.000039936,27.2632,46.3,231.5,3.1068776e-05,3.0864,265.0
2019-11-09 00:00:00.000039936,25.720001,46.3,231.5,3.1068776e-05,3.6008,270.0
2019-11-09 03:00:00.000039936,25.720001,46.3,226.87,3.1068776e-05,4.1152,270.0
2019-11-09 06:00:00.000039936,25.720001,46.3,222.23999,3.131743e-05,4.1152,270.0
2019-11-09 09:00:00.000039936,25.720001,46.3,233.815,3.131743e-05,3.6008,270.0
2019-11-09 12:00:00.000039936,25.720001,46.3,245.39,3.131743e-05,3.0864,275.0
2019-11-09 15:00:00.000039936,25.720001,46.3,245.39,3.131743e-05,3.0864,280.0
2019-11-09 18:00:00.000039936,25.720001,46.3,245.39,3.156599e-05,3.6008,275.0
2019-11-09 21:00:00.000039936,25.720001,46.3,243.07501,3.156599e-05,4.6296,275.0
2019-11-10 00:00:00.000039936,25.720001,46.3,240.76001,3.1814445e-05,4.6296,275.0
2019-11-10 03:00:00.000039936,25.720001,79.636,224.555,3.206281e-05,4.6296,275.0
2019-11-10 06:00:00.000039936,25.720001,111.12,208.34999,3.231108e-05,4.6296,275.0
2019-11-10 09:00:00.000039936,25.720001,107.416,192.14499,3.231108e-05,4.6296,270.0
2019-11-10 12:00:00.000039936,25.720001,101.86,175.94,3.231108e-05,4.1152,275.0
2019-11-10 15:00:00.000039936,24.6912,79.636,152.79,3.231108e-05,3.0864,280.0
