Time,Vmax,Rmax_IBT,R34,fcor,u_trans,v_trans
2016-10-15 03:00:00.000039936,18.004,74.08,71.765,2.2814716e-05,5.6584,300.0
2016-10-15 06:00:00.000039936,20.576,74.08,143.53,2.3819783e-05,6.1728,300.0
2016-10-15 09:00:00.000039936,22.1192,64.82,152.79,2.4572832e-05,6.1728,295.0
2016-10-15 12:00:00.000039936,23.148,55.56,162.04999,2.4823696e-05,6.1728,285.0
2016-10-15 15:00:00.000039936,25.720001,55.56,178.255,2.5074483e-05,5.144,280.0
2016-10-15 18:00:00.000039936,28.292,55.56,194.46,2.5074483e-05,4.1152,285.0
2016-10-15 21:00:00.000039936,29.835201,51.856,203.72,2.53252e-05,3.0864,295.0
2016-10-16 00:00:00.000039936,30.864,46.3,212.98001,2.5826394e-05,2.572,305.0
2016-10-16 03:00:00.000039936,32.4072,46.3,219.925,2.6076874e-05,3.0864,315.0
2016-10-16 06:00:00.000039936,33.436,46.3,226.87,2.6577594e-05,3.6008,325.0
2016-10-16 09:00:00.000039936,34.979202,46.3,229.185,2.7578055e-05,4.6296,330.0
2016-10-16 12:00:00.000039936,36.008,46.3,231.5,2.857718e-05,5.6584,325.0
2016-10-16 15:00:00.000039936,41.152,46.3,252.335,2.9824112e-05,6.6872,320.0
2016-10-16 18:00:00.000039936,46.296,46.3,273.17,3.0820032e-05,7.2016,310.0
2016-10-16 21:00:00.000039936,47.8392,42.596,284.74503,3.1814445e-05,6.6872,300.0
2016-10-17 00:00:00.000039936,48.868,37.04,296.32,3.2559245e-05,6.1728,295.0
2016-10-17 03:00:00.000039936,51.440002,27.78,310.21,3.305528e-05,5.6584,290.0
2016-10-17 06:00:00.000039936,54.012,18.52,324.1,3.3550914e-05,5.6584,295.0
2016-10-17 09:00:00.000039936,55.5552,18.52,326.415,3.404614e-05,5.6584,295.0
2016-10-17 12:00:00.000039936,56.584,18.52,328.73,3.47882e-05,6.1728,300.0
2016-10-17 15:00:00.000039936,60.6992,18.52,331.045,3.5529305e-05,6.6872,300.0
2016-10-17 18:00:00.000039936,64.3,18.52,333.36,3.626943e-05,6.6872,295.0
2016-10-17 21:00:00.000039936,65.8432,20.372,335.675,3.700857e-05,6.6872,290.0
2016-10-18 00:00:00.000039936,66.872,22.223999,337.99,3.7500762e-05,7.2016,290.0
2016-10-18 03:00:00.000039936,68.4152,22.223999,337.99,3.8238195e-05,7.716,290.0
2016-10-18 06:00:00.000039936,69.444,22.223999,337.99,3.872924e-05,7.716,285.0
2016-10-18 09:00:00.000039936,70.9872,27.78,344.935,3.897458e-05,8.2304,280.0
2016-10-18 12:00:00.000039936,72.016,31.484,351.88,3.9219805e-05,8.2304,280.0
2016-10-18 15:00:00.000039936,73.559204,35.188,351.88,3.9709896e-05,7.716,285.0
2016-10-18 18:00:00.000039936,74.588,37.04,351.88,4.0199502e-05,7.716,280.0
2016-10-18 21:00:00.000039936,73.559204,37.04,354.195,4.0199502e-05,7.716,275.0
2016-10-19 00:00:00.000039936,72.016,37.04,356.51,4.0199502e-05,7.2016,285.0
2016-10-19 03:00:00.000039936,70.9872,33.336,356.51,4.093299e-05,7.2016,295.0
2016-10-19 06:00:00.000039936,69.444,27.78,356.51,4.1909232e-05,7.716,295.0
2016-10-19 09:00:00.000039936,65.8432,27.78,365.77,4.2640077e-05,8.2304,290.0
2016-10-19 12:00:00.000039936,61.728,27.78,375.03,4.3369746e-05,8.2304,290.0
2016-10-19 15:00:00.000039936,58.1272,33.336,379.66,4.409823e-05,8.2304,290.0
