Time,Vmax,Rmax_IBT,R34,fcor,u_trans,v_trans
2021-10-26 00:00:00.000039936,20.576,64.82,203.71999,4.844305e-05,1.5432,50.0
2021-10-26 03:00:00.000039936,23.148,51.856,211.128,4.868306e-05,2.0576,55.0
2021-10-26 06:00:00.000039936,25.720001,37.04,217.60999,4.916265e-05,2.572,30.0
2021-10-26 09:00:00.000039936,25.720001,37.04,222.70299,4.9641636e-05,3.6008,15.0
2021-10-26 12:00:00.000039936,25.720001,37.04,226.87,5.012002e-05,3.0864,15.0
2021-10-26 15:00:00.000039936,29.835201,37.04,218.073,5.059779e-05,2.572,20.0
2021-10-26 18:00:00.000039936,33.436,37.04,208.35,5.083645e-05,1.5432,15.0
2021-10-26 21:00:00.000039936,34.979202,29.632,215.758,5.1074945e-05,1.5432,10.0
2021-10-27 00:00:00.000039936,36.008,22.223999,222.24,5.155148e-05,1.5432,10.0
2021-10-27 03:00:00.000039936,36.008,22.223999,233.815,5.2027382e-05,2.572,15.0
2021-10-27 06:00:00.000039936,36.008,22.223999,245.39,5.2740055e-05,2.572,20.0
2021-10-27 09:00:00.000039936,34.979202,27.78,254.65,5.345127e-05,3.0864,20.0
2021-10-27 12:00:00.000039936,33.436,31.484,263.91,5.439729e-05,3.6008,20.0
2021-10-27 15:00:00.000039936,34.979202,31.484,251.409,5.510506e-05,4.6296,20.0
2021-10-27 18:00:00.000039936,36.008,31.484,238.44499,5.6046403e-05,5.144,25.0
2021-10-27 21:00:00.000039936,38.58,29.632,243.07498,5.721923e-05,5.6584,30.0
2021-10-28 00:00:00.000039936,41.152,27.78,247.70499,5.862087e-05,6.6872,35.0
2021-10-28 03:00:00.000039936,42.6952,33.336,249.094,5.9784e-05,7.2016,30.0
2021-10-28 06:00:00.000039936,43.724,37.04,250.01999,6.1173734e-05,8.2304,30.0
2021-10-28 09:00:00.000039936,42.6952,37.04,251.409,6.278661e-05,9.2592,30.0
2021-10-28 12:00:00.000039936,41.152,37.04,252.33499,6.461839e-05,9.7736,30.0
2021-10-28 15:00:00.000039936,42.6952,37.04,270.392,6.666408e-05,9.7736,30.0
2021-10-28 18:00:00.000039936,43.724,37.04,287.06,6.869332e-05,10.288,25.0
2021-10-28 21:00:00.000039936,40.1232,37.04,327.80402,7.048288e-05,10.802401,30.0
2021-10-29 00:00:00.000039936,36.008,37.04,368.08502,7.2258685e-05,12.3456,35.0
2021-10-29 03:00:00.000039936,37.5512,37.04,375.03,7.4895885e-05,15.432,40.0
2021-10-29 06:00:00.000039936,38.58,37.04,381.97498,7.750023e-05,15.9464,50.0
2021-10-29 09:00:00.000039936,33.436,37.04,375.493,7.943125e-05,16.4608,55.0
2021-10-29 12:00:00.000039936,28.292,37.04,368.085,8.113127e-05,16.9752,55.0
2021-10-29 15:00:00.000039936,27.2632,37.04,360.214,8.302487e-05,18.5184,55.0
