Time,Vmax,Rmax_IBT,R34,fcor,u_trans,v_trans
2002-09-27 00:00:00.000040448,23.148,55.56,87.97,4.0199502e-05,8.2304,285.0
2002-09-27 03:00:00.000040448,24.6912,55.56,109.268,4.0688625e-05,7.2016,280.0
2002-09-27 06:00:00.000040448,25.720001,55.56,129.64001,4.1177245e-05,7.716,285.0
2002-09-27 09:00:00.000040448,27.2632,55.56,138.90001,4.1665367e-05,8.744801,285.0
2002-09-27 12:00:00.000040448,28.292,55.56,148.16,4.239659e-05,8.744801,290.0
2002-09-27 15:00:00.000040448,30.864,51.856,157.42,4.3126656e-05,8.744801,290.0
2002-09-27 18:00:00.000040448,33.436,46.3,166.68001,4.385554e-05,8.2304,290.0
2002-09-27 21:00:00.000040448,33.436,46.3,171.31,4.4340795e-05,8.2304,285.0
2002-09-28 00:00:00.000040448,33.436,46.3,175.94,4.506766e-05,8.744801,290.0
2002-09-28 03:00:00.000040448,36.008,46.3,194.45999,4.5793287e-05,9.2592,295.0
2002-09-28 06:00:00.000040448,38.58,46.3,212.98001,4.651767e-05,9.7736,290.0
2002-09-28 09:00:00.000040448,42.6952,46.3,212.98001,4.6999867e-05,10.288,280.0
2002-09-28 12:00:00.000040448,46.296,46.3,212.98001,4.748151e-05,9.7736,280.0
2002-09-28 15:00:00.000040448,50.4112,42.596,222.23999,4.796257e-05,8.744801,285.0
2002-09-28 18:00:00.000040448,54.012,37.04,231.5,4.844305e-05,8.2304,285.0
2002-09-28 21:00:00.000040448,58.1272,37.04,231.50002,4.892293e-05,7.716,285.0
2002-09-29 00:00:00.000040448,61.728,37.04,231.5,4.9402213e-05,7.2016,290.0
2002-09-29 03:00:00.000040448,64.3,37.04,231.5,4.9880902e-05,6.6872,295.0
2002-09-29 06:00:00.000040448,66.872,37.04,231.5,5.035898e-05,5.6584,300.0
2002-09-29 09:00:00.000040448,68.4152,37.04,231.5,5.1074945e-05,5.144,305.0
2002-09-29 12:00:00.000040448,69.444,37.04,231.5,5.2027382e-05,4.6296,305.0
2002-09-29 15:00:00.000040448,68.4152,37.04,243.075,5.2740055e-05,4.6296,315.0
2002-09-29 18:00:00.000040448,66.872,37.04,254.65,5.345127e-05,4.6296,335.0
2002-09-29 21:00:00.000040448,66.872,37.04,252.33499,5.4633376e-05,5.144,350.0
2002-09-30 00:00:00.000040448,66.872,37.04,250.01999,5.581132e-05,5.6584,355.0
2002-09-30 03:00:00.000040448,64.3,37.04,250.01999,5.721923e-05,6.1728,360.0
2002-09-30 06:00:00.000040448,61.728,37.04,250.01999,5.862087e-05,6.6872,5.0
2002-09-30 09:00:00.000040448,59.156002,37.04,250.01999,6.0247978e-05,7.716,10.0
2002-09-30 12:00:00.000040448,56.584,37.04,250.01999,6.20965e-05,9.2592,10.0
2002-09-30 15:00:00.000040448,56.584,37.04,233.815,6.416161e-05,10.288,15.0
2002-09-30 18:00:00.000040448,56.584,37.04,217.61002,6.643758e-05,11.8312,15.0
2002-09-30 21:00:00.000040448,56.584,33.336,226.87,6.914198e-05,13.3744,15.0
2002-10-01 00:00:00.000040448,56.584,27.78,236.13,7.2037474e-05,14.917601,15.0
2002-10-01 03:00:00.000040448,52.9832,27.78,243.075,7.533226e-05,16.9752,15.0
2002-10-01 06:00:00.000040448,48.868,27.78,250.01999,7.878973e-05,16.9752,15.0
2002-10-01 09:00:00.000040448,45.2672,27.78,250.01999,8.176471e-05,16.4608,25.0
