Time,Vmax,Rmax_IBT,R34,fcor,u_trans,v_trans
2017-10-16 00:00:00.000039936,18.004,37.04,62.504997,2.6076874e-05,4.1152,300.0
2017-10-16 03:00:00.000039936,18.004,37.04,89.35899,2.6327272e-05,4.1152,295.0
2017-10-16 06:00:00.000039936,18.004,37.04,115.75001,2.6327272e-05,4.6296,285.0
2017-10-16 09:00:00.000039936,19.5472,37.04,115.75001,2.6577594e-05,4.6296,280.0
2017-10-16 12:00:00.000039936,20.576,37.04,115.75001,2.6827835e-05,4.6296,270.0
2017-10-16 15:00:00.000039936,22.1192,46.3,137.974,2.707799e-05,4.1152,260.0
2017-10-16 18:00:00.000039936,23.148,55.56,159.735,2.707799e-05,4.1152,255.0
2017-10-16 21:00:00.000039936,23.148,51.856,168.069,2.6827835e-05,4.1152,250.0
2017-10-17 00:00:00.000039936,23.148,46.3,175.94,2.6327272e-05,3.0864,235.0
2017-10-17 03:00:00.000039936,23.148,46.3,506.98502,2.53252e-05,1.0288,220.0
2017-10-17 06:00:00.000039936,25.720001,46.3,159.735,2.5575835e-05,0.5144,0.0
2017-10-17 09:00:00.000039936,27.2632,46.3,233.35199,2.5826394e-05,1.5432,0.0
2017-10-17 12:00:00.000039936,28.292,46.3,305.58,2.6327272e-05,2.0576,10.0
2017-10-17 15:00:00.000039936,29.835201,46.3,305.58,2.6827835e-05,2.572,15.0
2017-10-17 18:00:00.000039936,30.864,46.3,305.58,2.7827968e-05,4.1152,10.0
2017-10-17 21:00:00.000039936,32.4072,46.3,321.322,2.9325609e-05,5.6584,0.0
2017-10-18 00:00:00.000039936,33.436,46.3,335.675,3.0820032e-05,5.6584,355.0
2017-10-18 03:00:00.000039936,33.436,42.596,337.99,3.206281e-05,5.6584,340.0
2017-10-18 06:00:00.000039936,33.436,37.04,340.305,3.305528e-05,6.1728,330.0
2017-10-18 09:00:00.000039936,33.436,37.04,351.417,3.4293596e-05,6.1728,325.0
2017-10-18 12:00:00.000039936,33.436,37.04,361.14,3.5282377e-05,5.6584,325.0
2017-10-18 15:00:00.000039936,34.979202,37.04,358.362,3.6022833e-05,4.6296,320.0
2017-10-18 18:00:00.000039936,36.008,37.04,354.195,3.67623e-05,4.6296,320.0
2017-10-18 21:00:00.000039936,37.5512,37.04,361.603,3.7746686e-05,4.6296,320.0
2017-10-19 00:00:00.000039936,38.58,37.04,368.085,3.872924e-05,4.6296,335.0
2017-10-19 03:00:00.000039936,42.6952,37.04,376.88202,3.995476e-05,4.6296,350.0
2017-10-19 06:00:00.000039936,46.296,37.04,384.29,4.093299e-05,4.1152,355.0
2017-10-19 09:00:00.000039936,45.2672,37.04,406.514,4.1665367e-05,3.6008,355.0
2017-10-19 12:00:00.000039936,43.724,37.04,428.27502,4.2640077e-05,4.1152,355.0
2017-10-19 15:00:00.000039936,42.6952,37.04,437.998,4.385554e-05,4.6296,355.0
2017-10-19 18:00:00.000039936,41.152,37.04,446.79498,4.506766e-05,5.144,360.0
2017-10-19 21:00:00.000039936,42.6952,55.56,446.332,4.627635e-05,5.144,5.0
2017-10-20 00:00:00.000039936,43.724,74.08,444.47998,4.7240763e-05,4.6296,0.0
2017-10-20 03:00:00.000039936,46.296,66.672,449.11,4.8202877e-05,4.1152,0.0
2017-10-20 06:00:00.000039936,48.868,59.264,453.74,4.916265e-05,3.0864,5.0
2017-10-20 09:00:00.000039936,54.012,59.264,461.148,4.9641636e-05,2.572,20.0
2017-10-20 12:00:00.000039936,59.156002,59.264,467.63,5.012002e-05,3.0864,35.0
2017-10-20 15:00:00.000039936,63.271202,57.412,472.723,5.083645e-05,3.6008,35.0
2017-10-20 18:00:00.000039936,66.872,55.56,476.89,5.155148e-05,3.6008,40.0
2017-10-20 21:00:00.000039936,66.872,55.56,486.61298,5.22651e-05,4.1152,40.0
2017-10-21 00:00:00.000039936,66.872,55.56,495.41003,5.321436e-05,5.144,40.0
2017-10-21 03:00:00.000039936,66.872,55.56,498.188,5.4161024e-05,6.6872,35.0
2017-10-21 06:00:00.000039936,66.872,55.56,500.04004,5.5576067e-05,7.2016,25.0
2017-10-21 09:00:00.000039936,68.4152,53.708,502.35498,5.698501e-05,7.716,20.0
2017-10-21 12:00:00.000039936,69.444,50.004,504.66998,5.8853857e-05,8.2304,20.0
2017-10-21 15:00:00.000039936,68.4152,48.152,504.66998,6.0711227e-05,9.2592,20.0
2017-10-21 18:00:00.000039936,66.872,46.3,504.66998,6.278661e-05,11.3168,15.0
2017-10-21 21:00:00.000039936,65.8432,42.596,504.66998,6.530208e-05,11.8312,10.0
2017-10-22 00:00:00.000039936,64.3,37.04,504.66998,6.801876e-05,11.8312,15.0
2017-10-22 03:00:00.000039936,60.6992,46.3,626.43896,7.048288e-05,11.3168,20.0
2017-10-22 06:00:00.000039936,56.584,55.56,747.745,7.270045e-05,12.3456,25.0
2017-10-22 09:00:00.000039936,51.440002,55.56,750.05994,7.4895885e-05,13.8888,35.0
2017-10-22 12:00:00.000039936,46.296,55.56,752.375,7.728449e-05,14.917601,35.0
2017-10-22 15:00:00.000039936,41.152,61.116,743.115,7.9857724e-05,15.432,35.0
