Time,Vmax,Rmax_IBT,R34,fcor,u_trans,v_trans
2001-10-20 00:00:00.000040448,23.148,74.08,111.12,1.6762664e-05,4.1152,10.0
2001-10-20 03:00:00.000040448,23.148,74.08,111.12,1.7520999e-05,4.1152,10.0
2001-10-20 06:00:00.000040448,23.148,74.08,111.12,1.8783807e-05,5.6584,20.0
2001-10-20 09:00:00.000040448,23.148,74.08,116.676,2.0549318e-05,6.6872,20.0
2001-10-20 12:00:00.000040448,23.148,74.08,120.38,2.2563274e-05,6.1728,10.0
2001-10-20 15:00:00.000040448,25.720001,70.376,125.936,2.3819783e-05,5.6584,355.0
2001-10-20 18:00:00.000040448,28.292,64.82,129.64,2.5074483e-05,5.6584,345.0
2001-10-20 21:00:00.000040448,30.864,55.56,148.16,2.6327272e-05,5.6584,345.0
2001-10-21 00:00:00.000040448,33.436,46.3,166.68,2.7578055e-05,5.144,345.0
2001-10-21 03:00:00.000040448,33.436,46.3,166.68,2.882674e-05,4.6296,350.0
2001-10-21 06:00:00.000040448,33.436,46.3,166.68,2.9824112e-05,3.6008,0.0
2001-10-21 09:00:00.000040448,36.008,42.596,172.236,3.0571195e-05,3.0864,20.0
2001-10-21 12:00:00.000040448,38.58,37.04,175.94,3.1068776e-05,3.0864,20.0
2001-10-21 15:00:00.000040448,38.58,37.04,175.94,3.1814445e-05,3.0864,10.0
2001-10-21 18:00:00.000040448,38.58,37.04,175.94,3.2559245e-05,3.0864,5.0
2001-10-21 21:00:00.000040448,38.58,37.04,175.94,3.3550914e-05,3.0864,0.0
2001-10-22 00:00:00.000040448,38.58,37.04,175.94,3.4293596e-05,2.572,5.0
2001-10-22 03:00:00.000040448,40.1232,37.04,177.79199,3.47882e-05,2.0576,15.0
2001-10-22 06:00:00.000040448,41.152,37.04,178.255,3.5035337e-05,3.0864,15.0
2001-10-22 09:00:00.000040448,43.724,37.04,182.422,3.577612e-05,3.6008,15.0
2001-10-22 12:00:00.000040448,46.296,37.04,185.20001,3.651592e-05,3.0864,30.0
2001-10-22 15:00:00.000040448,46.296,37.04,209.276,3.700857e-05,2.0576,45.0
2001-10-22 18:00:00.000040448,46.296,37.04,231.5,3.7254722e-05,2.0576,50.0
2001-10-22 21:00:00.000040448,48.868,37.04,258.354,3.7500762e-05,2.0576,50.0
2001-10-23 00:00:00.000040448,51.440002,37.04,284.745,3.7992504e-05,2.572,50.0
2001-10-23 03:00:00.000040448,55.5552,42.596,237.519,3.8483773e-05,2.572,45.0
2001-10-23 06:00:00.000040448,59.156002,46.3,189.83002,3.897458e-05,2.572,15.0
2001-10-23 09:00:00.000040448,61.728,51.856,224.55501,3.9709896e-05,3.0864,340.0
2001-10-23 12:00:00.000040448,64.3,55.56,259.28,4.0444127e-05,2.572,325.0
2001-10-23 15:00:00.000040448,66.872,55.56,256.965,4.093299e-05,2.0576,315.0
2001-10-23 18:00:00.000040448,69.444,55.56,254.65,4.1177245e-05,2.0576,315.0
2001-10-23 21:00:00.000040448,69.444,55.56,273.16998,4.142137e-05,2.0576,325.0
2001-10-24 00:00:00.000040448,69.444,55.56,291.69,4.1909232e-05,2.572,325.0
2001-10-24 03:00:00.000040448,70.9872,55.56,287.523,4.239659e-05,3.0864,325.0
2001-10-24 06:00:00.000040448,72.016,55.56,282.43,4.3126656e-05,3.0864,315.0
2001-10-24 09:00:00.000040448,72.016,61.116,285.208,4.3369746e-05,3.0864,305.0
2001-10-24 12:00:00.000040448,72.016,64.82,287.06,4.385554e-05,3.6008,310.0
2001-10-24 15:00:00.000040448,72.016,64.82,287.06,4.4340795e-05,3.6008,310.0
2001-10-24 18:00:00.000040448,72.016,64.82,287.06,4.506766e-05,4.1152,310.0
2001-10-24 21:00:00.000040448,69.444,64.82,287.06,4.5551555e-05,4.6296,310.0
2001-10-25 00:00:00.000040448,66.872,64.82,287.06,4.627635e-05,4.6296,315.0
2001-10-25 03:00:00.000040448,66.872,61.116,294.005,4.7240763e-05,5.144,325.0
2001-10-25 06:00:00.000040448,66.872,55.56,300.94998,4.8202877e-05,4.6296,325.0
2001-10-25 09:00:00.000040448,69.444,55.56,307.895,4.892293e-05,4.1152,330.0
2001-10-25 12:00:00.000040448,72.016,55.56,314.84,4.9880902e-05,4.1152,345.0
2001-10-25 15:00:00.000040448,72.016,55.56,314.84,5.083645e-05,4.6296,355.0
2001-10-25 18:00:00.000040448,72.016,55.56,314.84,5.2027382e-05,4.6296,0.0
2001-10-25 21:00:00.000040448,72.016,55.56,314.84,5.321436e-05,5.144,0.0
2001-10-26 00:00:00.000040448,72.016,55.56,314.84,5.439729e-05,6.1728,5.0
2001-10-26 03:00:00.000040448,72.016,55.56,342.62,5.6046403e-05,6.6872,10.0
2001-10-26 06:00:00.000040448,72.016,55.56,370.4,5.768715e-05,7.716,15.0
2001-10-26 09:00:00.000040448,69.444,55.56,358.825,5.9086666e-05,8.2304,20.0
2001-10-26 12:00:00.000040448,66.872,55.56,347.25,6.0942573e-05,9.7736,20.0
2001-10-26 15:00:00.000040448,64.3,55.56,347.25,6.324571e-05,10.802401,25.0
2001-10-26 18:00:00.000040448,61.728,55.56,347.25,6.575688e-05,11.8312,25.0
2001-10-26 21:00:00.000040448,56.584,55.56,360.21402,6.801876e-05,12.860001,25.0
2001-10-27 00:00:00.000040448,51.440002,55.56,372.715,7.048288e-05,13.8888,25.0
2001-10-27 03:00:00.000040448,48.868,55.56,276.874,7.314133e-05,14.4032,25.0
2001-10-27 06:00:00.000040448,46.296,55.56,180.57,7.576771e-05,14.917601,30.0
2001-10-27 09:00:00.000040448,42.6952,55.56,201.40501,7.8360856e-05,15.432,30.0
