Time,Vmax,Rmax_IBT,R34,fcor,u_trans,v_trans
2019-11-12 12:00:00.000039936,18.004,18.52,50.93,4.0688625e-05,7.2016,295.0
2019-11-12 15:00:00.000039936,18.004,18.52,53.245003,4.142137e-05,8.2304,295.0
2019-11-12 18:00:00.000039936,18.004,18.52,55.56,4.2152973e-05,8.744801,290.0
2019-11-12 21:00:00.000039936,19.5472,27.78,57.875,4.288343e-05,9.2592,285.0
2019-11-13 00:00:00.000039936,20.576,37.04,60.190002,4.3126656e-05,8.2304,275.0
2019-11-13 03:00:00.000039936,20.576,37.04,64.82,4.288343e-05,7.2016,260.0
2019-11-13 06:00:00.000039936,20.576,37.04,69.45,4.2640077e-05,6.6872,260.0
2019-11-13 09:00:00.000039936,22.1192,37.04,78.71,4.2640077e-05,7.2016,265.0
2019-11-13 12:00:00.000039936,23.148,37.04,87.97,4.2640077e-05,7.2016,265.0
2019-11-13 15:00:00.000039936,23.148,42.596,99.545006,4.2640077e-05,7.716,270.0
2019-11-13 18:00:00.000039936,23.148,46.3,111.119995,4.2640077e-05,8.2304,270.0
2019-11-13 21:00:00.000039936,24.6912,51.856,120.380005,4.2640077e-05,8.744801,270.0
2019-11-14 00:00:00.000039936,25.720001,55.56,129.64001,4.2640077e-05,8.744801,275.0
2019-11-14 03:00:00.000039936,27.2632,51.856,131.955,4.2640077e-05,8.2304,280.0
2019-11-14 06:00:00.000039936,28.292,46.3,134.27,4.288343e-05,8.2304,280.0
2019-11-14 09:00:00.000039936,28.292,42.596,134.27,4.3369746e-05,8.2304,285.0
2019-11-14 12:00:00.000039936,28.292,37.04,134.27,4.385554e-05,8.2304,290.0
2019-11-14 15:00:00.000039936,32.4072,37.04,141.215,4.458322e-05,8.2304,295.0
2019-11-14 18:00:00.000039936,36.008,37.04,148.16,4.5551555e-05,8.2304,300.0
2019-11-14 21:00:00.000039936,41.152,24.076,145.845,4.651767e-05,8.2304,305.0
2019-11-15 00:00:00.000039936,46.296,9.26,143.53,4.748151e-05,7.716,310.0
2019-11-15 03:00:00.000039936,50.4112,9.26,143.53,4.868306e-05,7.2016,320.0
2019-11-15 06:00:00.000039936,54.012,9.26,143.53,5.012002e-05,6.6872,325.0
2019-11-15 09:00:00.000039936,56.584,9.26,148.16,5.131329e-05,5.6584,335.0
2019-11-15 12:00:00.000039936,59.156002,9.26,152.79001,5.2740055e-05,6.1728,355.0
2019-11-15 15:00:00.000039936,59.156002,9.26,157.42001,5.4161024e-05,6.6872,10.0
2019-11-15 18:00:00.000039936,59.156002,9.26,162.05,5.5576067e-05,7.2016,20.0
2019-11-15 21:00:00.000039936,58.1272,9.26,164.365,5.721923e-05,7.716,25.0
2019-11-16 00:00:00.000039936,56.584,9.26,166.68,5.8853857e-05,8.2304,40.0
2019-11-16 03:00:00.000039936,56.584,9.26,168.995,6.0247978e-05,9.2592,50.0
2019-11-16 06:00:00.000039936,56.584,9.26,171.31,6.14047e-05,10.288,55.0
2019-11-16 09:00:00.000039936,55.5552,9.26,178.255,6.255676e-05,10.802401,60.0
2019-11-16 12:00:00.000039936,54.012,9.26,185.2,6.370404e-05,11.3168,65.0
2019-11-16 15:00:00.000039936,50.4112,9.26,180.57,6.43901e-05,11.8312,75.0
2019-11-16 18:00:00.000039936,46.296,9.26,175.94,6.4846485e-05,12.860001,80.0
2019-11-16 21:00:00.000039936,42.6952,9.26,164.36499,6.507438e-05,13.3744,85.0
2019-11-17 00:00:00.000039936,38.58,9.26,152.79,6.530208e-05,14.917601,85.0
2019-11-17 03:00:00.000039936,33.436,18.52,136.58499,6.552959e-05,14.4032,90.0
2019-11-17 06:00:00.000039936,28.292,27.78,120.380005,6.552959e-05,10.288,100.0
2019-11-17 09:00:00.000039936,24.6912,37.04,108.80499,6.4846485e-05,7.2016,120.0
2019-11-17 12:00:00.000039936,20.576,46.3,97.229996,6.393293e-05,7.2016,130.0
