Time,Vmax,Rmax_IBT,R34,fcor,u_trans,v_trans
2012-11-27 12:00:00.000039936,23.148,55.56,60.190002,1.1442632e-05,1.5432,285.0
2012-11-27 15:00:00.000039936,23.148,55.56,60.190002,1.1442632e-05,2.0576,290.0
2012-11-27 18:00:00.000039936,23.148,55.56,60.190002,1.1696372e-05,3.0864,285.0
2012-11-27 21:00:00.000039936,24.6912,55.56,68.061005,1.19500755e-05,4.1152,280.0
2012-11-28 00:00:00.000039936,25.720001,55.56,74.08,1.2203745e-05,5.144,280.0
2012-11-28 03:00:00.000039936,25.720001,51.856,74.08,1.2457375e-05,6.1728,275.0
2012-11-28 06:00:00.000039936,25.720001,46.3,74.08,1.2710968e-05,6.6872,270.0
2012-11-28 09:00:00.000039936,27.2632,42.596,86.118,1.2457375e-05,6.6872,260.0
2012-11-28 12:00:00.000039936,28.292,37.04,97.229996,1.19500755e-05,6.1728,255.0
2012-11-28 15:00:00.000039936,28.292,37.04,97.229996,1.1442632e-05,5.144,250.0
2012-11-28 18:00:00.000039936,28.292,37.04,97.229996,1.1188857e-05,5.144,250.0
2012-11-28 21:00:00.000039936,28.292,37.04,97.229996,1.0681205e-05,4.6296,250.0
2012-11-29 00:00:00.000039936,28.292,37.04,97.229996,1.0427331e-05,4.6296,255.0
2012-11-29 03:00:00.000039936,28.292,42.596,97.229996,1.0173423e-05,4.1152,255.0
2012-11-29 06:00:00.000039936,28.292,46.3,97.229996,9.6655185e-06,4.6296,250.0
2012-11-29 09:00:00.000039936,27.2632,42.596,95.378,9.157494e-06,5.6584,250.0
2012-11-29 12:00:00.000039936,25.720001,37.04,92.6,8.64936e-06,5.6584,260.0
2012-11-29 15:00:00.000039936,25.720001,42.596,95.378,8.64936e-06,5.144,270.0
2012-11-29 18:00:00.000039936,25.720001,46.3,97.23,8.64936e-06,4.6296,275.0
2012-11-29 21:00:00.000039936,27.2632,46.3,106.490005,8.903442e-06,4.6296,280.0
2012-11-30 00:00:00.000039936,28.292,46.3,115.75,9.157494e-06,4.6296,280.0
2012-11-30 03:00:00.000039936,30.864,42.596,123.158,9.411521e-06,5.144,280.0
2012-11-30 06:00:00.000039936,33.436,37.04,129.64,9.6655185e-06,5.144,285.0
2012-11-30 09:00:00.000039936,36.008,37.04,132.418,9.919487e-06,5.6584,285.0
2012-11-30 12:00:00.000039936,38.58,37.04,134.27,1.0427331e-05,6.1728,285.0
2012-11-30 15:00:00.000039936,42.6952,37.04,139.363,1.09350485e-05,6.6872,285.0
2012-11-30 18:00:00.000039936,46.296,37.04,143.53,1.1188857e-05,5.6584,285.0
2012-11-30 21:00:00.000039936,52.9832,42.596,153.716,1.1442632e-05,5.144,290.0
2012-12-01 00:00:00.000039936,59.156002,46.3,162.05,1.19500755e-05,5.144,290.0
2012-12-01 03:00:00.000039936,59.156002,37.04,175.94,1.2203745e-05,5.144,290.0
2012-12-01 06:00:00.000039936,59.156002,27.78,189.83,1.2710968e-05,5.6584,290.0
2012-12-01 09:00:00.000039936,60.6992,24.076,189.83,1.3218036e-05,5.6584,290.0
2012-12-01 12:00:00.000039936,61.728,18.52,189.83,1.3724946e-05,6.1728,290.0
2012-12-01 15:00:00.000039936,63.271202,24.076,201.405,1.4231685e-05,6.6872,285.0
2012-12-01 18:00:00.000039936,64.3,27.78,212.98001,1.4738254e-05,6.1728,290.0
2012-12-01 21:00:00.000039936,65.8432,27.78,212.98001,1.524464e-05,6.1728,285.0
2012-12-02 00:00:00.000039936,66.872,27.78,212.98001,1.5497764e-05,7.2016,280.0
2012-12-02 03:00:00.000039936,68.4152,27.78,213.443,1.5750842e-05,8.2304,275.0
2012-12-02 06:00:00.000039936,69.444,27.78,212.98001,1.600387e-05,8.2304,275.0
2012-12-02 09:00:00.000039936,69.444,24.076,204.183,1.6256854e-05,7.2016,275.0
2012-12-02 12:00:00.000039936,69.444,18.52,194.45999,1.6509784e-05,7.2016,275.0
2012-12-02 15:00:00.000039936,66.872,24.076,172.699,1.6509784e-05,6.6872,275.0
2012-12-02 18:00:00.000039936,64.3,27.78,150.47499,1.6509784e-05,7.2016,275.0
2012-12-02 21:00:00.000039936,61.728,27.78,150.47499,1.6509784e-05,7.716,280.0
2012-12-03 00:00:00.000039936,59.156002,27.78,150.47499,1.6762664e-05,7.2016,280.0
2012-12-03 03:00:00.000039936,61.728,24.076,167.143,1.7268272e-05,7.2016,280.0
2012-12-03 06:00:00.000039936,64.3,18.52,182.88501,1.777367e-05,7.716,285.0
2012-12-03 09:00:00.000039936,68.4152,14.816,191.21901,1.8278848e-05,8.2304,285.0
2012-12-03 12:00:00.000039936,72.016,9.26,199.09,1.8783807e-05,8.2304,280.0
2012-12-03 15:00:00.000039936,74.588,9.26,201.868,1.9036203e-05,8.2304,275.0
2012-12-03 18:00:00.000039936,77.16,9.26,203.72,1.9036203e-05,7.2016,275.0
