Time,Vmax,Rmax_IBT,R34,fcor,u_trans,v_trans
2018-09-07 18:00:00.000039936,18.004,55.56,83.34,3.3550914e-05,7.716,285.0
2018-09-07 21:00:00.000039936,19.5472,55.56,94.91501,3.3798577e-05,7.716,290.0
2018-09-08 00:00:00.000039936,20.576,55.56,106.490005,3.4293596e-05,8.2304,295.0
2018-09-08 03:00:00.000039936,22.1192,55.56,113.435,3.5035337e-05,8.744801,295.0
2018-09-08 06:00:00.000039936,23.148,55.56,120.380005,3.577612e-05,8.2304,290.0
2018-09-08 09:00:00.000039936,24.6912,55.56,125.009995,3.651592e-05,8.744801,280.0
2018-09-08 12:00:00.000039936,25.720001,55.56,129.64,3.700857e-05,8.744801,275.0
2018-09-08 15:00:00.000039936,27.2632,51.856,138.9,3.7500762e-05,9.7736,275.0
2018-09-08 18:00:00.000039936,28.292,46.3,148.16,3.7746686e-05,10.288,275.0
2018-09-08 21:00:00.000039936,30.864,46.3,157.42,3.7992504e-05,10.802401,275.0
2018-09-09 00:00:00.000039936,33.436,46.3,166.68,3.8238195e-05,10.802401,280.0
2018-09-09 03:00:00.000039936,34.979202,51.856,166.68,3.8483773e-05,10.288,280.0
2018-09-09 06:00:00.000039936,36.008,55.56,166.68,3.8483773e-05,9.2592,275.0
2018-09-09 09:00:00.000039936,36.008,55.56,175.94,3.8483773e-05,8.744801,265.0
2018-09-09 12:00:00.000039936,36.008,55.56,185.20001,3.8238195e-05,9.7736,260.0
2018-09-09 15:00:00.000039936,37.5512,46.3,194.45999,3.7746686e-05,10.802401,255.0
2018-09-09 18:00:00.000039936,38.58,37.04,203.72,3.7254722e-05,9.7736,260.0
2018-09-09 21:00:00.000039936,41.152,37.04,215.29501,3.67623e-05,8.744801,265.0
2018-09-10 00:00:00.000039936,43.724,37.04,226.87,3.651592e-05,8.744801,265.0
2018-09-10 03:00:00.000039936,45.2672,37.04,236.13,3.626943e-05,9.2592,265.0
2018-09-10 06:00:00.000039936,46.296,37.04,245.39,3.6022833e-05,8.2304,265.0
2018-09-10 09:00:00.000039936,48.868,24.076,256.965,3.577612e-05,7.2016,260.0
2018-09-10 12:00:00.000039936,51.440002,9.26,268.54,3.5529305e-05,7.2016,260.0
2018-09-10 15:00:00.000039936,54.012,9.26,277.8,3.5282377e-05,7.716,265.0
2018-09-10 18:00:00.000039936,56.584,9.26,287.06,3.5035337e-05,7.2016,265.0
2018-09-10 21:00:00.000039936,60.6992,9.26,291.69,3.5035337e-05,7.2016,270.0
2018-09-11 00:00:00.000039936,64.3,9.26,296.32,3.5035337e-05,7.2016,270.0
2018-09-11 03:00:00.000039936,68.4152,18.52,298.635,3.5035337e-05,7.2016,270.0
2018-09-11 06:00:00.000039936,72.016,27.78,300.95,3.5035337e-05,6.1728,265.0
2018-09-11 09:00:00.000039936,72.016,29.632,305.58002,3.47882e-05,5.6584,260.0
2018-09-11 12:00:00.000039936,72.016,31.484,310.21,3.47882e-05,6.1728,270.0
2018-09-11 15:00:00.000039936,72.016,31.484,314.84,3.47882e-05,6.6872,280.0
2018-09-11 18:00:00.000039936,72.016,31.484,319.47,3.5035337e-05,6.1728,275.0
2018-09-11 21:00:00.000039936,73.559204,31.484,326.415,3.5035337e-05,5.6584,265.0
2018-09-12 00:00:00.000039936,74.588,31.484,333.36,3.5035337e-05,5.144,270.0
2018-09-12 03:00:00.000039936,77.16,35.188,333.36,3.5035337e-05,5.144,275.0
2018-09-12 06:00:00.000039936,79.732,37.04,333.36,3.5282377e-05,5.6584,280.0
2018-09-12 09:00:00.000039936,79.732,42.596,342.62,3.5529305e-05,6.1728,280.0
2018-09-12 12:00:00.000039936,79.732,46.3,351.88,3.577612e-05,7.2016,280.0
2018-09-12 15:00:00.000039936,79.732,38.892,365.77002,3.577612e-05,7.2016,275.0
2018-09-12 18:00:00.000039936,79.732,31.484,379.65997,3.6022833e-05,6.6872,275.0
2018-09-12 21:00:00.000039936,78.7032,31.484,391.235,3.626943e-05,5.6584,275.0
2018-09-13 00:00:00.000039936,77.16,31.484,402.81,3.651592e-05,6.1728,280.0
2018-09-13 03:00:00.000039936,76.1312,31.484,407.44,3.67623e-05,6.6872,280.0
2018-09-13 06:00:00.000039936,74.588,31.484,412.06998,3.700857e-05,6.1728,280.0
2018-09-13 09:00:00.000039936,74.588,31.484,425.96,3.7254722e-05,5.6584,280.0
2018-09-13 12:00:00.000039936,74.588,31.484,439.85,3.7500762e-05,5.6584,280.0
2018-09-13 15:00:00.000039936,77.16,37.04,439.85,3.7992504e-05,5.144,285.0
2018-09-13 18:00:00.000039936,79.732,40.744,439.85,3.8483773e-05,5.6584,300.0
2018-09-13 21:00:00.000039936,78.7032,40.744,451.42502,3.9219805e-05,6.1728,305.0
2018-09-14 00:00:00.000039936,77.16,40.744,463.0,3.995476e-05,6.6872,305.0
2018-09-14 03:00:00.000039936,76.1312,40.744,467.63,4.093299e-05,7.716,305.0
2018-09-14 06:00:00.000039936,74.588,40.744,472.26,4.2152973e-05,8.2304,300.0
2018-09-14 09:00:00.000039936,73.559204,40.744,483.83502,4.288343e-05,8.2304,295.0
2018-09-14 12:00:00.000039936,72.016,40.744,495.41,4.3612705e-05,8.744801,290.0
2018-09-14 15:00:00.000039936,72.016,31.484,497.725,4.4340795e-05,9.2592,290.0
2018-09-14 18:00:00.000039936,72.016,22.223999,500.04,4.4825505e-05,9.2592,280.0
