Time,Vmax,Rmax_IBT,R34,fcor,u_trans,v_trans
2016-11-03 12:00:00.000039936,18.004,74.08,111.12,3.47882e-05,2.572,25.0
2016-11-03 15:00:00.000039936,19.5472,74.08,111.12,3.5282377e-05,3.0864,30.0
2016-11-03 18:00:00.000039936,20.576,74.08,111.12,3.6022833e-05,3.6008,40.0
2016-11-03 21:00:00.000039936,22.1192,74.08,115.75,3.651592e-05,4.1152,45.0
2016-11-04 00:00:00.000039936,23.148,74.08,120.380005,3.7254722e-05,4.1152,45.0
2016-11-04 03:00:00.000039936,24.6912,70.376,134.27,3.7992504e-05,4.1152,40.0
2016-11-04 06:00:00.000039936,25.720001,64.82,148.16,3.897458e-05,3.6008,30.0
2016-11-04 09:00:00.000039936,28.292,64.82,157.42,3.995476e-05,3.0864,25.0
2016-11-04 12:00:00.000039936,30.864,64.82,166.68,4.0688625e-05,3.6008,25.0
2016-11-04 15:00:00.000039936,33.436,61.116,178.255,4.142137e-05,3.6008,25.0
2016-11-04 18:00:00.000039936,36.008,55.56,189.83,4.2152973e-05,3.6008,25.0
2016-11-04 21:00:00.000039936,37.5512,51.856,203.72,4.2640077e-05,2.572,30.0
2016-11-05 00:00:00.000039936,38.58,46.3,217.60999,4.3126656e-05,2.0576,40.0
2016-11-05 03:00:00.000039936,38.58,46.3,222.23999,4.3369746e-05,2.0576,50.0
2016-11-05 06:00:00.000039936,38.58,46.3,226.87,4.385554e-05,3.0864,45.0
2016-11-05 09:00:00.000039936,41.152,46.3,231.5,4.4340795e-05,4.6296,40.0
2016-11-05 12:00:00.000039936,41.152,46.3,240.76001,4.5551555e-05,5.144,50.0
2016-11-05 15:00:00.000039936,42.6952,46.3,256.965,4.627635e-05,5.144,60.0
2016-11-05 18:00:00.000039936,43.724,46.3,273.17,4.675884e-05,5.6584,55.0
2016-11-05 21:00:00.000039936,45.2672,42.596,277.8,4.748151e-05,6.1728,45.0
2016-11-06 00:00:00.000039936,46.296,37.04,282.43,4.868306e-05,6.6872,40.0
2016-11-06 03:00:00.000039936,46.296,37.04,287.06,5.012002e-05,7.716,40.0
2016-11-06 06:00:00.000039936,46.296,37.04,291.69,5.178951e-05,8.744801,35.0
2016-11-06 09:00:00.000039936,43.724,37.04,300.95,5.345127e-05,9.7736,35.0
2016-11-06 12:00:00.000039936,41.152,37.04,310.21002,5.5340646e-05,10.288,30.0
2016-11-06 15:00:00.000039936,38.58,37.04,328.73,5.7453286e-05,11.3168,25.0
2016-11-06 18:00:00.000039936,36.008,37.04,347.25,6.0016075e-05,13.8888,20.0
2016-11-06 21:00:00.000039936,33.436,42.596,368.085,6.324571e-05,15.432,15.0
2016-11-07 00:00:00.000039936,30.864,46.3,388.91998,6.621089e-05,12.860001,20.0
2016-11-07 03:00:00.000039936,29.835201,51.856,398.18,6.8468675e-05,8.744801,25.0
2016-11-07 06:00:00.000039936,28.292,55.56,407.44,6.981338e-05,4.6296,30.0
2016-11-07 09:00:00.000039936,28.292,55.56,412.07,7.025991e-05,2.572,50.0
