Time,Vmax,Rmax_IBT,R34,fcor,u_trans,v_trans
2013-10-16 09:00:00.000039936,18.004,83.34,46.3,3.0073232e-05,5.6584,225.0
2013-10-16 12:00:00.000039936,20.576,83.34,92.6,2.9325609e-05,5.144,220.0
2013-10-16 15:00:00.000039936,24.6912,61.116,146.308,2.8327528e-05,3.6008,220.0
2013-10-16 18:00:00.000039936,28.292,37.04,199.09001,2.7578055e-05,2.0576,235.0
2013-10-16 21:00:00.000039936,30.864,29.632,202.794,2.7578055e-05,1.5432,285.0
2013-10-17 00:00:00.000039936,33.436,22.223999,206.035,2.7827968e-05,1.5432,330.0
2013-10-17 03:00:00.000039936,37.5512,25.928,207.42401,2.8327528e-05,2.0576,350.0
2013-10-17 06:00:00.000039936,41.152,27.78,208.35,2.882674e-05,2.572,5.0
2013-10-17 09:00:00.000039936,45.2672,27.78,212.054,2.9325609e-05,3.6008,15.0
2013-10-17 12:00:00.000039936,48.868,27.78,215.295,3.0322259e-05,4.6296,0.0
2013-10-17 15:00:00.000039936,54.012,27.78,215.295,3.1814445e-05,5.6584,350.0
2013-10-17 18:00:00.000039936,56.584,22.223999,217.61,3.330315e-05,5.144,340.0
2013-10-17 21:00:00.000039936,58.1272,22.223999,220.388,3.4293596e-05,4.1152,330.0
2013-10-18 00:00:00.000039936,59.156002,22.223999,222.23999,3.47882e-05,3.0864,320.0
2013-10-18 03:00:00.000039936,61.728,22.223999,230.574,3.5282377e-05,2.572,330.0
2013-10-18 06:00:00.000039936,64.3,22.223999,238.44499,3.577612e-05,3.6008,350.0
2013-10-18 09:00:00.000039936,64.3,22.223999,238.44499,3.700857e-05,5.144,350.0
2013-10-18 12:00:00.000039936,66.872,22.223999,238.44499,3.8238195e-05,5.144,335.0
2013-10-18 15:00:00.000039936,68.4152,20.372,238.44499,3.9219805e-05,5.144,315.0
2013-10-18 18:00:00.000039936,69.444,18.52,238.44499,3.995476e-05,4.6296,300.0
2013-10-18 21:00:00.000039936,69.444,18.52,238.44499,4.0444127e-05,3.6008,295.0
2013-10-19 00:00:00.000039936,69.444,18.52,238.44499,4.0688625e-05,4.1152,300.0
2013-10-19 03:00:00.000039936,69.444,18.52,246.779,4.1177245e-05,4.1152,305.0
2013-10-19 06:00:00.000039936,69.444,18.52,254.65001,4.1909232e-05,4.1152,310.0
2013-10-19 09:00:00.000039936,70.9872,20.372,254.65001,4.239659e-05,3.6008,305.0
2013-10-19 12:00:00.000039936,72.016,22.223999,254.65001,4.288343e-05,4.1152,300.0
2013-10-19 15:00:00.000039936,72.016,22.223999,254.65001,4.3369746e-05,4.1152,295.0
2013-10-19 18:00:00.000039936,72.016,22.223999,254.65001,4.3612705e-05,4.1152,295.0
2013-10-19 21:00:00.000039936,70.9872,22.223999,254.65001,4.409823e-05,3.6008,300.0
2013-10-20 00:00:00.000039936,69.444,22.223999,254.65001,4.458322e-05,3.6008,315.0
2013-10-20 03:00:00.000039936,66.872,20.372,254.65001,4.506766e-05,3.6008,325.0
2013-10-20 06:00:00.000039936,64.3,18.52,254.65001,4.5793287e-05,3.0864,320.0
2013-10-20 09:00:00.000039936,61.728,20.372,240.76001,4.627635e-05,3.0864,315.0
2013-10-20 12:00:00.000039936,59.156002,22.223999,226.87,4.675884e-05,3.0864,325.0
2013-10-20 15:00:00.000039936,58.1272,22.223999,226.87,4.748151e-05,3.0864,340.0
2013-10-20 18:00:00.000039936,56.584,22.223999,226.87,4.8202877e-05,3.0864,330.0
2013-10-20 21:00:00.000039936,54.012,22.223999,226.87,4.892293e-05,3.0864,320.0
2013-10-21 00:00:00.000039936,51.440002,22.223999,226.87,4.9402213e-05,3.0864,325.0
2013-10-21 03:00:00.000039936,50.4112,22.223999,217.60999,5.012002e-05,3.0864,335.0
2013-10-21 06:00:00.000039936,48.868,22.223999,208.35,5.083645e-05,3.6008,340.0
2013-10-21 09:00:00.000039936,47.8392,22.223999,208.35,5.155148e-05,3.6008,340.0
2013-10-21 12:00:00.000039936,46.296,22.223999,208.35,5.22651e-05,3.6008,335.0
2013-10-21 15:00:00.000039936,45.2672,22.223999,208.35,5.321436e-05,4.1152,330.0
2013-10-21 18:00:00.000039936,43.724,22.223999,208.35,5.392461e-05,4.1152,320.0
2013-10-21 21:00:00.000039936,42.6952,25.928,208.35,5.4633376e-05,4.6296,315.0
2013-10-22 00:00:00.000039936,41.152,27.78,208.35,5.510506e-05,4.6296,305.0
2013-10-22 03:00:00.000039936,42.6952,25.928,222.23999,5.581132e-05,4.6296,305.0
2013-10-22 06:00:00.000039936,43.724,22.223999,236.13,5.6281307e-05,4.1152,305.0
2013-10-22 09:00:00.000039936,45.2672,22.223999,236.13,5.698501e-05,4.1152,305.0
2013-10-22 12:00:00.000039936,46.296,22.223999,236.13,5.7453286e-05,4.1152,300.0
2013-10-22 15:00:00.000039936,46.296,18.52,236.13,5.7920843e-05,4.6296,295.0
2013-10-22 18:00:00.000039936,46.296,12.964,236.13,5.83877e-05,4.6296,295.0
2013-10-22 21:00:00.000039936,43.724,12.964,248.168,5.8853857e-05,4.6296,300.0
2013-10-23 00:00:00.000039936,41.152,12.964,259.28,5.9319285e-05,4.6296,295.0
2013-10-23 03:00:00.000039936,38.58,20.372,259.28,5.9784e-05,4.1152,290.0
2013-10-23 06:00:00.000039936,36.008,27.78,259.28,6.0016075e-05,3.0864,295.0
2013-10-23 09:00:00.000039936,36.008,42.596,262.058,6.0247978e-05,2.572,300.0
2013-10-23 12:00:00.000039936,36.008,55.56,263.91,6.0479695e-05,2.0576,315.0
2013-10-23 15:00:00.000039936,34.979202,55.56,263.91,6.0711227e-05,2.0576,330.0
2013-10-23 18:00:00.000039936,33.436,55.56,263.91,6.1173734e-05,1.5432,330.0
2013-10-23 21:00:00.000039936,32.4072,55.56,263.91,6.14047e-05,1.5432,335.0
2013-10-24 00:00:00.000039936,30.864,55.56,263.91,6.186609e-05,2.0576,0.0
2013-10-24 03:00:00.000039936,30.864,55.56,241.22299,6.255676e-05,3.6008,10.0
2013-10-24 06:00:00.000039936,30.864,55.56,217.60999,6.3474974e-05,3.6008,20.0
2013-10-24 09:00:00.000039936,30.864,55.56,217.60999,6.416161e-05,3.6008,30.0
2013-10-24 12:00:00.000039936,30.864,55.56,217.60999,6.507438e-05,4.1152,30.0
2013-10-24 15:00:00.000039936,30.864,55.56,217.60999,6.5983986e-05,4.6296,30.0
2013-10-24 18:00:00.000039936,30.864,55.56,217.60999,6.666408e-05,5.144,40.0
2013-10-24 21:00:00.000039936,29.835201,55.56,217.60999,6.734234e-05,5.6584,50.0
2013-10-25 00:00:00.000039936,28.292,55.56,217.60999,6.8243826e-05,6.1728,55.0
2013-10-25 03:00:00.000039936,27.2632,55.56,211.12799,6.914198e-05,7.716,50.0
2013-10-25 06:00:00.000039936,25.720001,55.56,203.72002,7.025991e-05,8.744801,50.0
2013-10-25 09:00:00.000039936,25.720001,55.56,194.46,7.115043e-05,9.2592,55.0
2013-10-25 12:00:00.000039936,25.720001,55.56,185.2,7.2258685e-05,10.802401,60.0
2013-10-25 15:00:00.000039936,23.148,55.56,185.2,7.402041e-05,12.860001,65.0
2013-10-25 18:00:00.000039936,20.576,55.56,185.2,7.5550095e-05,12.860001,65.0
2013-10-25 21:00:00.000039936,20.576,64.82,185.2,7.641916e-05,12.860001,65.0
