Time,Vmax,Rmax_IBT,R34,fcor,u_trans,v_trans
2002-10-10 12:00:00.000040448,20.576,111.12,138.9,4.2640077e-05,7.716,355.0
2002-10-10 15:00:00.000040448,22.1192,120.38,163.90201,4.4340795e-05,7.2016,355.0
2002-10-10 18:00:00.000040448,23.148,129.64,187.515,4.5551555e-05,7.716,350.0
2002-10-10 21:00:00.000040448,25.720001,120.38,256.039,4.675884e-05,7.716,340.0
2002-10-11 00:00:00.000040448,28.292,111.12,324.1,4.7722115e-05,6.6872,340.0
2002-10-11 03:00:00.000040448,29.835201,111.12,328.73,4.868306e-05,6.1728,340.0
2002-10-11 06:00:00.000040448,30.864,111.12,333.36,4.9641636e-05,6.1728,345.0
2002-10-11 09:00:00.000040448,30.864,111.12,333.36,5.083645e-05,6.6872,350.0
2002-10-11 12:00:00.000040448,30.864,111.12,333.36,5.2027382e-05,6.1728,340.0
2002-10-11 15:00:00.000040448,30.864,111.12,333.36,5.345127e-05,5.6584,330.0
2002-10-11 18:00:00.000040448,30.864,111.12,333.36,5.510506e-05,5.6584,325.0
2002-10-11 21:00:00.000040448,32.4072,125.936,361.13998,5.6516048e-05,5.6584,320.0
2002-10-12 00:00:00.000040448,33.436,138.9,388.92,5.7920843e-05,5.6584,335.0
2002-10-12 03:00:00.000040448,33.436,138.9,388.92,5.9319285e-05,6.1728,345.0
2002-10-12 06:00:00.000040448,33.436,138.9,388.92,6.0942573e-05,7.2016,350.0
2002-10-12 09:00:00.000040448,34.979202,125.936,402.81,6.255676e-05,7.2016,350.0
2002-10-12 12:00:00.000040448,36.008,111.12,416.7,6.393293e-05,6.6872,355.0
2002-10-12 15:00:00.000040448,36.008,111.12,416.7,6.530208e-05,6.1728,360.0
2002-10-12 18:00:00.000040448,36.008,111.12,416.7,6.643758e-05,5.6584,5.0
2002-10-12 21:00:00.000040448,34.979202,111.12,416.7,6.7793495e-05,5.6584,15.0
2002-10-13 00:00:00.000040448,33.436,111.12,416.7,6.914198e-05,5.6584,20.0
2002-10-13 03:00:00.000040448,30.864,111.12,409.755,7.048288e-05,6.1728,20.0
2002-10-13 06:00:00.000040448,28.292,111.12,402.81,7.2037474e-05,6.6872,20.0
2002-10-13 09:00:00.000040448,28.292,111.12,402.81,7.336144e-05,8.744801,15.0
2002-10-13 12:00:00.000040448,28.292,111.12,402.81,7.467736e-05,12.3456,10.0
2002-10-13 15:00:00.000040448,25.720001,111.12,402.81,7.5985095e-05,16.9752,15.0
