Time,Vmax,Rmax_IBT,R34,fcor,u_trans,v_trans
2009-11-23 18:00:00.000039936,25.720001,74.08,92.6,2.1808535e-05,3.0864,275.0
2009-11-23 21:00:00.000039936,27.2632,55.56,100.007996,2.1808535e-05,2.572,275.0
2009-11-24 00:00:00.000039936,28.292,37.04,106.490005,2.1808535e-05,2.0576,275.0
2009-11-24 03:00:00.000039936,30.864,37.04,106.490005,2.206018e-05,1.5432,285.0
2009-11-24 06:00:00.000039936,33.436,37.04,106.490005,2.231176e-05,2.572,305.0
2009-11-24 09:00:00.000039936,33.436,37.04,106.490005,2.306609e-05,3.6008,310.0
2009-11-24 12:00:00.000039936,33.436,37.04,106.490005,2.3819783e-05,4.1152,310.0
2009-11-24 15:00:00.000039936,37.5512,33.336,116.676,2.4572832e-05,4.6296,310.0
2009-11-24 18:00:00.000039936,41.152,27.78,125.009995,2.53252e-05,4.6296,320.0
2009-11-24 21:00:00.000039936,46.296,24.076,125.009995,2.6076874e-05,4.6296,330.0
2009-11-25 00:00:00.000039936,51.440002,18.52,125.009995,2.707799e-05,5.6584,325.0
2009-11-25 03:00:00.000039936,58.1272,24.076,143.993,2.807779e-05,6.1728,320.0
2009-11-25 06:00:00.000039936,64.3,27.78,162.05,2.9325609e-05,6.6872,320.0
2009-11-25 09:00:00.000039936,72.016,27.78,172.69899,3.0322259e-05,6.1728,320.0
2009-11-25 12:00:00.000039936,79.732,27.78,182.885,3.156599e-05,6.6872,320.0
2009-11-25 15:00:00.000039936,79.732,27.78,182.885,3.280731e-05,6.6872,325.0
2009-11-25 18:00:00.000039936,79.732,27.78,182.885,3.4293596e-05,6.6872,325.0
2009-11-25 21:00:00.000039936,78.7032,27.78,182.885,3.5529305e-05,6.1728,325.0
2009-11-26 00:00:00.000039936,77.16,27.78,182.885,3.67623e-05,5.6584,320.0
2009-11-26 03:00:00.000039936,76.1312,24.076,197.70099,3.7500762e-05,4.6296,315.0
2009-11-26 06:00:00.000039936,74.588,18.52,210.66501,3.8238195e-05,4.1152,320.0
2009-11-26 09:00:00.000039936,73.559204,18.52,221.777,3.897458e-05,3.6008,335.0
2009-11-26 12:00:00.000039936,72.016,18.52,231.5,3.9709896e-05,3.0864,330.0
2009-11-26 15:00:00.000039936,70.9872,18.52,231.5,4.0444127e-05,3.0864,320.0
2009-11-26 18:00:00.000039936,69.444,18.52,231.5,4.093299e-05,3.0864,330.0
2009-11-26 21:00:00.000039936,68.4152,18.52,231.5,4.1665367e-05,3.0864,350.0
2009-11-27 00:00:00.000039936,66.872,18.52,231.5,4.239659e-05,4.1152,0.0
2009-11-27 03:00:00.000039936,65.8432,24.076,243.538,4.3612705e-05,4.6296,0.0
2009-11-27 06:00:00.000039936,64.3,27.78,254.65,4.458322e-05,4.1152,350.0
2009-11-27 09:00:00.000039936,66.872,27.78,257.42798,4.5309676e-05,2.572,340.0
2009-11-27 12:00:00.000039936,69.444,27.78,259.28,4.5793287e-05,2.0576,345.0
2009-11-27 15:00:00.000039936,73.559204,33.336,259.28,4.627635e-05,2.0576,0.0
2009-11-27 18:00:00.000039936,77.16,37.04,259.28,4.675884e-05,1.5432,5.0
2009-11-27 21:00:00.000039936,76.1312,37.04,259.28,4.6999867e-05,1.5432,15.0
2009-11-28 00:00:00.000039936,74.588,37.04,259.28,4.7240763e-05,1.0288,30.0
2009-11-28 03:00:00.000039936,72.016,37.04,245.39001,4.748151e-05,1.0288,50.0
2009-11-28 06:00:00.000039936,69.444,37.04,231.5,4.748151e-05,0.5144,75.0
2009-11-28 09:00:00.000039936,68.4152,37.04,231.5,4.748151e-05,0.5144,90.0
2009-11-28 12:00:00.000039936,66.872,37.04,231.5,4.748151e-05,0.5144,80.0
2009-11-28 15:00:00.000039936,65.8432,37.04,238.445,4.748151e-05,0.5144,60.0
2009-11-28 18:00:00.000039936,64.3,37.04,245.39,4.7722115e-05,0.5144,20.0
2009-11-28 21:00:00.000039936,64.3,51.856,256.039,4.796257e-05,0.5144,340.0
2009-11-29 00:00:00.000039936,64.3,64.82,266.225,4.796257e-05,0.5144,350.0
2009-11-29 03:00:00.000039936,63.271202,51.856,271.318,4.8202877e-05,0.5144,0.0
2009-11-29 06:00:00.000039936,61.728,37.04,275.485,4.8202877e-05,0.5144,320.0
2009-11-29 09:00:00.000039936,60.6992,33.336,287.52298,4.8202877e-05,0.5144,290.0
2009-11-29 12:00:00.000039936,59.156002,27.78,298.63498,4.8202877e-05,0.5144,0.0
2009-11-29 15:00:00.000039936,56.584,42.596,298.63498,4.8202877e-05,0.5144,55.0
2009-11-29 18:00:00.000039936,54.012,55.56,298.63498,4.844305e-05,0.5144,45.0
2009-11-29 21:00:00.000039936,52.9832,55.56,288.912,4.844305e-05,0.5144,335.0
2009-11-30 00:00:00.000039936,51.440002,55.56,277.8,4.868306e-05,0.5144,315.0
2009-11-30 03:00:00.000039936,51.440002,55.56,277.8,4.892293e-05,1.0288,315.0
2009-11-30 06:00:00.000039936,51.440002,55.56,277.8,4.916265e-05,1.5432,310.0
2009-11-30 09:00:00.000039936,48.868,55.56,277.8,4.9641636e-05,2.0576,310.0
2009-11-30 12:00:00.000039936,46.296,55.56,277.8,4.9880902e-05,1.5432,295.0
2009-11-30 15:00:00.000039936,46.296,51.856,273.16998,4.9880902e-05,1.5432,285.0
2009-11-30 18:00:00.000039936,46.296,46.3,268.53998,4.9880902e-05,2.0576,300.0
2009-11-30 21:00:00.000039936,43.724,46.3,268.53998,5.012002e-05,2.0576,310.0
2009-12-01 00:00:00.000039936,41.152,46.3,268.53998,5.059779e-05,2.0576,310.0
2009-12-01 03:00:00.000039936,40.1232,51.856,241.22299,5.083645e-05,2.572,300.0
2009-12-01 06:00:00.000039936,38.58,55.56,212.98001,5.1074945e-05,2.0576,290.0
2009-12-01 09:00:00.000039936,37.5512,55.56,212.98001,5.1074945e-05,2.0576,285.0
2009-12-01 12:00:00.000039936,36.008,55.56,212.98001,5.131329e-05,2.0576,295.0
2009-12-01 15:00:00.000039936,34.979202,55.56,212.98001,5.178951e-05,2.0576,305.0
2009-12-01 18:00:00.000039936,33.436,55.56,212.98001,5.22651e-05,2.572,290.0
2009-12-01 21:00:00.000039936,33.436,51.856,207.88701,5.22651e-05,3.0864,280.0
2009-12-02 00:00:00.000039936,33.436,46.3,201.40501,5.22651e-05,3.0864,270.0
2009-12-02 03:00:00.000039936,30.864,51.856,168.995,5.2027382e-05,3.0864,265.0
2009-12-02 06:00:00.000039936,28.292,55.56,136.585,5.178951e-05,3.0864,275.0
2009-12-02 09:00:00.000039936,25.720001,74.08,136.122,5.22651e-05,3.6008,290.0
2009-12-02 12:00:00.000039936,23.148,92.6,134.27,5.2740055e-05,3.6008,295.0
2009-12-02 15:00:00.000039936,20.576,92.6,142.604,5.2977284e-05,3.0864,305.0
