Time,Vmax,Rmax_IBT,R34,fcor,u_trans,v_trans
2015-11-17 12:00:00.000039936,20.576,83.34,111.119995,1.2457375e-05,8.2304,290.0
2015-11-17 15:00:00.000039936,22.1192,83.34,111.119995,1.2964522e-05,7.716,290.0
2015-11-17 18:00:00.000039936,23.148,83.34,111.119995,1.3218036e-05,7.2016,285.0
2015-11-17 21:00:00.000039936,25.720001,83.34,117.139,1.3471513e-05,6.6872,280.0
2015-11-18 00:00:00.000039936,28.292,83.34,122.695,1.3978337e-05,6.6872,280.0
2015-11-18 03:00:00.000039936,30.864,64.82,132.881,1.4231685e-05,7.2016,280.0
2015-11-18 06:00:00.000039936,33.436,46.3,141.215,1.4738254e-05,6.6872,285.0
2015-11-18 09:00:00.000039936,33.436,51.856,151.864,1.5497764e-05,6.1728,295.0
2015-11-18 12:00:00.000039936,33.436,55.56,162.04999,1.6256854e-05,5.6584,305.0
2015-11-18 15:00:00.000039936,30.864,51.856,148.623,1.7268272e-05,6.1728,310.0
2015-11-18 18:00:00.000039936,28.292,46.3,134.27,1.8531358e-05,6.6872,315.0
2015-11-18 21:00:00.000039936,28.292,46.3,132.418,1.9793031e-05,7.716,315.0
2015-11-19 00:00:00.000039936,28.292,46.3,129.64,2.0801292e-05,7.716,305.0
2015-11-19 03:00:00.000039936,29.835201,46.3,129.64,2.1556822e-05,7.2016,295.0
2015-11-19 06:00:00.000039936,30.864,46.3,129.64,2.231176e-05,6.6872,295.0
2015-11-19 09:00:00.000039936,33.436,46.3,137.048,2.2814716e-05,6.1728,295.0
2015-11-19 12:00:00.000039936,36.008,46.3,143.53,2.3317392e-05,5.6584,300.0
2015-11-19 15:00:00.000039936,38.58,46.3,149.086,2.3819783e-05,5.6584,300.0
2015-11-19 18:00:00.000039936,41.152,46.3,152.79,2.432189e-05,4.6296,295.0
2015-11-19 21:00:00.000039936,42.6952,46.3,158.346,2.4823696e-05,4.1152,285.0
2015-11-20 00:00:00.000039936,43.724,46.3,162.05,2.53252e-05,5.144,290.0
2015-11-20 03:00:00.000039936,46.296,29.632,178.718,2.5826394e-05,6.6872,290.0
2015-11-20 06:00:00.000039936,48.868,12.964,194.45999,2.6327272e-05,7.716,290.0
2015-11-20 09:00:00.000039936,50.4112,12.964,194.45999,2.6827835e-05,7.716,285.0
2015-11-20 12:00:00.000039936,51.440002,12.964,194.45999,2.707799e-05,8.2304,280.0
2015-11-20 15:00:00.000039936,54.012,18.52,194.45999,2.7328068e-05,8.2304,280.0
2015-11-20 18:00:00.000039936,56.584,22.223999,194.45999,2.7578055e-05,8.2304,275.0
2015-11-20 21:00:00.000039936,59.156002,22.223999,196.775,2.807779e-05,8.2304,280.0
2015-11-21 00:00:00.000039936,61.728,22.223999,199.09,2.857718e-05,8.2304,285.0
2015-11-21 03:00:00.000039936,60.6992,20.372,202.794,2.9325609e-05,8.2304,295.0
2015-11-21 06:00:00.000039936,59.156002,18.52,206.035,3.0073232e-05,8.744801,290.0
2015-11-21 09:00:00.000039936,58.1272,18.52,177.329,3.0820032e-05,9.2592,290.0
2015-11-21 12:00:00.000039936,56.584,18.52,148.16,3.131743e-05,8.744801,285.0
2015-11-21 15:00:00.000039936,55.5552,18.52,148.15999,3.1814445e-05,8.2304,285.0
2015-11-21 18:00:00.000039936,54.012,18.52,148.16,3.231108e-05,8.2304,290.0
2015-11-21 21:00:00.000039936,52.9832,18.52,148.16,3.305528e-05,8.2304,295.0
2015-11-22 00:00:00.000039936,51.440002,18.52,148.16,3.404614e-05,7.716,295.0
2015-11-22 03:00:00.000039936,50.4112,24.076,141.67801,3.47882e-05,7.716,295.0
2015-11-22 06:00:00.000039936,48.868,27.78,134.26999,3.5529305e-05,7.2016,290.0
2015-11-22 09:00:00.000039936,47.8392,27.78,134.26999,3.6022833e-05,7.2016,290.0
2015-11-22 12:00:00.000039936,46.296,27.78,134.26999,3.67623e-05,6.6872,295.0
2015-11-22 15:00:00.000039936,46.296,20.372,133.344,3.7500762e-05,6.6872,300.0
2015-11-22 18:00:00.000039936,46.296,12.964,131.95499,3.8238195e-05,5.6584,305.0
2015-11-22 21:00:00.000039936,46.296,20.372,141.678,3.897458e-05,5.144,310.0
2015-11-23 00:00:00.000039936,46.296,27.78,150.475,3.9709896e-05,4.6296,315.0
2015-11-23 03:00:00.000039936,46.296,24.076,150.475,4.0444127e-05,4.1152,325.0
2015-11-23 06:00:00.000039936,46.296,18.52,150.475,4.142137e-05,3.6008,340.0
2015-11-23 09:00:00.000039936,46.296,24.076,150.475,4.2152973e-05,3.6008,350.0
2015-11-23 12:00:00.000039936,46.296,27.78,150.475,4.288343e-05,3.6008,0.0
2015-11-23 15:00:00.000039936,46.296,27.78,150.475,4.3612705e-05,3.0864,10.0
2015-11-23 18:00:00.000039936,46.296,27.78,150.475,4.458322e-05,3.6008,20.0
2015-11-23 21:00:00.000039936,45.2672,33.336,174.551,4.5309676e-05,4.1152,30.0
2015-11-24 00:00:00.000039936,43.724,37.04,196.77501,4.6034886e-05,4.1152,50.0
2015-11-24 03:00:00.000039936,41.152,37.04,196.77501,4.651767e-05,4.1152,65.0
2015-11-24 06:00:00.000039936,38.58,37.04,196.77501,4.6999867e-05,4.6296,70.0
2015-11-24 09:00:00.000039936,36.008,37.04,189.83,4.7240763e-05,4.6296,70.0
2015-11-24 12:00:00.000039936,33.436,37.04,182.885,4.748151e-05,4.1152,75.0
2015-11-24 15:00:00.000039936,30.864,42.596,165.754,4.748151e-05,4.1152,75.0
2015-11-24 18:00:00.000039936,28.292,46.3,148.16,4.7722115e-05,3.6008,65.0
2015-11-24 21:00:00.000039936,28.292,61.116,148.16,4.8202877e-05,3.0864,60.0
2015-11-25 00:00:00.000039936,28.292,74.08,148.16,4.868306e-05,4.1152,65.0
2015-11-25 03:00:00.000039936,25.720001,74.08,142.604,4.9402213e-05,4.6296,70.0
2015-11-25 06:00:00.000039936,23.148,74.08,136.585,5.012002e-05,5.144,60.0
2015-11-25 09:00:00.000039936,20.576,74.08,136.585,5.1074945e-05,5.6584,50.0
2015-11-25 12:00:00.000039936,18.004,74.08,136.585,5.2027382e-05,5.6584,50.0
2015-11-25 15:00:00.000039936,18.004,79.636,136.585,5.2977284e-05,6.1728,45.0
2015-11-25 18:00:00.000039936,18.004,83.34,136.585,5.392461e-05,6.1728,40.0
2015-11-25 21:00:00.000039936,18.004,83.34,136.585,5.4869302e-05,6.6872,35.0
2015-11-26 00:00:00.000039936,18.004,83.34,136.585,5.6046403e-05,7.2016,40.0
2015-11-26 03:00:00.000039936,18.004,83.34,136.585,5.7453286e-05,8.744801,45.0
2015-11-26 06:00:00.000039936,18.004,83.34,136.585,5.9086666e-05,10.802401,50.0
2015-11-26 09:00:00.000039936,18.004,83.34,136.585,6.0942573e-05,12.3456,50.0
