Time,Vmax,Rmax_IBT,R34,fcor,u_trans,v_trans
2021-11-30 18:00:00.000039936,25.720001,92.6,143.53,3.3798577e-05,3.0864,305.0
2021-11-30 21:00:00.000039936,25.720001,92.6,152.327,3.4293596e-05,3.0864,310.0
2021-12-01 00:00:00.000039936,25.720001,92.6,159.735,3.5035337e-05,3.6008,310.0
2021-12-01 03:00:00.000039936,28.292,92.6,180.10701,3.577612e-05,3.6008,315.0
2021-12-01 06:00:00.000039936,30.864,92.6,199.09,3.651592e-05,4.1152,330.0
2021-12-01 09:00:00.000039936,32.4072,74.08,210.202,3.7254722e-05,4.1152,345.0
2021-12-01 12:00:00.000039936,33.436,55.56,219.92499,3.8238195e-05,4.1152,350.0
2021-12-01 15:00:00.000039936,33.436,46.3,231.96301,3.897458e-05,4.1152,350.0
2021-12-01 18:00:00.000039936,33.436,37.04,243.07501,3.9709896e-05,3.6008,355.0
2021-12-01 21:00:00.000039936,36.008,37.04,256.039,4.0688625e-05,3.6008,0.0
2021-12-02 00:00:00.000039936,38.58,37.04,268.53998,4.1665367e-05,3.6008,5.0
2021-12-02 03:00:00.000039936,41.152,38.892,283.356,4.239659e-05,4.1152,15.0
2021-12-02 06:00:00.000039936,43.724,40.744,296.32,4.3126656e-05,5.144,30.0
2021-12-02 09:00:00.000039936,47.8392,38.892,308.82098,4.458322e-05,6.6872,40.0
2021-12-02 12:00:00.000039936,51.440002,37.04,319.46997,4.6034886e-05,7.2016,40.0
2021-12-02 15:00:00.000039936,58.1272,35.188,326.878,4.7240763e-05,7.716,35.0
2021-12-02 18:00:00.000039936,64.3,31.484,333.36002,4.868306e-05,8.2304,35.0
2021-12-02 21:00:00.000039936,66.872,31.484,347.25,5.012002e-05,9.2592,40.0
2021-12-03 00:00:00.000039936,64.3,40.744,354.195,5.22651e-05,10.802401,40.0
2021-12-03 03:00:00.000039936,63.271202,44.447998,329.193,5.4161024e-05,11.8312,45.0
2021-12-03 06:00:00.000039936,61.728,46.3,303.265,5.6046403e-05,11.8312,50.0
2021-12-03 09:00:00.000039936,54.012,46.3,276.874,5.768715e-05,11.8312,50.0
2021-12-03 12:00:00.000039936,46.296,46.3,250.02,5.9319285e-05,12.860001,45.0
2021-12-03 15:00:00.000039936,40.1232,42.596,194.923,6.1635496e-05,13.8888,45.0
2021-12-03 18:00:00.000039936,33.436,37.04,138.9,6.43901e-05,14.917601,40.0
2021-12-03 21:00:00.000039936,27.2632,37.04,126.86201,6.711647e-05,14.4032,40.0
