Time,Vmax,Rmax_IBT,R34,fcor,u_trans,v_trans
2017-10-25 00:00:00.000039936,18.004,111.12,233.815,3.651592e-05,5.6584,310.0
2017-10-25 03:00:00.000039936,19.5472,107.416,257.428,3.7500762e-05,6.1728,320.0
2017-10-25 06:00:00.000039936,20.576,101.86,280.115,3.8483773e-05,6.6872,325.0
2017-10-25 09:00:00.000039936,22.1192,101.86,281.504,3.995476e-05,7.2016,325.0
2017-10-25 12:00:00.000039936,23.148,101.86,282.43,4.142137e-05,6.6872,315.0
2017-10-25 15:00:00.000039936,23.148,88.895996,274.559,4.239659e-05,5.6584,300.0
2017-10-25 18:00:00.000039936,23.148,74.08,266.22498,4.3126656e-05,5.6584,300.0
2017-10-25 21:00:00.000039936,23.148,74.08,242.149,4.385554e-05,5.144,305.0
2017-10-26 00:00:00.000039936,23.148,74.08,217.61,4.458322e-05,5.144,315.0
2017-10-26 03:00:00.000039936,23.148,74.08,214.36899,4.5793287e-05,5.144,325.0
2017-10-26 06:00:00.000039936,23.148,74.08,210.665,4.6999867e-05,6.1728,320.0
2017-10-26 09:00:00.000039936,23.148,74.08,191.682,4.796257e-05,6.6872,320.0
2017-10-26 12:00:00.000039936,23.148,74.08,171.31,4.892293e-05,6.1728,320.0
2017-10-26 15:00:00.000039936,23.148,74.08,190.293,4.9880902e-05,5.6584,325.0
2017-10-26 18:00:00.000039936,23.148,74.08,208.35,5.083645e-05,5.6584,325.0
2017-10-26 21:00:00.000039936,23.148,70.376,213.90599,5.2027382e-05,6.1728,325.0
2017-10-27 00:00:00.000039936,23.148,64.82,217.60999,5.321436e-05,6.6872,325.0
2017-10-27 03:00:00.000039936,23.148,64.82,219.925,5.439729e-05,6.6872,325.0
2017-10-27 06:00:00.000039936,23.148,64.82,222.24,5.5576067e-05,6.6872,330.0
2017-10-27 09:00:00.000039936,24.6912,61.116,252.798,5.6516048e-05,5.6584,335.0
2017-10-27 12:00:00.000039936,25.720001,55.56,282.43,5.7453286e-05,5.144,340.0
2017-10-27 15:00:00.000039936,27.2632,55.56,306.04297,5.8853857e-05,4.6296,350.0
2017-10-27 18:00:00.000039936,28.292,55.56,328.72998,6.0247978e-05,6.1728,355.0
2017-10-27 21:00:00.000039936,29.835201,55.56,308.35797,6.1635496e-05,6.6872,355.0
2017-10-28 00:00:00.000039936,30.864,55.56,287.06,6.3016254e-05,7.2016,5.0
2017-10-28 03:00:00.000039936,32.4072,51.856,292.15298,6.461839e-05,7.2016,10.0
2017-10-28 04:00:00.000066560,32.4072,50.004,293.079,6.530208e-05,7.716,15.0
2017-10-28 06:00:00.000039936,33.436,46.3,296.32,6.643758e-05,7.716,20.0
2017-10-28 09:00:00.000039936,33.436,46.3,300.94998,6.801876e-05,8.744801,30.0
2017-10-28 12:00:00.000039936,33.436,46.3,305.58,6.958979e-05,9.2592,35.0
2017-10-28 15:00:00.000039936,32.4072,42.596,309.284,7.115043e-05,9.2592,35.0
2017-10-28 18:00:00.000039936,30.864,37.04,312.525,7.270045e-05,10.802401,45.0
2017-10-28 21:00:00.000039936,29.835201,37.04,325.489,7.423962e-05,11.8312,55.0
2017-10-29 00:00:00.000039936,28.292,37.04,337.99002,7.5985095e-05,12.3456,65.0
2017-10-29 03:00:00.000039936,28.292,42.596,336.138,7.750023e-05,14.4032,65.0
2017-10-29 06:00:00.000039936,28.292,46.3,333.36002,7.900381e-05,18.5184,65.0
2017-10-29 09:00:00.000039936,28.292,46.3,327.80402,8.0919635e-05,23.148,60.0
