Time,Vmax,Rmax_IBT,R34,fcor,u_trans,v_trans
2019-11-16 18:00:00.000039936,18.004,92.6,74.08,3.9219805e-05,2.0576,285.0
2019-11-16 21:00:00.000039936,19.5472,83.34,83.34,3.9709896e-05,2.572,295.0
2019-11-17 00:00:00.000039936,20.576,74.08,92.6,4.0444127e-05,2.572,310.0
2019-11-17 03:00:00.000039936,22.1192,61.116,97.229996,4.1177245e-05,3.0864,315.0
2019-11-17 06:00:00.000039936,23.148,46.3,101.86,4.1665367e-05,3.0864,310.0
2019-11-17 09:00:00.000039936,23.148,42.596,101.86,4.1909232e-05,3.0864,295.0
2019-11-17 12:00:00.000039936,23.148,37.04,101.86,4.2152973e-05,3.0864,300.0
2019-11-17 15:00:00.000039936,24.6912,42.596,106.49,4.239659e-05,2.572,315.0
2019-11-17 18:00:00.000039936,25.720001,46.3,111.12,4.288343e-05,2.572,315.0
2019-11-17 21:00:00.000039936,27.2632,42.596,125.009995,4.3369746e-05,2.572,315.0
2019-11-18 00:00:00.000039936,28.292,37.04,138.9,4.385554e-05,2.572,320.0
2019-11-18 03:00:00.000039936,32.4072,24.076,157.42,4.458322e-05,3.0864,335.0
2019-11-18 06:00:00.000039936,36.008,9.26,175.94,4.5551555e-05,4.1152,345.0
2019-11-18 09:00:00.000039936,37.5512,16.668,187.515,4.651767e-05,4.1152,345.0
2019-11-18 12:00:00.000039936,38.58,22.223999,199.09,4.7240763e-05,3.0864,330.0
2019-11-18 15:00:00.000039936,41.152,25.928,219.925,4.748151e-05,2.0576,310.0
2019-11-18 18:00:00.000039936,43.724,27.78,240.76001,4.748151e-05,1.5432,310.0
2019-11-18 21:00:00.000039936,45.2672,27.78,270.855,4.7722115e-05,0.5144,315.0
2019-11-19 00:00:00.000039936,46.296,27.78,300.94998,4.796257e-05,0.5144,0.0
2019-11-19 03:00:00.000039936,45.2672,27.78,300.94998,4.796257e-05,0.5144,25.0
2019-11-19 06:00:00.000039936,43.724,27.78,300.94998,4.796257e-05,0.5144,30.0
2019-11-19 09:00:00.000039936,41.152,27.78,303.265,4.7722115e-05,0.5144,245.0
2019-11-19 12:00:00.000039936,38.58,27.78,305.58,4.7240763e-05,2.0576,210.0
2019-11-19 15:00:00.000039936,36.008,27.78,303.26498,4.6999867e-05,4.1152,200.0
2019-11-19 18:00:00.000039936,33.436,27.78,300.95,4.627635e-05,5.6584,200.0
