Time,Vmax,Rmax_IBT,R34,fcor,u_trans,v_trans
2008-12-12 00:00:00.000039936,20.576,74.08,74.08,3.3550914e-05,4.6296,285.0
2008-12-12 03:00:00.000039936,20.576,74.08,83.34,3.3798577e-05,5.144,290.0
2008-12-12 06:00:00.000039936,20.576,74.08,92.6,3.4293596e-05,5.144,290.0
2008-12-12 09:00:00.000039936,22.1192,74.08,92.6,3.454095e-05,5.6584,290.0
2008-12-12 12:00:00.000039936,23.148,74.08,92.6,3.47882e-05,5.6584,285.0
2008-12-12 15:00:00.000039936,23.148,74.08,92.6,3.5035337e-05,5.144,275.0
2008-12-12 18:00:00.000039936,23.148,74.08,92.6,3.5282377e-05,5.6584,270.0
2008-12-12 21:00:00.000039936,24.6912,51.856,100.007996,3.5282377e-05,5.6584,270.0
2008-12-13 00:00:00.000039936,25.720001,27.78,106.490005,3.5282377e-05,5.6584,265.0
2008-12-13 03:00:00.000039936,27.2632,24.076,114.361,3.5282377e-05,5.6584,265.0
2008-12-13 06:00:00.000039936,28.292,18.52,120.380005,3.5035337e-05,5.6584,265.0
2008-12-13 09:00:00.000039936,28.292,18.52,123.158005,3.5035337e-05,5.6584,265.0
2008-12-13 12:00:00.000039936,28.292,18.52,125.01,3.47882e-05,5.144,265.0
2008-12-13 15:00:00.000039936,28.292,18.52,133.807,3.454095e-05,5.144,260.0
2008-12-13 18:00:00.000039936,28.292,18.52,141.215,3.4293596e-05,4.6296,255.0
2008-12-13 21:00:00.000039936,28.292,18.52,141.215,3.3798577e-05,4.1152,255.0
2008-12-14 00:00:00.000039936,28.292,18.52,141.215,3.330315e-05,4.1152,260.0
2008-12-14 03:00:00.000039936,28.292,18.52,137.511,3.330315e-05,3.6008,270.0
2008-12-14 06:00:00.000039936,28.292,18.52,131.95499,3.3550914e-05,3.6008,275.0
2008-12-14 09:00:00.000039936,29.835201,18.52,108.342,3.3798577e-05,3.6008,280.0
2008-12-14 12:00:00.000039936,30.864,18.52,83.34,3.4293596e-05,3.6008,275.0
2008-12-14 15:00:00.000039936,30.864,18.52,83.34,3.454095e-05,3.6008,275.0
2008-12-14 18:00:00.000039936,30.864,18.52,83.34,3.454095e-05,3.0864,280.0
2008-12-14 21:00:00.000039936,32.4072,18.52,118.528,3.47882e-05,2.572,290.0
2008-12-15 00:00:00.000039936,33.436,18.52,152.79001,3.5035337e-05,1.5432,325.0
2008-12-15 03:00:00.000039936,34.979202,18.52,152.79001,3.5529305e-05,2.0576,0.0
2008-12-15 06:00:00.000039936,36.008,18.52,152.79001,3.6022833e-05,2.572,10.0
2008-12-15 09:00:00.000039936,38.58,18.52,162.513,3.651592e-05,3.0864,5.0
2008-12-15 12:00:00.000039936,41.152,18.52,171.31,3.7254722e-05,3.0864,5.0
2008-12-15 15:00:00.000039936,42.6952,24.076,165.754,3.7992504e-05,3.0864,5.0
2008-12-15 18:00:00.000039936,43.724,27.78,159.735,3.872924e-05,2.572,5.0
2008-12-15 21:00:00.000039936,43.724,27.78,164.365,3.9464914e-05,2.572,5.0
2008-12-16 00:00:00.000039936,43.724,27.78,168.995,3.995476e-05,2.572,10.0
2008-12-16 03:00:00.000039936,43.724,33.336,168.995,4.0444127e-05,3.0864,10.0
2008-12-16 06:00:00.000039936,43.724,37.04,168.995,4.1177245e-05,3.0864,15.0
2008-12-16 09:00:00.000039936,42.6952,37.04,168.995,4.1909232e-05,3.6008,20.0
2008-12-16 12:00:00.000039936,41.152,37.04,168.995,4.2640077e-05,3.6008,25.0
2008-12-16 15:00:00.000039936,38.58,37.04,151.864,4.3369746e-05,4.1152,30.0
2008-12-16 18:00:00.000039936,36.008,37.04,134.27,4.4340795e-05,4.6296,35.0
2008-12-16 21:00:00.000039936,34.979202,37.04,134.27,4.5309676e-05,5.144,40.0
2008-12-17 00:00:00.000039936,33.436,37.04,134.27,4.627635e-05,5.144,35.0
2008-12-17 03:00:00.000039936,30.864,42.596,118.528,4.7240763e-05,5.144,35.0
2008-12-17 06:00:00.000039936,28.292,46.3,101.86,4.8202877e-05,6.1728,45.0
2008-12-17 09:00:00.000039936,28.292,46.3,103.249,4.916265e-05,7.2016,55.0
2008-12-17 12:00:00.000039936,28.292,46.3,104.175,5.035898e-05,8.2304,55.0
2008-12-17 15:00:00.000039936,27.2632,51.856,100.008,5.155148e-05,9.2592,55.0
2008-12-17 18:00:00.000039936,25.720001,55.56,94.915,5.2740055e-05,9.7736,60.0
2008-12-17 21:00:00.000039936,24.6912,55.56,95.378,5.3688025e-05,10.288,65.0
2008-12-18 00:00:00.000039936,23.148,55.56,94.91499,5.4869302e-05,11.8312,60.0
