Time,Vmax,Rmax_IBT,R34,fcor,u_trans,v_trans
2018-09-10 06:00:00.000039936,18.004,83.34,78.71,5.345127e-05,3.0864,260.0
2018-09-10 09:00:00.000039936,19.5472,70.376,83.34,5.345127e-05,3.6008,265.0
2018-09-10 12:00:00.000039936,20.576,55.56,87.97001,5.321436e-05,4.1152,260.0
2018-09-10 15:00:00.000039936,20.576,55.56,90.285,5.2740055e-05,5.144,255.0
2018-09-10 18:00:00.000039936,20.576,55.56,92.600006,5.2027382e-05,5.144,255.0
2018-09-10 21:00:00.000039936,20.576,55.56,92.600006,5.178951e-05,4.6296,255.0
2018-09-11 00:00:00.000039936,20.576,55.56,92.600006,5.178951e-05,3.6008,260.0
2018-09-11 03:00:00.000039936,22.1192,55.56,92.600006,5.178951e-05,3.0864,260.0
2018-09-11 06:00:00.000039936,23.148,55.56,92.600006,5.178951e-05,3.0864,255.0
2018-09-11 09:00:00.000039936,23.148,55.56,92.600006,5.155148e-05,3.6008,255.0
2018-09-11 12:00:00.000039936,23.148,55.56,92.600006,5.155148e-05,4.1152,260.0
2018-09-11 15:00:00.000039936,23.148,55.56,97.229996,5.155148e-05,4.6296,270.0
2018-09-11 18:00:00.000039936,23.148,55.56,101.86,5.155148e-05,4.6296,275.0
2018-09-11 21:00:00.000039936,22.1192,55.56,101.86,5.155148e-05,4.6296,280.0
2018-09-12 00:00:00.000039936,20.576,55.56,101.86,5.178951e-05,4.6296,280.0
2018-09-12 03:00:00.000039936,20.576,61.116,101.86,5.2027382e-05,4.6296,280.0
2018-09-12 06:00:00.000039936,20.576,64.82,101.86,5.2027382e-05,4.6296,275.0
2018-09-12 09:00:00.000039936,20.576,64.82,101.86,5.2027382e-05,5.144,270.0
2018-09-12 12:00:00.000039936,20.576,64.82,101.86,5.178951e-05,5.6584,265.0
2018-09-12 15:00:00.000039936,22.1192,64.82,101.86,5.178951e-05,6.1728,265.0
2018-09-12 18:00:00.000039936,23.148,64.82,101.86,5.178951e-05,6.6872,275.0
2018-09-12 21:00:00.000039936,20.576,64.82,92.59999,5.22651e-05,7.2016,285.0
