Time,Vmax,Rmax_IBT,R34,fcor,u_trans,v_trans
2015-12-11 15:00:00.000039936,18.004,74.08,48.614998,2.4572832e-05,6.1728,290.0
2015-12-11 18:00:00.000039936,20.576,74.08,97.229996,2.53252e-05,6.1728,290.0
2015-12-11 21:00:00.000039936,22.1192,74.08,97.229996,2.5826394e-05,6.1728,290.0
2015-12-12 00:00:00.000039936,23.148,74.08,97.229996,2.6076874e-05,5.6584,295.0
2015-12-12 03:00:00.000039936,24.6912,74.08,98.618996,2.6577594e-05,5.6584,295.0
2015-12-12 06:00:00.000039936,25.720001,74.08,99.545,2.7328068e-05,5.6584,290.0
2015-12-12 09:00:00.000039936,25.720001,74.08,99.545,2.7827968e-05,6.1728,290.0
2015-12-12 12:00:00.000039936,25.720001,74.08,99.545,2.8327528e-05,6.1728,285.0
2015-12-12 15:00:00.000039936,27.2632,55.56,113.435005,2.882674e-05,5.6584,285.0
2015-12-12 18:00:00.000039936,28.292,37.04,127.325,2.9076216e-05,5.6584,290.0
2015-12-12 21:00:00.000039936,33.436,25.928,145.38199,2.9574905e-05,5.144,295.0
2015-12-13 00:00:00.000039936,38.58,12.964,162.05,3.0073232e-05,5.6584,290.0
2015-12-13 03:00:00.000039936,42.6952,16.668,175.47699,3.0571195e-05,6.1728,285.0
2015-12-13 06:00:00.000039936,46.296,18.52,187.515,3.1068776e-05,5.6584,280.0
2015-12-13 09:00:00.000039936,50.4112,16.668,187.515,3.1068776e-05,5.144,275.0
2015-12-13 12:00:00.000039936,54.012,12.964,187.515,3.1068776e-05,5.6584,275.0
2015-12-13 15:00:00.000039936,56.584,16.668,200.479,3.1068776e-05,5.6584,275.0
2015-12-13 18:00:00.000039936,59.156002,18.52,212.98001,3.131743e-05,5.6584,275.0
2015-12-13 21:00:00.000039936,60.6992,18.52,198.62701,3.131743e-05,5.6584,275.0
2015-12-14 00:00:00.000039936,61.728,18.52,182.88498,3.156599e-05,5.6584,275.0
2015-12-14 03:00:00.000039936,64.3,18.52,182.88498,3.1814445e-05,6.1728,275.0
2015-12-14 06:00:00.000039936,61.728,18.52,182.88498,3.206281e-05,6.1728,280.0
