Time,Vmax,Rmax_IBT,R34,fcor,u_trans,v_trans
2021-12-13 12:00:00.000039936,18.004,83.34,34.725,1.5750842e-05,6.1728,295.0
2021-12-13 15:00:00.000039936,20.576,74.08,51.392998,1.6256854e-05,6.1728,295.0
2021-12-13 18:00:00.000039936,23.148,64.82,67.135,1.7015493e-05,7.716,290.0
2021-12-13 21:00:00.000039936,24.6912,55.56,83.80299,1.777367e-05,8.744801,290.0
2021-12-14 00:00:00.000039936,25.720001,46.3,99.545,1.8783807e-05,7.716,290.0
2021-12-14 03:00:00.000039936,27.2632,42.596,100.007996,1.9540814e-05,6.6872,290.0
2021-12-14 06:00:00.000039936,28.292,37.04,99.545,2.0297284e-05,6.6872,290.0
2021-12-14 09:00:00.000039936,29.835201,46.3,101.397,2.0801292e-05,6.6872,290.0
2021-12-14 12:00:00.000039936,30.864,55.56,101.86,2.130504e-05,6.6872,290.0
2021-12-14 15:00:00.000039936,32.4072,55.56,120.843,2.1808535e-05,6.1728,290.0
2021-12-14 18:00:00.000039936,33.436,55.56,138.9,2.206018e-05,5.6584,285.0
2021-12-14 21:00:00.000039936,34.979202,55.56,154.179,2.231176e-05,5.6584,280.0
2021-12-15 00:00:00.000039936,36.008,55.56,168.995,2.231176e-05,5.6584,275.0
2021-12-15 03:00:00.000039936,37.5512,46.3,181.033,2.2563274e-05,5.6584,275.0
2021-12-15 06:00:00.000039936,38.58,37.04,192.14499,2.2814716e-05,5.6584,275.0
2021-12-15 09:00:00.000039936,42.6952,33.336,198.62701,2.2814716e-05,5.6584,280.0
2021-12-15 12:00:00.000039936,46.296,27.78,203.72,2.306609e-05,6.1728,280.0
2021-12-15 15:00:00.000039936,55.5552,18.52,215.75798,2.3317392e-05,6.1728,285.0
2021-12-15 18:00:00.000039936,64.3,9.26,226.87001,2.3819783e-05,6.1728,285.0
2021-12-15 21:00:00.000039936,70.9872,11.1119995,232.889,2.4070872e-05,6.6872,280.0
2021-12-16 00:00:00.000039936,77.16,12.964,238.445,2.4572832e-05,7.716,280.0
2021-12-16 03:00:00.000039936,73.559204,11.1119995,246.77899,2.5074483e-05,8.2304,280.0
2021-12-16 06:00:00.000039936,69.444,9.26,254.65001,2.53252e-05,8.744801,275.0
2021-12-16 09:00:00.000039936,65.8432,24.076,253.26099,2.5575835e-05,9.2592,275.0
