Time,Vmax,Rmax_IBT,R34,fcor,u_trans,v_trans
2019-11-20 06:00:00.000039936,18.004,83.34,129.64,4.4825505e-05,8.744801,325.0
2019-11-20 09:00:00.000039936,20.576,111.12,159.73502,4.5793287e-05,7.716,315.0
2019-11-20 12:00:00.000039936,23.148,138.9,189.83,4.627635e-05,7.2016,315.0
2019-11-20 15:00:00.000039936,25.720001,92.6,192.14499,4.748151e-05,6.1728,325.0
2019-11-20 18:00:00.000039936,28.292,46.3,194.45999,4.868306e-05,4.6296,315.0
2019-11-20 21:00:00.000039936,30.864,33.336,175.94,4.916265e-05,3.6008,310.0
2019-11-21 00:00:00.000039936,33.436,18.52,157.42,4.9641636e-05,3.6008,315.0
2019-11-21 03:00:00.000039936,33.436,27.78,157.42,5.035898e-05,3.6008,320.0
2019-11-21 06:00:00.000039936,33.436,37.04,157.42,5.1074945e-05,3.6008,335.0
2019-11-21 09:00:00.000039936,32.4072,37.04,152.79001,5.2027382e-05,3.6008,350.0
2019-11-21 12:00:00.000039936,30.864,37.04,148.16,5.2977284e-05,3.6008,360.0
2019-11-21 15:00:00.000039936,30.864,37.04,141.215,5.392461e-05,4.1152,10.0
2019-11-21 18:00:00.000039936,30.864,37.04,134.27,5.4869302e-05,4.6296,20.0
2019-11-21 21:00:00.000039936,29.835201,33.336,134.27,5.581132e-05,5.144,30.0
2019-11-22 00:00:00.000039936,28.292,27.78,134.27,5.698501e-05,5.144,25.0
2019-11-22 03:00:00.000039936,25.720001,37.04,131.955,5.8154368e-05,4.6296,20.0
2019-11-22 06:00:00.000039936,23.148,46.3,129.64,5.9086666e-05,4.6296,15.0
