Time,Vmax,Rmax_IBT,R34,fcor,u_trans,v_trans
2018-09-21 06:00:00.000039936,18.004,120.38,106.490005,3.7500762e-05,5.144,300.0
2018-09-21 09:00:00.000039936,19.5472,116.676,120.380005,3.8238195e-05,5.144,295.0
2018-09-21 12:00:00.000039936,20.576,111.12,134.26999,3.872924e-05,5.144,290.0
2018-09-21 15:00:00.000039936,22.1192,111.12,145.845,3.9219805e-05,5.144,285.0
2018-09-21 18:00:00.000039936,23.148,111.12,157.42,3.9709896e-05,6.1728,285.0
2018-09-21 21:00:00.000039936,24.6912,111.12,164.365,4.0199502e-05,6.6872,290.0
2018-09-22 00:00:00.000039936,25.720001,111.12,171.31,4.0688625e-05,7.2016,290.0
2018-09-22 03:00:00.000039936,27.2632,98.156,178.255,4.142137e-05,7.2016,290.0
2018-09-22 06:00:00.000039936,28.292,83.34,185.20001,4.1909232e-05,6.6872,290.0
2018-09-22 09:00:00.000039936,29.835201,70.376,193.534,4.2152973e-05,6.1728,280.0
2018-09-22 12:00:00.000039936,30.864,55.56,201.405,4.2152973e-05,6.6872,275.0
2018-09-22 15:00:00.000039936,33.436,46.3,207.424,4.2152973e-05,7.2016,275.0
2018-09-22 18:00:00.000039936,36.008,37.04,212.98001,4.2152973e-05,6.6872,270.0
2018-09-22 21:00:00.000039936,38.58,37.04,219.925,4.2152973e-05,5.144,275.0
2018-09-23 00:00:00.000039936,41.152,37.04,226.87,4.239659e-05,4.6296,280.0
2018-09-23 03:00:00.000039936,46.296,24.076,236.13,4.288343e-05,4.6296,285.0
2018-09-23 06:00:00.000039936,51.440002,9.26,245.39,4.3369746e-05,4.6296,285.0
2018-09-23 09:00:00.000039936,55.5552,11.1119995,256.965,4.3612705e-05,4.6296,285.0
2018-09-23 12:00:00.000039936,59.156002,12.964,268.54,4.385554e-05,5.6584,295.0
2018-09-23 15:00:00.000039936,60.6992,12.964,273.16998,4.4340795e-05,6.1728,300.0
2018-09-23 18:00:00.000039936,61.728,12.964,277.8,4.506766e-05,5.6584,295.0
2018-09-23 21:00:00.000039936,63.271202,20.372,287.06,4.5793287e-05,5.144,295.0
2018-09-24 00:00:00.000039936,64.3,27.78,296.32,4.627635e-05,4.6296,295.0
2018-09-24 03:00:00.000039936,65.8432,33.336,303.265,4.675884e-05,4.6296,300.0
2018-09-24 06:00:00.000039936,66.872,37.04,310.21,4.7240763e-05,4.6296,300.0
2018-09-24 09:00:00.000039936,68.4152,38.892,314.84,4.7722115e-05,4.1152,300.0
2018-09-24 12:00:00.000039936,69.444,40.744,319.46997,4.8202877e-05,3.6008,300.0
2018-09-24 15:00:00.000039936,70.9872,40.744,324.09998,4.844305e-05,3.0864,295.0
2018-09-24 18:00:00.000039936,72.016,40.744,328.72998,4.868306e-05,2.572,285.0
2018-09-24 21:00:00.000039936,70.9872,44.447998,337.99,4.868306e-05,1.5432,275.0
2018-09-25 00:00:00.000039936,69.444,46.3,347.25,4.892293e-05,0.5144,315.0
2018-09-25 03:00:00.000039936,68.4152,44.447998,347.25,4.916265e-05,1.0288,25.0
2018-09-25 06:00:00.000039936,66.872,40.744,347.25,4.9402213e-05,1.0288,25.0
2018-09-25 09:00:00.000039936,64.3,38.892,354.195,4.9641636e-05,1.0288,5.0
2018-09-25 12:00:00.000039936,61.728,37.04,361.14,4.9880902e-05,1.0288,0.0
2018-09-25 15:00:00.000039936,59.156002,37.04,361.14,5.012002e-05,1.5432,10.0
2018-09-25 18:00:00.000039936,56.584,37.04,361.14,5.059779e-05,1.5432,10.0
2018-09-25 21:00:00.000039936,56.584,37.04,363.45502,5.083645e-05,2.0576,15.0
2018-09-26 00:00:00.000039936,56.584,37.04,365.77,5.131329e-05,2.0576,25.0
2018-09-26 03:00:00.000039936,52.9832,35.188,365.77,5.178951e-05,2.0576,30.0
2018-09-26 06:00:00.000039936,48.868,31.484,365.77,5.22651e-05,1.5432,20.0
2018-09-26 09:00:00.000039936,47.8392,29.632,365.77,5.250265e-05,1.5432,0.0
2018-09-26 12:00:00.000039936,46.296,27.78,365.77,5.2740055e-05,1.0288,0.0
2018-09-26 15:00:00.000039936,46.296,33.336,368.085,5.2977284e-05,1.0288,0.0
2018-09-26 18:00:00.000039936,46.296,37.04,370.4,5.321436e-05,0.5144,0.0
2018-09-26 21:00:00.000039936,46.296,42.596,370.4,5.321436e-05,0.5144,345.0
2018-09-27 00:00:00.000039936,46.296,46.3,370.4,5.345127e-05,0.5144,330.0
2018-09-27 03:00:00.000039936,46.296,51.856,372.715,5.3688025e-05,1.0288,320.0
2018-09-27 06:00:00.000039936,46.296,55.56,375.03,5.392461e-05,1.0288,320.0
2018-09-27 09:00:00.000039936,46.296,62.968,377.345,5.4161024e-05,1.5432,315.0
2018-09-27 12:00:00.000039936,46.296,68.524,379.66,5.4633376e-05,2.0576,320.0
2018-09-27 15:00:00.000039936,46.296,62.968,384.28998,5.4869302e-05,2.572,315.0
2018-09-27 18:00:00.000039936,46.296,55.56,388.91998,5.5340646e-05,2.572,305.0
2018-09-27 21:00:00.000039936,47.8392,64.82,398.18,5.5576067e-05,3.0864,300.0
2018-09-28 00:00:00.000039936,48.868,74.08,407.44,5.6046403e-05,3.6008,310.0
2018-09-28 03:00:00.000039936,48.868,75.932,412.06998,5.6516048e-05,4.1152,320.0
2018-09-28 06:00:00.000039936,48.868,77.784,416.69998,5.721923e-05,4.1152,330.0
2018-09-28 09:00:00.000039936,48.868,90.748,421.33,5.7920843e-05,4.1152,330.0
2018-09-28 12:00:00.000039936,48.868,101.86,425.96,5.8853857e-05,4.1152,335.0
2018-09-28 15:00:00.000039936,48.868,94.452,425.96,5.9784e-05,4.1152,345.0
2018-09-28 18:00:00.000039936,48.868,87.044,425.96,6.0942573e-05,4.1152,350.0
2018-09-28 21:00:00.000039936,47.8392,85.192,435.22,6.186609e-05,4.1152,5.0
2018-09-29 00:00:00.000039936,46.296,83.34,444.48,6.278661e-05,4.6296,15.0
2018-09-29 03:00:00.000039936,46.296,88.895996,446.79498,6.393293e-05,5.6584,25.0
2018-09-29 06:00:00.000039936,46.296,92.6,449.11,6.507438e-05,7.716,35.0
2018-09-29 09:00:00.000039936,46.296,88.895996,456.055,6.666408e-05,8.744801,35.0
2018-09-29 12:00:00.000039936,46.296,83.34,463.0,6.8243826e-05,8.744801,35.0
2018-09-29 15:00:00.000039936,45.2672,88.895996,465.315,6.958979e-05,8.2304,35.0
2018-09-29 18:00:00.000039936,43.724,92.6,467.63,7.115043e-05,8.744801,40.0
2018-09-29 21:00:00.000039936,42.6952,88.895996,467.63,7.270045e-05,9.7736,45.0
2018-09-30 00:00:00.000039936,41.152,83.34,467.63,7.423962e-05,11.3168,45.0
2018-09-30 03:00:00.000039936,40.1232,74.08,467.63,7.576771e-05,12.860001,45.0
2018-09-30 06:00:00.000039936,38.58,64.82,467.63,7.750023e-05,13.8888,50.0
2018-09-30 09:00:00.000039936,37.5512,70.376,463.0,7.943125e-05,15.9464,55.0
