Time,Vmax,Rmax_IBT,R34,fcor,u_trans,v_trans
2013-10-21 00:00:00.000039936,23.148,83.34,113.435,2.9325609e-05,3.6008,350.0
2013-10-21 03:00:00.000039936,24.6912,83.34,128.25099,3.0073232e-05,3.6008,335.0
2013-10-21 06:00:00.000039936,25.720001,83.34,141.215,3.0820032e-05,4.6296,330.0
2013-10-21 09:00:00.000039936,28.292,64.82,150.475,3.1814445e-05,5.6584,330.0
2013-10-21 12:00:00.000039936,30.864,46.3,159.735,3.305528e-05,5.6584,315.0
2013-10-21 15:00:00.000039936,33.436,46.3,159.735,3.404614e-05,6.1728,310.0
2013-10-21 18:00:00.000039936,36.008,46.3,159.735,3.5035337e-05,7.2016,315.0
2013-10-21 21:00:00.000039936,41.152,46.3,159.735,3.651592e-05,8.2304,325.0
2013-10-22 00:00:00.000039936,46.296,46.3,159.735,3.7992504e-05,8.744801,320.0
2013-10-22 03:00:00.000039936,50.4112,35.188,168.069,3.9464914e-05,8.744801,310.0
2013-10-22 06:00:00.000039936,54.012,22.223999,175.94,4.093299e-05,8.744801,305.0
2013-10-22 09:00:00.000039936,59.156002,22.223999,187.978,4.2152973e-05,8.2304,305.0
2013-10-22 12:00:00.000039936,64.3,22.223999,199.09,4.3126656e-05,8.2304,305.0
2013-10-22 15:00:00.000039936,68.4152,20.372,199.09,4.4340795e-05,8.744801,305.0
2013-10-22 18:00:00.000039936,72.016,18.52,199.09,4.5309676e-05,8.744801,295.0
2013-10-22 21:00:00.000039936,72.016,24.076,209.276,4.6034886e-05,8.744801,290.0
2013-10-23 00:00:00.000039936,72.016,27.78,217.61,4.651767e-05,7.716,285.0
2013-10-23 03:00:00.000039936,70.9872,25.928,217.61,4.6999867e-05,6.6872,290.0
2013-10-23 06:00:00.000039936,69.444,22.223999,217.61,4.748151e-05,6.1728,290.0
2013-10-23 09:00:00.000039936,70.9872,25.928,217.61,4.796257e-05,5.6584,290.0
2013-10-23 12:00:00.000039936,72.016,27.78,217.61,4.844305e-05,5.6584,290.0
2013-10-23 15:00:00.000039936,72.016,27.78,217.61,4.892293e-05,6.1728,295.0
2013-10-23 18:00:00.000039936,72.016,27.78,217.61,4.9641636e-05,6.1728,300.0
2013-10-23 21:00:00.000039936,70.9872,27.78,217.61,5.035898e-05,6.1728,305.0
2013-10-24 00:00:00.000039936,69.444,27.78,217.61,5.131329e-05,6.6872,305.0
2013-10-24 03:00:00.000039936,68.4152,29.632,217.61,5.22651e-05,6.6872,310.0
2013-10-24 06:00:00.000039936,66.872,31.484,217.61,5.321436e-05,6.6872,315.0
2013-10-24 09:00:00.000039936,65.8432,31.484,217.61,5.439729e-05,6.6872,320.0
2013-10-24 12:00:00.000039936,64.3,31.484,217.61,5.5576067e-05,7.2016,320.0
2013-10-24 15:00:00.000039936,63.271202,31.484,217.61,5.698501e-05,7.2016,325.0
2013-10-24 18:00:00.000039936,61.728,31.484,217.61,5.83877e-05,7.2016,335.0
2013-10-24 21:00:00.000039936,60.6992,29.632,217.61,5.9784e-05,7.716,345.0
2013-10-25 00:00:00.000039936,59.156002,27.78,217.61,6.1635496e-05,8.744801,355.0
2013-10-25 03:00:00.000039936,59.156002,24.076,205.572,6.370404e-05,9.7736,5.0
2013-10-25 06:00:00.000039936,59.156002,18.52,192.145,6.5983986e-05,11.3168,10.0
2013-10-25 09:00:00.000039936,55.5552,16.668,192.145,6.8468675e-05,12.3456,10.0
2013-10-25 12:00:00.000039936,51.440002,12.964,192.145,7.115043e-05,13.3744,20.0
2013-10-25 15:00:00.000039936,50.4112,25.928,192.145,7.402041e-05,14.4032,30.0
2013-10-25 18:00:00.000039936,48.868,37.04,192.145,7.6852295e-05,15.9464,35.0
2013-10-25 21:00:00.000039936,43.724,37.04,192.145,7.9644604e-05,17.489601,35.0
2013-10-26 00:00:00.000039936,38.58,37.04,192.145,8.2605824e-05,18.5184,40.0
2013-10-26 03:00:00.000039936,36.008,51.856,262.984,8.551773e-05,19.0328,45.0
2013-10-26 06:00:00.000039936,33.436,64.82,333.36002,8.8175955e-05,18.5184,45.0
2013-10-26 09:00:00.000039936,28.292,74.08,333.36002,9.058944e-05,16.4608,45.0
