Time,Vmax,Rmax_IBT,R34,fcor,u_trans,v_trans
2013-10-29 21:00:00.000039936,18.004,74.08,29.632,4.0688625e-05,6.6872,285.0
2013-10-30 00:00:00.000039936,20.576,64.82,60.190002,4.1177245e-05,7.2016,290.0
2013-10-30 03:00:00.000039936,22.1192,64.82,60.190002,4.1665367e-05,7.716,290.0
2013-10-30 06:00:00.000039936,23.148,64.82,60.190002,4.2152973e-05,7.716,285.0
2013-10-30 09:00:00.000039936,27.2632,55.56,83.80299,4.239659e-05,7.2016,285.0
2013-10-30 12:00:00.000039936,30.864,46.3,106.49,4.288343e-05,7.2016,285.0
2013-10-30 15:00:00.000039936,33.436,42.596,127.325,4.3369746e-05,7.2016,285.0
2013-10-30 18:00:00.000039936,36.008,37.04,148.16,4.385554e-05,6.6872,280.0
2013-10-30 21:00:00.000039936,38.58,37.04,148.16,4.409823e-05,6.1728,280.0
2013-10-31 00:00:00.000039936,41.152,37.04,148.16,4.4340795e-05,5.6584,280.0
2013-10-31 03:00:00.000039936,41.152,33.336,155.568,4.458322e-05,5.6584,285.0
2013-10-31 06:00:00.000039936,41.152,27.78,162.05,4.4825505e-05,6.1728,285.0
2013-10-31 09:00:00.000039936,43.724,29.632,185.20001,4.506766e-05,6.1728,285.0
