Time,Vmax,Rmax_IBT,R34,fcor,u_trans,v_trans
2019-11-26 06:00:00.000039936,18.004,92.6,157.42,2.857718e-05,11.3168,285.0
2019-11-26 09:00:00.000039936,18.004,79.636,178.255,2.882674e-05,10.288,280.0
2019-11-26 12:00:00.000039936,18.004,64.82,199.09,2.882674e-05,9.2592,280.0
2019-11-26 15:00:00.000039936,19.5472,55.56,206.035,2.9076216e-05,8.744801,275.0
2019-11-26 18:00:00.000039936,20.576,46.3,212.98001,2.9076216e-05,8.2304,265.0
2019-11-26 21:00:00.000039936,22.1192,46.3,212.98001,2.882674e-05,7.2016,265.0
2019-11-27 00:00:00.000039936,23.148,46.3,212.98001,2.882674e-05,6.6872,270.0
2019-11-27 03:00:00.000039936,25.720001,46.3,215.29498,2.882674e-05,6.1728,275.0
2019-11-27 06:00:00.000039936,28.292,46.3,217.60999,2.9076216e-05,5.144,275.0
2019-11-27 09:00:00.000039936,29.835201,37.04,231.5,2.9076216e-05,4.6296,270.0
2019-11-27 12:00:00.000039936,30.864,27.78,245.39,2.882674e-05,4.1152,280.0
2019-11-27 15:00:00.000039936,32.4072,37.04,250.02,2.857718e-05,3.6008,295.0
2019-11-27 18:00:00.000039936,33.436,46.3,254.65,2.882674e-05,3.6008,295.0
2019-11-27 21:00:00.000039936,34.979202,46.3,261.595,2.9325609e-05,3.0864,300.0
2019-11-28 00:00:00.000039936,36.008,46.3,268.54,3.0322259e-05,3.0864,315.0
2019-11-28 03:00:00.000039936,36.008,46.3,273.16998,3.1068776e-05,3.6008,335.0
2019-11-28 06:00:00.000039936,36.008,46.3,277.8,3.206281e-05,4.1152,340.0
2019-11-28 09:00:00.000039936,36.008,37.04,284.745,3.305528e-05,4.1152,345.0
2019-11-28 12:00:00.000039936,36.008,27.78,291.69,3.404614e-05,4.1152,355.0
2019-11-28 15:00:00.000039936,36.008,37.04,287.06,3.5035337e-05,3.0864,355.0
2019-11-28 18:00:00.000039936,36.008,46.3,282.43,3.577612e-05,2.572,335.0
2019-11-28 21:00:00.000039936,34.979202,46.3,282.43,3.626943e-05,2.0576,305.0
2019-11-29 00:00:00.000039936,33.436,46.3,282.43,3.626943e-05,2.0576,280.0
2019-11-29 03:00:00.000039936,32.4072,42.596,284.745,3.626943e-05,1.5432,265.0
2019-11-29 06:00:00.000039936,30.864,37.04,287.06,3.6022833e-05,2.0576,255.0
2019-11-29 09:00:00.000039936,30.864,37.04,296.32,3.577612e-05,2.0576,255.0
2019-11-29 12:00:00.000039936,30.864,37.04,305.58002,3.5529305e-05,2.572,250.0
2019-11-29 15:00:00.000039936,30.864,37.04,324.1,3.5529305e-05,3.0864,255.0
2019-11-29 18:00:00.000039936,30.864,37.04,342.62,3.5529305e-05,3.6008,255.0
2019-11-29 21:00:00.000039936,32.4072,46.3,372.715,3.5282377e-05,4.1152,255.0
2019-11-30 00:00:00.000039936,33.436,55.56,402.81,3.5035337e-05,4.1152,255.0
2019-11-30 03:00:00.000039936,33.436,55.56,402.81,3.454095e-05,4.6296,255.0
2019-11-30 06:00:00.000039936,33.436,55.56,402.81,3.404614e-05,5.6584,255.0
2019-11-30 09:00:00.000039936,33.436,55.56,395.865,3.3550914e-05,6.6872,260.0
2019-11-30 12:00:00.000039936,33.436,55.56,388.91998,3.330315e-05,6.6872,265.0
2019-11-30 15:00:00.000039936,33.436,55.56,365.77002,3.330315e-05,6.6872,265.0
2019-11-30 18:00:00.000039936,33.436,55.56,342.62,3.330315e-05,6.6872,270.0
2019-11-30 21:00:00.000039936,32.4072,55.56,337.99,3.305528e-05,6.6872,265.0
2019-12-01 00:00:00.000039936,30.864,55.56,333.36,3.305528e-05,6.1728,270.0
2019-12-01 03:00:00.000039936,30.864,51.856,333.36,3.305528e-05,5.144,270.0
2019-12-01 06:00:00.000039936,30.864,46.3,333.36,3.305528e-05,5.144,265.0
2019-12-01 09:00:00.000039936,32.4072,42.596,347.25,3.305528e-05,5.144,265.0
2019-12-01 12:00:00.000039936,33.436,37.04,361.14,3.280731e-05,5.6584,265.0
2019-12-01 15:00:00.000039936,37.5512,37.04,361.14,3.2559245e-05,6.1728,265.0
2019-12-01 18:00:00.000039936,41.152,37.04,361.14,3.2559245e-05,6.1728,265.0
2019-12-01 21:00:00.000039936,45.2672,29.632,356.51,3.2559245e-05,5.6584,265.0
2019-12-02 00:00:00.000039936,48.868,22.223999,351.88,3.2559245e-05,5.144,270.0
2019-12-02 03:00:00.000039936,54.012,22.223999,340.305,3.2559245e-05,4.6296,275.0
2019-12-02 06:00:00.000039936,59.156002,22.223999,328.73,3.2559245e-05,4.6296,270.0
2019-12-02 09:00:00.000039936,60.6992,37.04,335.675,3.2559245e-05,5.144,270.0
2019-12-02 12:00:00.000039936,61.728,50.004,342.62,3.2559245e-05,5.6584,275.0
