Time,Vmax,Rmax_IBT,R34,fcor,u_trans,v_trans
2016-12-21 12:00:00.000039936,18.004,55.56,87.97,1.8026287e-05,5.144,310.0
2016-12-21 15:00:00.000039936,19.5472,55.56,113.435,1.9036203e-05,6.1728,315.0
2016-12-21 18:00:00.000039936,20.576,55.56,138.9,2.0297284e-05,6.6872,315.0
2016-12-21 21:00:00.000039936,20.576,51.856,143.53,2.130504e-05,6.6872,310.0
2016-12-22 00:00:00.000039936,20.576,46.3,148.16,2.231176e-05,7.2016,305.0
2016-12-22 03:00:00.000039936,22.1192,46.3,150.475,2.306609e-05,7.2016,300.0
2016-12-22 06:00:00.000039936,23.148,46.3,152.79001,2.3819783e-05,8.2304,300.0
2016-12-22 09:00:00.000039936,24.6912,46.3,155.105,2.4823696e-05,8.744801,300.0
2016-12-22 12:00:00.000039936,25.720001,46.3,157.42,2.6076874e-05,9.2592,300.0
2016-12-22 15:00:00.000039936,27.2632,37.04,162.04999,2.707799e-05,9.2592,295.0
2016-12-22 18:00:00.000039936,28.292,27.78,166.68,2.807779e-05,9.2592,295.0
2016-12-22 21:00:00.000039936,28.292,27.78,171.31,2.9076216e-05,8.744801,295.0
2016-12-23 00:00:00.000039936,28.292,27.78,175.94,2.9824112e-05,7.2016,290.0
2016-12-23 03:00:00.000039936,30.864,27.78,175.94,3.0322259e-05,5.6584,285.0
2016-12-23 06:00:00.000039936,33.436,27.78,175.94,3.0820032e-05,5.6584,295.0
2016-12-23 09:00:00.000039936,36.008,27.78,178.255,3.156599e-05,6.6872,300.0
2016-12-23 12:00:00.000039936,38.58,27.78,180.56999,3.206281e-05,6.1728,295.0
2016-12-23 15:00:00.000039936,42.6952,24.076,185.2,3.2559245e-05,6.1728,290.0
2016-12-23 18:00:00.000039936,46.296,18.52,189.82999,3.280731e-05,5.6584,280.0
2016-12-23 21:00:00.000039936,51.440002,18.52,196.775,3.305528e-05,4.6296,275.0
2016-12-24 00:00:00.000039936,56.584,18.52,203.72,3.305528e-05,4.1152,280.0
2016-12-24 03:00:00.000039936,59.156002,18.52,215.295,3.330315e-05,3.6008,285.0
2016-12-24 06:00:00.000039936,61.728,18.52,226.87,3.3550914e-05,3.6008,285.0
2016-12-24 09:00:00.000039936,63.271202,16.668,229.185,3.3550914e-05,3.6008,280.0
2016-12-24 12:00:00.000039936,64.3,12.964,231.5,3.3798577e-05,3.6008,285.0
2016-12-24 15:00:00.000039936,66.872,12.964,231.5,3.404614e-05,4.1152,285.0
2016-12-24 18:00:00.000039936,69.444,12.964,231.5,3.4293596e-05,3.6008,275.0
2016-12-24 21:00:00.000039936,70.9872,16.668,215.29501,3.404614e-05,3.6008,260.0
2016-12-25 00:00:00.000039936,72.016,18.52,199.09,3.404614e-05,4.1152,265.0
2016-12-25 03:00:00.000039936,72.016,18.52,199.09,3.4293596e-05,4.6296,270.0
2016-12-25 06:00:00.000039936,69.444,22.223999,194.45999,3.404614e-05,4.6296,270.0
2016-12-25 09:00:00.000039936,65.8432,20.372,189.82999,3.404614e-05,5.144,270.0
2016-12-25 12:00:00.000039936,61.728,18.52,185.20001,3.404614e-05,6.1728,270.0
