Time,Vmax,Rmax_IBT,R34,fcor,u_trans,v_trans
2019-12-22 06:00:00.000039936,18.004,64.82,92.6,1.8783807e-05,7.716,305.0
2019-12-22 09:00:00.000039936,18.004,64.82,99.545,1.9793031e-05,8.2304,305.0
2019-12-22 12:00:00.000039936,18.004,64.82,106.49,2.1053198e-05,8.2304,300.0
2019-12-22 15:00:00.000039936,18.004,64.82,118.065,2.1808535e-05,8.2304,290.0
2019-12-22 18:00:00.000039936,18.004,64.82,129.64,2.2563274e-05,8.2304,290.0
2019-12-22 21:00:00.000039936,19.5472,61.116,143.53,2.3317392e-05,8.744801,290.0
2019-12-23 00:00:00.000039936,20.576,55.56,157.42,2.4070872e-05,8.744801,290.0
2019-12-23 03:00:00.000039936,22.1192,55.56,162.05,2.4823696e-05,8.744801,285.0
2019-12-23 06:00:00.000039936,23.148,55.56,166.68001,2.53252e-05,7.2016,285.0
2019-12-23 09:00:00.000039936,24.6912,55.56,171.31,2.6076874e-05,6.1728,285.0
2019-12-23 12:00:00.000039936,25.720001,55.56,175.94,2.6577594e-05,6.6872,285.0
2019-12-23 15:00:00.000039936,29.835201,46.3,175.94,2.707799e-05,7.2016,280.0
2019-12-23 18:00:00.000039936,33.436,37.04,175.94,2.7328068e-05,7.716,275.0
2019-12-23 21:00:00.000039936,36.008,33.336,182.885,2.7328068e-05,7.716,275.0
2019-12-24 00:00:00.000039936,38.58,27.78,189.83,2.7328068e-05,7.716,275.0
2019-12-24 03:00:00.000039936,41.152,27.78,189.83,2.7578055e-05,7.716,280.0
2019-12-24 06:00:00.000039936,43.724,27.78,189.83,2.7827968e-05,7.716,280.0
2019-12-24 09:00:00.000039936,45.2672,27.78,182.885,2.8327528e-05,7.716,285.0
2019-12-24 12:00:00.000039936,46.296,27.78,175.94,2.882674e-05,7.716,285.0
2019-12-24 15:00:00.000039936,47.8392,25.928,166.68,2.9325609e-05,7.716,285.0
2019-12-24 18:00:00.000039936,48.868,22.223999,157.42,2.9574905e-05,6.6872,280.0
2019-12-24 21:00:00.000039936,51.440002,25.928,131.95499,2.9574905e-05,5.144,275.0
2019-12-25 00:00:00.000039936,54.012,27.78,106.49,2.9824112e-05,5.144,280.0
2019-12-25 03:00:00.000039936,54.012,25.928,106.49,3.0073232e-05,5.6584,285.0
2019-12-25 06:00:00.000039936,54.012,22.223999,106.49,3.0571195e-05,6.1728,290.0
2019-12-25 09:00:00.000039936,52.9832,22.223999,106.49,3.131743e-05,6.6872,290.0
2019-12-25 12:00:00.000039936,51.440002,22.223999,106.49,3.1814445e-05,5.6584,290.0
2019-12-25 15:00:00.000039936,48.868,22.223999,106.49,3.206281e-05,4.1152,285.0
2019-12-25 18:00:00.000039936,46.296,22.223999,106.49,3.231108e-05,3.6008,290.0
2019-12-25 21:00:00.000039936,45.2672,22.223999,97.229996,3.2559245e-05,3.6008,290.0
2019-12-26 00:00:00.000039936,43.724,22.223999,87.97,3.305528e-05,3.6008,295.0
2019-12-26 03:00:00.000039936,43.724,16.668,87.97,3.330315e-05,3.6008,300.0
2019-12-26 06:00:00.000039936,43.724,9.26,87.97,3.3798577e-05,3.0864,310.0
2019-12-26 09:00:00.000039936,42.6952,14.816,94.91501,3.4293596e-05,3.0864,325.0
2019-12-26 12:00:00.000039936,41.152,18.52,101.86,3.5035337e-05,3.0864,325.0
2019-12-26 15:00:00.000039936,40.1232,18.52,104.175,3.577612e-05,3.0864,315.0
2019-12-26 18:00:00.000039936,38.58,18.52,106.490005,3.626943e-05,2.572,315.0
2019-12-26 21:00:00.000039936,36.008,18.52,106.490005,3.651592e-05,2.0576,315.0
2019-12-27 00:00:00.000039936,33.436,18.52,106.490005,3.67623e-05,2.0576,310.0
2019-12-27 03:00:00.000039936,30.864,24.076,106.490005,3.700857e-05,2.0576,300.0
2019-12-27 06:00:00.000039936,28.292,27.78,106.490005,3.700857e-05,2.0576,275.0
2019-12-27 09:00:00.000039936,27.2632,33.336,120.380005,3.7254722e-05,2.0576,265.0
2019-12-27 12:00:00.000039936,25.720001,37.04,134.27,3.7254722e-05,2.0576,255.0
2019-12-27 15:00:00.000039936,24.6912,37.04,141.215,3.7254722e-05,2.572,255.0
2019-12-27 18:00:00.000039936,23.148,37.04,148.16,3.7254722e-05,2.572,245.0
2019-12-27 21:00:00.000039936,20.576,37.04,101.86,3.67623e-05,3.0864,250.0
