Time,Vmax,Rmax_IBT,R34,fcor,u_trans,v_trans
2002-11-21 12:00:00.000040448,20.576,64.82,106.49,3.206281e-05,7.716,285.0
2002-11-21 15:00:00.000040448,22.1192,64.82,137.048,3.2559245e-05,7.2016,290.0
2002-11-21 18:00:00.000040448,23.148,64.82,166.68001,3.330315e-05,6.1728,295.0
2002-11-21 21:00:00.000040448,25.720001,64.82,175.94,3.4293596e-05,5.6584,305.0
2002-11-22 00:00:00.000040448,28.292,64.82,185.2,3.5282377e-05,6.6872,325.0
2002-11-22 03:00:00.000040448,29.835201,64.82,199.09,3.67623e-05,7.716,330.0
2002-11-22 06:00:00.000040448,30.864,64.82,212.98,3.7992504e-05,6.1728,330.0
2002-11-22 09:00:00.000040448,32.4072,55.56,231.5,3.897458e-05,4.1152,325.0
2002-11-22 12:00:00.000040448,33.436,46.3,250.01999,3.9709896e-05,3.0864,335.0
2002-11-22 15:00:00.000040448,34.979202,46.3,250.01999,4.0444127e-05,3.6008,350.0
2002-11-22 18:00:00.000040448,36.008,46.3,250.01999,4.142137e-05,5.144,355.0
2002-11-22 21:00:00.000040448,37.5512,46.3,250.01999,4.2640077e-05,6.1728,360.0
2002-11-23 00:00:00.000040448,38.58,46.3,250.01999,4.409823e-05,6.1728,0.0
2002-11-23 03:00:00.000040448,41.152,46.3,250.01999,4.5551555e-05,5.6584,0.0
2002-11-23 06:00:00.000040448,43.724,46.3,250.01999,4.6999867e-05,5.144,10.0
2002-11-23 09:00:00.000040448,43.724,46.3,250.01999,4.8202877e-05,5.6584,15.0
2002-11-23 12:00:00.000040448,43.724,46.3,250.01999,4.9641636e-05,6.6872,25.0
2002-11-23 15:00:00.000040448,46.296,46.3,250.01999,5.1074945e-05,7.716,30.0
2002-11-23 18:00:00.000040448,48.868,46.3,250.01999,5.250265e-05,9.2592,30.0
2002-11-23 21:00:00.000040448,48.868,46.3,250.01999,5.439729e-05,10.802401,30.0
2002-11-24 00:00:00.000040448,48.868,46.3,250.01999,5.6516048e-05,13.3744,30.0
2002-11-24 03:00:00.000040448,46.296,46.3,250.01999,5.9086666e-05,14.917601,35.0
2002-11-24 06:00:00.000040448,43.724,46.3,250.01999,6.1635496e-05,13.8888,35.0
2002-11-24 09:00:00.000040448,41.152,46.3,250.01999,6.393293e-05,11.8312,40.0
2002-11-24 12:00:00.000040448,38.58,46.3,250.01999,6.621089e-05,11.8312,50.0
2002-11-24 15:00:00.000040448,36.008,46.3,245.39,6.8243826e-05,12.3456,55.0
