Time,Vmax,Rmax_IBT,R34,fcor,u_trans,v_trans
2018-09-28 12:00:00.000039936,18.004,92.6,115.75,2.4572832e-05,9.7736,310.0
2018-09-28 15:00:00.000039936,18.004,74.08,118.065,2.6327272e-05,10.288,315.0
2018-09-28 18:00:00.000039936,18.004,55.56,120.380005,2.8327528e-05,11.3168,305.0
2018-09-28 21:00:00.000039936,20.576,55.56,120.380005,3.0073232e-05,11.8312,295.0
2018-09-29 00:00:00.000039936,20.576,55.56,138.9,3.0820032e-05,11.3168,285.0
2018-09-29 03:00:00.000039936,22.1192,55.56,138.9,3.131743e-05,10.288,285.0
2018-09-29 06:00:00.000039936,23.148,55.56,138.9,3.156599e-05,8.744801,280.0
2018-09-29 09:00:00.000039936,24.6912,55.56,141.215,3.1814445e-05,7.2016,280.0
2018-09-29 12:00:00.000039936,25.720001,55.56,143.53,3.206281e-05,7.2016,285.0
2018-09-29 15:00:00.000039936,29.835201,55.56,157.42,3.280731e-05,7.2016,285.0
2018-09-29 18:00:00.000039936,33.436,55.56,171.31,3.3550914e-05,6.1728,295.0
2018-09-29 21:00:00.000039936,37.5512,55.56,182.885,3.404614e-05,5.144,305.0
2018-09-30 00:00:00.000039936,41.152,55.56,194.45999,3.47882e-05,5.6584,310.0
2018-09-30 03:00:00.000039936,41.152,55.56,206.035,3.577612e-05,5.6584,315.0
2018-09-30 06:00:00.000039936,41.152,55.56,217.61,3.651592e-05,5.144,310.0
2018-09-30 09:00:00.000039936,42.6952,55.56,224.55501,3.7254722e-05,4.6296,305.0
2018-09-30 12:00:00.000039936,43.724,55.56,231.5,3.7746686e-05,4.6296,305.0
2018-09-30 15:00:00.000039936,45.2672,55.56,245.39,3.8238195e-05,4.6296,300.0
2018-09-30 18:00:00.000039936,46.296,55.56,259.28,3.8483773e-05,3.6008,295.0
2018-09-30 21:00:00.000039936,48.868,33.336,270.855,3.872924e-05,3.0864,290.0
2018-10-01 00:00:00.000039936,51.440002,9.26,282.43,3.9219805e-05,3.6008,300.0
2018-10-01 03:00:00.000039936,55.5552,16.668,287.06,3.9709896e-05,4.1152,310.0
2018-10-01 06:00:00.000039936,59.156002,22.223999,291.69,4.0444127e-05,5.144,310.0
2018-10-01 09:00:00.000039936,64.3,22.223999,300.94998,4.1177245e-05,5.144,310.0
2018-10-01 12:00:00.000039936,69.444,22.223999,310.21,4.2152973e-05,5.144,310.0
2018-10-01 15:00:00.000039936,73.559204,22.223999,319.47,4.288343e-05,4.6296,300.0
2018-10-01 18:00:00.000039936,77.16,22.223999,328.72998,4.3369746e-05,4.6296,295.0
2018-10-01 21:00:00.000039936,76.1312,22.223999,337.99,4.3612705e-05,5.144,295.0
2018-10-02 00:00:00.000039936,74.588,22.223999,347.25,4.409823e-05,4.6296,300.0
2018-10-02 03:00:00.000039936,73.559204,25.928,349.565,4.4825505e-05,4.1152,310.0
2018-10-02 06:00:00.000039936,72.016,27.78,351.88,4.5551555e-05,4.6296,315.0
2018-10-02 09:00:00.000039936,69.444,27.78,356.51,4.627635e-05,5.144,315.0
2018-10-02 12:00:00.000039936,66.872,27.78,361.13998,4.7240763e-05,5.6584,310.0
2018-10-02 15:00:00.000039936,64.3,18.52,368.085,4.8202877e-05,5.144,310.0
2018-10-02 18:00:00.000039936,61.728,9.26,375.03,4.892293e-05,4.6296,310.0
2018-10-02 21:00:00.000039936,58.1272,9.26,381.975,4.9402213e-05,4.6296,315.0
2018-10-03 00:00:00.000039936,54.012,9.26,388.92,5.012002e-05,4.6296,320.0
2018-10-03 03:00:00.000039936,51.440002,11.1119995,398.18,5.083645e-05,4.6296,325.0
2018-10-03 06:00:00.000039936,48.868,12.964,407.44,5.178951e-05,4.6296,330.0
2018-10-03 09:00:00.000039936,46.296,12.964,414.385,5.2740055e-05,4.6296,330.0
2018-10-03 12:00:00.000039936,43.724,12.964,421.33,5.3688025e-05,5.144,330.0
2018-10-03 15:00:00.000039936,41.152,12.964,425.96,5.4633376e-05,5.144,325.0
2018-10-03 18:00:00.000039936,38.58,12.964,430.59,5.5576067e-05,4.6296,325.0
2018-10-03 21:00:00.000039936,37.5512,20.372,437.535,5.6516048e-05,4.6296,330.0
2018-10-04 00:00:00.000039936,36.008,27.78,444.48,5.7453286e-05,5.6584,335.0
2018-10-04 03:00:00.000039936,34.979202,33.336,449.11002,5.8853857e-05,6.6872,335.0
2018-10-04 06:00:00.000039936,33.436,37.04,453.74002,6.0247978e-05,6.1728,340.0
2018-10-04 09:00:00.000039936,33.436,37.04,467.63,6.14047e-05,5.6584,340.0
2018-10-04 12:00:00.000039936,33.436,37.04,481.52,6.278661e-05,6.6872,340.0
2018-10-04 15:00:00.000039936,33.436,42.596,481.52,6.416161e-05,7.2016,340.0
2018-10-04 18:00:00.000039936,33.436,46.3,481.52,6.575688e-05,6.6872,340.0
2018-10-04 21:00:00.000039936,32.4072,46.3,483.835,6.689037e-05,6.1728,350.0
2018-10-05 00:00:00.000039936,30.864,46.3,486.15,6.8243826e-05,6.6872,355.0
2018-10-05 03:00:00.000039936,30.864,51.856,483.83502,6.981338e-05,7.716,0.0
2018-10-05 06:00:00.000039936,30.864,55.56,481.52002,7.159438e-05,9.2592,5.0
2018-10-05 09:00:00.000039936,32.4072,61.116,463.0,7.380098e-05,9.7736,5.0
2018-10-05 12:00:00.000039936,33.436,64.82,444.47998,7.5985095e-05,8.744801,10.0
2018-10-05 15:00:00.000039936,33.436,74.08,439.85,7.750023e-05,8.2304,20.0
2018-10-05 18:00:00.000039936,33.436,83.34,435.22,7.900381e-05,10.288,30.0
2018-10-05 21:00:00.000039936,32.4072,83.34,414.385,8.113127e-05,12.3456,35.0
2018-10-06 00:00:00.000039936,30.864,83.34,393.55002,8.365155e-05,13.8888,35.0
