Time,Vmax,Rmax_IBT,R34,fcor,u_trans,v_trans
2002-12-03 00:00:00.000040448,18.004,27.78,78.71,2.1808535e-05,3.6008,300.0
2002-12-03 03:00:00.000040448,18.004,37.04,78.71,2.231176e-05,4.1152,285.0
2002-12-03 06:00:00.000040448,18.004,46.3,78.71,2.2563274e-05,4.1152,280.0
2002-12-03 09:00:00.000040448,19.5472,46.3,88.895996,2.2563274e-05,4.1152,270.0
2002-12-03 12:00:00.000040448,20.576,46.3,97.229996,2.2563274e-05,3.6008,270.0
2002-12-03 15:00:00.000040448,22.1192,61.116,132.418,2.2563274e-05,3.0864,265.0
2002-12-03 18:00:00.000040448,23.148,74.08,166.68,2.231176e-05,3.6008,260.0
2002-12-03 21:00:00.000040448,23.148,74.08,166.68,2.1808535e-05,4.1152,250.0
2002-12-04 00:00:00.000040448,23.148,74.08,166.68,2.1556822e-05,3.0864,245.0
2002-12-04 03:00:00.000040448,24.6912,74.08,166.68,2.130504e-05,2.0576,245.0
2002-12-04 06:00:00.000040448,25.720001,74.08,166.68,2.130504e-05,2.0576,250.0
2002-12-04 09:00:00.000040448,25.720001,74.08,162.05,2.130504e-05,2.0576,260.0
2002-12-04 12:00:00.000040448,25.720001,74.08,157.42001,2.130504e-05,3.0864,265.0
2002-12-04 15:00:00.000040448,27.2632,55.56,143.53,2.130504e-05,4.1152,265.0
2002-12-04 18:00:00.000040448,28.292,37.04,129.64,2.130504e-05,5.144,270.0
2002-12-04 21:00:00.000040448,29.835201,46.3,162.05,2.130504e-05,5.6584,270.0
2002-12-05 00:00:00.000040448,30.864,55.56,194.45999,2.130504e-05,5.6584,270.0
2002-12-05 03:00:00.000040448,32.4072,51.856,194.45999,2.130504e-05,5.144,270.0
2002-12-05 06:00:00.000040448,33.436,46.3,194.45999,2.130504e-05,5.144,275.0
2002-12-05 09:00:00.000040448,34.979202,46.3,194.45999,2.130504e-05,5.144,280.0
2002-12-05 12:00:00.000040448,36.008,46.3,194.45999,2.1556822e-05,5.6584,285.0
2002-12-05 15:00:00.000040448,36.008,42.596,199.09,2.1808535e-05,5.6584,285.0
