Time,Vmax,Rmax_IBT,R34,fcor,u_trans,v_trans
2013-11-04 06:00:00.000039936,20.576,64.82,78.71,1.5497764e-05,8.2304,275.0
2013-11-04 09:00:00.000039936,22.1192,64.82,84.266,1.5750842e-05,7.716,275.0
2013-11-04 12:00:00.000039936,23.148,64.82,87.97,1.600387e-05,7.716,275.0
2013-11-04 15:00:00.000039936,25.720001,55.56,93.526,1.6256854e-05,8.2304,275.0
2013-11-04 18:00:00.000039936,28.292,46.3,97.229996,1.6256854e-05,7.716,275.0
2013-11-04 21:00:00.000039936,32.4072,37.04,97.229996,1.6256854e-05,6.6872,270.0
2013-11-05 00:00:00.000039936,36.008,27.78,97.229996,1.6256854e-05,6.6872,270.0
2013-11-05 03:00:00.000039936,37.5512,27.78,97.229996,1.6256854e-05,7.2016,275.0
2013-11-05 06:00:00.000039936,38.58,27.78,97.229996,1.6509784e-05,7.716,280.0
2013-11-05 09:00:00.000039936,42.6952,27.78,112.046,1.7015493e-05,8.2304,280.0
2013-11-05 12:00:00.000039936,46.296,27.78,125.009995,1.7520999e-05,8.2304,280.0
2013-11-05 15:00:00.000039936,51.440002,20.372,141.67801,1.777367e-05,8.2304,280.0
2013-11-05 18:00:00.000039936,56.584,12.964,157.42,1.8026287e-05,8.2304,280.0
2013-11-05 21:00:00.000039936,61.728,12.964,172.236,1.8278848e-05,8.2304,275.0
2013-11-06 00:00:00.000039936,66.872,12.964,185.20001,1.8531358e-05,8.744801,280.0
2013-11-06 03:00:00.000039936,68.4152,12.964,194.45999,1.8783807e-05,9.2592,280.0
2013-11-06 06:00:00.000039936,69.444,12.964,203.72,1.9288536e-05,9.2592,280.0
2013-11-06 09:00:00.000039936,73.559204,12.964,215.758,1.9540814e-05,9.2592,280.0
2013-11-06 12:00:00.000039936,77.16,12.964,226.87,2.0045187e-05,9.2592,280.0
2013-11-06 15:00:00.000039936,78.7032,18.52,218.999,2.0297284e-05,9.2592,280.0
2013-11-06 18:00:00.000039936,79.732,22.223999,210.66501,2.0801292e-05,8.744801,285.0
2013-11-06 21:00:00.000039936,79.732,25.928,210.66501,2.130504e-05,8.2304,290.0
2013-11-07 00:00:00.000039936,79.732,27.78,210.66501,2.206018e-05,8.744801,290.0
2013-11-07 03:00:00.000039936,81.2752,29.632,210.66501,2.2814716e-05,9.2592,290.0
2013-11-07 06:00:00.000039936,82.304,31.484,210.66501,2.3819783e-05,10.288,295.0
2013-11-07 09:00:00.000039936,84.876,31.484,216.22101,2.4823696e-05,11.3168,295.0
2013-11-07 12:00:00.000039936,87.448,31.484,219.925,2.5826394e-05,11.3168,290.0
2013-11-07 15:00:00.000039936,87.448,31.484,225.018,2.6327272e-05,11.3168,280.0
2013-11-07 18:00:00.000039936,87.448,31.484,229.185,2.6827835e-05,11.3168,280.0
2013-11-07 21:00:00.000039936,86.419205,29.632,229.185,2.7328068e-05,11.3168,280.0
