Time,Vmax,Rmax_IBT,R34,fcor,u_trans,v_trans
2018-10-22 00:00:00.000039936,18.004,64.82,97.23,2.3568628e-05,5.6584,305.0
2018-10-22 03:00:00.000039936,19.5472,64.82,115.75,2.432189e-05,6.1728,310.0
2018-10-22 06:00:00.000039936,20.576,64.82,134.27,2.5074483e-05,6.6872,310.0
2018-10-22 09:00:00.000039936,23.148,70.376,155.105,2.5826394e-05,6.6872,305.0
2018-10-22 12:00:00.000039936,25.720001,74.08,175.94,2.6327272e-05,6.6872,300.0
2018-10-22 15:00:00.000039936,28.292,74.08,185.20001,2.6827835e-05,6.6872,295.0
2018-10-22 18:00:00.000039936,30.864,74.08,194.45999,2.7578055e-05,6.1728,290.0
2018-10-22 21:00:00.000039936,32.4072,64.82,208.35,2.8327528e-05,6.1728,290.0
2018-10-23 00:00:00.000039936,33.436,55.56,222.23999,2.882674e-05,5.6584,285.0
2018-10-23 03:00:00.000039936,36.008,55.56,224.555,2.9325609e-05,5.144,280.0
2018-10-23 06:00:00.000039936,38.58,55.56,226.87,2.9824112e-05,5.144,280.0
2018-10-23 09:00:00.000039936,42.6952,55.56,238.445,3.0073232e-05,5.144,285.0
2018-10-23 12:00:00.000039936,46.296,55.56,250.01999,3.0322259e-05,4.6296,295.0
2018-10-23 15:00:00.000039936,51.440002,44.447998,266.225,3.1068776e-05,5.144,310.0
2018-10-23 18:00:00.000039936,56.584,31.484,282.43,3.206281e-05,5.144,310.0
2018-10-23 21:00:00.000039936,61.728,29.632,291.69,3.280731e-05,5.6584,305.0
2018-10-24 00:00:00.000039936,66.872,27.78,300.94998,3.3550914e-05,5.6584,305.0
2018-10-24 03:00:00.000039936,70.9872,27.78,303.26498,3.4293596e-05,5.6584,305.0
2018-10-24 06:00:00.000039936,74.588,27.78,305.58,3.5035337e-05,5.6584,310.0
2018-10-24 09:00:00.000039936,76.1312,27.78,305.58,3.577612e-05,5.6584,310.0
2018-10-24 12:00:00.000039936,77.16,27.78,305.58,3.67623e-05,5.6584,310.0
2018-10-24 15:00:00.000039936,77.16,27.78,307.895,3.7746686e-05,5.6584,305.0
2018-10-24 18:00:00.000039936,77.16,27.78,310.21,3.8483773e-05,6.1728,300.0
2018-10-24 21:00:00.000039936,77.16,27.78,312.525,3.9219805e-05,6.1728,295.0
2018-10-25 00:00:00.000039936,77.16,27.78,314.84,3.9709896e-05,5.6584,285.0
2018-10-25 03:00:00.000039936,76.1312,18.52,314.84,3.995476e-05,4.6296,280.0
2018-10-25 06:00:00.000039936,74.588,9.26,314.84,4.0199502e-05,4.6296,285.0
2018-10-25 09:00:00.000039936,73.559204,9.26,319.47,4.0444127e-05,4.6296,290.0
2018-10-25 12:00:00.000039936,72.016,9.26,324.1,4.0688625e-05,4.6296,290.0
2018-10-25 15:00:00.000039936,70.9872,14.816,324.1,4.093299e-05,4.6296,290.0
2018-10-25 18:00:00.000039936,69.444,18.52,324.1,4.142137e-05,5.144,285.0
2018-10-25 21:00:00.000039936,69.444,25.928,326.415,4.1665367e-05,5.6584,285.0
2018-10-26 00:00:00.000039936,69.444,31.484,328.73,4.1909232e-05,5.6584,280.0
2018-10-26 03:00:00.000039936,70.9872,25.928,331.045,4.2152973e-05,6.1728,280.0
2018-10-26 06:00:00.000039936,72.016,18.52,333.36002,4.2640077e-05,6.6872,280.0
2018-10-26 09:00:00.000039936,73.559204,25.928,340.30502,4.288343e-05,7.2016,280.0
2018-10-26 12:00:00.000039936,74.588,31.484,347.25,4.3126656e-05,7.2016,280.0
2018-10-26 15:00:00.000039936,76.1312,35.188,351.88,4.3369746e-05,7.716,285.0
2018-10-26 18:00:00.000039936,77.16,37.04,356.51,4.385554e-05,7.2016,280.0
2018-10-26 21:00:00.000039936,77.16,35.188,365.77,4.409823e-05,7.2016,275.0
2018-10-27 00:00:00.000039936,77.16,31.484,375.03,4.4340795e-05,7.2016,275.0
2018-10-27 03:00:00.000039936,74.588,35.188,381.97498,4.458322e-05,6.6872,280.0
2018-10-27 06:00:00.000039936,72.016,37.04,388.91998,4.458322e-05,6.1728,275.0
2018-10-27 09:00:00.000039936,72.016,37.04,402.81,4.4825505e-05,5.6584,270.0
2018-10-27 12:00:00.000039936,72.016,37.04,416.7,4.4825505e-05,5.144,270.0
2018-10-27 15:00:00.000039936,70.9872,38.892,432.90503,4.4825505e-05,5.144,270.0
2018-10-27 18:00:00.000039936,69.444,40.744,449.11,4.4825505e-05,5.144,270.0
2018-10-27 21:00:00.000039936,68.4152,48.152,460.685,4.4825505e-05,5.144,270.0
2018-10-28 00:00:00.000039936,66.872,55.56,472.25998,4.4825505e-05,5.144,270.0
2018-10-28 03:00:00.000039936,66.872,53.708,472.25998,4.4825505e-05,5.144,270.0
2018-10-28 06:00:00.000039936,66.872,50.004,472.25998,4.4825505e-05,5.144,265.0
2018-10-28 09:00:00.000039936,64.3,48.152,472.25998,4.458322e-05,5.144,260.0
2018-10-28 12:00:00.000039936,61.728,46.3,472.25998,4.4340795e-05,5.144,255.0
2018-10-28 15:00:00.000039936,58.1272,42.596,469.94498,4.409823e-05,5.144,250.0
2018-10-28 18:00:00.000039936,54.012,37.04,467.62997,4.3612705e-05,5.144,245.0
2018-10-28 21:00:00.000039936,52.9832,37.04,469.94498,4.288343e-05,5.144,240.0
2018-10-29 00:00:00.000039936,51.440002,37.04,472.26,4.239659e-05,4.6296,250.0
2018-10-29 03:00:00.000039936,52.9832,37.04,463.0,4.2152973e-05,4.6296,260.0
2018-10-29 06:00:00.000039936,54.012,37.04,453.74,4.2152973e-05,5.144,265.0
2018-10-29 09:00:00.000039936,58.1272,37.04,435.22,4.2152973e-05,5.144,270.0
2018-10-29 12:00:00.000039936,61.728,37.04,416.7,4.2152973e-05,5.6584,270.0
2018-10-29 15:00:00.000039936,58.1272,37.04,414.385,4.1909232e-05,6.1728,270.0
2018-10-29 18:00:00.000039936,54.012,37.04,412.07,4.1909232e-05,6.6872,270.0
