Time,Vmax,Rmax_IBT,R34,fcor,u_trans,v_trans
2017-12-14 12:00:00.000039936,25.720001,74.08,173.625,2.8327528e-05,0.5144,340.0
2017-12-14 15:00:00.000039936,25.720001,74.08,210.202,2.857718e-05,0.5144,335.0
2017-12-14 18:00:00.000039936,25.720001,74.08,245.39,2.882674e-05,1.0288,10.0
2017-12-14 21:00:00.000039936,24.6912,74.08,244.464,2.9076216e-05,1.5432,20.0
2017-12-15 00:00:00.000039936,23.148,74.08,243.07501,2.9325609e-05,1.0288,355.0
2017-12-15 03:00:00.000039936,23.148,74.08,208.813,2.9325609e-05,0.5144,310.0
2017-12-15 06:00:00.000039936,23.148,74.08,173.625,2.9076216e-05,0.5144,285.0
2017-12-15 09:00:00.000039936,23.148,79.636,186.589,2.882674e-05,0.5144,295.0
2017-12-15 12:00:00.000039936,23.148,83.34,199.09,2.9076216e-05,2.572,310.0
2017-12-15 15:00:00.000039936,23.148,83.34,187.052,2.9824112e-05,4.1152,305.0
2017-12-15 18:00:00.000039936,23.148,83.34,173.625,3.0571195e-05,3.6008,295.0
2017-12-15 21:00:00.000039936,23.148,83.34,174.088,3.1068776e-05,3.0864,280.0
2017-12-16 00:00:00.000039936,23.148,83.34,173.625,3.1068776e-05,2.572,265.0
2017-12-16 03:00:00.000039936,22.1192,83.34,172.699,3.0820032e-05,2.572,260.0
2017-12-16 06:00:00.000039936,20.576,83.34,171.31,3.0571195e-05,2.572,260.0
