Time,Vmax,Rmax_IBT,R34,fcor,u_trans,v_trans
2018-11-20 18:00:00.000039936,18.004,83.34,97.23,1.4738254e-05,8.2304,305.0
2018-11-20 21:00:00.000039936,19.5472,83.34,104.175,1.600387e-05,9.2592,295.0
2018-11-21 00:00:00.000039936,20.576,83.34,111.119995,1.7268272e-05,9.2592,300.0
2018-11-21 03:00:00.000039936,23.148,64.82,122.69501,1.9036203e-05,10.288,300.0
2018-11-21 06:00:00.000039936,25.720001,46.3,134.26999,2.0801292e-05,12.3456,295.0
2018-11-21 09:00:00.000039936,28.292,46.3,143.53,2.206018e-05,14.917601,290.0
2018-11-21 12:00:00.000039936,30.864,46.3,152.79,2.2814716e-05,14.917601,290.0
2018-11-21 15:00:00.000039936,33.436,29.632,162.04999,2.3317392e-05,13.8888,285.0
2018-11-21 18:00:00.000039936,36.008,12.964,171.31,2.4070872e-05,12.860001,290.0
2018-11-21 21:00:00.000039936,38.58,12.964,187.51498,2.53252e-05,12.3456,295.0
2018-11-22 00:00:00.000039936,41.152,12.964,203.72,2.6827835e-05,11.8312,300.0
2018-11-22 03:00:00.000039936,42.6952,12.964,208.35,2.8327528e-05,11.8312,305.0
2018-11-22 06:00:00.000039936,43.724,12.964,212.98,2.9824112e-05,10.802401,305.0
2018-11-22 09:00:00.000039936,45.2672,12.964,212.98,3.1068776e-05,9.2592,300.0
2018-11-22 12:00:00.000039936,46.296,12.964,212.98,3.206281e-05,8.2304,300.0
2018-11-22 15:00:00.000039936,47.8392,12.964,224.555,3.305528e-05,7.2016,305.0
2018-11-22 18:00:00.000039936,48.868,12.964,236.12999,3.4293596e-05,7.2016,310.0
2018-11-22 21:00:00.000039936,47.8392,12.964,238.44499,3.5282377e-05,7.2016,320.0
2018-11-23 00:00:00.000039936,46.296,12.964,240.76,3.651592e-05,6.1728,330.0
2018-11-23 03:00:00.000039936,46.296,12.964,240.76,3.7746686e-05,5.6584,335.0
2018-11-23 06:00:00.000039936,46.296,12.964,240.76,3.897458e-05,5.144,340.0
2018-11-23 09:00:00.000039936,46.296,20.372,240.76,4.0199502e-05,4.6296,345.0
2018-11-23 12:00:00.000039936,46.296,27.78,240.76,4.142137e-05,4.6296,350.0
2018-11-23 15:00:00.000039936,46.296,27.78,240.76,4.2640077e-05,4.6296,355.0
2018-11-23 18:00:00.000039936,46.296,27.78,240.76,4.3612705e-05,4.1152,0.0
2018-11-23 21:00:00.000039936,45.2672,33.336,236.13,4.4340795e-05,3.6008,10.0
2018-11-24 00:00:00.000039936,43.724,37.04,231.5,4.4825505e-05,2.572,25.0
2018-11-24 03:00:00.000039936,42.6952,37.04,222.24,4.5309676e-05,2.572,50.0
2018-11-24 06:00:00.000039936,41.152,37.04,212.98,4.5793287e-05,2.572,50.0
2018-11-24 09:00:00.000039936,41.152,37.04,203.72,4.6034886e-05,2.572,45.0
2018-11-24 12:00:00.000039936,41.152,37.04,194.45999,4.627635e-05,1.5432,50.0
2018-11-24 15:00:00.000039936,41.152,37.04,194.45999,4.651767e-05,0.5144,0.0
2018-11-24 18:00:00.000039936,43.724,37.04,157.42,4.627635e-05,1.5432,215.0
2018-11-24 21:00:00.000039936,46.296,33.336,152.79001,4.6034886e-05,1.5432,215.0
2018-11-25 00:00:00.000039936,48.868,27.78,148.16,4.5793287e-05,1.5432,230.0
2018-11-25 03:00:00.000039936,46.296,33.336,148.16,4.5793287e-05,1.5432,255.0
2018-11-25 06:00:00.000039936,43.724,37.04,148.16,4.5793287e-05,2.0576,275.0
2018-11-25 09:00:00.000039936,42.6952,42.596,148.16,4.6034886e-05,3.0864,285.0
2018-11-25 12:00:00.000039936,41.152,46.3,148.16,4.627635e-05,4.6296,295.0
2018-11-25 15:00:00.000039936,37.5512,51.856,145.845,4.675884e-05,6.1728,295.0
2018-11-25 18:00:00.000039936,33.436,55.56,143.53,4.748151e-05,6.1728,300.0
2018-11-25 21:00:00.000039936,28.292,55.56,136.58499,4.8202877e-05,5.6584,305.0
2018-11-26 00:00:00.000039936,23.148,55.56,129.64,4.892293e-05,5.144,310.0
2018-11-26 03:00:00.000039936,22.1192,55.56,113.435,4.9880902e-05,4.6296,320.0
2018-11-26 06:00:00.000039936,20.576,55.56,97.23,5.059779e-05,4.1152,325.0
