Time,Vmax,Rmax_IBT,R34,fcor,u_trans,v_trans
2019-01-01 00:00:00.000039936,18.004,92.6,277.8,1.7015493e-05,3.0864,225.0
2019-01-01 03:00:00.000039936,18.004,92.6,284.745,1.6509784e-05,3.6008,235.0
2019-01-01 06:00:00.000039936,18.004,92.6,291.69,1.5750842e-05,3.0864,235.0
2019-01-01 09:00:00.000039936,18.004,92.6,291.69,1.524464e-05,2.572,240.0
2019-01-01 12:00:00.000039936,18.004,92.6,291.69,1.4991469e-05,2.572,250.0
2019-01-01 15:00:00.000039936,18.004,92.6,294.005,1.4738254e-05,2.572,255.0
2019-01-01 18:00:00.000039936,18.004,92.6,296.32,1.4738254e-05,3.0864,270.0
2019-01-01 21:00:00.000039936,18.004,92.6,294.005,1.4738254e-05,3.0864,275.0
2019-01-02 00:00:00.000039936,18.004,92.6,291.69,1.4991469e-05,3.6008,285.0
2019-01-02 03:00:00.000039936,18.004,92.6,284.745,1.524464e-05,3.6008,285.0
2019-01-02 06:00:00.000039936,18.004,92.6,277.8,1.5497764e-05,4.1152,280.0
2019-01-02 09:00:00.000039936,19.5472,92.6,273.16998,1.5497764e-05,4.6296,275.0
2019-01-02 12:00:00.000039936,20.576,92.6,268.54,1.524464e-05,5.144,270.0
2019-01-02 15:00:00.000039936,20.576,88.895996,268.54,1.4991469e-05,5.6584,265.0
2019-01-02 18:00:00.000039936,20.576,83.34,268.54,1.4991469e-05,5.144,265.0
2019-01-02 21:00:00.000039936,20.576,83.34,263.91,1.4991469e-05,4.6296,270.0
2019-01-03 00:00:00.000039936,20.576,83.34,259.28,1.4991469e-05,4.1152,275.0
2019-01-03 03:00:00.000039936,20.576,83.34,247.70499,1.524464e-05,3.6008,280.0
2019-01-03 06:00:00.000039936,20.576,83.34,236.13,1.5750842e-05,3.6008,290.0
2019-01-03 09:00:00.000039936,20.576,83.34,222.24,1.6256854e-05,4.1152,295.0
2019-01-03 12:00:00.000039936,20.576,83.34,208.35,1.6762664e-05,4.6296,305.0
2019-01-03 15:00:00.000039936,22.1192,83.34,201.405,1.7520999e-05,5.6584,310.0
2019-01-03 18:00:00.000039936,23.148,83.34,194.45999,1.8531358e-05,6.1728,305.0
2019-01-03 21:00:00.000039936,24.6912,61.116,192.14499,1.9540814e-05,6.6872,300.0
2019-01-04 00:00:00.000039936,25.720001,37.04,189.83,2.0297284e-05,6.1728,295.0
2019-01-04 03:00:00.000039936,25.720001,37.04,171.31,2.0549318e-05,5.144,290.0
2019-01-04 06:00:00.000039936,25.720001,37.04,152.79,2.0801292e-05,4.6296,280.0
